Car 0.0000 0 0.0000 -1.0000 -1.0000 -1.0000 -1.0000 1.9639 1.4307 4.5109 14.8248 3.0901 0.7281 0.0008 0.7739
Car 0.0000 0 0.0000 -1.0000 -1.0000 -1.0000 -1.0000 2.1002 1.9227 4.7707 17.9250 6.5075 0.9407 -0.0029 0.7007
Car 0.0000 0 0.0000 -1.0000 -1.0000 -1.0000 -1.0000 1.9437 1.5800 4.5209 -39.1501 0.1389 0.6250 0.1241 0.6743
Car 0.0000 0 0.0000 -1.0000 -1.0000 -1.0000 -1.0000 1.8824 1.4466 4.4347 -31.2953 5.1795 0.5884 -3.1133 0.6686
Car 0.0000 0 0.0000 -1.0000 -1.0000 -1.0000 -1.0000 1.9430 1.4559 4.4874 2.3648 5.9872 0.5924 -3.0858 0.6537
Car 0.0000 0 0.0000 -1.0000 -1.0000 -1.0000 -1.0000 1.9522 1.4892 4.5969 32.7201 3.3239 0.7934 0.0192 0.5693
Car 0.0000 0 0.0000 -1.0000 -1.0000 -1.0000 -1.0000 1.9716 1.4652 4.6007 -18.9603 2.0869 0.6942 0.0131 0.5458
Car 0.0000 0 0.0000 -1.0000 -1.0000 -1.0000 -1.0000 1.9186 1.7734 4.3876 26.4491 0.7942 0.9660 0.0146 0.5365
Car 0.0000 0 0.0000 -1.0000 -1.0000 -1.0000 -1.0000 2.0092 1.4399 4.6906 -17.5076 5.4644 0.6590 3.1404 0.5087
Car 0.0000 0 0.0000 -1.0000 -1.0000 -1.0000 -1.0000 1.9678 1.4647 4.5664 27.0105 3.5019 0.8116 0.0187 0.5083
Car 0.0000 0 0.0000 -1.0000 -1.0000 -1.0000 -1.0000 1.9244 1.8014 4.5366 -29.6328 -1.1663 0.8704 0.0385 0.4911
Car 0.0000 0 0.0000 -1.0000 -1.0000 -1.0000 -1.0000 1.8475 1.4656 4.3451 30.0031 6.6021 0.7997 3.1168 0.4798
Car 0.0000 0 0.0000 -1.0000 -1.0000 -1.0000 -1.0000 1.9589 1.4353 4.5379 18.2724 -0.0535 0.7694 0.0629 0.4753
Car 0.0000 0 0.0000 -1.0000 -1.0000 -1.0000 -1.0000 1.8672 1.6226 4.3989 51.2006 3.0934 1.0221 0.0398 0.4203
Car 0.0000 0 0.0000 -1.0000 -1.0000 -1.0000 -1.0000 1.9194 1.6534 4.6466 -10.8633 -31.4571 1.4715 1.6227 0.4142
Car 0.0000 0 0.0000 -1.0000 -1.0000 -1.0000 -1.0000 1.9363 1.5376 4.5967 -30.3869 1.6809 0.7348 0.0664 0.3505
Car 0.0000 0 0.0000 -1.0000 -1.0000 -1.0000 -1.0000 1.9818 1.5076 4.6827 -44.2153 4.6335 0.4739 -3.0221 0.3267
Car 0.0000 0 0.0000 -1.0000 -1.0000 -1.0000 -1.0000 1.8410 1.6264 4.4685 -58.5760 -1.4498 0.7104 -3.1009 0.3125
Truck 0.0000 0 0.0000 -1.0000 -1.0000 -1.0000 -1.0000 2.9742 3.3730 11.3170 -58.2215 10.1255 1.4667 -3.1191 0.5370
Cyclist 0.0000 0 0.0000 -1.0000 -1.0000 -1.0000 -1.0000 0.7562 1.5815 1.7225 -15.0634 16.1822 0.3276 -0.0138 0.5274
Cyclist 0.0000 0 0.0000 -1.0000 -1.0000 -1.0000 -1.0000 0.7341 1.5471 1.7218 -27.5352 16.5257 0.2734 -0.0083 0.5129
Cyclist 0.0000 0 0.0000 -1.0000 -1.0000 -1.0000 -1.0000 0.7346 1.5626 1.6957 -18.7056 17.6753 0.3082 -3.1094 0.4409
Cyclist 0.0000 0 0.0000 -1.0000 -1.0000 -1.0000 -1.0000 0.7114 1.5514 1.6692 -39.6588 -11.7997 0.7504 -3.0848 0.4162
Cyclist 0.0000 0 0.0000 -1.0000 -1.0000 -1.0000 -1.0000 0.7034 1.4291 1.7100 5.2046 18.5282 0.1762 -3.1078 0.3483
Cyclist 0.0000 0 0.0000 -1.0000 -1.0000 -1.0000 -1.0000 0.7438 1.4626 1.7208 29.1947 -11.5725 0.9693 3.1208 0.3331
Cyclist 0.0000 0 0.0000 -1.0000 -1.0000 -1.0000 -1.0000 0.6534 1.1000 1.6371 1.1433 -20.6060 1.0069 1.2415 0.3174
Cyclist 0.0000 0 0.0000 -1.0000 -1.0000 -1.0000 -1.0000 0.7382 1.3099 1.7800 -8.6352 -15.6385 0.9287 1.6915 0.3121
Pedestrian 0.0000 0 0.0000 -1.0000 -1.0000 -1.0000 -1.0000 0.6854 1.6459 0.6371 -12.6174 -19.5094 1.1709 2.9074 0.5112
Pedestrian 0.0000 0 0.0000 -1.0000 -1.0000 -1.0000 -1.0000 0.7073 1.6649 0.6726 -29.1669 -12.5960 0.8767 -3.1173 0.4908
Pedestrian 0.0000 0 0.0000 -1.0000 -1.0000 -1.0000 -1.0000 0.6889 1.6943 0.6198 -25.5809 -19.6827 1.2294 3.0860 0.4699
Pedestrian 0.0000 0 0.0000 -1.0000 -1.0000 -1.0000 -1.0000 0.6830 1.6748 0.6071 -49.1335 -8.8364 0.7484 0.3437 0.4587
Pedestrian 0.0000 0 0.0000 -1.0000 -1.0000 -1.0000 -1.0000 0.6902 1.6374 0.6198 -58.5157 22.2737 0.3269 0.1057 0.4206
Pedestrian 0.0000 0 0.0000 -1.0000 -1.0000 -1.0000 -1.0000 0.6631 1.6460 0.5711 -28.0761 -18.1065 1.0682 -3.1039 0.3626
Pedestrian 0.0000 0 0.0000 -1.0000 -1.0000 -1.0000 -1.0000 0.6769 1.7001 0.5822 4.3842 22.2481 0.6082 -2.9689 0.3281
Pedestrian 0.0000 0 0.0000 -1.0000 -1.0000 -1.0000 -1.0000 0.7043 1.6907 0.6145 -54.8533 16.2449 0.3406 -0.0525 0.3278
Pedestrian 0.0000 0 0.0000 -1.0000 -1.0000 -1.0000 -1.0000 0.6869 1.6493 0.6108 20.2945 -17.6662 1.2187 3.1218 0.3015
