Car 0.0000 0 0.0000 -1.0000 -1.0000 -1.0000 -1.0000 2.0404 1.7536 4.7478 -23.6841 14.3070 0.5836 -0.0555 0.7870
Car 0.0000 0 0.0000 -1.0000 -1.0000 -1.0000 -1.0000 1.9074 1.4591 4.4435 -37.6552 14.3490 0.3808 -0.0710 0.7576
Car 0.0000 0 0.0000 -1.0000 -1.0000 -1.0000 -1.0000 1.9423 1.5669 4.5518 17.8170 14.3924 0.4241 -0.0860 0.7179
Car 0.0000 0 0.0000 -1.0000 -1.0000 -1.0000 -1.0000 2.0696 1.8578 4.8386 -8.1099 13.9618 0.5861 -0.0183 0.7171
Car 0.0000 0 0.0000 -1.0000 -1.0000 -1.0000 -1.0000 1.9673 1.4291 4.5706 -11.7087 -0.8580 0.8003 -0.0100 0.7143
Car 0.0000 0 0.0000 -1.0000 -1.0000 -1.0000 -1.0000 1.9012 1.6500 4.5167 35.3173 8.5502 0.5424 3.0884 0.6862
Car 0.0000 0 0.0000 -1.0000 -1.0000 -1.0000 -1.0000 1.8567 1.4642 4.4306 -19.8415 -0.3383 0.8949 0.0072 0.6012
Car 0.0000 0 0.0000 -1.0000 -1.0000 -1.0000 -1.0000 2.0219 1.8372 4.7485 6.4799 -0.5177 0.9883 0.9399 0.5937
Car 0.0000 0 0.0000 -1.0000 -1.0000 -1.0000 -1.0000 1.9530 1.5446 4.6635 47.4006 12.7008 0.2855 3.0815 0.5349
Car 0.0000 0 0.0000 -1.0000 -1.0000 -1.0000 -1.0000 1.9065 1.9488 4.4990 6.9914 11.8371 0.6131 -0.0792 0.3563
Car 0.0000 0 0.0000 -1.0000 -1.0000 -1.0000 -1.0000 1.9164 1.5516 4.5510 -34.7242 -0.2596 0.9110 -3.0620 0.3531
Tricar 0.0000 0 0.0000 -1.0000 -1.0000 -1.0000 -1.0000 1.4124 1.8297 3.0598 31.6741 16.1008 0.4383 -2.8077 0.3745
Cyclist 0.0000 0 0.0000 -1.0000 -1.0000 -1.0000 -1.0000 0.8197 1.6549 1.7336 12.0183 -3.5081 1.1252 -0.1119 0.4581
Cyclist 0.0000 0 0.0000 -1.0000 -1.0000 -1.0000 -1.0000 0.7535 1.5875 1.7051 6.2778 14.3013 0.4648 3.0862 0.3040
Cyclist 0.0000 0 0.0000 -1.0000 -1.0000 -1.0000 -1.0000 0.7009 1.2262 1.7045 -5.6111 16.4695 0.2004 2.9749 0.3034
Pedestrian 0.0000 0 0.0000 -1.0000 -1.0000 -1.0000 -1.0000 0.7147 1.6760 0.6946 14.8622 31.1729 0.1148 -0.2803 0.5275
Pedestrian 0.0000 0 0.0000 -1.0000 -1.0000 -1.0000 -1.0000 0.7352 1.6668 0.7110 -3.3058 25.1363 0.2501 0.5425 0.4495
Pedestrian 0.0000 0 0.0000 -1.0000 -1.0000 -1.0000 -1.0000 0.6907 1.6383 0.6460 6.2697 14.3239 0.4821 3.1230 0.4339
Pedestrian 0.0000 0 0.0000 -1.0000 -1.0000 -1.0000 -1.0000 0.7167 1.6671 0.6957 -19.4407 20.6054 0.3821 -0.0034 0.3779
