Car 0.0000 0 0.0000 -1.0000 -1.0000 -1.0000 -1.0000 1.9703 1.6151 4.5389 -14.1029 4.7599 0.8666 -3.0714 0.7502
Car 0.0000 0 0.0000 -1.0000 -1.0000 -1.0000 -1.0000 1.9334 1.4632 4.4770 8.1397 -0.4737 0.7203 0.0362 0.7486
Car 0.0000 0 0.0000 -1.0000 -1.0000 -1.0000 -1.0000 2.0326 1.4748 4.6569 -41.1039 -2.1835 1.1171 -0.0173 0.7434
Car 0.0000 0 0.0000 -1.0000 -1.0000 -1.0000 -1.0000 1.9345 1.4218 4.5796 -14.1213 -8.6284 0.8398 1.6355 0.7396
Car 0.0000 0 0.0000 -1.0000 -1.0000 -1.0000 -1.0000 1.9180 1.4945 4.5577 3.0424 -9.2301 0.7532 1.5782 0.6885
Car 0.0000 0 0.0000 -1.0000 -1.0000 -1.0000 -1.0000 1.9161 1.4502 4.5434 -3.1609 -8.7560 0.7346 1.6196 0.6445
Car 0.0000 0 0.0000 -1.0000 -1.0000 -1.0000 -1.0000 1.9478 1.4732 4.6334 -7.3160 -14.6196 0.9473 -1.4873 0.6397
Car 0.0000 0 0.0000 -1.0000 -1.0000 -1.0000 -1.0000 1.9520 1.5255 4.6139 8.8724 -9.0153 0.7712 -1.4981 0.6331
Car 0.0000 0 0.0000 -1.0000 -1.0000 -1.0000 -1.0000 1.9534 1.7065 4.6020 -17.8950 -9.5422 0.9724 1.4781 0.6195
Car 0.0000 0 0.0000 -1.0000 -1.0000 -1.0000 -1.0000 1.8904 1.4663 4.5690 -14.4019 -14.3885 1.0317 1.5861 0.5931
Car 0.0000 0 0.0000 -1.0000 -1.0000 -1.0000 -1.0000 1.9005 1.4303 4.5449 -0.5892 -8.8133 0.7117 1.6008 0.5925
Car 0.0000 0 0.0000 -1.0000 -1.0000 -1.0000 -1.0000 1.9397 1.9140 4.5126 -11.0682 -14.3294 1.2102 1.6260 0.5896
Car 0.0000 0 0.0000 -1.0000 -1.0000 -1.0000 -1.0000 2.0743 1.6404 4.6296 -21.3586 -5.4635 0.9972 -0.6473 0.5784
Car 0.0000 0 0.0000 -1.0000 -1.0000 -1.0000 -1.0000 1.9162 1.4514 4.5826 -0.5049 -13.8021 0.9070 -1.5400 0.5548
Car 0.0000 0 0.0000 -1.0000 -1.0000 -1.0000 -1.0000 1.9212 1.5349 4.5723 14.6761 -7.7440 0.7307 1.6964 0.5297
Car 0.0000 0 0.0000 -1.0000 -1.0000 -1.0000 -1.0000 1.9094 1.5484 4.5591 12.7401 -14.4940 0.8782 -1.4657 0.4797
Car 0.0000 0 0.0000 -1.0000 -1.0000 -1.0000 -1.0000 1.8935 1.5056 4.5487 21.9702 -8.3835 0.6968 1.6236 0.4488
Car 0.0000 0 0.0000 -1.0000 -1.0000 -1.0000 -1.0000 1.9559 1.4881 4.6451 17.9998 -7.2099 0.6817 -1.4475 0.4331
Car 0.0000 0 0.0000 -1.0000 -1.0000 -1.0000 -1.0000 1.9133 1.5221 4.6025 16.3998 -13.6265 0.8494 1.6593 0.3991
Car 0.0000 0 0.0000 -1.0000 -1.0000 -1.0000 -1.0000 1.8694 1.4911 4.5026 24.0538 -8.2589 0.6815 1.6383 0.3952
Car 0.0000 0 0.0000 -1.0000 -1.0000 -1.0000 -1.0000 1.8780 1.5120 4.5185 -22.5772 -9.8354 0.8911 1.5359 0.3901
Car 0.0000 0 0.0000 -1.0000 -1.0000 -1.0000 -1.0000 1.8926 1.5035 4.5763 67.3931 12.2048 0.8635 -2.1938 0.3826
Car 0.0000 0 0.0000 -1.0000 -1.0000 -1.0000 -1.0000 1.8727 1.4675 4.5102 5.1428 -9.4730 0.7181 1.5917 0.3771
Car 0.0000 0 0.0000 -1.0000 -1.0000 -1.0000 -1.0000 1.9531 1.8059 4.6704 28.1610 -8.1545 0.9196 1.5789 0.3725
Car 0.0000 0 0.0000 -1.0000 -1.0000 -1.0000 -1.0000 1.8894 1.5453 4.4529 9.8553 -14.8647 0.8689 1.6179 0.3502
Car 0.0000 0 0.0000 -1.0000 -1.0000 -1.0000 -1.0000 1.9090 1.5946 4.5925 26.3181 -22.4915 1.3159 1.1127 0.3465
Car 0.0000 0 0.0000 -1.0000 -1.0000 -1.0000 -1.0000 1.9267 1.5280 4.6612 -25.8210 -10.0451 0.8980 1.5740 0.3116
Car 0.0000 0 0.0000 -1.0000 -1.0000 -1.0000 -1.0000 1.9218 1.6481 4.6000 18.5772 -13.6068 0.9334 1.6381 0.3040
Car 0.0000 0 0.0000 -1.0000 -1.0000 -1.0000 -1.0000 1.9291 1.8484 4.6827 -67.5161 29.2656 1.0399 -0.3009 0.3010
Truck 0.0000 0 0.0000 -1.0000 -1.0000 -1.0000 -1.0000 3.0027 3.7539 11.5617 48.6043 -14.4329 2.1618 1.5394 0.3569
Cyclist 0.0000 0 0.0000 -1.0000 -1.0000 -1.0000 -1.0000 0.7795 1.5380 1.7710 25.5707 8.1985 0.5860 0.2125 0.4957
Cyclist 0.0000 0 0.0000 -1.0000 -1.0000 -1.0000 -1.0000 0.7182 1.5494 1.7031 58.7517 -10.3943 0.7916 -1.7928 0.3575
Cyclist 0.0000 0 0.0000 -1.0000 -1.0000 -1.0000 -1.0000 0.8275 1.6353 1.8144 55.6264 15.6372 0.8879 0.7572 0.3394
