Car 0.0000 0 0.0000 -1.0000 -1.0000 -1.0000 -1.0000 1.9803 1.5708 4.4977 -48.6189 -3.5078 1.0089 3.1383 0.7428
Car 0.0000 0 0.0000 -1.0000 -1.0000 -1.0000 -1.0000 2.0580 1.7300 4.6824 -59.9787 2.6473 1.0253 -0.0067 0.7346
Car 0.0000 0 0.0000 -1.0000 -1.0000 -1.0000 -1.0000 2.0286 1.8782 4.6919 31.3339 -1.0819 1.3598 3.1359 0.6945
Car 0.0000 0 0.0000 -1.0000 -1.0000 -1.0000 -1.0000 1.9330 1.4813 4.5536 -25.1877 14.8626 0.3953 -0.1648 0.6776
Car 0.0000 0 0.0000 -1.0000 -1.0000 -1.0000 -1.0000 2.0646 1.6349 4.6890 -38.5971 11.5552 0.6668 -0.0133 0.6161
Car 0.0000 0 0.0000 -1.0000 -1.0000 -1.0000 -1.0000 2.0059 1.7080 4.6804 -57.4646 7.8548 0.8501 3.1207 0.5420
Car 0.0000 0 0.0000 -1.0000 -1.0000 -1.0000 -1.0000 1.9446 1.6031 4.4478 46.5006 -0.2613 1.4648 3.1185 0.5397
Car 0.0000 0 0.0000 -1.0000 -1.0000 -1.0000 -1.0000 1.9478 1.5408 4.6246 50.3654 -3.6862 1.5070 0.0064 0.5356
Car 0.0000 0 0.0000 -1.0000 -1.0000 -1.0000 -1.0000 1.9876 1.5858 4.6151 -3.6011 7.9486 0.6935 3.1250 0.4685
Car 0.0000 0 0.0000 -1.0000 -1.0000 -1.0000 -1.0000 1.8512 1.7624 4.3872 -53.8855 10.7463 0.8053 3.1212 0.4611
Car 0.0000 0 0.0000 -1.0000 -1.0000 -1.0000 -1.0000 1.9681 1.6620 4.4987 -3.4033 -3.8701 0.8458 0.0164 0.4460
Car 0.0000 0 0.0000 -1.0000 -1.0000 -1.0000 -1.0000 1.9198 1.6147 4.5414 -52.3164 20.1437 0.4019 0.9602 0.4445
Car 0.0000 0 0.0000 -1.0000 -1.0000 -1.0000 -1.0000 1.9125 1.5330 4.5452 -62.1249 10.9401 0.6295 -0.0019 0.4420
Car 0.0000 0 0.0000 -1.0000 -1.0000 -1.0000 -1.0000 2.0013 1.4312 4.5749 -33.9464 -0.0328 0.8548 0.0030 0.4395
Car 0.0000 0 0.0000 -1.0000 -1.0000 -1.0000 -1.0000 1.8722 1.5573 4.4868 -50.6906 14.1527 0.5564 3.1183 0.4206
Car 0.0000 0 0.0000 -1.0000 -1.0000 -1.0000 -1.0000 2.1031 2.0734 5.0690 -19.7722 38.5828 0.0296 1.4320 0.4170
Car 0.0000 0 0.0000 -1.0000 -1.0000 -1.0000 -1.0000 1.8824 1.5113 4.5801 -63.6421 -2.4078 0.9332 -0.0559 0.3052
Truck 0.0000 0 0.0000 -1.0000 -1.0000 -1.0000 -1.0000 1.9091 1.9159 4.6695 -58.3855 14.4464 0.7916 -0.0310 0.4704
Tricar 0.0000 0 0.0000 -1.0000 -1.0000 -1.0000 -1.0000 1.4150 1.8380 3.5229 -20.1411 -15.3277 1.0578 1.4640 0.4019
Cyclist 0.0000 0 0.0000 -1.0000 -1.0000 -1.0000 -1.0000 0.7082 1.4415 1.7212 -27.2115 28.1759 -0.0992 -0.0436 0.5866
Cyclist 0.0000 0 0.0000 -1.0000 -1.0000 -1.0000 -1.0000 0.7952 1.5472 1.8007 -32.5880 -9.3136 0.9116 3.1150 0.5558
Cyclist 0.0000 0 0.0000 -1.0000 -1.0000 -1.0000 -1.0000 0.7986 1.6077 1.7181 52.2915 -9.6934 1.5329 -3.0899 0.5125
