Car 0.0000 0 0.0000 -1.0000 -1.0000 -1.0000 -1.0000 2.0078 1.4532 4.6290 -14.4559 0.8582 0.7519 0.0249 0.8362
Car 0.0000 0 0.0000 -1.0000 -1.0000 -1.0000 -1.0000 2.0405 1.6920 4.6444 8.0523 1.1640 0.8852 0.0525 0.7840
Car 0.0000 0 0.0000 -1.0000 -1.0000 -1.0000 -1.0000 1.9287 1.4758 4.4526 25.3214 6.3655 0.8892 -3.1379 0.6555
Car 0.0000 0 0.0000 -1.0000 -1.0000 -1.0000 -1.0000 1.9515 1.7512 4.4626 -1.2369 5.4699 0.8694 3.1047 0.6415
Car 0.0000 0 0.0000 -1.0000 -1.0000 -1.0000 -1.0000 1.9803 1.4164 4.5327 -24.4909 7.4221 0.7307 -3.1239 0.6228
Car 0.0000 0 0.0000 -1.0000 -1.0000 -1.0000 -1.0000 2.0189 1.6291 4.6892 71.6922 1.3622 1.1403 -0.1048 0.6190
Car 0.0000 0 0.0000 -1.0000 -1.0000 -1.0000 -1.0000 1.8735 1.6500 4.2966 11.0859 6.9343 0.8748 -0.0119 0.6158
Car 0.0000 0 0.0000 -1.0000 -1.0000 -1.0000 -1.0000 2.0656 1.7070 4.7123 -26.5240 0.8634 0.8238 -0.0077 0.5843
Car 0.0000 0 0.0000 -1.0000 -1.0000 -1.0000 -1.0000 2.0113 1.4332 4.5347 -16.9522 4.1405 0.6840 -3.1332 0.5765
Car 0.0000 0 0.0000 -1.0000 -1.0000 -1.0000 -1.0000 1.9882 1.7982 4.6485 -56.9204 -4.7679 0.8827 -0.0867 0.5654
Car 0.0000 0 0.0000 -1.0000 -1.0000 -1.0000 -1.0000 2.2044 2.3504 5.1026 19.2308 3.0376 1.2346 -3.1242 0.5438
Car 0.0000 0 0.0000 -1.0000 -1.0000 -1.0000 -1.0000 2.0018 1.7058 4.6670 -40.2664 4.3717 0.8267 3.1029 0.5125
Car 0.0000 0 0.0000 -1.0000 -1.0000 -1.0000 -1.0000 1.9066 1.5127 4.6158 -53.0681 4.9815 0.6211 -0.0804 0.3790
Car 0.0000 0 0.0000 -1.0000 -1.0000 -1.0000 -1.0000 1.9224 1.4873 4.6005 -50.2088 8.5229 0.7229 -0.1085 0.3698
Car 0.0000 0 0.0000 -1.0000 -1.0000 -1.0000 -1.0000 2.2443 2.2305 5.2860 -36.4949 7.9148 1.1519 3.1132 0.3489
Cyclist 0.0000 0 0.0000 -1.0000 -1.0000 -1.0000 -1.0000 0.7042 1.5221 1.6553 6.6794 -3.6540 0.8294 -3.0841 0.6314
Cyclist 0.0000 0 0.0000 -1.0000 -1.0000 -1.0000 -1.0000 0.7949 1.5269 1.7665 15.0358 -3.9309 0.9023 0.0685 0.3361
