Car 0.0000 0 0.0000 -1.0000 -1.0000 -1.0000 -1.0000 1.9976 1.5144 4.5989 27.4228 -1.1227 0.9335 -2.9701 0.8001
Car 0.0000 0 0.0000 -1.0000 -1.0000 -1.0000 -1.0000 2.0332 1.7480 4.5766 8.4643 0.4916 0.8999 -3.1317 0.7448
Car 0.0000 0 0.0000 -1.0000 -1.0000 -1.0000 -1.0000 1.9304 1.5482 4.5228 -12.7485 3.4273 0.6590 -3.1231 0.6803
Car 0.0000 0 0.0000 -1.0000 -1.0000 -1.0000 -1.0000 2.0686 1.8816 4.7844 -11.8682 0.2135 0.8777 0.0222 0.5420
Truck 0.0000 0 0.0000 -1.0000 -1.0000 -1.0000 -1.0000 2.6067 3.1326 6.7183 -26.3633 3.3561 1.5225 -0.0126 0.4948
Truck 0.0000 0 0.0000 -1.0000 -1.0000 -1.0000 -1.0000 2.8404 2.8500 9.0923 -61.1185 -0.0559 1.5731 -3.0848 0.4178
Tricar 0.0000 0 0.0000 -1.0000 -1.0000 -1.0000 -1.0000 1.2130 1.7745 2.6501 21.9330 8.9513 0.7716 -2.4663 0.4822
Tricar 0.0000 0 0.0000 -1.0000 -1.0000 -1.0000 -1.0000 1.3026 1.8225 2.7054 26.2241 6.6109 0.8372 0.2863 0.4148
Tricar 0.0000 0 0.0000 -1.0000 -1.0000 -1.0000 -1.0000 1.4072 1.6978 3.3130 -44.0693 -2.1196 0.7549 -0.0604 0.3436
Tricar 0.0000 0 0.0000 -1.0000 -1.0000 -1.0000 -1.0000 1.3841 1.8229 3.1743 22.2438 11.8935 0.8118 0.8268 0.3410
Cyclist 0.0000 0 0.0000 -1.0000 -1.0000 -1.0000 -1.0000 0.7923 1.5419 1.7686 25.3058 -7.8574 1.1264 -2.3256 0.5485
Cyclist 0.0000 0 0.0000 -1.0000 -1.0000 -1.0000 -1.0000 0.7416 1.5258 1.6978 41.6889 -6.0362 1.0827 -2.6632 0.4826
Cyclist 0.0000 0 0.0000 -1.0000 -1.0000 -1.0000 -1.0000 0.8652 1.5338 1.8791 2.1467 4.8974 0.6342 -0.0154 0.4606
Cyclist 0.0000 0 0.0000 -1.0000 -1.0000 -1.0000 -1.0000 0.7457 1.5800 1.7044 39.2838 13.6726 0.5033 -3.1064 0.3551
Cyclist 0.0000 0 0.0000 -1.0000 -1.0000 -1.0000 -1.0000 0.7185 1.5892 1.6641 33.1682 3.8955 0.7880 -2.9417 0.3224
Pedestrian 0.0000 0 0.0000 -1.0000 -1.0000 -1.0000 -1.0000 0.6809 1.6638 0.6271 44.9250 12.5967 0.6205 3.0716 0.6236
Pedestrian 0.0000 0 0.0000 -1.0000 -1.0000 -1.0000 -1.0000 0.6858 1.6694 0.6191 14.1915 8.5465 0.6547 3.0352 0.6143
Pedestrian 0.0000 0 0.0000 -1.0000 -1.0000 -1.0000 -1.0000 0.7011 1.7130 0.6632 34.0705 -6.7426 1.2308 0.4045 0.5252
Pedestrian 0.0000 0 0.0000 -1.0000 -1.0000 -1.0000 -1.0000 0.6877 1.6946 0.6117 45.1599 -4.4378 1.2070 0.3600 0.4871
