Car 0.0000 0 0.0000 -1.0000 -1.0000 -1.0000 -1.0000 1.9784 1.4641 4.4859 -6.8574 6.0962 0.7414 -3.0559 0.8276
Car 0.0000 0 0.0000 -1.0000 -1.0000 -1.0000 -1.0000 1.9709 1.4598 4.5070 2.4585 10.4600 0.7122 -2.6675 0.7848
Car 0.0000 0 0.0000 -1.0000 -1.0000 -1.0000 -1.0000 2.0088 1.6802 4.5662 9.9176 4.4434 0.8053 0.6271 0.7091
Car 0.0000 0 0.0000 -1.0000 -1.0000 -1.0000 -1.0000 1.8980 1.4854 4.5194 12.6314 18.7346 0.6609 -2.0471 0.4521
Car 0.0000 0 0.0000 -1.0000 -1.0000 -1.0000 -1.0000 2.0140 1.5297 4.5881 -15.8374 1.9634 0.9509 -0.1757 0.4407
Car 0.0000 0 0.0000 -1.0000 -1.0000 -1.0000 -1.0000 1.9441 1.5848 4.6496 15.7045 16.4747 0.7434 -1.9779 0.3435
Cyclist 0.0000 0 0.0000 -1.0000 -1.0000 -1.0000 -1.0000 0.7555 1.4836 1.7783 6.8326 -13.7214 0.8013 -2.3626 0.6105
Cyclist 0.0000 0 0.0000 -1.0000 -1.0000 -1.0000 -1.0000 0.7024 1.1761 1.7041 11.9942 -25.1172 0.4594 -0.5027 0.3535
Cyclist 0.0000 0 0.0000 -1.0000 -1.0000 -1.0000 -1.0000 0.7114 1.2865 1.7266 -33.0061 0.0921 1.2805 -0.2947 0.3277
Cyclist 0.0000 0 0.0000 -1.0000 -1.0000 -1.0000 -1.0000 0.7203 1.5038 1.7061 -8.1196 -22.5618 0.9855 0.8635 0.3156
