Car 0.0000 0 0.0000 -1.0000 -1.0000 -1.0000 -1.0000 1.9603 1.4732 4.5182 -6.6232 -9.9681 0.8871 0.0251 0.8037
Car 0.0000 0 0.0000 -1.0000 -1.0000 -1.0000 -1.0000 1.9495 1.4568 4.4817 -12.7015 -10.0221 0.8666 -3.1076 0.7562
Car 0.0000 0 0.0000 -1.0000 -1.0000 -1.0000 -1.0000 1.9928 1.4522 4.6388 5.3240 -9.9376 0.8870 -3.1039 0.7357
Car 0.0000 0 0.0000 -1.0000 -1.0000 -1.0000 -1.0000 1.9696 1.4684 4.5915 49.0764 3.0257 0.7803 3.0617 0.7191
Car 0.0000 0 0.0000 -1.0000 -1.0000 -1.0000 -1.0000 1.9347 1.4484 4.5219 -0.6427 -9.7703 0.8839 3.1235 0.7036
Car 0.0000 0 0.0000 -1.0000 -1.0000 -1.0000 -1.0000 1.9338 1.4123 4.4978 -17.8461 13.0150 0.4182 -3.0911 0.6729
Car 0.0000 0 0.0000 -1.0000 -1.0000 -1.0000 -1.0000 1.8153 1.4356 4.3828 -23.9028 -10.2228 0.8547 0.0244 0.6475
Car 0.0000 0 0.0000 -1.0000 -1.0000 -1.0000 -1.0000 2.0265 1.7489 4.6227 19.5484 -9.4036 1.0258 -0.0977 0.6347
Car 0.0000 0 0.0000 -1.0000 -1.0000 -1.0000 -1.0000 1.8905 1.4416 4.4585 29.0418 12.8908 0.4861 3.1101 0.6310
Car 0.0000 0 0.0000 -1.0000 -1.0000 -1.0000 -1.0000 1.8563 1.4231 4.4369 43.4733 12.3987 0.5920 3.0581 0.6155
Car 0.0000 0 0.0000 -1.0000 -1.0000 -1.0000 -1.0000 1.9184 1.6178 4.4563 30.3126 -10.1121 1.0408 -0.0486 0.6021
Car 0.0000 0 0.0000 -1.0000 -1.0000 -1.0000 -1.0000 1.8711 1.6680 4.3434 -30.3460 -10.3440 0.9196 -3.1291 0.5631
Car 0.0000 0 0.0000 -1.0000 -1.0000 -1.0000 -1.0000 1.8871 1.4552 4.4474 37.8330 12.8003 0.6092 -0.0500 0.5611
Car 0.0000 0 0.0000 -1.0000 -1.0000 -1.0000 -1.0000 1.9565 1.7068 4.5663 -11.0544 13.2177 0.6242 -3.1340 0.5572
Car 0.0000 0 0.0000 -1.0000 -1.0000 -1.0000 -1.0000 1.9005 1.5248 4.5223 11.2030 -11.0149 1.0004 -1.4518 0.5570
Car 0.0000 0 0.0000 -1.0000 -1.0000 -1.0000 -1.0000 1.9879 1.4797 4.6727 -42.2699 -11.2909 0.7940 -3.1240 0.5436
Car 0.0000 0 0.0000 -1.0000 -1.0000 -1.0000 -1.0000 1.8491 1.6313 4.4288 54.0827 11.9924 0.6897 3.1272 0.5218
Car 0.0000 0 0.0000 -1.0000 -1.0000 -1.0000 -1.0000 1.8782 1.4769 4.4350 -30.5021 12.4207 0.3144 -3.0688 0.5047
Car 0.0000 0 0.0000 -1.0000 -1.0000 -1.0000 -1.0000 1.8635 1.5898 4.4398 48.8080 12.2334 0.6886 -0.0332 0.4802
Car 0.0000 0 0.0000 -1.0000 -1.0000 -1.0000 -1.0000 1.9414 1.4323 4.5138 23.2931 13.2747 0.5571 -0.0369 0.4800
Car 0.0000 0 0.0000 -1.0000 -1.0000 -1.0000 -1.0000 1.8817 1.5119 4.4652 24.9915 -10.0744 0.9471 -0.1147 0.4511
Car 0.0000 0 0.0000 -1.0000 -1.0000 -1.0000 -1.0000 1.9405 1.6526 4.5333 72.8837 1.6555 0.9106 3.1332 0.4437
Car 0.0000 0 0.0000 -1.0000 -1.0000 -1.0000 -1.0000 1.9013 1.6123 4.5258 36.9259 -10.5188 1.1575 3.0676 0.4434
Car 0.0000 0 0.0000 -1.0000 -1.0000 -1.0000 -1.0000 1.9104 1.6698 4.4918 14.8638 -11.6343 1.1177 1.5422 0.4096
Car 0.0000 0 0.0000 -1.0000 -1.0000 -1.0000 -1.0000 1.8846 1.8883 4.4734 49.5656 -10.7905 1.2271 3.0856 0.4014
Car 0.0000 0 0.0000 -1.0000 -1.0000 -1.0000 -1.0000 1.9168 1.5516 4.6113 60.6800 11.5295 0.6333 3.1291 0.3441
Car 0.0000 0 0.0000 -1.0000 -1.0000 -1.0000 -1.0000 1.9297 1.5777 4.5910 -63.1067 -12.6489 0.8091 -3.0367 0.3360
Car 0.0000 0 0.0000 -1.0000 -1.0000 -1.0000 -1.0000 1.9303 1.5269 4.6587 6.7710 38.5655 0.2212 1.5372 0.3172
Tricar 0.0000 0 0.0000 -1.0000 -1.0000 -1.0000 -1.0000 1.3227 1.6674 2.7529 -67.8426 2.6453 0.4832 -3.1162 0.3020
Cyclist 0.0000 0 0.0000 -1.0000 -1.0000 -1.0000 -1.0000 0.7229 1.5393 1.6943 29.9222 7.3289 0.6600 3.0664 0.6937
Cyclist 0.0000 0 0.0000 -1.0000 -1.0000 -1.0000 -1.0000 0.7267 1.5443 1.6663 -11.1674 -3.4652 0.7812 -3.0733 0.6403
Cyclist 0.0000 0 0.0000 -1.0000 -1.0000 -1.0000 -1.0000 0.7464 1.4951 1.7459 2.8760 12.8852 0.4194 -0.2061 0.5956
Cyclist 0.0000 0 0.0000 -1.0000 -1.0000 -1.0000 -1.0000 0.7668 1.5625 1.7213 47.3332 -4.2428 0.8775 3.0829 0.5638
Cyclist 0.0000 0 0.0000 -1.0000 -1.0000 -1.0000 -1.0000 0.6766 1.2109 1.6562 -0.4631 14.4333 0.2577 0.0190 0.4083
Cyclist 0.0000 0 0.0000 -1.0000 -1.0000 -1.0000 -1.0000 0.6927 1.3159 1.6995 -40.3646 12.3750 0.2165 -1.4925 0.3939
Cyclist 0.0000 0 0.0000 -1.0000 -1.0000 -1.0000 -1.0000 0.6753 1.0315 1.6593 -23.7519 12.9260 0.1704 1.4749 0.3521
Cyclist 0.0000 0 0.0000 -1.0000 -1.0000 -1.0000 -1.0000 0.7161 1.2611 1.7227 43.2286 16.1880 0.6714 3.1375 0.3266
Cyclist 0.0000 0 0.0000 -1.0000 -1.0000 -1.0000 -1.0000 0.6987 1.4807 1.6939 -65.2926 10.5915 0.1841 -0.0263 0.3222
Cyclist 0.0000 0 0.0000 -1.0000 -1.0000 -1.0000 -1.0000 0.6991 1.1472 1.6670 -49.4788 11.9045 0.1259 -1.2869 0.3112
Pedestrian 0.0000 0 0.0000 -1.0000 -1.0000 -1.0000 -1.0000 0.6697 1.6597 0.5786 -23.7829 16.3381 0.6360 2.9140 0.4356
Pedestrian 0.0000 0 0.0000 -1.0000 -1.0000 -1.0000 -1.0000 0.7254 1.5971 0.7290 2.3046 15.7000 0.5049 0.0079 0.4205
Pedestrian 0.0000 0 0.0000 -1.0000 -1.0000 -1.0000 -1.0000 0.6666 1.6832 0.5566 -46.6748 16.4078 0.6071 0.0341 0.3309
