Car 0.0000 0 0.0000 -1.0000 -1.0000 -1.0000 -1.0000 1.9820 1.8182 4.6107 46.8633 -8.4779 1.2409 3.0920 0.7503
Car 0.0000 0 0.0000 -1.0000 -1.0000 -1.0000 -1.0000 2.0209 1.6901 4.6452 19.4802 -5.5762 0.9808 -3.1224 0.6613
Car 0.0000 0 0.0000 -1.0000 -1.0000 -1.0000 -1.0000 1.8739 1.5226 4.5028 -41.3936 24.2774 0.1426 -1.1897 0.5272
Car 0.0000 0 0.0000 -1.0000 -1.0000 -1.0000 -1.0000 1.9606 1.5264 4.6434 -43.4562 31.5798 -0.0481 -0.0117 0.5258
Car 0.0000 0 0.0000 -1.0000 -1.0000 -1.0000 -1.0000 1.9306 1.5416 4.5798 -62.4750 -16.7858 1.5362 1.7115 0.5197
Car 0.0000 0 0.0000 -1.0000 -1.0000 -1.0000 -1.0000 1.9382 1.5826 4.6160 -37.6976 24.2645 0.1208 -1.1363 0.4841
Car 0.0000 0 0.0000 -1.0000 -1.0000 -1.0000 -1.0000 1.8960 1.4717 4.5572 -55.1497 -17.9961 1.3768 -1.5957 0.4480
Car 0.0000 0 0.0000 -1.0000 -1.0000 -1.0000 -1.0000 1.9477 1.6375 4.6686 3.0214 30.8843 -0.2406 -1.1132 0.4405
Car 0.0000 0 0.0000 -1.0000 -1.0000 -1.0000 -1.0000 1.9423 1.5755 4.5769 -24.1317 25.8471 0.0771 2.5530 0.4383
Car 0.0000 0 0.0000 -1.0000 -1.0000 -1.0000 -1.0000 1.9074 1.5209 4.5720 -1.1827 30.9307 -0.3733 -1.0061 0.4284
Car 0.0000 0 0.0000 -1.0000 -1.0000 -1.0000 -1.0000 1.8836 1.5553 4.4812 -5.1836 37.6063 -0.5450 0.3105 0.4193
Car 0.0000 0 0.0000 -1.0000 -1.0000 -1.0000 -1.0000 1.9613 1.5838 4.6769 -38.4486 32.5504 -0.0646 -0.2868 0.4171
Car 0.0000 0 0.0000 -1.0000 -1.0000 -1.0000 -1.0000 1.8858 1.4936 4.5728 6.6456 31.7142 -0.4008 -1.2186 0.3724
Car 0.0000 0 0.0000 -1.0000 -1.0000 -1.0000 -1.0000 1.9215 1.4928 4.6121 -33.0161 25.1605 -0.0418 -1.0401 0.3723
Car 0.0000 0 0.0000 -1.0000 -1.0000 -1.0000 -1.0000 1.8941 1.5084 4.5442 -10.9557 29.6658 -0.0657 -1.0088 0.3424
Car 0.0000 0 0.0000 -1.0000 -1.0000 -1.0000 -1.0000 1.8438 1.5394 4.4707 -27.2497 32.9518 -0.0562 -2.9705 0.3287
Car 0.0000 0 0.0000 -1.0000 -1.0000 -1.0000 -1.0000 1.8994 1.5055 4.5532 -18.3503 28.8596 0.0509 2.7990 0.3180
Car 0.0000 0 0.0000 -1.0000 -1.0000 -1.0000 -1.0000 2.1692 1.9746 5.1090 80.7338 0.6397 1.3717 0.1461 0.3015
Truck 0.0000 0 0.0000 -1.0000 -1.0000 -1.0000 -1.0000 2.9394 3.3312 11.4858 23.9592 -11.8490 1.8414 3.0640 0.6416
Truck 0.0000 0 0.0000 -1.0000 -1.0000 -1.0000 -1.0000 2.2689 2.0933 5.6990 -45.7984 23.0302 0.3702 -0.1284 0.3538
Truck 0.0000 0 0.0000 -1.0000 -1.0000 -1.0000 -1.0000 2.2058 2.2343 5.8174 -27.7513 25.7929 0.2894 -0.6195 0.3504
Tricar 0.0000 0 0.0000 -1.0000 -1.0000 -1.0000 -1.0000 1.2438 1.5985 2.8867 -58.6275 -3.2697 1.0636 -0.0025 0.4609
Cyclist 0.0000 0 0.0000 -1.0000 -1.0000 -1.0000 -1.0000 0.8348 1.5622 1.8701 -44.3500 -3.3232 0.8852 1.8120 0.4691
Pedestrian 0.0000 0 0.0000 -1.0000 -1.0000 -1.0000 -1.0000 0.7374 1.6700 0.7594 35.9691 20.5676 0.5226 -0.0127 0.4287
Pedestrian 0.0000 0 0.0000 -1.0000 -1.0000 -1.0000 -1.0000 0.7309 1.7629 0.6862 28.2556 -6.1388 1.1102 3.0957 0.3397
