Car 0.0000 0 0.0000 -1.0000 -1.0000 -1.0000 -1.0000 1.9306 1.4815 4.4967 -14.0812 9.6637 0.4788 -3.1041 0.7655
Car 0.0000 0 0.0000 -1.0000 -1.0000 -1.0000 -1.0000 1.9855 1.7447 4.5753 -42.5222 13.9120 0.4863 -3.1155 0.7475
Car 0.0000 0 0.0000 -1.0000 -1.0000 -1.0000 -1.0000 2.0138 1.4639 4.6132 22.1669 10.0042 0.6344 -3.1362 0.7346
Car 0.0000 0 0.0000 -1.0000 -1.0000 -1.0000 -1.0000 1.9438 1.5518 4.4787 1.3399 6.6679 0.7408 0.0222 0.7335
Car 0.0000 0 0.0000 -1.0000 -1.0000 -1.0000 -1.0000 1.9601 1.4937 4.5534 -43.3276 9.8423 0.4263 -3.1165 0.7271
Car 0.0000 0 0.0000 -1.0000 -1.0000 -1.0000 -1.0000 1.9691 1.4607 4.5460 -55.6828 -4.6590 0.4732 -0.0111 0.7210
Car 0.0000 0 0.0000 -1.0000 -1.0000 -1.0000 -1.0000 1.9487 1.4469 4.5063 -37.6889 6.6244 0.4974 -3.1097 0.7066
Car 0.0000 0 0.0000 -1.0000 -1.0000 -1.0000 -1.0000 1.9278 1.4493 4.4677 53.1008 -8.1418 1.0164 3.1352 0.6703
Car 0.0000 0 0.0000 -1.0000 -1.0000 -1.0000 -1.0000 2.2266 2.4664 5.0648 13.9442 13.9104 1.0499 -0.0030 0.6632
Car 0.0000 0 0.0000 -1.0000 -1.0000 -1.0000 -1.0000 1.9947 1.7885 4.5385 55.7380 -1.4289 1.1746 3.1313 0.6527
Car 0.0000 0 0.0000 -1.0000 -1.0000 -1.0000 -1.0000 2.0369 1.5948 4.6160 42.3779 9.6023 0.7904 -0.0052 0.6264
Car 0.0000 0 0.0000 -1.0000 -1.0000 -1.0000 -1.0000 2.0026 1.5558 4.6460 61.3551 -5.4039 1.0135 3.1202 0.6207
Car 0.0000 0 0.0000 -1.0000 -1.0000 -1.0000 -1.0000 1.8765 1.4612 4.4326 7.2712 9.9482 0.5573 3.1358 0.5607
Car 0.0000 0 0.0000 -1.0000 -1.0000 -1.0000 -1.0000 2.0217 1.5599 4.6799 -22.9994 -0.8941 0.7414 0.0072 0.5322
Car 0.0000 0 0.0000 -1.0000 -1.0000 -1.0000 -1.0000 2.0046 1.9236 4.5665 -19.3981 -4.0150 0.9345 -0.0100 0.5152
Car 0.0000 0 0.0000 -1.0000 -1.0000 -1.0000 -1.0000 2.0022 2.2503 4.6580 -13.7955 13.6666 0.7690 -0.0302 0.4478
Car 0.0000 0 0.0000 -1.0000 -1.0000 -1.0000 -1.0000 1.9959 1.5701 4.6761 -84.0208 9.9001 0.4058 -0.2344 0.3198
