Car 0.0000 0 0.0000 -1.0000 -1.0000 -1.0000 -1.0000 1.9615 1.6088 4.6001 13.7729 17.8687 0.3390 -1.5657 0.6508
Car 0.0000 0 0.0000 -1.0000 -1.0000 -1.0000 -1.0000 1.9040 1.5313 4.5092 12.9072 29.2308 0.0629 -0.5715 0.5891
Car 0.0000 0 0.0000 -1.0000 -1.0000 -1.0000 -1.0000 1.9150 1.4565 4.5455 3.1885 17.7993 0.0833 -1.5011 0.5314
Car 0.0000 0 0.0000 -1.0000 -1.0000 -1.0000 -1.0000 1.9842 1.7809 4.6122 3.5625 -13.8866 1.1629 -3.1389 0.5154
Car 0.0000 0 0.0000 -1.0000 -1.0000 -1.0000 -1.0000 1.9378 1.6483 4.5326 22.7635 -23.6969 1.3099 0.8939 0.5077
Car 0.0000 0 0.0000 -1.0000 -1.0000 -1.0000 -1.0000 1.9281 1.5213 4.5923 -33.9580 18.1932 -0.0496 -1.6046 0.4939
Car 0.0000 0 0.0000 -1.0000 -1.0000 -1.0000 -1.0000 1.9546 1.4947 4.5991 6.1251 17.6705 0.1507 -1.5401 0.4831
Car 0.0000 0 0.0000 -1.0000 -1.0000 -1.0000 -1.0000 1.9258 1.7211 4.5536 -7.4189 17.7507 0.1920 -1.5942 0.4776
Car 0.0000 0 0.0000 -1.0000 -1.0000 -1.0000 -1.0000 1.9180 1.6128 4.5460 59.1632 22.2912 0.3047 -1.8051 0.4605
Car 0.0000 0 0.0000 -1.0000 -1.0000 -1.0000 -1.0000 1.8839 1.5087 4.5325 25.1410 -16.3277 1.1317 -1.8658 0.4513
Car 0.0000 0 0.0000 -1.0000 -1.0000 -1.0000 -1.0000 1.8940 1.4747 4.5275 -3.4288 17.7972 0.0547 -1.5733 0.4472
Car 0.0000 0 0.0000 -1.0000 -1.0000 -1.0000 -1.0000 1.9624 1.7229 4.6972 19.0278 -29.0852 1.4125 0.5986 0.4458
Car 0.0000 0 0.0000 -1.0000 -1.0000 -1.0000 -1.0000 1.8850 1.5394 4.5168 28.9886 -15.7698 1.1652 1.2349 0.4395
Car 0.0000 0 0.0000 -1.0000 -1.0000 -1.0000 -1.0000 1.8603 1.4904 4.5022 22.3434 -15.8207 1.1060 -1.9733 0.4034
Car 0.0000 0 0.0000 -1.0000 -1.0000 -1.0000 -1.0000 1.9566 1.6387 4.6375 73.0173 9.2689 0.7938 3.0851 0.3909
Car 0.0000 0 0.0000 -1.0000 -1.0000 -1.0000 -1.0000 1.8796 1.5131 4.5178 -42.2766 25.6371 -0.5142 3.1248 0.3808
Car 0.0000 0 0.0000 -1.0000 -1.0000 -1.0000 -1.0000 1.9153 1.4646 4.5267 16.6168 33.8231 -0.0121 -1.0037 0.3560
Car 0.0000 0 0.0000 -1.0000 -1.0000 -1.0000 -1.0000 1.8743 1.6303 4.5615 -24.5799 25.4975 -0.3499 -3.1183 0.3559
Car 0.0000 0 0.0000 -1.0000 -1.0000 -1.0000 -1.0000 1.9409 1.7087 4.6980 42.6346 -33.8449 1.5020 2.6071 0.3393
Car 0.0000 0 0.0000 -1.0000 -1.0000 -1.0000 -1.0000 1.8865 1.5487 4.5257 32.7764 -16.1011 1.1501 1.2426 0.3358
Car 0.0000 0 0.0000 -1.0000 -1.0000 -1.0000 -1.0000 1.9223 1.6631 4.5777 4.1292 -19.8032 1.2659 1.8026 0.3236
Car 0.0000 0 0.0000 -1.0000 -1.0000 -1.0000 -1.0000 1.9369 1.6729 4.5287 44.2832 -40.5172 1.4836 2.5595 0.3098
Truck 0.0000 0 0.0000 -1.0000 -1.0000 -1.0000 -1.0000 2.8415 3.0764 10.4597 19.8714 -0.1636 1.6894 0.0032 0.5627
Truck 0.0000 0 0.0000 -1.0000 -1.0000 -1.0000 -1.0000 2.7678 3.0504 10.5306 30.7922 2.2882 1.6900 0.0396 0.3552
Tricar 0.0000 0 0.0000 -1.0000 -1.0000 -1.0000 -1.0000 1.1521 1.5983 2.6709 -12.3292 12.0748 0.4124 -0.0087 0.4561
Cyclist 0.0000 0 0.0000 -1.0000 -1.0000 -1.0000 -1.0000 0.7933 1.5918 1.7545 20.3254 -6.2028 0.9134 3.0940 0.5920
Cyclist 0.0000 0 0.0000 -1.0000 -1.0000 -1.0000 -1.0000 0.7431 1.4848 1.7768 -73.5062 -4.8276 0.1647 -3.0787 0.3845
Cyclist 0.0000 0 0.0000 -1.0000 -1.0000 -1.0000 -1.0000 0.8104 1.5896 1.7711 25.4584 40.3507 -0.1294 -2.3831 0.3705
Cyclist 0.0000 0 0.0000 -1.0000 -1.0000 -1.0000 -1.0000 0.6450 1.2133 1.6836 -6.4333 -22.1239 0.8814 -1.5171 0.3479
Cyclist 0.0000 0 0.0000 -1.0000 -1.0000 -1.0000 -1.0000 0.7655 1.5417 1.7693 80.4455 16.4037 0.3663 1.9932 0.3476
Cyclist 0.0000 0 0.0000 -1.0000 -1.0000 -1.0000 -1.0000 0.6832 1.3200 1.6598 -0.1510 -16.2333 0.8915 -2.9547 0.3194
Cyclist 0.0000 0 0.0000 -1.0000 -1.0000 -1.0000 -1.0000 0.6532 1.1963 1.6849 -6.3340 -18.7688 0.8159 -1.5118 0.3037
Pedestrian 0.0000 0 0.0000 -1.0000 -1.0000 -1.0000 -1.0000 0.6921 1.6065 0.6454 -12.5180 23.6693 -0.1122 0.0900 0.5518
Pedestrian 0.0000 0 0.0000 -1.0000 -1.0000 -1.0000 -1.0000 0.6899 1.7095 0.6028 3.2747 27.2232 0.3442 3.1234 0.3451
