Car 0.0000 0 0.0000 -1.0000 -1.0000 -1.0000 -1.0000 1.8967 1.4439 4.4840 41.6289 4.7907 0.5541 -3.0627 0.5890
Car 0.0000 0 0.0000 -1.0000 -1.0000 -1.0000 -1.0000 1.9950 1.9622 4.6644 11.9760 8.8416 0.7873 1.6244 0.5766
Car 0.0000 0 0.0000 -1.0000 -1.0000 -1.0000 -1.0000 1.9488 1.5376 4.6881 31.8487 1.8587 0.6497 3.1284 0.5543
Car 0.0000 0 0.0000 -1.0000 -1.0000 -1.0000 -1.0000 1.8950 1.4250 4.5261 0.9142 5.5863 0.6577 3.0660 0.4895
Car 0.0000 0 0.0000 -1.0000 -1.0000 -1.0000 -1.0000 2.0315 1.6696 4.6215 -48.4938 1.8548 1.0025 -0.4947 0.4892
Car 0.0000 0 0.0000 -1.0000 -1.0000 -1.0000 -1.0000 1.8496 1.4859 4.3826 30.0314 -4.4329 0.6225 -0.0093 0.4122
Car 0.0000 0 0.0000 -1.0000 -1.0000 -1.0000 -1.0000 1.9477 1.5552 4.6143 66.0514 -1.7762 0.7077 0.0238 0.3879
Truck 0.0000 0 0.0000 -1.0000 -1.0000 -1.0000 -1.0000 2.4250 2.2551 6.3436 74.1602 9.6143 0.8773 -3.1152 0.3684
Tricar 0.0000 0 0.0000 -1.0000 -1.0000 -1.0000 -1.0000 1.2072 1.7402 2.6661 14.4339 -1.8837 0.8810 3.1264 0.4700
Cyclist 0.0000 0 0.0000 -1.0000 -1.0000 -1.0000 -1.0000 0.7334 1.5060 1.7078 -18.5835 -2.9652 0.7679 0.8703 0.6252
Cyclist 0.0000 0 0.0000 -1.0000 -1.0000 -1.0000 -1.0000 0.7530 1.4733 1.7292 -8.8578 6.1491 0.6827 0.2507 0.6187
Cyclist 0.0000 0 0.0000 -1.0000 -1.0000 -1.0000 -1.0000 0.7331 1.5493 1.6877 36.7523 -2.1113 0.6279 -3.0496 0.5499
Cyclist 0.0000 0 0.0000 -1.0000 -1.0000 -1.0000 -1.0000 0.7769 1.5417 1.7350 -51.7972 -3.5988 0.9400 -0.1795 0.4868
Cyclist 0.0000 0 0.0000 -1.0000 -1.0000 -1.0000 -1.0000 0.7708 1.5821 1.7328 52.0800 -3.5606 0.6317 3.0746 0.4750
Cyclist 0.0000 0 0.0000 -1.0000 -1.0000 -1.0000 -1.0000 0.7113 1.4193 1.7152 -7.5392 10.4300 0.7548 -0.0834 0.4476
Cyclist 0.0000 0 0.0000 -1.0000 -1.0000 -1.0000 -1.0000 0.6893 1.5369 1.6526 43.1214 -1.8372 0.5839 -3.1241 0.3983
Cyclist 0.0000 0 0.0000 -1.0000 -1.0000 -1.0000 -1.0000 0.6613 1.1087 1.6974 -17.4260 12.5026 0.5922 1.0875 0.3692
Cyclist 0.0000 0 0.0000 -1.0000 -1.0000 -1.0000 -1.0000 0.7136 1.4066 1.7025 2.2283 9.3256 0.7518 0.1141 0.3491
Cyclist 0.0000 0 0.0000 -1.0000 -1.0000 -1.0000 -1.0000 0.6373 1.0927 1.6192 -15.4504 6.8269 0.5346 2.2583 0.3167
Cyclist 0.0000 0 0.0000 -1.0000 -1.0000 -1.0000 -1.0000 0.7692 1.5555 1.7301 -72.1974 0.3771 0.9920 0.0044 0.3147
Cyclist 0.0000 0 0.0000 -1.0000 -1.0000 -1.0000 -1.0000 0.6373 1.0062 1.6253 -10.1908 12.6010 0.6598 2.4553 0.3144
Cyclist 0.0000 0 0.0000 -1.0000 -1.0000 -1.0000 -1.0000 0.6439 1.1281 1.6214 -14.1197 7.8761 0.5749 2.3359 0.3006
Pedestrian 0.0000 0 0.0000 -1.0000 -1.0000 -1.0000 -1.0000 0.6723 1.6378 0.6184 -0.9396 8.4061 0.8922 3.1407 0.5999
Pedestrian 0.0000 0 0.0000 -1.0000 -1.0000 -1.0000 -1.0000 0.6572 1.5768 0.5879 21.8935 6.6265 0.6655 0.8426 0.4451
Pedestrian 0.0000 0 0.0000 -1.0000 -1.0000 -1.0000 -1.0000 0.6450 1.6054 0.5439 18.1420 6.4799 0.6838 -2.3936 0.4158
Pedestrian 0.0000 0 0.0000 -1.0000 -1.0000 -1.0000 -1.0000 0.6636 1.6930 0.5745 -2.7180 12.4935 1.0896 -2.3688 0.4023
Pedestrian 0.0000 0 0.0000 -1.0000 -1.0000 -1.0000 -1.0000 0.6864 1.6378 0.6263 -8.0355 -5.3064 0.8939 2.9579 0.3813
Pedestrian 0.0000 0 0.0000 -1.0000 -1.0000 -1.0000 -1.0000 0.6917 1.7167 0.6154 -12.8083 18.1865 1.1824 1.4518 0.3166
