Car 0.0000 0 0.0000 -1.0000 -1.0000 -1.0000 -1.0000 1.9761 1.4500 4.5567 -4.8702 3.1096 0.7496 0.0179 0.8037
Car 0.0000 0 0.0000 -1.0000 -1.0000 -1.0000 -1.0000 1.9844 1.4798 4.5408 15.9636 3.3399 0.7964 0.0194 0.7906
Car 0.0000 0 0.0000 -1.0000 -1.0000 -1.0000 -1.0000 1.9302 1.5083 4.3973 2.2431 6.7608 0.7289 3.1385 0.7736
Car 0.0000 0 0.0000 -1.0000 -1.0000 -1.0000 -1.0000 1.9948 1.6864 4.5382 12.9017 -4.3537 0.8619 0.0481 0.7476
Car 0.0000 0 0.0000 -1.0000 -1.0000 -1.0000 -1.0000 2.0667 1.9784 4.8003 24.2387 16.6208 0.8305 3.0991 0.7020
Car 0.0000 0 0.0000 -1.0000 -1.0000 -1.0000 -1.0000 1.9028 1.4861 4.4404 13.7675 6.8689 0.7709 3.1364 0.6890
Car 0.0000 0 0.0000 -1.0000 -1.0000 -1.0000 -1.0000 1.9233 1.5757 4.4585 1.5928 3.2603 0.8099 3.1393 0.6853
Car 0.0000 0 0.0000 -1.0000 -1.0000 -1.0000 -1.0000 2.0180 1.6684 4.7288 16.4974 17.9557 0.6358 3.1408 0.6823
Car 0.0000 0 0.0000 -1.0000 -1.0000 -1.0000 -1.0000 1.9356 1.5681 4.4805 28.1295 3.2959 0.8867 0.0213 0.6776
Car 0.0000 0 0.0000 -1.0000 -1.0000 -1.0000 -1.0000 1.9507 1.4599 4.5588 -11.9149 6.1493 0.7695 -3.0515 0.6568
Car 0.0000 0 0.0000 -1.0000 -1.0000 -1.0000 -1.0000 1.8954 1.5291 4.4347 -5.0886 17.9172 0.4553 0.0255 0.6289
Car 0.0000 0 0.0000 -1.0000 -1.0000 -1.0000 -1.0000 2.0202 1.6569 4.6523 5.9518 17.7519 0.5236 3.1395 0.5755
Car 0.0000 0 0.0000 -1.0000 -1.0000 -1.0000 -1.0000 2.0045 1.5028 4.5856 -13.5897 -5.7194 0.7542 -0.0745 0.5656
Car 0.0000 0 0.0000 -1.0000 -1.0000 -1.0000 -1.0000 1.9674 1.7297 4.5099 22.0666 3.9576 0.9887 0.0164 0.5513
Car 0.0000 0 0.0000 -1.0000 -1.0000 -1.0000 -1.0000 1.8929 1.4685 4.4045 7.8695 3.5934 0.7105 3.1237 0.5506
Car 0.0000 0 0.0000 -1.0000 -1.0000 -1.0000 -1.0000 2.0647 1.8520 4.7538 -18.8478 5.6295 1.0113 0.0451 0.5421
Car 0.0000 0 0.0000 -1.0000 -1.0000 -1.0000 -1.0000 2.0171 1.6473 4.7092 32.1398 16.4005 0.6839 3.0925 0.5384
Car 0.0000 0 0.0000 -1.0000 -1.0000 -1.0000 -1.0000 1.9136 1.6728 4.4398 21.5699 6.8706 0.9139 3.1331 0.5361
Car 0.0000 0 0.0000 -1.0000 -1.0000 -1.0000 -1.0000 1.9056 1.5032 4.4206 -35.9556 3.4755 0.9000 0.0049 0.5077
Car 0.0000 0 0.0000 -1.0000 -1.0000 -1.0000 -1.0000 1.8999 1.4727 4.4642 -2.1688 21.9706 0.3199 3.1135 0.5013
Car 0.0000 0 0.0000 -1.0000 -1.0000 -1.0000 -1.0000 1.9250 1.6263 4.4339 39.7094 3.4707 1.0347 0.0849 0.4981
Car 0.0000 0 0.0000 -1.0000 -1.0000 -1.0000 -1.0000 1.9872 1.6710 4.7071 -16.9320 14.1857 0.8619 0.0173 0.4763
Car 0.0000 0 0.0000 -1.0000 -1.0000 -1.0000 -1.0000 1.9959 1.4546 4.5528 -32.5350 -3.7176 0.8241 3.1032 0.4546
Car 0.0000 0 0.0000 -1.0000 -1.0000 -1.0000 -1.0000 1.8880 1.6097 4.4160 32.1289 6.8871 1.0119 3.1233 0.4398
Car 0.0000 0 0.0000 -1.0000 -1.0000 -1.0000 -1.0000 1.9671 1.4323 4.5948 -26.7917 4.0661 0.8276 0.0228 0.4329
Car 0.0000 0 0.0000 -1.0000 -1.0000 -1.0000 -1.0000 1.9058 1.4789 4.4770 -43.5320 3.5927 0.9131 -3.1408 0.4184
Car 0.0000 0 0.0000 -1.0000 -1.0000 -1.0000 -1.0000 1.8759 1.7412 4.5311 -63.4049 2.8848 1.0099 -0.1460 0.3977
Car 0.0000 0 0.0000 -1.0000 -1.0000 -1.0000 -1.0000 1.9386 1.4972 4.5491 18.0160 21.2539 0.4242 3.1274 0.3727
Car 0.0000 0 0.0000 -1.0000 -1.0000 -1.0000 -1.0000 1.8706 1.5699 4.4321 66.3591 2.6651 0.9331 0.0829 0.3612
Truck 0.0000 0 0.0000 -1.0000 -1.0000 -1.0000 -1.0000 2.4742 2.3304 6.7170 -8.3501 14.4641 1.1206 0.0376 0.5394
Truck 0.0000 0 0.0000 -1.0000 -1.0000 -1.0000 -1.0000 2.9113 2.9226 10.6628 41.7350 7.1999 1.7211 0.0720 0.5167
Truck 0.0000 0 0.0000 -1.0000 -1.0000 -1.0000 -1.0000 2.0909 2.0563 5.2408 12.1848 -0.7676 1.0602 0.0399 0.4921
Truck 0.0000 0 0.0000 -1.0000 -1.0000 -1.0000 -1.0000 1.9666 1.9828 4.8090 -31.3209 21.5005 0.6770 -3.1132 0.3637
Truck 0.0000 0 0.0000 -1.0000 -1.0000 -1.0000 -1.0000 2.4275 2.3988 6.3643 33.5564 -0.6526 1.3702 0.0206 0.3280
Tricar 0.0000 0 0.0000 -1.0000 -1.0000 -1.0000 -1.0000 1.3827 1.7318 2.9999 45.1923 -6.5565 1.0784 3.1310 0.4847
