Car 0.0000 0 0.0000 -1.0000 -1.0000 -1.0000 -1.0000 2.0175 1.7327 4.6218 6.4330 7.3166 0.8274 3.1291 0.6839
Car 0.0000 0 0.0000 -1.0000 -1.0000 -1.0000 -1.0000 2.0485 1.4710 4.6527 -15.4102 1.1656 0.8118 0.1545 0.6669
Car 0.0000 0 0.0000 -1.0000 -1.0000 -1.0000 -1.0000 2.0226 1.5498 4.6231 -49.8511 -5.1440 0.6749 -0.1826 0.6609
Car 0.0000 0 0.0000 -1.0000 -1.0000 -1.0000 -1.0000 1.9579 1.6965 4.5818 -1.0145 11.1275 0.7747 -0.0427 0.6489
Car 0.0000 0 0.0000 -1.0000 -1.0000 -1.0000 -1.0000 1.8931 1.4682 4.4571 -24.4328 31.8933 0.4648 -1.7227 0.6367
Car 0.0000 0 0.0000 -1.0000 -1.0000 -1.0000 -1.0000 1.9967 1.6819 4.5400 14.9987 1.4753 0.8390 3.1380 0.6258
Car 0.0000 0 0.0000 -1.0000 -1.0000 -1.0000 -1.0000 1.9249 1.4930 4.4666 26.2783 -6.7157 0.6457 0.0029 0.5309
Car 0.0000 0 0.0000 -1.0000 -1.0000 -1.0000 -1.0000 1.9480 1.5385 4.5540 -4.2791 7.3065 0.7704 -0.0052 0.4913
Car 0.0000 0 0.0000 -1.0000 -1.0000 -1.0000 -1.0000 1.8586 1.4701 4.4613 -32.9798 -22.5113 0.7924 1.3558 0.4172
Car 0.0000 0 0.0000 -1.0000 -1.0000 -1.0000 -1.0000 1.9616 1.5093 4.6464 -58.0676 -1.0619 0.6640 -0.0737 0.4070
Car 0.0000 0 0.0000 -1.0000 -1.0000 -1.0000 -1.0000 2.0136 1.5151 4.6485 16.9781 7.6287 0.6952 -0.0332 0.3645
Car 0.0000 0 0.0000 -1.0000 -1.0000 -1.0000 -1.0000 1.9836 1.6166 4.7682 39.2882 -2.1216 0.6841 0.0198 0.3638
Car 0.0000 0 0.0000 -1.0000 -1.0000 -1.0000 -1.0000 1.9666 1.4992 4.5598 -33.9476 3.5441 0.7421 -3.0913 0.3459
Car 0.0000 0 0.0000 -1.0000 -1.0000 -1.0000 -1.0000 1.9329 1.7759 4.5967 6.0537 -24.2713 1.3149 -2.9704 0.3355
Truck 0.0000 0 0.0000 -1.0000 -1.0000 -1.0000 -1.0000 2.3770 2.2546 6.3917 -61.2190 10.5971 0.9337 -3.1128 0.5177
Truck 0.0000 0 0.0000 -1.0000 -1.0000 -1.0000 -1.0000 2.5245 2.7788 6.3965 -32.4127 11.0505 1.3925 -3.1318 0.4923
Truck 0.0000 0 0.0000 -1.0000 -1.0000 -1.0000 -1.0000 2.2314 2.1949 5.7098 -16.7045 -5.4473 1.1681 -2.7660 0.4899
Tricar 0.0000 0 0.0000 -1.0000 -1.0000 -1.0000 -1.0000 1.2826 1.6756 2.9292 -49.8498 -9.3633 0.7326 -0.0880 0.4826
Cyclist 0.0000 0 0.0000 -1.0000 -1.0000 -1.0000 -1.0000 0.7684 1.5366 1.7534 -1.0785 -9.3141 0.7760 3.1406 0.6546
Cyclist 0.0000 0 0.0000 -1.0000 -1.0000 -1.0000 -1.0000 0.7776 1.5603 1.7694 26.9597 -9.6220 0.6672 -3.1256 0.4520
Cyclist 0.0000 0 0.0000 -1.0000 -1.0000 -1.0000 -1.0000 0.7281 1.4896 1.7439 -32.6733 20.8152 0.5161 -1.6970 0.4221
