Car 0.0000 0 0.0000 -1.0000 -1.0000 -1.0000 -1.0000 2.0383 1.5915 4.5936 -18.3304 -1.5190 0.7757 -0.0062 0.7685
Car 0.0000 0 0.0000 -1.0000 -1.0000 -1.0000 -1.0000 2.0230 1.5251 4.6940 -49.9670 1.4045 0.4115 -3.1187 0.7483
Car 0.0000 0 0.0000 -1.0000 -1.0000 -1.0000 -1.0000 1.9718 1.4293 4.5276 16.2016 3.9217 0.7804 3.1225 0.7432
Car 0.0000 0 0.0000 -1.0000 -1.0000 -1.0000 -1.0000 2.0190 1.5672 4.6562 60.6976 5.1571 1.0313 3.1331 0.7243
Car 0.0000 0 0.0000 -1.0000 -1.0000 -1.0000 -1.0000 1.8824 1.4485 4.4309 59.5939 9.1260 0.8789 -3.1141 0.5489
Car 0.0000 0 0.0000 -1.0000 -1.0000 -1.0000 -1.0000 1.8961 1.5254 4.5069 -16.5468 29.6911 0.1557 -1.4190 0.5292
Car 0.0000 0 0.0000 -1.0000 -1.0000 -1.0000 -1.0000 1.9352 1.5785 4.5995 66.3581 8.9026 1.0668 0.1034 0.4520
Car 0.0000 0 0.0000 -1.0000 -1.0000 -1.0000 -1.0000 1.9485 2.0024 4.7352 -44.9371 4.8796 0.6243 3.1082 0.4030
Truck 0.0000 0 0.0000 -1.0000 -1.0000 -1.0000 -1.0000 2.9488 3.1196 11.3054 -5.0731 4.4631 1.4842 0.0699 0.7388
Truck 0.0000 0 0.0000 -1.0000 -1.0000 -1.0000 -1.0000 2.9941 3.2959 11.8675 -68.3076 -4.5059 1.3933 -0.0225 0.6345
Truck 0.0000 0 0.0000 -1.0000 -1.0000 -1.0000 -1.0000 2.8821 3.1992 11.4916 33.9389 0.1849 1.7772 0.0643 0.5791
Truck 0.0000 0 0.0000 -1.0000 -1.0000 -1.0000 -1.0000 2.9572 3.1960 10.3156 -48.0283 -5.5094 1.4603 0.0191 0.5458
Cyclist 0.0000 0 0.0000 -1.0000 -1.0000 -1.0000 -1.0000 0.8210 1.5775 1.7800 1.4060 -5.0230 0.8588 3.1347 0.5563
Cyclist 0.0000 0 0.0000 -1.0000 -1.0000 -1.0000 -1.0000 0.7949 1.4809 1.8302 -17.8895 -6.2500 0.6987 0.0148 0.5395
Cyclist 0.0000 0 0.0000 -1.0000 -1.0000 -1.0000 -1.0000 0.7915 1.4947 1.7914 -12.9928 -5.0517 0.7361 3.1253 0.5009
Cyclist 0.0000 0 0.0000 -1.0000 -1.0000 -1.0000 -1.0000 0.7642 1.5678 1.7166 43.6992 5.4837 0.9155 0.0269 0.3588
Cyclist 0.0000 0 0.0000 -1.0000 -1.0000 -1.0000 -1.0000 0.7744 1.5512 1.7894 -56.7145 3.6422 0.3428 0.0132 0.3383
Cyclist 0.0000 0 0.0000 -1.0000 -1.0000 -1.0000 -1.0000 0.7100 1.5486 1.6381 -1.2269 2.1252 0.7792 0.0314 0.3369
Cyclist 0.0000 0 0.0000 -1.0000 -1.0000 -1.0000 -1.0000 0.6887 1.0723 1.6881 4.9005 -6.8366 0.6885 2.9538 0.3214
Cyclist 0.0000 0 0.0000 -1.0000 -1.0000 -1.0000 -1.0000 0.9218 1.6244 1.9394 -33.6091 2.5905 0.5394 -3.1374 0.3199
Cyclist 0.0000 0 0.0000 -1.0000 -1.0000 -1.0000 -1.0000 0.7151 1.3845 1.6773 -43.3004 7.3077 0.3368 2.8793 0.3102
Pedestrian 0.0000 0 0.0000 -1.0000 -1.0000 -1.0000 -1.0000 0.6880 1.6551 0.6402 -4.8309 -8.8184 1.0794 0.0459 0.6032
Pedestrian 0.0000 0 0.0000 -1.0000 -1.0000 -1.0000 -1.0000 0.7080 1.6476 0.6895 -23.3888 6.4592 0.4467 0.0987 0.5966
Pedestrian 0.0000 0 0.0000 -1.0000 -1.0000 -1.0000 -1.0000 0.6841 1.6407 0.6162 -25.6516 8.2921 0.4453 -0.5731 0.5179
Pedestrian 0.0000 0 0.0000 -1.0000 -1.0000 -1.0000 -1.0000 0.6928 1.7138 0.6168 -40.7980 -8.3837 0.7928 3.1275 0.5142
Pedestrian 0.0000 0 0.0000 -1.0000 -1.0000 -1.0000 -1.0000 0.6809 1.6383 0.6308 -26.2112 6.7811 0.4781 -0.1243 0.5088
Pedestrian 0.0000 0 0.0000 -1.0000 -1.0000 -1.0000 -1.0000 0.7377 1.7220 0.7524 -26.4089 -11.0777 0.9986 0.0434 0.4825
Pedestrian 0.0000 0 0.0000 -1.0000 -1.0000 -1.0000 -1.0000 0.6981 1.6687 0.6514 -20.0232 -8.5748 0.9416 -3.0716 0.4722
Pedestrian 0.0000 0 0.0000 -1.0000 -1.0000 -1.0000 -1.0000 0.6687 1.5969 0.6149 15.8027 10.5249 0.7854 0.0147 0.4219
Pedestrian 0.0000 0 0.0000 -1.0000 -1.0000 -1.0000 -1.0000 0.6856 1.6614 0.6194 -33.8362 -11.8645 0.9411 0.0311 0.3780
Pedestrian 0.0000 0 0.0000 -1.0000 -1.0000 -1.0000 -1.0000 0.6917 1.6704 0.6163 -27.2464 6.4511 0.5549 2.9049 0.3308
Pedestrian 0.0000 0 0.0000 -1.0000 -1.0000 -1.0000 -1.0000 0.7040 1.5954 0.6742 21.1946 8.0466 0.7767 -3.0650 0.3304
Pedestrian 0.0000 0 0.0000 -1.0000 -1.0000 -1.0000 -1.0000 0.6931 1.6823 0.6073 -29.0770 6.6422 0.6232 3.0249 0.3056
Pedestrian 0.0000 0 0.0000 -1.0000 -1.0000 -1.0000 -1.0000 0.6798 1.5681 0.6201 27.4301 9.2330 0.8658 3.1225 0.3009
