Car 0.0000 0 0.0000 -1.0000 -1.0000 -1.0000 -1.0000 2.0740 1.6479 4.7365 -44.6350 -0.6435 0.8682 -0.0830 0.7689
Car 0.0000 0 0.0000 -1.0000 -1.0000 -1.0000 -1.0000 2.0407 1.6298 4.6530 24.4302 2.8978 0.8027 0.0084 0.7686
Car 0.0000 0 0.0000 -1.0000 -1.0000 -1.0000 -1.0000 1.9703 1.4375 4.5707 41.2223 -2.9706 0.8388 0.0030 0.7481
Car 0.0000 0 0.0000 -1.0000 -1.0000 -1.0000 -1.0000 1.9436 1.5331 4.4715 -8.7957 3.4246 0.7242 -3.1080 0.7395
Car 0.0000 0 0.0000 -1.0000 -1.0000 -1.0000 -1.0000 1.9053 1.5346 4.5111 -9.9110 12.2617 0.4787 -0.0516 0.6963
Car 0.0000 0 0.0000 -1.0000 -1.0000 -1.0000 -1.0000 1.9497 1.5404 4.5713 -52.8777 8.7676 0.5879 -0.0061 0.6410
Car 0.0000 0 0.0000 -1.0000 -1.0000 -1.0000 -1.0000 1.8875 1.5913 4.4068 71.9240 4.6438 0.7864 0.4840 0.6216
Car 0.0000 0 0.0000 -1.0000 -1.0000 -1.0000 -1.0000 1.9093 1.5768 4.4391 5.3407 -2.1860 0.8809 3.1292 0.6178
Car 0.0000 0 0.0000 -1.0000 -1.0000 -1.0000 -1.0000 1.9030 1.5435 4.5199 27.8583 13.7858 0.2428 -3.0114 0.5574
Car 0.0000 0 0.0000 -1.0000 -1.0000 -1.0000 -1.0000 2.0028 1.4538 4.5783 5.8096 3.0802 0.7067 -3.1364 0.5007
Car 0.0000 0 0.0000 -1.0000 -1.0000 -1.0000 -1.0000 2.0843 1.6903 4.6924 13.0324 -0.0842 0.8791 0.0187 0.4660
Car 0.0000 0 0.0000 -1.0000 -1.0000 -1.0000 -1.0000 1.8645 1.5155 4.5426 2.8493 -27.1527 1.8204 -3.0782 0.3950
Car 0.0000 0 0.0000 -1.0000 -1.0000 -1.0000 -1.0000 1.9870 1.7981 4.6595 -53.7477 3.7995 0.8542 3.1304 0.3842
Car 0.0000 0 0.0000 -1.0000 -1.0000 -1.0000 -1.0000 1.8559 1.4295 4.4450 -3.3965 12.1701 0.4151 0.0764 0.3679
Truck 0.0000 0 0.0000 -1.0000 -1.0000 -1.0000 -1.0000 2.8186 3.2103 8.9559 62.2556 0.3211 1.5291 -3.0728 0.4870
Truck 0.0000 0 0.0000 -1.0000 -1.0000 -1.0000 -1.0000 2.9348 2.9508 10.8248 -61.5478 -0.1233 1.4732 -3.1077 0.3700
Tricar 0.0000 0 0.0000 -1.0000 -1.0000 -1.0000 -1.0000 1.1516 1.6623 2.4412 -16.3264 13.1554 0.5908 -0.0684 0.4200
Cyclist 0.0000 0 0.0000 -1.0000 -1.0000 -1.0000 -1.0000 0.7454 1.5543 1.7157 9.8932 10.3745 0.5099 0.0598 0.6754
Cyclist 0.0000 0 0.0000 -1.0000 -1.0000 -1.0000 -1.0000 0.7186 1.4933 1.7156 -2.4460 9.9821 0.4977 0.0480 0.5435
Cyclist 0.0000 0 0.0000 -1.0000 -1.0000 -1.0000 -1.0000 0.6956 1.5045 1.6714 3.2138 9.1640 0.5375 -3.1098 0.5286
Cyclist 0.0000 0 0.0000 -1.0000 -1.0000 -1.0000 -1.0000 0.7295 1.5367 1.6892 -5.0421 8.8100 0.5990 0.0227 0.4103
Cyclist 0.0000 0 0.0000 -1.0000 -1.0000 -1.0000 -1.0000 0.7154 1.5549 1.6789 20.3222 9.7236 0.4662 0.0365 0.3936
Cyclist 0.0000 0 0.0000 -1.0000 -1.0000 -1.0000 -1.0000 0.9679 1.6432 2.0142 -16.2460 13.0921 0.6078 -0.0461 0.3794
Cyclist 0.0000 0 0.0000 -1.0000 -1.0000 -1.0000 -1.0000 0.6983 1.3219 1.7398 0.9142 -31.6125 1.6430 -3.0667 0.3752
Cyclist 0.0000 0 0.0000 -1.0000 -1.0000 -1.0000 -1.0000 0.7081 1.5427 1.6748 46.7771 9.8669 0.5450 3.1258 0.3675
Cyclist 0.0000 0 0.0000 -1.0000 -1.0000 -1.0000 -1.0000 0.6915 1.2965 1.6769 19.7810 14.2223 0.2210 -2.6480 0.3437
Cyclist 0.0000 0 0.0000 -1.0000 -1.0000 -1.0000 -1.0000 0.6896 1.2703 1.6742 17.6903 12.6856 0.2629 -3.0388 0.3302
Cyclist 0.0000 0 0.0000 -1.0000 -1.0000 -1.0000 -1.0000 0.7317 1.5561 1.6907 59.4134 -6.0420 0.8520 -3.1392 0.3242
Cyclist 0.0000 0 0.0000 -1.0000 -1.0000 -1.0000 -1.0000 0.6657 1.0371 1.6605 -6.8582 18.0492 0.2892 -1.8687 0.3183
Cyclist 0.0000 0 0.0000 -1.0000 -1.0000 -1.0000 -1.0000 0.7294 1.5080 1.7358 6.2719 15.6325 0.4863 0.2867 0.3157
Cyclist 0.0000 0 0.0000 -1.0000 -1.0000 -1.0000 -1.0000 0.6670 1.1313 1.6821 3.3018 14.1026 0.2844 1.6013 0.3065
Pedestrian 0.0000 0 0.0000 -1.0000 -1.0000 -1.0000 -1.0000 0.7167 1.7008 0.6902 -5.1699 -12.8168 1.1014 3.0914 0.5542
Pedestrian 0.0000 0 0.0000 -1.0000 -1.0000 -1.0000 -1.0000 0.6570 1.6238 0.5626 3.0572 16.1564 0.5533 -2.2827 0.5362
Pedestrian 0.0000 0 0.0000 -1.0000 -1.0000 -1.0000 -1.0000 0.6938 1.6260 0.6571 -7.0975 -14.2566 1.0986 2.9929 0.5067
Pedestrian 0.0000 0 0.0000 -1.0000 -1.0000 -1.0000 -1.0000 0.6765 1.6665 0.6264 -23.7443 -6.5561 1.0303 1.4370 0.4871
Pedestrian 0.0000 0 0.0000 -1.0000 -1.0000 -1.0000 -1.0000 0.6705 1.6891 0.5699 -1.0386 16.0960 0.6308 2.4998 0.4833
Pedestrian 0.0000 0 0.0000 -1.0000 -1.0000 -1.0000 -1.0000 0.7062 1.7024 0.6472 18.7424 -14.1063 1.0318 2.9696 0.4757
Pedestrian 0.0000 0 0.0000 -1.0000 -1.0000 -1.0000 -1.0000 0.6957 1.6103 0.6700 -16.2589 -13.6827 1.0552 -3.0430 0.4666
Pedestrian 0.0000 0 0.0000 -1.0000 -1.0000 -1.0000 -1.0000 0.7018 1.6766 0.6542 32.0013 -12.4849 0.7825 -0.0293 0.4497
Pedestrian 0.0000 0 0.0000 -1.0000 -1.0000 -1.0000 -1.0000 0.7060 1.6826 0.6369 -64.0270 17.8463 0.6140 -0.0198 0.3708
Pedestrian 0.0000 0 0.0000 -1.0000 -1.0000 -1.0000 -1.0000 0.6946 1.6315 0.6505 -30.8030 15.8393 0.6909 -3.0944 0.3674
Pedestrian 0.0000 0 0.0000 -1.0000 -1.0000 -1.0000 -1.0000 0.6944 1.5827 0.6184 6.3296 15.7306 0.5206 -2.8793 0.3412
Pedestrian 0.0000 0 0.0000 -1.0000 -1.0000 -1.0000 -1.0000 0.6983 1.5854 0.6657 -4.9607 8.8500 0.6180 -3.1060 0.3039
