Car 0.0000 0 0.0000 -1.0000 -1.0000 -1.0000 -1.0000 1.9515 1.4266 4.5292 5.9177 -4.4831 0.7932 0.0357 0.7053
Car 0.0000 0 0.0000 -1.0000 -1.0000 -1.0000 -1.0000 1.8850 1.4229 4.4794 27.3510 6.9293 0.7125 3.0787 0.6450
Car 0.0000 0 0.0000 -1.0000 -1.0000 -1.0000 -1.0000 1.8376 1.4965 4.4152 -34.9028 -5.5505 0.8250 3.0157 0.4654
Car 0.0000 0 0.0000 -1.0000 -1.0000 -1.0000 -1.0000 2.1776 2.3816 5.0338 16.9566 7.2237 1.1695 3.0957 0.3407
Truck 0.0000 0 0.0000 -1.0000 -1.0000 -1.0000 -1.0000 2.0733 2.1296 5.2982 17.0836 7.0018 1.0766 3.1306 0.3552
Truck 0.0000 0 0.0000 -1.0000 -1.0000 -1.0000 -1.0000 2.3189 2.6366 5.9358 -3.7056 6.6858 1.3337 -3.1184 0.3226
Tricar 0.0000 0 0.0000 -1.0000 -1.0000 -1.0000 -1.0000 1.2797 1.8392 3.1030 -22.2093 -2.9976 1.0147 -0.0841 0.6901
Tricar 0.0000 0 0.0000 -1.0000 -1.0000 -1.0000 -1.0000 1.2685 1.6535 3.2141 37.7441 -3.0317 0.9657 3.1156 0.6510
Tricar 0.0000 0 0.0000 -1.0000 -1.0000 -1.0000 -1.0000 1.2661 1.5691 2.9537 -63.3705 6.1904 0.7117 -3.0939 0.3393
Tricar 0.0000 0 0.0000 -1.0000 -1.0000 -1.0000 -1.0000 1.2111 1.7249 2.7453 -8.5658 -18.2304 1.0342 1.5944 0.3258
Cyclist 0.0000 0 0.0000 -1.0000 -1.0000 -1.0000 -1.0000 0.8306 1.5647 1.8452 -7.8380 -37.7603 1.2073 -1.3908 0.3634
Cyclist 0.0000 0 0.0000 -1.0000 -1.0000 -1.0000 -1.0000 0.8181 1.5826 1.7835 40.2615 -1.1714 0.8433 3.1059 0.3452
Pedestrian 0.0000 0 0.0000 -1.0000 -1.0000 -1.0000 -1.0000 0.6974 1.7026 0.6290 8.5206 -7.1160 1.1303 0.0316 0.4417
