Car 0.0000 0 0.0000 -1.0000 -1.0000 -1.0000 -1.0000 1.9807 1.5227 4.4864 0.5986 2.8838 0.7388 3.1224 0.8076
Car 0.0000 0 0.0000 -1.0000 -1.0000 -1.0000 -1.0000 1.9882 1.4218 4.5629 35.1916 2.6181 0.7982 3.1282 0.7770
Car 0.0000 0 0.0000 -1.0000 -1.0000 -1.0000 -1.0000 1.9487 1.6618 4.5230 -10.8172 3.0625 0.7350 -0.0239 0.7404
Car 0.0000 0 0.0000 -1.0000 -1.0000 -1.0000 -1.0000 1.9892 1.6714 4.4957 11.9763 3.6214 0.8430 -3.1416 0.6952
Car 0.0000 0 0.0000 -1.0000 -1.0000 -1.0000 -1.0000 1.9418 1.4441 4.5086 22.7218 3.1299 0.7377 3.1037 0.6604
Car 0.0000 0 0.0000 -1.0000 -1.0000 -1.0000 -1.0000 1.9482 1.5220 4.5987 4.1680 -6.6947 0.8204 3.1347 0.6598
Car 0.0000 0 0.0000 -1.0000 -1.0000 -1.0000 -1.0000 1.8422 1.6162 4.3673 50.4615 2.3064 0.9746 -3.1003 0.6158
Car 0.0000 0 0.0000 -1.0000 -1.0000 -1.0000 -1.0000 1.8949 1.4201 4.5295 5.4518 12.3228 0.4119 -0.0072 0.5980
Car 0.0000 0 0.0000 -1.0000 -1.0000 -1.0000 -1.0000 1.9584 1.5112 4.5394 -0.7080 12.2315 0.4850 -3.1199 0.5695
Car 0.0000 0 0.0000 -1.0000 -1.0000 -1.0000 -1.0000 1.9820 1.7344 4.6240 -9.3637 -16.4216 1.2887 1.6017 0.5585
Car 0.0000 0 0.0000 -1.0000 -1.0000 -1.0000 -1.0000 1.8731 1.5991 4.3861 17.5403 11.9148 0.5774 -3.1265 0.5375
Car 0.0000 0 0.0000 -1.0000 -1.0000 -1.0000 -1.0000 2.3590 2.4938 5.4816 -25.3591 2.5939 1.0869 -0.0165 0.5279
Car 0.0000 0 0.0000 -1.0000 -1.0000 -1.0000 -1.0000 1.9009 1.4492 4.4746 -7.7295 14.3965 0.3229 -1.6015 0.5159
Car 0.0000 0 0.0000 -1.0000 -1.0000 -1.0000 -1.0000 1.8568 1.4586 4.4034 25.3362 8.8459 0.5846 0.0086 0.4840
Car 0.0000 0 0.0000 -1.0000 -1.0000 -1.0000 -1.0000 1.8739 1.4884 4.4649 23.0676 12.3712 0.4735 -3.0874 0.4525
Car 0.0000 0 0.0000 -1.0000 -1.0000 -1.0000 -1.0000 1.8483 1.4851 4.5335 28.0975 12.0268 0.5029 -3.0832 0.3674
Car 0.0000 0 0.0000 -1.0000 -1.0000 -1.0000 -1.0000 1.8871 1.5074 4.5510 67.8598 1.6434 0.9128 0.0021 0.3544
Truck 0.0000 0 0.0000 -1.0000 -1.0000 -1.0000 -1.0000 2.9947 3.3035 12.0596 -41.5229 2.2232 1.5245 3.1111 0.6333
Cyclist 0.0000 0 0.0000 -1.0000 -1.0000 -1.0000 -1.0000 0.7439 1.5695 1.6940 -1.5984 9.7898 0.5586 0.0042 0.5220
Cyclist 0.0000 0 0.0000 -1.0000 -1.0000 -1.0000 -1.0000 0.7915 1.5265 1.7697 -19.2172 -8.6743 0.6554 0.0156 0.5053
Cyclist 0.0000 0 0.0000 -1.0000 -1.0000 -1.0000 -1.0000 0.7468 1.5465 1.7112 -40.2883 -8.4010 0.5435 -0.0074 0.4167
Cyclist 0.0000 0 0.0000 -1.0000 -1.0000 -1.0000 -1.0000 0.6711 1.2679 1.6722 16.3855 17.9055 0.3920 -0.0166 0.3793
Cyclist 0.0000 0 0.0000 -1.0000 -1.0000 -1.0000 -1.0000 0.6459 1.1795 1.6183 20.5205 18.7653 0.4509 -0.3503 0.3287
Pedestrian 0.0000 0 0.0000 -1.0000 -1.0000 -1.0000 -1.0000 0.7051 1.6821 0.6913 -11.0545 -2.3230 0.8391 3.1364 0.5357
Pedestrian 0.0000 0 0.0000 -1.0000 -1.0000 -1.0000 -1.0000 0.6871 1.6194 0.6561 -24.4967 16.6264 0.4071 -0.0551 0.4868
Pedestrian 0.0000 0 0.0000 -1.0000 -1.0000 -1.0000 -1.0000 0.6944 1.6614 0.6557 -18.6222 -5.2990 0.7736 0.0441 0.4621
Pedestrian 0.0000 0 0.0000 -1.0000 -1.0000 -1.0000 -1.0000 0.6993 1.6697 0.6700 32.8520 -1.2615 0.9960 3.1081 0.4494
Pedestrian 0.0000 0 0.0000 -1.0000 -1.0000 -1.0000 -1.0000 0.6846 1.6763 0.6092 -0.8305 15.9713 0.6765 0.0448 0.4296
Pedestrian 0.0000 0 0.0000 -1.0000 -1.0000 -1.0000 -1.0000 0.6886 1.6622 0.6185 -0.5216 -12.6335 1.0798 2.2223 0.3955
Pedestrian 0.0000 0 0.0000 -1.0000 -1.0000 -1.0000 -1.0000 0.6896 1.6484 0.6109 -44.8752 -10.6393 0.6595 0.1071 0.3941
Pedestrian 0.0000 0 0.0000 -1.0000 -1.0000 -1.0000 -1.0000 0.6723 1.6346 0.6021 -1.5979 18.5442 0.6561 3.1226 0.3840
Pedestrian 0.0000 0 0.0000 -1.0000 -1.0000 -1.0000 -1.0000 0.6611 1.6195 0.5677 14.2516 -14.3631 1.1023 3.0286 0.3702
Pedestrian 0.0000 0 0.0000 -1.0000 -1.0000 -1.0000 -1.0000 0.7211 1.7360 0.6711 -22.0926 -11.7345 1.0509 0.0381 0.3559
Pedestrian 0.0000 0 0.0000 -1.0000 -1.0000 -1.0000 -1.0000 0.6893 1.6748 0.5951 -48.3795 16.1634 0.2991 -0.1249 0.3464
Pedestrian 0.0000 0 0.0000 -1.0000 -1.0000 -1.0000 -1.0000 0.7167 1.6944 0.7161 -26.4835 -12.2605 0.9705 0.0011 0.3312
Pedestrian 0.0000 0 0.0000 -1.0000 -1.0000 -1.0000 -1.0000 0.6881 1.6653 0.6045 -38.6908 -12.8435 0.7955 -3.0510 0.3023
