Car 0.0000 0 0.0000 -1.0000 -1.0000 -1.0000 -1.0000 1.9313 1.6264 4.5225 12.5218 -9.4141 1.0744 -1.3542 0.5521
Car 0.0000 0 0.0000 -1.0000 -1.0000 -1.0000 -1.0000 1.9706 1.6680 4.5578 5.7283 -7.1395 1.0540 -3.0979 0.4795
Car 0.0000 0 0.0000 -1.0000 -1.0000 -1.0000 -1.0000 1.8668 1.6056 4.5013 23.9089 -10.8975 1.0908 1.2647 0.3192
Car 0.0000 0 0.0000 -1.0000 -1.0000 -1.0000 -1.0000 1.8799 1.5762 4.5700 -77.0360 -3.3057 0.2167 -0.0588 0.3078
Truck 0.0000 0 0.0000 -1.0000 -1.0000 -1.0000 -1.0000 2.3816 2.2304 6.3820 27.9383 0.3535 1.2652 -3.1165 0.4561
Tricar 0.0000 0 0.0000 -1.0000 -1.0000 -1.0000 -1.0000 1.3176 1.6099 3.2693 -26.7606 -3.6513 0.6451 3.0517 0.5261
Tricar 0.0000 0 0.0000 -1.0000 -1.0000 -1.0000 -1.0000 1.4268 1.8467 3.3835 -58.6970 -3.7151 0.6370 -3.1371 0.4103
Cyclist 0.0000 0 0.0000 -1.0000 -1.0000 -1.0000 -1.0000 0.7770 1.5380 1.8008 -40.7241 -3.0714 0.5174 3.1368 0.5204
Cyclist 0.0000 0 0.0000 -1.0000 -1.0000 -1.0000 -1.0000 0.6847 1.2143 1.6771 -16.7485 -8.0071 0.7146 0.7229 0.3306
Pedestrian 0.0000 0 0.0000 -1.0000 -1.0000 -1.0000 -1.0000 0.7423 1.7592 0.7327 28.2970 -5.2347 1.1760 0.0119 0.3298
