Car 0.0000 0 0.0000 -1.0000 -1.0000 -1.0000 -1.0000 1.9309 1.4742 4.5019 -42.4080 10.8938 0.2873 -0.0242 0.6602
Car 0.0000 0 0.0000 -1.0000 -1.0000 -1.0000 -1.0000 1.9706 1.4817 4.5927 44.1383 10.4902 0.0952 -0.0002 0.6268
Car 0.0000 0 0.0000 -1.0000 -1.0000 -1.0000 -1.0000 1.9000 1.5096 4.4228 38.4873 21.4967 -0.3343 -0.0164 0.6239
Car 0.0000 0 0.0000 -1.0000 -1.0000 -1.0000 -1.0000 2.0198 1.4526 4.5635 -28.5942 -4.9707 0.7936 0.0131 0.6171
Car 0.0000 0 0.0000 -1.0000 -1.0000 -1.0000 -1.0000 1.9435 1.5780 4.5492 -13.9719 20.6365 0.0303 -0.0096 0.5590
Car 0.0000 0 0.0000 -1.0000 -1.0000 -1.0000 -1.0000 1.9171 1.4649 4.4947 19.6162 22.7434 -0.2315 3.0879 0.5475
Car 0.0000 0 0.0000 -1.0000 -1.0000 -1.0000 -1.0000 1.9528 1.5366 4.5747 -56.3151 7.2931 0.4531 -0.0065 0.5354
Car 0.0000 0 0.0000 -1.0000 -1.0000 -1.0000 -1.0000 1.9352 1.4805 4.5376 -62.6335 -0.9851 0.4477 -0.0238 0.5066
Car 0.0000 0 0.0000 -1.0000 -1.0000 -1.0000 -1.0000 1.9324 1.8718 4.5998 57.7974 -6.7642 0.3682 3.1361 0.4732
Car 0.0000 0 0.0000 -1.0000 -1.0000 -1.0000 -1.0000 1.9170 1.4775 4.4333 -3.3580 7.5898 0.5633 -3.1218 0.4576
Car 0.0000 0 0.0000 -1.0000 -1.0000 -1.0000 -1.0000 1.9451 1.7222 4.5518 -31.4344 -14.4997 0.8308 0.0145 0.4239
Car 0.0000 0 0.0000 -1.0000 -1.0000 -1.0000 -1.0000 1.8154 1.5119 4.2897 -11.0640 13.3012 0.3087 0.0083 0.3733
Car 0.0000 0 0.0000 -1.0000 -1.0000 -1.0000 -1.0000 1.9171 1.5027 4.5716 -68.1960 -6.2248 0.4689 -3.0756 0.3594
Car 0.0000 0 0.0000 -1.0000 -1.0000 -1.0000 -1.0000 1.8702 1.5000 4.4373 -33.5793 20.5106 -0.2624 -0.0244 0.3276
Truck 0.0000 0 0.0000 -1.0000 -1.0000 -1.0000 -1.0000 3.0067 4.1835 16.8174 29.3602 -27.8406 2.3943 0.0132 0.6761
Truck 0.0000 0 0.0000 -1.0000 -1.0000 -1.0000 -1.0000 2.8626 3.2120 10.0559 -68.9367 23.8155 0.4596 -3.1107 0.4266
Truck 0.0000 0 0.0000 -1.0000 -1.0000 -1.0000 -1.0000 3.1464 4.4997 17.2315 62.3706 -28.1464 2.0744 3.1178 0.3509
