Car 0.0000 0 0.0000 -1.0000 -1.0000 -1.0000 -1.0000 2.0690 1.6257 4.7235 -19.8610 -0.7838 0.8199 -3.0986 0.8009
Car 0.0000 0 0.0000 -1.0000 -1.0000 -1.0000 -1.0000 1.9185 1.6186 4.5753 -8.7360 6.1014 0.7208 3.0795 0.7364
Car 0.0000 0 0.0000 -1.0000 -1.0000 -1.0000 -1.0000 1.8285 1.4134 4.3664 -14.5963 6.6348 0.6216 0.0429 0.7186
Car 0.0000 0 0.0000 -1.0000 -1.0000 -1.0000 -1.0000 1.9903 1.5315 4.5661 -56.9061 2.5034 0.9210 0.0377 0.6762
Car 0.0000 0 0.0000 -1.0000 -1.0000 -1.0000 -1.0000 1.9240 1.4205 4.5565 10.1088 -19.7223 0.7233 3.1081 0.6433
Car 0.0000 0 0.0000 -1.0000 -1.0000 -1.0000 -1.0000 1.9476 1.4391 4.5255 10.2372 -24.2381 0.7533 -3.1180 0.6172
Car 0.0000 0 0.0000 -1.0000 -1.0000 -1.0000 -1.0000 1.8666 1.4690 4.4579 -2.8047 -10.2223 0.6715 -3.0878 0.6075
Car 0.0000 0 0.0000 -1.0000 -1.0000 -1.0000 -1.0000 1.9051 1.6458 4.4274 21.4447 7.0365 0.7623 -3.1306 0.5420
Car 0.0000 0 0.0000 -1.0000 -1.0000 -1.0000 -1.0000 2.3358 2.5891 5.3012 15.5401 3.2585 1.3063 -3.1356 0.5266
Car 0.0000 0 0.0000 -1.0000 -1.0000 -1.0000 -1.0000 1.9318 1.5588 4.6034 47.5009 -5.9257 1.0102 -3.1299 0.5114
Car 0.0000 0 0.0000 -1.0000 -1.0000 -1.0000 -1.0000 2.0030 1.5363 4.6020 -1.0871 -12.6962 0.7379 -3.1336 0.5074
Car 0.0000 0 0.0000 -1.0000 -1.0000 -1.0000 -1.0000 1.9613 1.4500 4.5894 9.9808 -28.9104 0.8194 -3.0732 0.4794
Car 0.0000 0 0.0000 -1.0000 -1.0000 -1.0000 -1.0000 2.0146 1.6774 4.7580 10.5829 -36.8596 1.1538 -3.0405 0.4712
Car 0.0000 0 0.0000 -1.0000 -1.0000 -1.0000 -1.0000 2.1195 2.4385 4.8016 16.1657 -10.2557 1.4489 -3.1300 0.4437
Car 0.0000 0 0.0000 -1.0000 -1.0000 -1.0000 -1.0000 1.9210 1.5319 4.6094 21.8892 -17.8063 1.3218 3.1364 0.4137
Car 0.0000 0 0.0000 -1.0000 -1.0000 -1.0000 -1.0000 1.9118 1.6559 4.4495 64.6605 -4.0750 1.0305 -3.1251 0.3952
Car 0.0000 0 0.0000 -1.0000 -1.0000 -1.0000 -1.0000 1.8719 1.5326 4.4981 24.5329 -10.8311 1.0743 1.8937 0.3576
Car 0.0000 0 0.0000 -1.0000 -1.0000 -1.0000 -1.0000 1.9520 1.5517 4.5674 10.3001 -41.5672 1.0201 -0.3262 0.3566
Car 0.0000 0 0.0000 -1.0000 -1.0000 -1.0000 -1.0000 1.9230 1.6396 4.6346 42.9044 -10.3898 1.2702 1.6524 0.3406
Car 0.0000 0 0.0000 -1.0000 -1.0000 -1.0000 -1.0000 1.9566 1.6225 4.6364 68.2844 7.5020 1.0045 3.1049 0.3240
Car 0.0000 0 0.0000 -1.0000 -1.0000 -1.0000 -1.0000 1.8020 1.4917 4.2664 0.7273 8.6873 0.6387 3.1320 0.3189
Car 0.0000 0 0.0000 -1.0000 -1.0000 -1.0000 -1.0000 1.8059 1.5007 4.2808 10.1959 12.6023 0.5990 -1.4567 0.3120
Car 0.0000 0 0.0000 -1.0000 -1.0000 -1.0000 -1.0000 1.9010 1.5077 4.6185 21.8491 -11.6288 1.0989 -1.2740 0.3096
Truck 0.0000 0 0.0000 -1.0000 -1.0000 -1.0000 -1.0000 2.8679 3.2344 11.2631 64.3036 1.1884 1.8495 0.0477 0.6337
Tricar 0.0000 0 0.0000 -1.0000 -1.0000 -1.0000 -1.0000 1.1524 1.5577 2.5370 -52.1208 5.6105 0.8790 -3.1239 0.3527
Cyclist 0.0000 0 0.0000 -1.0000 -1.0000 -1.0000 -1.0000 0.7782 1.5037 1.7806 -23.7591 4.5592 0.6723 -3.0278 0.6162
Cyclist 0.0000 0 0.0000 -1.0000 -1.0000 -1.0000 -1.0000 0.8113 1.4764 1.8428 -38.4113 -5.8971 0.7577 0.0225 0.4783
Cyclist 0.0000 0 0.0000 -1.0000 -1.0000 -1.0000 -1.0000 0.7475 1.5404 1.7169 58.8835 -2.3056 0.9333 3.1193 0.4646
Cyclist 0.0000 0 0.0000 -1.0000 -1.0000 -1.0000 -1.0000 0.7510 1.3674 1.8045 -3.1036 8.6797 0.6543 1.2905 0.4627
Cyclist 0.0000 0 0.0000 -1.0000 -1.0000 -1.0000 -1.0000 0.7244 1.5246 1.6942 -0.8877 -7.5443 0.7283 -0.1906 0.4354
Cyclist 0.0000 0 0.0000 -1.0000 -1.0000 -1.0000 -1.0000 0.6642 1.1449 1.7162 8.9955 8.8337 0.5448 1.5476 0.3929
Cyclist 0.0000 0 0.0000 -1.0000 -1.0000 -1.0000 -1.0000 0.9046 1.5574 1.9403 -52.0718 5.4834 0.8618 0.0032 0.3694
Cyclist 0.0000 0 0.0000 -1.0000 -1.0000 -1.0000 -1.0000 0.6938 1.2541 1.6813 -6.3882 8.5953 0.6149 -1.7414 0.3540
Cyclist 0.0000 0 0.0000 -1.0000 -1.0000 -1.0000 -1.0000 0.7706 1.5259 1.7533 -76.0194 -5.5323 0.7845 0.1604 0.3469
Cyclist 0.0000 0 0.0000 -1.0000 -1.0000 -1.0000 -1.0000 0.6551 1.1143 1.6878 7.0570 8.7312 0.5273 -1.5237 0.3443
Cyclist 0.0000 0 0.0000 -1.0000 -1.0000 -1.0000 -1.0000 0.6530 1.1164 1.6889 9.9475 8.7997 0.5227 1.5746 0.3364
Cyclist 0.0000 0 0.0000 -1.0000 -1.0000 -1.0000 -1.0000 0.6410 1.1249 1.6848 -21.6295 8.2036 0.4837 -1.4255 0.3231
Cyclist 0.0000 0 0.0000 -1.0000 -1.0000 -1.0000 -1.0000 0.6765 1.2477 1.6753 -21.2190 12.8511 0.6374 1.9488 0.3128
Cyclist 0.0000 0 0.0000 -1.0000 -1.0000 -1.0000 -1.0000 0.7125 1.2957 1.7082 14.8295 7.4636 0.6208 -3.1202 0.3127
Cyclist 0.0000 0 0.0000 -1.0000 -1.0000 -1.0000 -1.0000 0.6412 1.0880 1.6325 12.7005 8.8909 0.5354 -1.7081 0.3059
Pedestrian 0.0000 0 0.0000 -1.0000 -1.0000 -1.0000 -1.0000 0.6892 1.7258 0.6093 14.4001 -14.0417 1.1755 0.3838 0.5986
Pedestrian 0.0000 0 0.0000 -1.0000 -1.0000 -1.0000 -1.0000 0.6670 1.6273 0.5856 16.0625 10.2049 0.8037 0.0308 0.5757
Pedestrian 0.0000 0 0.0000 -1.0000 -1.0000 -1.0000 -1.0000 0.6998 1.6848 0.6439 19.7876 11.0832 0.8974 0.0683 0.4796
Pedestrian 0.0000 0 0.0000 -1.0000 -1.0000 -1.0000 -1.0000 0.6793 1.7511 0.5902 -25.7987 8.9505 0.9656 -1.6792 0.4175
Pedestrian 0.0000 0 0.0000 -1.0000 -1.0000 -1.0000 -1.0000 0.6936 1.6579 0.6239 0.9509 5.3373 0.8392 2.9676 0.3949
Pedestrian 0.0000 0 0.0000 -1.0000 -1.0000 -1.0000 -1.0000 0.7251 1.7151 0.7045 -10.8808 -7.3281 1.0045 3.1176 0.3780
Pedestrian 0.0000 0 0.0000 -1.0000 -1.0000 -1.0000 -1.0000 0.6896 1.6768 0.5998 -65.8038 -6.6762 1.0180 0.0207 0.3104
Pedestrian 0.0000 0 0.0000 -1.0000 -1.0000 -1.0000 -1.0000 0.7288 1.6633 0.7254 -7.2618 -5.8521 0.8836 3.0976 0.3012
