Car 0.0000 0 0.0000 -1.0000 -1.0000 -1.0000 -1.0000 1.9869 1.4477 4.5393 -3.1342 6.6751 0.8355 0.0108 0.8363
Car 0.0000 0 0.0000 -1.0000 -1.0000 -1.0000 -1.0000 1.9964 1.5115 4.5270 20.1133 2.3363 0.9409 3.0238 0.7981
Car 0.0000 0 0.0000 -1.0000 -1.0000 -1.0000 -1.0000 1.9789 1.4342 4.5241 -33.5237 3.5218 0.7707 0.0165 0.7516
Car 0.0000 0 0.0000 -1.0000 -1.0000 -1.0000 -1.0000 1.9845 1.4836 4.5395 22.7468 -1.5557 0.8603 3.0086 0.7084
Car 0.0000 0 0.0000 -1.0000 -1.0000 -1.0000 -1.0000 2.0336 1.9115 4.6770 57.6329 2.9613 1.2896 0.1136 0.6648
Car 0.0000 0 0.0000 -1.0000 -1.0000 -1.0000 -1.0000 1.9186 1.5227 4.4828 14.1024 7.1620 1.0096 3.0413 0.6396
Car 0.0000 0 0.0000 -1.0000 -1.0000 -1.0000 -1.0000 1.9560 1.5269 4.5127 -13.0857 17.6421 1.1665 -0.0684 0.6346
Car 0.0000 0 0.0000 -1.0000 -1.0000 -1.0000 -1.0000 2.0015 1.5325 4.5992 -10.1406 3.7333 0.8100 -3.1211 0.6067
Car 0.0000 0 0.0000 -1.0000 -1.0000 -1.0000 -1.0000 1.9550 1.5085 4.5439 47.8993 -7.0532 0.9152 0.0693 0.5970
Car 0.0000 0 0.0000 -1.0000 -1.0000 -1.0000 -1.0000 1.9897 1.5515 4.5591 68.5682 12.0721 1.2403 3.1388 0.5793
Car 0.0000 0 0.0000 -1.0000 -1.0000 -1.0000 -1.0000 1.9069 1.5131 4.4117 51.3206 -1.2585 1.0087 0.0034 0.4326
Car 0.0000 0 0.0000 -1.0000 -1.0000 -1.0000 -1.0000 1.8955 1.5593 4.5208 29.0346 35.2144 2.0411 1.5017 0.4244
Car 0.0000 0 0.0000 -1.0000 -1.0000 -1.0000 -1.0000 1.9682 1.4950 4.5809 38.3026 -0.1210 1.0607 2.9857 0.4172
Car 0.0000 0 0.0000 -1.0000 -1.0000 -1.0000 -1.0000 1.9237 1.6091 4.4796 45.1976 -4.0471 1.0420 3.1240 0.4033
Car 0.0000 0 0.0000 -1.0000 -1.0000 -1.0000 -1.0000 2.2231 2.2371 5.1527 67.1050 3.2648 1.6194 -2.9558 0.4030
Car 0.0000 0 0.0000 -1.0000 -1.0000 -1.0000 -1.0000 2.1803 2.5725 4.9433 7.0827 7.3456 1.3946 3.1145 0.3987
Car 0.0000 0 0.0000 -1.0000 -1.0000 -1.0000 -1.0000 1.8995 1.4745 4.5939 31.1320 -18.7267 0.9927 -1.6711 0.3426
Car 0.0000 0 0.0000 -1.0000 -1.0000 -1.0000 -1.0000 2.2176 2.3089 5.3519 39.7294 -21.9359 1.6051 -1.5981 0.3067
Car 0.0000 0 0.0000 -1.0000 -1.0000 -1.0000 -1.0000 1.8958 1.6510 4.5635 -58.8530 9.8370 1.0181 -3.0649 0.3027
Truck 0.0000 0 0.0000 -1.0000 -1.0000 -1.0000 -1.0000 2.9050 3.3142 8.5201 -54.6913 13.4989 1.9318 0.0098 0.4949
Truck 0.0000 0 0.0000 -1.0000 -1.0000 -1.0000 -1.0000 2.5602 2.6216 6.8152 -18.3425 0.2641 1.3498 3.1281 0.4158
Truck 0.0000 0 0.0000 -1.0000 -1.0000 -1.0000 -1.0000 1.8617 1.9345 4.6380 7.4771 3.2279 1.1130 3.0993 0.4103
Cyclist 0.0000 0 0.0000 -1.0000 -1.0000 -1.0000 -1.0000 0.7824 1.4948 1.7945 12.2439 -6.1681 0.8095 -0.3321 0.5771
Cyclist 0.0000 0 0.0000 -1.0000 -1.0000 -1.0000 -1.0000 0.7801 1.6045 1.7723 50.2016 -14.1017 1.0986 1.4859 0.5005
Cyclist 0.0000 0 0.0000 -1.0000 -1.0000 -1.0000 -1.0000 0.6950 1.4158 1.7832 14.8940 32.2123 1.7797 1.7005 0.3273
