Car 0.0000 0 0.0000 -1.0000 -1.0000 -1.0000 -1.0000 1.9584 1.4464 4.5095 12.7756 10.7726 0.5081 -0.0189 0.8375
Car 0.0000 0 0.0000 -1.0000 -1.0000 -1.0000 -1.0000 1.9731 1.4464 4.5444 7.1730 11.1116 0.4702 -3.1002 0.7856
Car 0.0000 0 0.0000 -1.0000 -1.0000 -1.0000 -1.0000 1.9776 1.5776 4.5671 -31.6460 -4.8610 0.7282 0.1753 0.7723
Car 0.0000 0 0.0000 -1.0000 -1.0000 -1.0000 -1.0000 1.8894 1.4285 4.3953 33.1352 11.1273 0.5510 0.0020 0.7066
Car 0.0000 0 0.0000 -1.0000 -1.0000 -1.0000 -1.0000 2.0336 1.6376 4.6831 -18.4153 -4.3490 0.8141 -0.0420 0.6986
Car 0.0000 0 0.0000 -1.0000 -1.0000 -1.0000 -1.0000 1.8894 1.4328 4.4855 41.2394 11.0249 0.5556 3.1016 0.6895
Car 0.0000 0 0.0000 -1.0000 -1.0000 -1.0000 -1.0000 1.9417 1.4078 4.5068 -11.1845 -4.4032 0.7143 0.0392 0.6848
Car 0.0000 0 0.0000 -1.0000 -1.0000 -1.0000 -1.0000 1.9080 1.5169 4.5129 -12.8113 11.5832 0.3717 -3.1297 0.5682
Car 0.0000 0 0.0000 -1.0000 -1.0000 -1.0000 -1.0000 1.8810 1.5056 4.4811 -59.6868 -4.6253 0.4034 -0.0195 0.5461
Car 0.0000 0 0.0000 -1.0000 -1.0000 -1.0000 -1.0000 1.9013 1.4514 4.4914 -30.8272 11.6693 0.1741 -3.1368 0.5255
Car 0.0000 0 0.0000 -1.0000 -1.0000 -1.0000 -1.0000 1.9036 1.5149 4.5074 -43.5803 -4.7024 0.5604 -3.0613 0.4727
Car 0.0000 0 0.0000 -1.0000 -1.0000 -1.0000 -1.0000 1.9948 1.4739 4.5616 16.4063 -3.8194 0.8460 0.0521 0.4712
Car 0.0000 0 0.0000 -1.0000 -1.0000 -1.0000 -1.0000 1.9516 1.5408 4.6207 -76.8788 9.1766 -0.0379 -3.1291 0.4490
Car 0.0000 0 0.0000 -1.0000 -1.0000 -1.0000 -1.0000 1.9361 1.5343 4.5907 -65.9804 9.7164 0.0978 -0.1994 0.4280
Car 0.0000 0 0.0000 -1.0000 -1.0000 -1.0000 -1.0000 1.8764 1.5027 4.4561 -50.7574 -4.5318 0.4634 -0.0332 0.3432
Tricar 0.0000 0 0.0000 -1.0000 -1.0000 -1.0000 -1.0000 1.3368 1.8726 2.8007 -41.3978 12.7555 0.3135 -3.1256 0.3331
Cyclist 0.0000 0 0.0000 -1.0000 -1.0000 -1.0000 -1.0000 0.7001 1.2910 1.6899 -1.1746 12.4204 0.3375 3.0240 0.4323
Cyclist 0.0000 0 0.0000 -1.0000 -1.0000 -1.0000 -1.0000 0.7322 1.3015 1.7257 8.5438 -10.2988 1.0080 -0.0681 0.4070
Cyclist 0.0000 0 0.0000 -1.0000 -1.0000 -1.0000 -1.0000 0.7145 1.3087 1.7546 2.3156 13.1477 0.3522 -0.5630 0.3680
Pedestrian 0.0000 0 0.0000 -1.0000 -1.0000 -1.0000 -1.0000 0.6827 1.6511 0.6321 -21.4818 -2.8399 0.7819 -2.9818 0.5747
Pedestrian 0.0000 0 0.0000 -1.0000 -1.0000 -1.0000 -1.0000 0.6930 1.6817 0.6241 -26.0966 14.2464 0.3901 -0.2286 0.4092
Pedestrian 0.0000 0 0.0000 -1.0000 -1.0000 -1.0000 -1.0000 0.6832 1.6524 0.6181 -23.2661 -2.4368 0.7743 0.2469 0.3504
