Car 0.0000 0 0.0000 -1.0000 -1.0000 -1.0000 -1.0000 1.9649 1.6155 4.5443 39.0200 8.8551 0.7067 0.0292 0.7438
Car 0.0000 0 0.0000 -1.0000 -1.0000 -1.0000 -1.0000 1.9479 1.8286 4.5225 30.0187 8.7906 0.8644 -3.1373 0.7178
Car 0.0000 0 0.0000 -1.0000 -1.0000 -1.0000 -1.0000 2.0539 1.9693 4.7044 -16.6160 4.2410 0.9873 -3.1385 0.6790
Car 0.0000 0 0.0000 -1.0000 -1.0000 -1.0000 -1.0000 1.9675 1.5071 4.6327 -48.4524 4.6963 0.9951 3.1272 0.6612
Car 0.0000 0 0.0000 -1.0000 -1.0000 -1.0000 -1.0000 1.8960 1.4602 4.4765 25.5379 -7.9512 0.9145 -0.0379 0.6090
Car 0.0000 0 0.0000 -1.0000 -1.0000 -1.0000 -1.0000 1.8687 1.4990 4.5029 -57.3481 -8.9547 0.9587 -1.7856 0.3285
Car 0.0000 0 0.0000 -1.0000 -1.0000 -1.0000 -1.0000 1.8796 1.7152 4.4782 -64.5721 -12.3115 1.0489 -2.1465 0.3152
Truck 0.0000 0 0.0000 -1.0000 -1.0000 -1.0000 -1.0000 2.4046 2.3824 6.4441 53.1513 8.1494 1.0550 -0.0138 0.3931
Tricar 0.0000 0 0.0000 -1.0000 -1.0000 -1.0000 -1.0000 1.3255 1.6266 3.5233 21.2833 6.6238 0.7562 3.0785 0.6860
Tricar 0.0000 0 0.0000 -1.0000 -1.0000 -1.0000 -1.0000 1.4729 2.0384 3.2747 44.4149 -6.4109 0.9900 1.2428 0.3504
Cyclist 0.0000 0 0.0000 -1.0000 -1.0000 -1.0000 -1.0000 0.7253 1.5329 1.6896 -10.2115 10.0409 0.7214 2.9437 0.5532
Cyclist 0.0000 0 0.0000 -1.0000 -1.0000 -1.0000 -1.0000 0.7102 1.4957 1.6890 9.6436 6.5423 0.6787 3.1028 0.5096
Cyclist 0.0000 0 0.0000 -1.0000 -1.0000 -1.0000 -1.0000 0.7684 1.4333 1.8161 31.6472 -4.8820 0.7244 3.0914 0.3737
