Car 0.0000 0 0.0000 -1.0000 -1.0000 -1.0000 -1.0000 1.9195 1.6478 4.4312 3.0153 -4.1943 0.8058 0.0674 0.7022
Car 0.0000 0 0.0000 -1.0000 -1.0000 -1.0000 -1.0000 1.9303 1.5328 4.5131 -20.5155 -3.5896 0.5817 -0.0006 0.6768
Car 0.0000 0 0.0000 -1.0000 -1.0000 -1.0000 -1.0000 1.8475 1.6172 4.3858 -6.4939 -2.5332 0.7148 3.1029 0.6179
Car 0.0000 0 0.0000 -1.0000 -1.0000 -1.0000 -1.0000 1.9286 1.5212 4.5046 -13.1418 -3.4632 0.6433 -0.0038 0.6060
Car 0.0000 0 0.0000 -1.0000 -1.0000 -1.0000 -1.0000 1.8644 1.4175 4.4317 9.9817 -4.0874 0.8244 0.0645 0.5403
Car 0.0000 0 0.0000 -1.0000 -1.0000 -1.0000 -1.0000 1.8870 1.6100 4.5147 16.7812 -4.9517 1.0022 -0.2155 0.5316
Car 0.0000 0 0.0000 -1.0000 -1.0000 -1.0000 -1.0000 1.9389 1.4949 4.5902 34.8668 -15.0895 1.7809 1.8032 0.5315
Car 0.0000 0 0.0000 -1.0000 -1.0000 -1.0000 -1.0000 1.9316 1.6249 4.5467 -27.4880 -23.1477 0.0159 -1.6857 0.4971
Car 0.0000 0 0.0000 -1.0000 -1.0000 -1.0000 -1.0000 1.8991 1.6142 4.5524 28.1869 23.5169 1.6793 1.4912 0.4055
Car 0.0000 0 0.0000 -1.0000 -1.0000 -1.0000 -1.0000 1.8539 1.4911 4.4399 -34.0815 -7.9010 0.2938 -0.1996 0.3696
Car 0.0000 0 0.0000 -1.0000 -1.0000 -1.0000 -1.0000 1.8665 1.5691 4.4996 -28.9287 -14.8084 0.2828 2.9918 0.3250
Car 0.0000 0 0.0000 -1.0000 -1.0000 -1.0000 -1.0000 1.8524 1.5687 4.4406 3.2001 -14.1928 0.8928 -1.4259 0.3180
Truck 0.0000 0 0.0000 -1.0000 -1.0000 -1.0000 -1.0000 2.5292 3.1335 6.4207 9.3597 -0.1659 1.7111 0.1646 0.4319
Tricar 0.0000 0 0.0000 -1.0000 -1.0000 -1.0000 -1.0000 1.2708 1.7283 2.8313 6.5924 2.7203 1.0064 0.2364 0.5548
Tricar 0.0000 0 0.0000 -1.0000 -1.0000 -1.0000 -1.0000 1.2720 1.7967 2.7445 13.5565 2.8635 1.1025 2.6519 0.4429
Tricar 0.0000 0 0.0000 -1.0000 -1.0000 -1.0000 -1.0000 1.2354 1.7448 2.8317 1.6878 2.4298 1.0626 -3.0221 0.4255
Tricar 0.0000 0 0.0000 -1.0000 -1.0000 -1.0000 -1.0000 1.0217 1.4553 2.3762 -25.6784 1.0150 0.5594 -0.0311 0.3152
Cyclist 0.0000 0 0.0000 -1.0000 -1.0000 -1.0000 -1.0000 0.8715 1.5263 1.9485 -25.6951 0.9266 0.5721 -0.0366 0.4855
Cyclist 0.0000 0 0.0000 -1.0000 -1.0000 -1.0000 -1.0000 0.7868 1.5692 1.7524 -36.5921 -3.1629 0.5090 -0.2339 0.4726
Cyclist 0.0000 0 0.0000 -1.0000 -1.0000 -1.0000 -1.0000 0.8115 1.4793 1.7960 -0.7114 -8.0387 0.5698 0.0598 0.4690
Cyclist 0.0000 0 0.0000 -1.0000 -1.0000 -1.0000 -1.0000 0.7901 1.5843 1.7619 -50.6110 4.0935 0.5499 -0.2833 0.4681
Cyclist 0.0000 0 0.0000 -1.0000 -1.0000 -1.0000 -1.0000 0.7930 1.5782 1.7912 -3.8511 -5.8264 0.5892 -3.0908 0.3959
Cyclist 0.0000 0 0.0000 -1.0000 -1.0000 -1.0000 -1.0000 0.7949 1.5316 1.7883 23.9890 -7.9339 1.2220 1.8636 0.3728
Cyclist 0.0000 0 0.0000 -1.0000 -1.0000 -1.0000 -1.0000 0.6951 1.2839 1.6904 -2.9968 12.8642 1.1687 2.0313 0.3721
Cyclist 0.0000 0 0.0000 -1.0000 -1.0000 -1.0000 -1.0000 0.7523 1.3867 1.7784 4.3624 14.0849 1.3475 1.7791 0.3685
Cyclist 0.0000 0 0.0000 -1.0000 -1.0000 -1.0000 -1.0000 0.6896 1.2940 1.6588 -29.5623 9.5070 0.7546 -0.8049 0.3671
Cyclist 0.0000 0 0.0000 -1.0000 -1.0000 -1.0000 -1.0000 0.7330 1.3845 1.7314 3.1003 -8.4012 0.6620 -0.4040 0.3603
Cyclist 0.0000 0 0.0000 -1.0000 -1.0000 -1.0000 -1.0000 0.6858 1.2735 1.6639 -4.5583 12.0053 1.1874 1.9637 0.3517
Cyclist 0.0000 0 0.0000 -1.0000 -1.0000 -1.0000 -1.0000 0.6983 1.4442 1.6529 -2.9667 -9.2242 0.5539 -3.0559 0.3469
Cyclist 0.0000 0 0.0000 -1.0000 -1.0000 -1.0000 -1.0000 0.6777 1.2749 1.6518 -7.8281 -8.8933 0.4185 -3.0154 0.3460
Cyclist 0.0000 0 0.0000 -1.0000 -1.0000 -1.0000 -1.0000 0.7560 1.5763 1.6689 13.7379 -4.7988 0.9672 3.1188 0.3348
Cyclist 0.0000 0 0.0000 -1.0000 -1.0000 -1.0000 -1.0000 0.7727 1.5427 1.7820 -23.0145 -11.2262 0.4040 -1.6902 0.3317
Cyclist 0.0000 0 0.0000 -1.0000 -1.0000 -1.0000 -1.0000 0.7447 1.5838 1.6942 10.5791 22.5149 1.5439 -2.7559 0.3081
Cyclist 0.0000 0 0.0000 -1.0000 -1.0000 -1.0000 -1.0000 0.7090 1.2952 1.7518 6.5700 14.4925 1.3480 1.7656 0.3023
Pedestrian 0.0000 0 0.0000 -1.0000 -1.0000 -1.0000 -1.0000 0.6921 1.6732 0.6444 -25.8551 14.5098 1.2086 0.0039 0.6148
Pedestrian 0.0000 0 0.0000 -1.0000 -1.0000 -1.0000 -1.0000 0.6901 1.6543 0.6527 -19.5071 6.4410 0.9602 3.1219 0.5366
Pedestrian 0.0000 0 0.0000 -1.0000 -1.0000 -1.0000 -1.0000 0.7156 1.7340 0.6841 9.9997 10.8404 1.3687 0.3689 0.5119
Pedestrian 0.0000 0 0.0000 -1.0000 -1.0000 -1.0000 -1.0000 0.6950 1.6547 0.6348 -29.6488 12.1945 1.0582 2.9949 0.4928
Pedestrian 0.0000 0 0.0000 -1.0000 -1.0000 -1.0000 -1.0000 0.7080 1.6668 0.6488 -23.9463 -8.0248 0.5002 0.2149 0.4403
Pedestrian 0.0000 0 0.0000 -1.0000 -1.0000 -1.0000 -1.0000 0.6909 1.6654 0.6330 -16.6774 -8.5250 0.5812 0.0737 0.4315
Pedestrian 0.0000 0 0.0000 -1.0000 -1.0000 -1.0000 -1.0000 0.7339 1.6814 0.7614 -3.4170 18.8212 1.5641 0.1551 0.4158
Pedestrian 0.0000 0 0.0000 -1.0000 -1.0000 -1.0000 -1.0000 0.6818 1.7036 0.5971 10.1638 -25.6835 1.1985 0.3683 0.3897
Pedestrian 0.0000 0 0.0000 -1.0000 -1.0000 -1.0000 -1.0000 0.7053 1.6905 0.6792 -30.8685 16.7121 1.3185 -3.1173 0.3879
Pedestrian 0.0000 0 0.0000 -1.0000 -1.0000 -1.0000 -1.0000 0.7019 1.7030 0.6142 -14.4288 -12.1515 0.6637 -3.0545 0.3856
Pedestrian 0.0000 0 0.0000 -1.0000 -1.0000 -1.0000 -1.0000 0.7116 1.6562 0.6607 10.4580 22.4469 1.5432 0.3625 0.3713
Pedestrian 0.0000 0 0.0000 -1.0000 -1.0000 -1.0000 -1.0000 0.7082 1.6666 0.6616 -32.8645 12.8248 1.0378 2.6583 0.3635
Pedestrian 0.0000 0 0.0000 -1.0000 -1.0000 -1.0000 -1.0000 0.7128 1.6726 0.6508 7.1210 8.0392 1.2452 0.3270 0.3605
Pedestrian 0.0000 0 0.0000 -1.0000 -1.0000 -1.0000 -1.0000 0.6960 1.6656 0.6181 18.1111 -18.3318 1.3504 2.8017 0.3577
Pedestrian 0.0000 0 0.0000 -1.0000 -1.0000 -1.0000 -1.0000 0.7046 1.6362 0.6376 -19.5561 -10.1595 0.4698 0.7210 0.3428
Pedestrian 0.0000 0 0.0000 -1.0000 -1.0000 -1.0000 -1.0000 0.6629 1.5863 0.5657 6.8448 -27.2267 0.9424 0.2498 0.3358
Pedestrian 0.0000 0 0.0000 -1.0000 -1.0000 -1.0000 -1.0000 0.6965 1.6905 0.6138 34.9969 -8.6888 1.7515 0.1094 0.3348
Pedestrian 0.0000 0 0.0000 -1.0000 -1.0000 -1.0000 -1.0000 0.6997 1.6666 0.6682 -30.2487 16.1087 1.2996 3.1398 0.3191
Pedestrian 0.0000 0 0.0000 -1.0000 -1.0000 -1.0000 -1.0000 0.7011 1.6946 0.5979 -25.7510 -14.4767 0.4329 -2.9244 0.3094
Pedestrian 0.0000 0 0.0000 -1.0000 -1.0000 -1.0000 -1.0000 0.6971 1.6213 0.6150 -3.0481 -9.8813 0.6650 3.1214 0.3035
