Car 0.0000 0 0.0000 -1.0000 -1.0000 -1.0000 -1.0000 1.9768 1.6009 4.5921 -0.5634 2.8696 0.8033 3.1337 0.7639
Car 0.0000 0 0.0000 -1.0000 -1.0000 -1.0000 -1.0000 2.0730 1.7074 4.7336 -7.1547 2.9752 0.8348 -3.1330 0.7536
Car 0.0000 0 0.0000 -1.0000 -1.0000 -1.0000 -1.0000 1.9541 1.5048 4.4944 -30.1311 9.2564 0.4890 0.0279 0.7074
Car 0.0000 0 0.0000 -1.0000 -1.0000 -1.0000 -1.0000 1.9425 1.6985 4.6075 5.9446 3.1278 0.8190 0.0125 0.6250
Car 0.0000 0 0.0000 -1.0000 -1.0000 -1.0000 -1.0000 1.9508 1.4767 4.5717 -45.5545 6.6094 0.4373 -3.0771 0.5946
Car 0.0000 0 0.0000 -1.0000 -1.0000 -1.0000 -1.0000 1.9802 1.5284 4.5267 45.5747 -2.4992 0.8221 -3.0981 0.5539
Car 0.0000 0 0.0000 -1.0000 -1.0000 -1.0000 -1.0000 1.9232 1.5363 4.5650 -28.0515 -24.5333 1.1314 1.5838 0.5339
Car 0.0000 0 0.0000 -1.0000 -1.0000 -1.0000 -1.0000 1.9127 1.5994 4.5834 57.6068 6.7587 0.6185 2.9463 0.4829
Car 0.0000 0 0.0000 -1.0000 -1.0000 -1.0000 -1.0000 1.9230 1.5302 4.6221 -34.0969 -27.5461 1.0415 -1.3812 0.4563
Car 0.0000 0 0.0000 -1.0000 -1.0000 -1.0000 -1.0000 1.9016 1.4910 4.5136 8.0693 0.0186 0.7350 0.0565 0.4364
Car 0.0000 0 0.0000 -1.0000 -1.0000 -1.0000 -1.0000 2.0203 1.7390 4.6339 13.8132 0.1015 0.9050 -3.1108 0.3742
Car 0.0000 0 0.0000 -1.0000 -1.0000 -1.0000 -1.0000 1.8831 1.4993 4.4984 -36.6735 31.0827 -0.2836 -1.1612 0.3559
Car 0.0000 0 0.0000 -1.0000 -1.0000 -1.0000 -1.0000 2.0471 1.6084 4.7574 -53.6779 -0.1054 0.6132 0.0575 0.3429
Car 0.0000 0 0.0000 -1.0000 -1.0000 -1.0000 -1.0000 2.2233 2.3848 5.2058 42.9929 -16.0988 1.7294 -0.0176 0.3069
Truck 0.0000 0 0.0000 -1.0000 -1.0000 -1.0000 -1.0000 2.9594 3.2924 10.2679 72.1167 11.7691 1.2363 -3.0961 0.6107
Truck 0.0000 0 0.0000 -1.0000 -1.0000 -1.0000 -1.0000 2.9402 3.3947 12.2047 34.3438 -5.4814 1.8387 0.0176 0.5511
Tricar 0.0000 0 0.0000 -1.0000 -1.0000 -1.0000 -1.0000 1.4395 1.8421 3.3480 40.8332 -10.8152 1.1433 0.0035 0.5190
Cyclist 0.0000 0 0.0000 -1.0000 -1.0000 -1.0000 -1.0000 0.7916 1.5632 1.7495 -56.8585 -11.2382 0.5632 0.0964 0.6104
Cyclist 0.0000 0 0.0000 -1.0000 -1.0000 -1.0000 -1.0000 0.7611 1.5699 1.7282 -54.1841 -8.7208 0.6127 -2.9163 0.5815
Cyclist 0.0000 0 0.0000 -1.0000 -1.0000 -1.0000 -1.0000 0.7946 1.5624 1.7488 32.9591 -10.9382 0.9307 3.1388 0.5451
Cyclist 0.0000 0 0.0000 -1.0000 -1.0000 -1.0000 -1.0000 0.7592 1.5722 1.7439 -7.9691 14.8764 0.3461 -0.0319 0.4779
Cyclist 0.0000 0 0.0000 -1.0000 -1.0000 -1.0000 -1.0000 0.7701 1.5615 1.7389 33.2234 15.5310 0.4058 0.0019 0.4402
Cyclist 0.0000 0 0.0000 -1.0000 -1.0000 -1.0000 -1.0000 0.6657 1.2072 1.6921 -6.9692 -14.1363 0.9059 1.8352 0.4301
Cyclist 0.0000 0 0.0000 -1.0000 -1.0000 -1.0000 -1.0000 0.7984 1.5454 1.7935 -20.3730 -15.9981 0.9702 1.7934 0.4275
Cyclist 0.0000 0 0.0000 -1.0000 -1.0000 -1.0000 -1.0000 0.7479 1.4986 1.7340 25.5243 16.2966 0.3367 -0.0299 0.4217
Cyclist 0.0000 0 0.0000 -1.0000 -1.0000 -1.0000 -1.0000 0.6583 1.1615 1.6934 13.8058 -13.7233 0.9867 1.4206 0.4088
Cyclist 0.0000 0 0.0000 -1.0000 -1.0000 -1.0000 -1.0000 0.7651 1.5587 1.7245 -12.1892 15.1906 0.3059 0.0222 0.3965
Cyclist 0.0000 0 0.0000 -1.0000 -1.0000 -1.0000 -1.0000 0.6946 1.3120 1.6968 -54.8770 -13.0728 0.4843 0.0463 0.3944
Cyclist 0.0000 0 0.0000 -1.0000 -1.0000 -1.0000 -1.0000 0.6931 1.2247 1.7422 -0.4265 -14.1128 0.9642 1.3530 0.3735
Cyclist 0.0000 0 0.0000 -1.0000 -1.0000 -1.0000 -1.0000 0.7047 1.2943 1.7490 2.9369 -13.8125 0.9609 1.5435 0.3688
Cyclist 0.0000 0 0.0000 -1.0000 -1.0000 -1.0000 -1.0000 0.8462 1.6427 1.8535 -26.0731 31.7681 -0.0424 -1.9053 0.3417
Cyclist 0.0000 0 0.0000 -1.0000 -1.0000 -1.0000 -1.0000 0.7554 1.5381 1.7476 -21.5557 -22.3185 1.0245 -1.8607 0.3349
Cyclist 0.0000 0 0.0000 -1.0000 -1.0000 -1.0000 -1.0000 0.7741 1.5284 1.7740 -19.7702 -20.3711 1.0235 1.2136 0.3347
Cyclist 0.0000 0 0.0000 -1.0000 -1.0000 -1.0000 -1.0000 0.8134 1.6146 1.8383 -41.8067 -24.0202 1.1539 -1.4601 0.3312
Cyclist 0.0000 0 0.0000 -1.0000 -1.0000 -1.0000 -1.0000 0.6951 1.1658 1.7581 17.8338 -13.6516 1.0402 1.4829 0.3068
Cyclist 0.0000 0 0.0000 -1.0000 -1.0000 -1.0000 -1.0000 0.7021 1.2265 1.7553 20.0320 -13.8861 1.0479 1.5755 0.3023
Cyclist 0.0000 0 0.0000 -1.0000 -1.0000 -1.0000 -1.0000 0.7865 1.5744 1.7696 -21.3080 -18.7969 1.0275 1.4695 0.3002
Pedestrian 0.0000 0 0.0000 -1.0000 -1.0000 -1.0000 -1.0000 0.6869 1.6725 0.6316 -14.3764 -19.7797 1.2630 0.2659 0.6152
Pedestrian 0.0000 0 0.0000 -1.0000 -1.0000 -1.0000 -1.0000 0.6826 1.6472 0.6157 16.0464 22.3551 0.3736 -0.0848 0.5499
Pedestrian 0.0000 0 0.0000 -1.0000 -1.0000 -1.0000 -1.0000 0.6861 1.6652 0.6365 -14.5713 -12.9060 0.9885 2.3235 0.5000
Pedestrian 0.0000 0 0.0000 -1.0000 -1.0000 -1.0000 -1.0000 0.7080 1.6665 0.6543 -40.5315 22.3566 0.0406 -0.0040 0.4635
Pedestrian 0.0000 0 0.0000 -1.0000 -1.0000 -1.0000 -1.0000 0.6577 1.6629 0.5629 -46.8253 -15.9060 0.9072 0.8756 0.4357
Pedestrian 0.0000 0 0.0000 -1.0000 -1.0000 -1.0000 -1.0000 0.7124 1.6416 0.6709 0.2927 21.9272 0.2469 -0.0568 0.3828
Pedestrian 0.0000 0 0.0000 -1.0000 -1.0000 -1.0000 -1.0000 0.6726 1.6318 0.5987 -12.4707 -12.4452 0.9707 2.3948 0.3811
Pedestrian 0.0000 0 0.0000 -1.0000 -1.0000 -1.0000 -1.0000 0.6882 1.6956 0.6093 -50.7146 19.6263 0.0812 0.3837 0.3401
