Car 0.0000 0 0.0000 -1.0000 -1.0000 -1.0000 -1.0000 1.9089 1.5086 4.4283 -5.4365 7.1057 0.7089 3.1192 0.6842
Car 0.0000 0 0.0000 -1.0000 -1.0000 -1.0000 -1.0000 1.9982 1.9711 4.5824 -5.5823 3.0738 1.0014 3.1058 0.6261
Car 0.0000 0 0.0000 -1.0000 -1.0000 -1.0000 -1.0000 1.9614 1.4827 4.5839 4.8331 -5.9576 0.7659 -0.1981 0.5690
Car 0.0000 0 0.0000 -1.0000 -1.0000 -1.0000 -1.0000 1.9304 1.6706 4.6400 31.5650 36.8847 -0.0814 -1.6086 0.4956
Car 0.0000 0 0.0000 -1.0000 -1.0000 -1.0000 -1.0000 1.9525 1.6125 4.6995 54.6401 2.6887 1.4105 3.1132 0.3369
Car 0.0000 0 0.0000 -1.0000 -1.0000 -1.0000 -1.0000 1.8464 1.4720 4.5515 16.8055 -9.8149 0.9376 0.2385 0.3088
Truck 0.0000 0 0.0000 -1.0000 -1.0000 -1.0000 -1.0000 2.1105 2.2471 5.6173 -32.9271 7.0581 0.8565 -3.1033 0.3366
Truck 0.0000 0 0.0000 -1.0000 -1.0000 -1.0000 -1.0000 2.8516 2.9793 9.2289 58.3228 -5.2509 2.2878 2.3836 0.3354
Tricar 0.0000 0 0.0000 -1.0000 -1.0000 -1.0000 -1.0000 1.5104 1.8487 4.0161 -31.2565 10.4301 0.5566 3.1198 0.6167
Tricar 0.0000 0 0.0000 -1.0000 -1.0000 -1.0000 -1.0000 1.5658 1.9091 3.4225 29.0070 9.0696 1.3065 3.1008 0.4628
