Car 0.0000 0 0.0000 -1.0000 -1.0000 -1.0000 -1.0000 2.0984 1.8110 4.6940 -18.4899 7.0129 0.7699 -0.0071 0.8156
Car 0.0000 0 0.0000 -1.0000 -1.0000 -1.0000 -1.0000 1.9741 1.4989 4.4807 30.3193 7.0027 1.0800 -0.0050 0.7512
Car 0.0000 0 0.0000 -1.0000 -1.0000 -1.0000 -1.0000 2.0102 1.8608 4.6540 -54.0077 4.5802 0.5048 -0.0234 0.6806
Car 0.0000 0 0.0000 -1.0000 -1.0000 -1.0000 -1.0000 1.9533 1.5912 4.5430 -17.6789 16.8167 0.4164 0.0037 0.6769
Car 0.0000 0 0.0000 -1.0000 -1.0000 -1.0000 -1.0000 1.9403 1.5316 4.5404 -29.5337 16.8881 0.2460 3.1092 0.6100
Car 0.0000 0 0.0000 -1.0000 -1.0000 -1.0000 -1.0000 1.9320 1.6672 4.5696 20.1232 13.6074 0.8269 3.1330 0.5685
Car 0.0000 0 0.0000 -1.0000 -1.0000 -1.0000 -1.0000 1.9720 1.6520 4.6109 13.5481 13.8170 0.7465 0.0063 0.5456
Car 0.0000 0 0.0000 -1.0000 -1.0000 -1.0000 -1.0000 1.9711 1.7851 4.6442 74.9030 8.1433 1.5453 0.0824 0.5361
Car 0.0000 0 0.0000 -1.0000 -1.0000 -1.0000 -1.0000 1.8991 1.5676 4.5113 9.0891 16.8212 0.5427 3.1297 0.5006
Car 0.0000 0 0.0000 -1.0000 -1.0000 -1.0000 -1.0000 1.8362 1.6039 4.4070 -20.4421 13.5573 0.4369 3.1408 0.4853
Car 0.0000 0 0.0000 -1.0000 -1.0000 -1.0000 -1.0000 1.9022 1.6288 4.5381 4.2721 13.7951 0.5920 0.0115 0.4848
Car 0.0000 0 0.0000 -1.0000 -1.0000 -1.0000 -1.0000 1.9805 1.6830 4.5808 -4.5750 17.0925 0.6116 -0.0145 0.4705
Car 0.0000 0 0.0000 -1.0000 -1.0000 -1.0000 -1.0000 1.9497 1.6404 4.6613 -61.3543 14.0393 0.2717 -0.0573 0.4533
Car 0.0000 0 0.0000 -1.0000 -1.0000 -1.0000 -1.0000 1.9005 1.5848 4.5743 -71.1030 -7.1857 0.1224 2.7664 0.4462
Car 0.0000 0 0.0000 -1.0000 -1.0000 -1.0000 -1.0000 1.9280 1.5148 4.5814 -51.2820 27.4702 -0.1258 -3.0108 0.4222
Car 0.0000 0 0.0000 -1.0000 -1.0000 -1.0000 -1.0000 2.0223 2.0517 4.7545 27.0813 15.9022 1.0922 3.0725 0.4166
Car 0.0000 0 0.0000 -1.0000 -1.0000 -1.0000 -1.0000 1.9293 1.5002 4.5220 -49.3927 13.9283 0.2623 -3.1399 0.4140
Car 0.0000 0 0.0000 -1.0000 -1.0000 -1.0000 -1.0000 1.9491 1.5499 4.5992 2.4264 16.9248 0.5278 0.0133 0.4103
Car 0.0000 0 0.0000 -1.0000 -1.0000 -1.0000 -1.0000 1.9553 1.8226 4.5088 30.8657 12.8810 1.1398 3.1365 0.4054
Car 0.0000 0 0.0000 -1.0000 -1.0000 -1.0000 -1.0000 1.8578 1.5316 4.4687 -59.7674 -11.8861 0.2261 2.6631 0.3901
Car 0.0000 0 0.0000 -1.0000 -1.0000 -1.0000 -1.0000 1.9923 1.5896 4.7150 -74.6275 14.3578 0.1537 -0.0410 0.3807
Car 0.0000 0 0.0000 -1.0000 -1.0000 -1.0000 -1.0000 1.8712 1.5685 4.4185 -30.1997 13.7668 0.3650 -0.0450 0.3630
Car 0.0000 0 0.0000 -1.0000 -1.0000 -1.0000 -1.0000 1.8746 1.7095 4.4427 18.2841 16.9045 0.7811 3.1187 0.3620
Car 0.0000 0 0.0000 -1.0000 -1.0000 -1.0000 -1.0000 1.9059 1.8556 4.4731 -8.5210 13.2180 0.7648 0.0070 0.3536
Car 0.0000 0 0.0000 -1.0000 -1.0000 -1.0000 -1.0000 1.9018 1.5264 4.5377 -35.7012 31.8964 -0.1263 -2.8707 0.3470
Car 0.0000 0 0.0000 -1.0000 -1.0000 -1.0000 -1.0000 2.1840 2.2451 5.1294 68.0071 4.2593 1.8917 3.1394 0.3378
Car 0.0000 0 0.0000 -1.0000 -1.0000 -1.0000 -1.0000 1.9782 1.6803 4.6357 77.7026 14.8747 1.4876 0.0579 0.3341
Car 0.0000 0 0.0000 -1.0000 -1.0000 -1.0000 -1.0000 1.8844 1.5086 4.5407 -40.8230 13.5533 0.2695 3.1023 0.3329
Car 0.0000 0 0.0000 -1.0000 -1.0000 -1.0000 -1.0000 1.8845 1.6440 4.5752 -73.7732 18.7008 0.2174 -0.1156 0.3266
Truck 0.0000 0 0.0000 -1.0000 -1.0000 -1.0000 -1.0000 2.4733 2.6872 6.9564 68.9560 4.4812 2.0419 0.0345 0.3922
