Car 0.0000 0 0.0000 -1.0000 -1.0000 -1.0000 -1.0000 2.0131 1.4735 4.6215 6.6342 3.3493 0.7372 -0.0151 0.8077
Car 0.0000 0 0.0000 -1.0000 -1.0000 -1.0000 -1.0000 2.0269 1.4638 4.6187 22.4571 3.2497 0.7060 -0.0069 0.6922
Car 0.0000 0 0.0000 -1.0000 -1.0000 -1.0000 -1.0000 1.9312 1.5083 4.5571 16.6813 -24.0186 1.0577 1.5079 0.6830
Car 0.0000 0 0.0000 -1.0000 -1.0000 -1.0000 -1.0000 1.9530 1.7049 4.5041 13.7582 6.3570 0.7996 3.0740 0.6628
Car 0.0000 0 0.0000 -1.0000 -1.0000 -1.0000 -1.0000 1.9408 1.5521 4.5241 31.2319 -5.2746 0.8853 0.0091 0.6333
Car 0.0000 0 0.0000 -1.0000 -1.0000 -1.0000 -1.0000 1.9355 1.4448 4.5254 -10.1356 6.0191 0.6490 3.1108 0.6212
Car 0.0000 0 0.0000 -1.0000 -1.0000 -1.0000 -1.0000 1.9695 1.6740 4.6373 -10.2605 3.1630 0.8158 0.0175 0.6127
Car 0.0000 0 0.0000 -1.0000 -1.0000 -1.0000 -1.0000 1.9428 1.4690 4.5751 -17.6491 3.5034 0.6213 -3.1025 0.6043
Car 0.0000 0 0.0000 -1.0000 -1.0000 -1.0000 -1.0000 1.9738 1.4087 4.5172 -16.6786 -0.1190 0.6545 -3.1203 0.5818
Car 0.0000 0 0.0000 -1.0000 -1.0000 -1.0000 -1.0000 1.9361 1.5388 4.6441 -23.4540 3.1259 0.6182 0.0131 0.5673
Car 0.0000 0 0.0000 -1.0000 -1.0000 -1.0000 -1.0000 1.9143 1.4329 4.5467 43.0622 0.3192 0.8081 0.0171 0.5392
Car 0.0000 0 0.0000 -1.0000 -1.0000 -1.0000 -1.0000 1.9089 1.5872 4.5243 -29.2669 3.3280 0.6622 0.0106 0.5375
Car 0.0000 0 0.0000 -1.0000 -1.0000 -1.0000 -1.0000 1.9184 1.5251 4.6195 16.6698 -29.4425 1.1232 1.6055 0.5365
Car 0.0000 0 0.0000 -1.0000 -1.0000 -1.0000 -1.0000 1.9008 1.5035 4.5379 12.3685 -27.5161 1.2379 -1.7324 0.5061
Car 0.0000 0 0.0000 -1.0000 -1.0000 -1.0000 -1.0000 1.8606 1.6898 4.4482 -3.2897 3.2737 0.8031 0.0064 0.4907
Car 0.0000 0 0.0000 -1.0000 -1.0000 -1.0000 -1.0000 1.9321 1.5529 4.5832 22.4440 6.1166 0.7160 -3.1366 0.4867
Car 0.0000 0 0.0000 -1.0000 -1.0000 -1.0000 -1.0000 1.9098 1.5479 4.5299 38.9199 5.9805 0.7640 3.1171 0.4718
Car 0.0000 0 0.0000 -1.0000 -1.0000 -1.0000 -1.0000 1.9079 1.6188 4.5616 -11.7957 -22.1888 1.3255 -1.6092 0.4689
Car 0.0000 0 0.0000 -1.0000 -1.0000 -1.0000 -1.0000 1.8372 1.7101 4.3432 65.4818 4.8198 0.9412 -3.1196 0.4655
Car 0.0000 0 0.0000 -1.0000 -1.0000 -1.0000 -1.0000 1.8812 1.4524 4.4532 -0.3832 6.0180 0.6929 -0.0186 0.4525
Car 0.0000 0 0.0000 -1.0000 -1.0000 -1.0000 -1.0000 1.8784 1.6750 4.4320 -18.6521 6.2550 0.7425 -3.1283 0.4345
Car 0.0000 0 0.0000 -1.0000 -1.0000 -1.0000 -1.0000 1.8233 1.4642 4.4303 -33.8081 0.3516 0.6201 3.1329 0.3772
Car 0.0000 0 0.0000 -1.0000 -1.0000 -1.0000 -1.0000 1.7766 1.4857 4.3200 -33.5280 6.2147 0.6307 -0.0371 0.3556
Car 0.0000 0 0.0000 -1.0000 -1.0000 -1.0000 -1.0000 1.9566 1.6173 4.5896 -47.2331 0.3413 0.6628 -0.0301 0.3546
Car 0.0000 0 0.0000 -1.0000 -1.0000 -1.0000 -1.0000 1.8522 1.4993 4.5205 -37.4263 3.3298 0.5517 -0.0090 0.3219
Cyclist 0.0000 0 0.0000 -1.0000 -1.0000 -1.0000 -1.0000 0.7853 1.5538 1.7441 35.1973 -12.3943 1.0317 -0.0036 0.5322
Cyclist 0.0000 0 0.0000 -1.0000 -1.0000 -1.0000 -1.0000 0.8243 1.5403 1.8255 -12.9955 -11.8181 0.8676 0.0279 0.3933
Cyclist 0.0000 0 0.0000 -1.0000 -1.0000 -1.0000 -1.0000 0.6571 1.1618 1.7037 -27.1771 -14.4446 0.7220 1.3070 0.3537
Cyclist 0.0000 0 0.0000 -1.0000 -1.0000 -1.0000 -1.0000 0.6363 1.0834 1.6738 -18.0685 -14.4820 0.7597 1.7962 0.3125
Pedestrian 0.0000 0 0.0000 -1.0000 -1.0000 -1.0000 -1.0000 0.7054 1.6619 0.6807 -16.4541 -18.3389 1.1123 3.0537 0.6236
Pedestrian 0.0000 0 0.0000 -1.0000 -1.0000 -1.0000 -1.0000 0.7248 1.6280 0.7429 6.0654 -15.7055 1.1482 -2.0191 0.4357
Pedestrian 0.0000 0 0.0000 -1.0000 -1.0000 -1.0000 -1.0000 0.6837 1.6483 0.6359 -13.9315 -13.9202 1.0289 -1.6891 0.3546
Pedestrian 0.0000 0 0.0000 -1.0000 -1.0000 -1.0000 -1.0000 0.6797 1.6686 0.6301 -21.3612 -8.2647 0.9519 0.4540 0.3294
Pedestrian 0.0000 0 0.0000 -1.0000 -1.0000 -1.0000 -1.0000 0.6616 1.5919 0.5762 -31.2737 -9.0204 0.8678 -2.9411 0.3198
