Car 0.0000 0 0.0000 -1.0000 -1.0000 -1.0000 -1.0000 1.9384 1.4539 4.5394 -13.0279 8.2549 0.8600 -1.9205 0.6828
Car 0.0000 0 0.0000 -1.0000 -1.0000 -1.0000 -1.0000 2.0113 1.5166 4.6777 10.8316 -0.6551 0.8292 2.4380 0.6788
Car 0.0000 0 0.0000 -1.0000 -1.0000 -1.0000 -1.0000 1.9332 1.5489 4.4899 23.3918 -18.6091 0.5395 2.3745 0.5383
Car 0.0000 0 0.0000 -1.0000 -1.0000 -1.0000 -1.0000 1.9156 1.5855 4.5982 37.1974 -25.7826 0.4489 2.4190 0.3755
Truck 0.0000 0 0.0000 -1.0000 -1.0000 -1.0000 -1.0000 2.0001 1.9394 5.0522 0.4484 20.1905 1.3711 0.7428 0.4515
Truck 0.0000 0 0.0000 -1.0000 -1.0000 -1.0000 -1.0000 2.0933 2.0798 5.2170 5.3679 14.8876 1.3808 0.7624 0.3811
Cyclist 0.0000 0 0.0000 -1.0000 -1.0000 -1.0000 -1.0000 0.7597 1.5311 1.7469 -1.7209 -4.6154 0.6425 -0.4156 0.5936
Cyclist 0.0000 0 0.0000 -1.0000 -1.0000 -1.0000 -1.0000 0.7141 1.5544 1.6781 12.4201 -11.6140 0.5192 -0.8266 0.5756
Cyclist 0.0000 0 0.0000 -1.0000 -1.0000 -1.0000 -1.0000 0.7207 1.4791 1.7208 15.5883 -17.8552 0.3859 -0.8336 0.5252
Cyclist 0.0000 0 0.0000 -1.0000 -1.0000 -1.0000 -1.0000 0.7915 1.5595 1.7728 10.1378 6.3237 0.9485 2.3263 0.5044
Cyclist 0.0000 0 0.0000 -1.0000 -1.0000 -1.0000 -1.0000 0.7232 1.5242 1.7515 -39.0541 -30.4694 0.2394 -2.4500 0.3592
Cyclist 0.0000 0 0.0000 -1.0000 -1.0000 -1.0000 -1.0000 0.7592 1.4922 1.7335 -19.0890 5.6430 0.7103 0.7286 0.3145
Pedestrian 0.0000 0 0.0000 -1.0000 -1.0000 -1.0000 -1.0000 0.7034 1.6283 0.6447 12.3091 9.8952 1.0687 -2.3777 0.4423
Pedestrian 0.0000 0 0.0000 -1.0000 -1.0000 -1.0000 -1.0000 0.6939 1.6339 0.6787 30.2299 -8.0512 0.9428 2.4485 0.3352
