Car 0.0000 0 0.0000 -1.0000 -1.0000 -1.0000 -1.0000 2.0137 1.7311 4.6530 -4.4258 2.6447 0.8244 -3.0202 0.7466
Car 0.0000 0 0.0000 -1.0000 -1.0000 -1.0000 -1.0000 2.0209 1.4676 4.6276 -17.9938 -2.2068 0.6885 -0.0272 0.7072
Car 0.0000 0 0.0000 -1.0000 -1.0000 -1.0000 -1.0000 1.9499 1.5812 4.5813 9.1246 12.1242 0.7125 1.3182 0.6819
Car 0.0000 0 0.0000 -1.0000 -1.0000 -1.0000 -1.0000 2.0507 1.6719 4.6708 -13.0579 0.4642 0.7680 -0.0091 0.6677
Car 0.0000 0 0.0000 -1.0000 -1.0000 -1.0000 -1.0000 1.9504 1.6202 4.5917 -13.7892 3.5058 0.7193 0.0507 0.6541
Car 0.0000 0 0.0000 -1.0000 -1.0000 -1.0000 -1.0000 2.0561 1.6977 4.7325 -36.5429 -1.3132 0.9550 0.0084 0.6492
Car 0.0000 0 0.0000 -1.0000 -1.0000 -1.0000 -1.0000 2.0540 1.8463 4.6968 26.8998 -2.4275 0.9105 -0.1057 0.6417
Car 0.0000 0 0.0000 -1.0000 -1.0000 -1.0000 -1.0000 1.8866 1.5050 4.4554 -27.1518 3.2050 0.7012 3.1164 0.6340
Car 0.0000 0 0.0000 -1.0000 -1.0000 -1.0000 -1.0000 1.9570 1.6929 4.5444 5.9847 2.2986 0.8567 0.5367 0.5941
Car 0.0000 0 0.0000 -1.0000 -1.0000 -1.0000 -1.0000 1.9840 1.5571 4.6277 -21.0755 2.9203 0.7020 3.1324 0.5932
Car 0.0000 0 0.0000 -1.0000 -1.0000 -1.0000 -1.0000 1.9041 1.4381 4.4189 -1.1619 9.0315 0.5709 0.6076 0.5834
Car 0.0000 0 0.0000 -1.0000 -1.0000 -1.0000 -1.0000 1.9576 1.6996 4.5725 1.7239 3.5847 0.8449 0.2454 0.4958
Car 0.0000 0 0.0000 -1.0000 -1.0000 -1.0000 -1.0000 1.8985 1.4143 4.4743 15.0076 -2.2855 0.7400 -3.0663 0.4667
Car 0.0000 0 0.0000 -1.0000 -1.0000 -1.0000 -1.0000 1.8925 1.4716 4.5026 12.9224 31.0496 0.3333 -1.6518 0.4340
Car 0.0000 0 0.0000 -1.0000 -1.0000 -1.0000 -1.0000 1.9382 1.4988 4.5828 -34.8418 3.4981 0.8438 3.0743 0.4129
Car 0.0000 0 0.0000 -1.0000 -1.0000 -1.0000 -1.0000 1.8815 1.6114 4.4456 -40.9414 -7.9559 0.8882 3.0585 0.3910
Car 0.0000 0 0.0000 -1.0000 -1.0000 -1.0000 -1.0000 1.8570 1.5606 4.4888 -52.1257 3.1006 0.9399 -3.0877 0.3694
Car 0.0000 0 0.0000 -1.0000 -1.0000 -1.0000 -1.0000 1.9693 1.7219 4.6729 -43.7623 4.0930 1.1370 -3.1332 0.3534
Car 0.0000 0 0.0000 -1.0000 -1.0000 -1.0000 -1.0000 1.8991 1.5356 4.4381 -8.3366 5.6541 0.6672 -2.6637 0.3455
Car 0.0000 0 0.0000 -1.0000 -1.0000 -1.0000 -1.0000 1.8651 1.5692 4.4971 12.5682 7.8664 0.6417 2.9143 0.3080
Truck 0.0000 0 0.0000 -1.0000 -1.0000 -1.0000 -1.0000 3.0406 3.1026 12.1188 8.5450 28.8603 1.3056 -1.6222 0.7320
Cyclist 0.0000 0 0.0000 -1.0000 -1.0000 -1.0000 -1.0000 0.7505 1.5405 1.7419 4.5551 16.5864 0.5995 1.3496 0.5439
Cyclist 0.0000 0 0.0000 -1.0000 -1.0000 -1.0000 -1.0000 0.7912 1.5557 1.7899 4.0151 -7.7434 0.7414 -2.8288 0.5295
Cyclist 0.0000 0 0.0000 -1.0000 -1.0000 -1.0000 -1.0000 0.8381 1.5347 1.8760 -9.6791 -12.9001 0.7636 -2.9597 0.4707
Cyclist 0.0000 0 0.0000 -1.0000 -1.0000 -1.0000 -1.0000 0.7746 1.5401 1.7653 56.5482 9.2007 0.4174 3.0862 0.4647
Cyclist 0.0000 0 0.0000 -1.0000 -1.0000 -1.0000 -1.0000 0.7367 1.4675 1.7219 15.5062 -13.2804 0.8072 0.0321 0.4355
Cyclist 0.0000 0 0.0000 -1.0000 -1.0000 -1.0000 -1.0000 0.7635 1.5237 1.8015 2.6913 17.8605 0.5209 -1.7113 0.4352
Cyclist 0.0000 0 0.0000 -1.0000 -1.0000 -1.0000 -1.0000 0.7349 1.5420 1.7149 -12.0560 14.7770 0.4909 0.0162 0.4224
Cyclist 0.0000 0 0.0000 -1.0000 -1.0000 -1.0000 -1.0000 0.7757 1.5293 1.7733 -23.8614 13.3768 0.3369 0.0370 0.4162
Cyclist 0.0000 0 0.0000 -1.0000 -1.0000 -1.0000 -1.0000 0.6611 1.1358 1.6681 -33.4872 -14.3875 0.9194 -1.9013 0.3817
Cyclist 0.0000 0 0.0000 -1.0000 -1.0000 -1.0000 -1.0000 0.6900 1.4083 1.6373 15.9298 -14.1623 0.8312 0.0084 0.3780
Cyclist 0.0000 0 0.0000 -1.0000 -1.0000 -1.0000 -1.0000 0.7271 1.5250 1.7575 3.1940 32.8859 0.4141 -1.6281 0.3672
Cyclist 0.0000 0 0.0000 -1.0000 -1.0000 -1.0000 -1.0000 0.7888 1.6005 1.7759 13.2609 0.2359 0.8729 -2.7291 0.3655
Cyclist 0.0000 0 0.0000 -1.0000 -1.0000 -1.0000 -1.0000 0.6584 1.2363 1.6855 10.9918 -18.7120 0.9466 1.4363 0.3387
Cyclist 0.0000 0 0.0000 -1.0000 -1.0000 -1.0000 -1.0000 0.6643 1.1492 1.6577 -37.1718 -13.8305 0.8877 0.1824 0.3287
Cyclist 0.0000 0 0.0000 -1.0000 -1.0000 -1.0000 -1.0000 0.7910 1.4866 1.8390 3.2208 23.9233 0.4390 -1.3634 0.3178
Pedestrian 0.0000 0 0.0000 -1.0000 -1.0000 -1.0000 -1.0000 0.6811 1.6577 0.6242 16.4253 -17.9690 1.1603 2.9904 0.5821
Pedestrian 0.0000 0 0.0000 -1.0000 -1.0000 -1.0000 -1.0000 0.6677 1.6571 0.5941 8.9558 -4.8513 0.8547 0.8267 0.5552
Pedestrian 0.0000 0 0.0000 -1.0000 -1.0000 -1.0000 -1.0000 0.6966 1.6638 0.6449 10.0896 -1.5225 0.8958 0.4455 0.4200
Pedestrian 0.0000 0 0.0000 -1.0000 -1.0000 -1.0000 -1.0000 0.7243 1.6730 0.7000 -1.5424 20.1239 0.6006 1.3652 0.3531
Pedestrian 0.0000 0 0.0000 -1.0000 -1.0000 -1.0000 -1.0000 0.6737 1.5712 0.5997 -39.1257 -16.2560 1.0673 3.1093 0.3171
