Car 0.0000 0 0.0000 -1.0000 -1.0000 -1.0000 -1.0000 2.0708 1.5028 4.5913 -20.6700 -1.1256 0.8461 -3.1005 0.8110
Car 0.0000 0 0.0000 -1.0000 -1.0000 -1.0000 -1.0000 1.9972 1.4857 4.5361 21.2810 4.6763 0.7055 -0.0690 0.7003
Car 0.0000 0 0.0000 -1.0000 -1.0000 -1.0000 -1.0000 1.9584 1.5042 4.4904 -45.3344 -1.2185 0.9930 -3.1040 0.6708
Car 0.0000 0 0.0000 -1.0000 -1.0000 -1.0000 -1.0000 1.9722 1.5443 4.5243 41.4305 5.4709 0.7058 0.0039 0.6519
Car 0.0000 0 0.0000 -1.0000 -1.0000 -1.0000 -1.0000 1.9128 1.5117 4.5463 -17.8330 -21.9586 1.2558 -1.4475 0.6432
Car 0.0000 0 0.0000 -1.0000 -1.0000 -1.0000 -1.0000 1.8903 1.5291 4.4993 8.1049 -31.7416 1.0021 1.5516 0.5012
Car 0.0000 0 0.0000 -1.0000 -1.0000 -1.0000 -1.0000 1.9338 1.6965 4.5417 -22.9634 -24.0354 1.4173 -3.0997 0.4858
Car 0.0000 0 0.0000 -1.0000 -1.0000 -1.0000 -1.0000 1.9509 1.5121 4.6524 -37.9941 -32.7601 1.0089 -1.5132 0.4200
Car 0.0000 0 0.0000 -1.0000 -1.0000 -1.0000 -1.0000 1.9168 1.5766 4.6065 -43.6644 -32.8569 1.0103 -1.4396 0.3657
Car 0.0000 0 0.0000 -1.0000 -1.0000 -1.0000 -1.0000 1.9078 1.4972 4.6007 -9.3228 -21.1332 1.1183 1.6803 0.3336
Car 0.0000 0 0.0000 -1.0000 -1.0000 -1.0000 -1.0000 1.9496 1.8573 4.6771 -12.5832 -34.2355 1.5137 1.5920 0.3306
Car 0.0000 0 0.0000 -1.0000 -1.0000 -1.0000 -1.0000 1.8354 1.4566 4.4184 -22.2620 -31.1431 1.3566 -2.9895 0.3215
Car 0.0000 0 0.0000 -1.0000 -1.0000 -1.0000 -1.0000 1.8857 1.5356 4.5593 5.3174 -19.5956 1.0479 1.5097 0.3126
Car 0.0000 0 0.0000 -1.0000 -1.0000 -1.0000 -1.0000 1.8671 1.5427 4.5046 -38.6268 -20.3918 1.0076 1.5169 0.3071
Car 0.0000 0 0.0000 -1.0000 -1.0000 -1.0000 -1.0000 1.8866 1.5261 4.5691 9.0586 -19.7341 0.9101 1.5905 0.3064
Tricar 0.0000 0 0.0000 -1.0000 -1.0000 -1.0000 -1.0000 1.2630 1.4923 2.9354 -0.1731 -30.3904 1.1823 2.9962 0.4125
Cyclist 0.0000 0 0.0000 -1.0000 -1.0000 -1.0000 -1.0000 0.7394 1.4673 1.7414 12.4695 12.5491 0.6915 2.9705 0.6135
Cyclist 0.0000 0 0.0000 -1.0000 -1.0000 -1.0000 -1.0000 0.7667 1.5332 1.7533 -22.2239 7.7391 0.7798 0.0544 0.6039
Cyclist 0.0000 0 0.0000 -1.0000 -1.0000 -1.0000 -1.0000 0.7361 1.4630 1.7463 47.1152 -4.6826 0.6368 0.0159 0.5264
Cyclist 0.0000 0 0.0000 -1.0000 -1.0000 -1.0000 -1.0000 0.7444 1.4531 1.8021 -13.2157 -23.4158 1.1662 1.5532 0.4083
Cyclist 0.0000 0 0.0000 -1.0000 -1.0000 -1.0000 -1.0000 0.7587 1.4893 1.8032 7.3513 19.2457 0.7241 1.4977 0.3820
Pedestrian 0.0000 0 0.0000 -1.0000 -1.0000 -1.0000 -1.0000 0.6875 1.6343 0.6191 -21.3455 12.7468 0.8818 -2.8320 0.3815
Pedestrian 0.0000 0 0.0000 -1.0000 -1.0000 -1.0000 -1.0000 0.7271 1.6724 0.7405 -7.4615 -5.2582 0.8454 0.4643 0.3070
Pedestrian 0.0000 0 0.0000 -1.0000 -1.0000 -1.0000 -1.0000 0.6827 1.5507 0.6382 -19.7689 12.9520 0.8050 -2.3842 0.3049
