Car 0.0000 0 0.0000 -1.0000 -1.0000 -1.0000 -1.0000 1.9227 1.5612 4.4536 6.6929 -3.3202 0.7819 -3.1221 0.7783
Car 0.0000 0 0.0000 -1.0000 -1.0000 -1.0000 -1.0000 1.9534 1.4485 4.5091 9.9873 4.1262 0.5377 -0.0178 0.7485
Car 0.0000 0 0.0000 -1.0000 -1.0000 -1.0000 -1.0000 1.9878 1.8653 4.4618 -12.7806 -4.2318 1.0763 -0.2265 0.7153
Car 0.0000 0 0.0000 -1.0000 -1.0000 -1.0000 -1.0000 1.8812 1.4735 4.4927 -30.7916 9.0651 1.0799 2.9775 0.6450
Car 0.0000 0 0.0000 -1.0000 -1.0000 -1.0000 -1.0000 1.8897 1.8342 4.3569 4.2143 4.4198 0.7747 -0.0396 0.6355
Car 0.0000 0 0.0000 -1.0000 -1.0000 -1.0000 -1.0000 1.9221 1.4459 4.4921 13.1780 -3.5665 0.6732 3.1413 0.6237
Car 0.0000 0 0.0000 -1.0000 -1.0000 -1.0000 -1.0000 1.9921 1.6227 4.5894 16.2328 3.8860 0.6320 3.1314 0.5991
Car 0.0000 0 0.0000 -1.0000 -1.0000 -1.0000 -1.0000 2.0006 1.8367 4.6645 33.0344 3.3180 0.6504 -0.0034 0.5452
Car 0.0000 0 0.0000 -1.0000 -1.0000 -1.0000 -1.0000 1.9402 1.5263 4.6665 -57.9067 14.0682 1.5617 -0.1847 0.5314
Car 0.0000 0 0.0000 -1.0000 -1.0000 -1.0000 -1.0000 1.8971 1.7377 4.4176 27.7483 3.5805 0.6315 3.1325 0.5270
Car 0.0000 0 0.0000 -1.0000 -1.0000 -1.0000 -1.0000 1.9500 1.4775 4.5881 21.9106 3.9359 0.4913 0.0058 0.4191
Car 0.0000 0 0.0000 -1.0000 -1.0000 -1.0000 -1.0000 1.8854 1.4760 4.5097 -3.9659 -11.0076 0.9347 1.4873 0.4066
Car 0.0000 0 0.0000 -1.0000 -1.0000 -1.0000 -1.0000 1.9317 1.8155 4.6555 -12.8995 -29.7997 1.5366 -1.6864 0.3990
Car 0.0000 0 0.0000 -1.0000 -1.0000 -1.0000 -1.0000 1.8904 1.4545 4.5908 -10.5155 -15.9604 1.0126 -1.7356 0.3809
Cyclist 0.0000 0 0.0000 -1.0000 -1.0000 -1.0000 -1.0000 0.7748 1.5119 1.7647 1.3750 -3.0895 0.7643 3.0846 0.5714
Cyclist 0.0000 0 0.0000 -1.0000 -1.0000 -1.0000 -1.0000 0.6913 1.2246 1.6809 31.4550 -4.5611 0.3522 0.0443 0.3874
Cyclist 0.0000 0 0.0000 -1.0000 -1.0000 -1.0000 -1.0000 0.6689 1.2532 1.6479 8.0959 -5.9752 0.7811 3.0891 0.3150
Pedestrian 0.0000 0 0.0000 -1.0000 -1.0000 -1.0000 -1.0000 0.6899 1.6773 0.6278 -8.3083 -8.3560 1.0018 -2.8808 0.6373
