Car 0.0000 0 0.0000 -1.0000 -1.0000 -1.0000 -1.0000 1.9726 1.4617 4.5991 -12.2097 -8.6859 0.7990 -0.0168 0.7792
Car 0.0000 0 0.0000 -1.0000 -1.0000 -1.0000 -1.0000 1.9656 1.4847 4.5681 23.4757 -8.6511 0.8245 -0.0342 0.7781
Car 0.0000 0 0.0000 -1.0000 -1.0000 -1.0000 -1.0000 2.0208 1.6125 4.5916 -47.0847 -8.9941 0.7136 -0.0186 0.7517
Car 0.0000 0 0.0000 -1.0000 -1.0000 -1.0000 -1.0000 1.9656 1.5618 4.6143 -38.7898 12.4499 0.2536 -0.0212 0.6808
Car 0.0000 0 0.0000 -1.0000 -1.0000 -1.0000 -1.0000 1.9566 1.6950 4.5668 -28.8536 -8.8276 0.8234 -0.0168 0.6502
Car 0.0000 0 0.0000 -1.0000 -1.0000 -1.0000 -1.0000 1.8491 1.4666 4.3638 -6.5414 4.1295 0.6297 0.0174 0.6011
Car 0.0000 0 0.0000 -1.0000 -1.0000 -1.0000 -1.0000 2.0181 1.4541 4.6357 35.4144 0.1683 0.7630 -3.0970 0.5967
Car 0.0000 0 0.0000 -1.0000 -1.0000 -1.0000 -1.0000 1.8824 1.4643 4.3814 -34.1272 -8.8722 0.6990 -0.0059 0.5662
Car 0.0000 0 0.0000 -1.0000 -1.0000 -1.0000 -1.0000 1.9474 1.5412 4.6604 44.3081 -8.6857 0.9354 3.1240 0.5601
Car 0.0000 0 0.0000 -1.0000 -1.0000 -1.0000 -1.0000 1.8932 1.4636 4.4596 -27.2578 12.9846 0.3116 -3.1080 0.5247
Car 0.0000 0 0.0000 -1.0000 -1.0000 -1.0000 -1.0000 1.8506 1.4904 4.4929 -12.5505 12.3696 0.3557 -3.1267 0.4986
Car 0.0000 0 0.0000 -1.0000 -1.0000 -1.0000 -1.0000 1.7681 1.4320 4.3102 -0.2479 12.8451 0.3108 3.0830 0.4824
Car 0.0000 0 0.0000 -1.0000 -1.0000 -1.0000 -1.0000 1.9940 1.6292 4.6185 -17.4442 -8.6529 0.8598 -3.1328 0.4687
Car 0.0000 0 0.0000 -1.0000 -1.0000 -1.0000 -1.0000 2.1329 1.8711 4.8446 -23.1204 -0.1488 0.8926 -0.0072 0.4445
Car 0.0000 0 0.0000 -1.0000 -1.0000 -1.0000 -1.0000 1.8851 1.4844 4.5522 28.8111 12.3334 0.3886 -3.1364 0.3898
Car 0.0000 0 0.0000 -1.0000 -1.0000 -1.0000 -1.0000 1.9728 1.6131 4.7926 63.4090 -2.8624 0.7009 0.0158 0.3510
Car 0.0000 0 0.0000 -1.0000 -1.0000 -1.0000 -1.0000 1.8356 1.4625 4.4142 -52.7002 -8.4152 0.6549 -3.1208 0.3475
Car 0.0000 0 0.0000 -1.0000 -1.0000 -1.0000 -1.0000 1.8775 1.4497 4.5521 -33.0706 13.0361 0.1981 -0.0274 0.3367
Cyclist 0.0000 0 0.0000 -1.0000 -1.0000 -1.0000 -1.0000 0.7467 1.5343 1.7350 -29.1853 10.0012 0.3495 3.1035 0.6809
Cyclist 0.0000 0 0.0000 -1.0000 -1.0000 -1.0000 -1.0000 0.7480 1.5662 1.6977 27.0840 -6.7967 0.8202 3.1119 0.6212
Cyclist 0.0000 0 0.0000 -1.0000 -1.0000 -1.0000 -1.0000 0.8179 1.5986 1.7766 14.3460 10.3521 0.5742 -0.0026 0.5865
Cyclist 0.0000 0 0.0000 -1.0000 -1.0000 -1.0000 -1.0000 0.8250 1.5839 1.8436 9.6170 -5.9565 0.8394 -3.1188 0.5169
Cyclist 0.0000 0 0.0000 -1.0000 -1.0000 -1.0000 -1.0000 0.7234 1.5149 1.7204 22.1448 11.5730 0.4577 0.0056 0.5103
Cyclist 0.0000 0 0.0000 -1.0000 -1.0000 -1.0000 -1.0000 0.7534 1.5713 1.6984 37.8504 -6.4978 0.8749 3.1273 0.4862
Cyclist 0.0000 0 0.0000 -1.0000 -1.0000 -1.0000 -1.0000 0.6987 1.2674 1.7156 13.0849 14.8208 0.3493 1.4746 0.3796
Cyclist 0.0000 0 0.0000 -1.0000 -1.0000 -1.0000 -1.0000 0.7225 1.2498 1.7621 9.7882 14.9347 0.2694 1.5103 0.3723
Cyclist 0.0000 0 0.0000 -1.0000 -1.0000 -1.0000 -1.0000 0.7165 1.4824 1.7105 54.4805 9.0142 0.5635 3.1392 0.3707
Cyclist 0.0000 0 0.0000 -1.0000 -1.0000 -1.0000 -1.0000 0.6898 1.1434 1.7376 -7.0929 14.7940 0.2017 1.5950 0.3185
Cyclist 0.0000 0 0.0000 -1.0000 -1.0000 -1.0000 -1.0000 0.7308 1.4987 1.6966 -52.8819 -6.4754 0.7460 0.0049 0.3126
Pedestrian 0.0000 0 0.0000 -1.0000 -1.0000 -1.0000 -1.0000 0.6830 1.6273 0.6146 -10.0969 16.3699 0.4786 0.1953 0.5547
Pedestrian 0.0000 0 0.0000 -1.0000 -1.0000 -1.0000 -1.0000 0.6864 1.6497 0.6207 -39.4881 16.5565 0.3556 -0.0038 0.4452
Pedestrian 0.0000 0 0.0000 -1.0000 -1.0000 -1.0000 -1.0000 0.7166 1.7095 0.6862 46.2672 -12.3300 1.2404 3.0858 0.4439
Pedestrian 0.0000 0 0.0000 -1.0000 -1.0000 -1.0000 -1.0000 0.6872 1.6610 0.5882 -27.6795 -10.9326 0.9845 -3.0570 0.4222
Pedestrian 0.0000 0 0.0000 -1.0000 -1.0000 -1.0000 -1.0000 0.7289 1.6446 0.7433 -26.4647 16.8275 0.3736 0.0383 0.3968
Pedestrian 0.0000 0 0.0000 -1.0000 -1.0000 -1.0000 -1.0000 0.6875 1.6344 0.6238 4.1604 -12.1493 1.2476 0.0869 0.3597
Pedestrian 0.0000 0 0.0000 -1.0000 -1.0000 -1.0000 -1.0000 0.7141 1.6594 0.6978 -18.8594 -6.9474 0.8346 0.0234 0.3064
Pedestrian 0.0000 0 0.0000 -1.0000 -1.0000 -1.0000 -1.0000 0.6921 1.6331 0.5963 -39.1063 -9.1591 0.7401 3.1134 0.3003
