Car 0.0000 0 0.0000 -1.0000 -1.0000 -1.0000 -1.0000 1.9455 1.4586 4.4793 4.4950 3.1901 0.7975 3.1260 0.8142
Car 0.0000 0 0.0000 -1.0000 -1.0000 -1.0000 -1.0000 1.9561 1.4830 4.5522 -27.6818 2.8979 0.7380 0.0187 0.7492
Car 0.0000 0 0.0000 -1.0000 -1.0000 -1.0000 -1.0000 1.9926 1.5564 4.6039 -21.3610 3.1347 0.7392 3.1386 0.7441
Car 0.0000 0 0.0000 -1.0000 -1.0000 -1.0000 -1.0000 1.9254 1.4607 4.4869 11.1552 2.8583 0.8503 3.1329 0.7413
Car 0.0000 0 0.0000 -1.0000 -1.0000 -1.0000 -1.0000 1.8964 1.4520 4.4196 -1.5336 3.2946 0.7595 3.1385 0.7129
Car 0.0000 0 0.0000 -1.0000 -1.0000 -1.0000 -1.0000 1.9564 1.6619 4.4629 6.6428 -0.3743 0.9501 -3.1172 0.6737
Car 0.0000 0 0.0000 -1.0000 -1.0000 -1.0000 -1.0000 1.9929 1.4416 4.6271 -8.8098 0.4272 0.7433 3.1339 0.6656
Car 0.0000 0 0.0000 -1.0000 -1.0000 -1.0000 -1.0000 1.9263 1.5385 4.4787 -14.9785 3.1912 0.7265 3.1164 0.6644
Car 0.0000 0 0.0000 -1.0000 -1.0000 -1.0000 -1.0000 2.0087 1.4490 4.7060 -7.8890 3.0511 0.7296 3.1415 0.6634
Car 0.0000 0 0.0000 -1.0000 -1.0000 -1.0000 -1.0000 1.9387 1.4877 4.5254 -16.0815 -0.1220 0.7071 3.1310 0.5930
Car 0.0000 0 0.0000 -1.0000 -1.0000 -1.0000 -1.0000 1.9355 1.5454 4.5109 21.2577 3.5781 0.9929 -3.1100 0.5926
Car 0.0000 0 0.0000 -1.0000 -1.0000 -1.0000 -1.0000 1.9121 1.4706 4.4598 24.5605 0.2642 0.9712 -3.0805 0.5297
Car 0.0000 0 0.0000 -1.0000 -1.0000 -1.0000 -1.0000 2.0656 1.7430 4.7605 -40.2069 2.6852 0.8271 3.1164 0.4613
Car 0.0000 0 0.0000 -1.0000 -1.0000 -1.0000 -1.0000 1.9143 1.5025 4.6140 -34.8346 3.4381 0.7229 -0.0180 0.4171
Car 0.0000 0 0.0000 -1.0000 -1.0000 -1.0000 -1.0000 1.9444 1.5827 4.4765 -24.1452 0.1583 0.7703 -3.1278 0.4124
Car 0.0000 0 0.0000 -1.0000 -1.0000 -1.0000 -1.0000 1.9324 1.5987 4.6103 59.6034 3.3275 1.4982 0.1427 0.3838
Truck 0.0000 0 0.0000 -1.0000 -1.0000 -1.0000 -1.0000 2.8109 2.8586 8.9332 -41.8553 -0.2542 1.4614 -3.1249 0.5412
Truck 0.0000 0 0.0000 -1.0000 -1.0000 -1.0000 -1.0000 2.1573 2.0587 5.2600 -11.1628 14.3084 0.9710 -3.1176 0.4364
Truck 0.0000 0 0.0000 -1.0000 -1.0000 -1.0000 -1.0000 2.2066 2.3797 5.5839 33.8972 3.0805 1.5874 0.0271 0.4176
