Car 0.0000 0 0.0000 -1.0000 -1.0000 -1.0000 -1.0000 2.0518 1.6172 4.6111 31.1775 -3.3239 1.1102 -3.1212 0.8378
Car 0.0000 0 0.0000 -1.0000 -1.0000 -1.0000 -1.0000 2.0435 1.6101 4.6595 35.7065 6.4947 1.0014 -0.0593 0.8054
Car 0.0000 0 0.0000 -1.0000 -1.0000 -1.0000 -1.0000 1.9684 1.4765 4.5122 7.9126 15.8800 0.3096 -2.8733 0.6936
Car 0.0000 0 0.0000 -1.0000 -1.0000 -1.0000 -1.0000 1.9986 1.4950 4.5153 49.4383 -0.6382 1.2751 -0.0183 0.6810
Car 0.0000 0 0.0000 -1.0000 -1.0000 -1.0000 -1.0000 1.9805 1.4723 4.5247 -0.4145 -3.6229 0.7988 -0.0133 0.6767
Car 0.0000 0 0.0000 -1.0000 -1.0000 -1.0000 -1.0000 2.0744 1.6596 4.7582 -44.2032 -3.5699 0.7016 -3.1046 0.6692
Car 0.0000 0 0.0000 -1.0000 -1.0000 -1.0000 -1.0000 1.9862 1.5283 4.5608 9.2111 6.2193 0.6767 -0.0082 0.6664
Car 0.0000 0 0.0000 -1.0000 -1.0000 -1.0000 -1.0000 1.8915 1.4687 4.4520 -17.5389 13.7681 0.3353 3.1312 0.6510
Car 0.0000 0 0.0000 -1.0000 -1.0000 -1.0000 -1.0000 1.9239 1.5080 4.5636 -3.3482 14.2467 0.3596 3.1254 0.6448
Car 0.0000 0 0.0000 -1.0000 -1.0000 -1.0000 -1.0000 1.9587 1.4573 4.5994 17.0672 19.5612 0.3276 0.3639 0.5831
Car 0.0000 0 0.0000 -1.0000 -1.0000 -1.0000 -1.0000 1.9543 1.5719 4.5641 69.1055 -3.1897 1.5375 -3.1364 0.5579
Car 0.0000 0 0.0000 -1.0000 -1.0000 -1.0000 -1.0000 1.9702 1.7312 4.6012 15.6790 9.7688 0.7694 3.1311 0.5145
Car 0.0000 0 0.0000 -1.0000 -1.0000 -1.0000 -1.0000 1.8984 1.5523 4.4843 -30.0418 9.9734 0.3165 0.0167 0.5119
Car 0.0000 0 0.0000 -1.0000 -1.0000 -1.0000 -1.0000 1.9766 1.4910 4.5926 -61.4167 -7.4552 0.4983 -3.1175 0.4938
Car 0.0000 0 0.0000 -1.0000 -1.0000 -1.0000 -1.0000 1.9858 1.5832 4.6523 -70.9322 -3.5802 0.5448 -3.1240 0.4623
Car 0.0000 0 0.0000 -1.0000 -1.0000 -1.0000 -1.0000 1.9420 1.4838 4.5280 -7.6832 9.2863 0.4608 3.1346 0.4377
Car 0.0000 0 0.0000 -1.0000 -1.0000 -1.0000 -1.0000 2.0011 1.4954 4.6701 25.8101 22.8867 0.3320 0.3730 0.4293
Car 0.0000 0 0.0000 -1.0000 -1.0000 -1.0000 -1.0000 2.0146 1.5612 4.7568 -59.4687 -0.6330 0.6234 -3.1043 0.3787
Car 0.0000 0 0.0000 -1.0000 -1.0000 -1.0000 -1.0000 1.9715 1.5810 4.6292 58.5666 6.6954 1.3763 -0.0047 0.3479
Car 0.0000 0 0.0000 -1.0000 -1.0000 -1.0000 -1.0000 1.8880 1.6465 4.4544 -45.1349 6.5368 0.6526 -3.1248 0.3221
Truck 0.0000 0 0.0000 -1.0000 -1.0000 -1.0000 -1.0000 3.0318 3.2313 11.1590 -38.8839 35.0773 1.2130 -0.0490 0.5261
