Car 0.0000 0 0.0000 -1.0000 -1.0000 -1.0000 -1.0000 1.9907 1.4213 4.5372 -10.1860 -3.5256 0.6913 0.0454 0.8050
Car 0.0000 0 0.0000 -1.0000 -1.0000 -1.0000 -1.0000 2.0294 1.6050 4.6450 -9.9387 3.3409 0.8547 -3.1194 0.8028
Car 0.0000 0 0.0000 -1.0000 -1.0000 -1.0000 -1.0000 1.9919 1.4557 4.5452 -25.4032 -7.2225 0.6802 0.0048 0.8000
Car 0.0000 0 0.0000 -1.0000 -1.0000 -1.0000 -1.0000 2.0559 1.6843 4.6410 -2.8500 -3.2567 0.8663 -3.1160 0.7834
Car 0.0000 0 0.0000 -1.0000 -1.0000 -1.0000 -1.0000 1.9258 1.4925 4.4508 -1.2511 3.4892 0.8044 -0.0122 0.7552
Car 0.0000 0 0.0000 -1.0000 -1.0000 -1.0000 -1.0000 2.0516 1.4928 4.6665 -19.2455 -0.7063 0.7272 -3.1209 0.6966
Car 0.0000 0 0.0000 -1.0000 -1.0000 -1.0000 -1.0000 1.9621 1.4903 4.6058 -45.0970 16.2632 0.5340 -3.1212 0.6879
Car 0.0000 0 0.0000 -1.0000 -1.0000 -1.0000 -1.0000 1.9792 1.7804 4.5746 32.0871 3.2460 1.1516 -0.0087 0.5727
Car 0.0000 0 0.0000 -1.0000 -1.0000 -1.0000 -1.0000 1.9945 1.4959 4.5661 15.2305 2.9923 0.8143 3.1239 0.5542
Car 0.0000 0 0.0000 -1.0000 -1.0000 -1.0000 -1.0000 1.9286 1.4591 4.5252 18.9057 -2.7303 0.8237 3.1174 0.5082
Car 0.0000 0 0.0000 -1.0000 -1.0000 -1.0000 -1.0000 1.9135 1.5377 4.5801 -44.7381 10.4387 0.6869 -3.1163 0.5046
Car 0.0000 0 0.0000 -1.0000 -1.0000 -1.0000 -1.0000 1.9504 1.5288 4.5585 12.9783 -3.3955 0.8062 0.0105 0.4396
Car 0.0000 0 0.0000 -1.0000 -1.0000 -1.0000 -1.0000 1.9986 1.5172 4.5850 -55.1719 -7.6973 0.7157 -3.1260 0.3752
Car 0.0000 0 0.0000 -1.0000 -1.0000 -1.0000 -1.0000 1.9480 1.6779 4.4647 6.4763 0.0671 0.8929 0.0444 0.3445
Truck 0.0000 0 0.0000 -1.0000 -1.0000 -1.0000 -1.0000 2.9185 2.8389 9.9266 29.1476 -6.8331 1.6047 0.0256 0.6221
Truck 0.0000 0 0.0000 -1.0000 -1.0000 -1.0000 -1.0000 2.2359 2.2591 5.9796 9.6792 -6.8169 1.2116 3.1336 0.5716
Truck 0.0000 0 0.0000 -1.0000 -1.0000 -1.0000 -1.0000 1.9366 2.0297 4.8152 6.2492 -3.6655 1.0800 0.0236 0.5482
Truck 0.0000 0 0.0000 -1.0000 -1.0000 -1.0000 -1.0000 2.0318 2.1445 5.1252 25.9189 -2.8844 1.2171 3.1299 0.3729
Cyclist 0.0000 0 0.0000 -1.0000 -1.0000 -1.0000 -1.0000 0.8212 1.5820 1.8574 33.7579 29.0992 0.1117 0.2143 0.4675
