Car 0.0000 0 0.0000 -1.0000 -1.0000 -1.0000 -1.0000 1.9527 1.5205 4.5595 -44.9937 6.0119 0.5776 -0.0094 0.7260
Car 0.0000 0 0.0000 -1.0000 -1.0000 -1.0000 -1.0000 1.9509 1.4150 4.4922 11.1429 6.1544 0.5901 -3.1303 0.7085
Car 0.0000 0 0.0000 -1.0000 -1.0000 -1.0000 -1.0000 1.9896 1.4725 4.5420 29.1724 5.8656 0.6028 -0.0080 0.6119
Car 0.0000 0 0.0000 -1.0000 -1.0000 -1.0000 -1.0000 1.9673 1.5462 4.6014 56.4088 3.0388 0.8358 3.1106 0.5867
Car 0.0000 0 0.0000 -1.0000 -1.0000 -1.0000 -1.0000 1.9348 1.8111 4.4816 -52.8395 6.2049 0.7020 -3.1270 0.5797
Car 0.0000 0 0.0000 -1.0000 -1.0000 -1.0000 -1.0000 1.9776 1.4922 4.6078 9.9180 0.1438 0.7551 0.0155 0.5487
Car 0.0000 0 0.0000 -1.0000 -1.0000 -1.0000 -1.0000 1.9916 1.7363 4.7071 27.9729 3.1817 0.8386 3.1293 0.5369
Car 0.0000 0 0.0000 -1.0000 -1.0000 -1.0000 -1.0000 1.8300 1.5723 4.2864 -4.2368 3.4578 0.7829 3.1319 0.4999
Car 0.0000 0 0.0000 -1.0000 -1.0000 -1.0000 -1.0000 1.9068 1.4610 4.4749 -9.4504 6.3974 0.6486 0.0026 0.4970
Car 0.0000 0 0.0000 -1.0000 -1.0000 -1.0000 -1.0000 1.9204 1.5575 4.5471 -63.9286 3.2153 0.7570 -3.1231 0.4897
Car 0.0000 0 0.0000 -1.0000 -1.0000 -1.0000 -1.0000 1.9918 1.5067 4.5578 -17.4674 3.9510 0.6871 -0.0103 0.4206
Car 0.0000 0 0.0000 -1.0000 -1.0000 -1.0000 -1.0000 1.9829 1.7581 4.5366 16.9865 -0.2488 0.9147 0.0021 0.3881
Car 0.0000 0 0.0000 -1.0000 -1.0000 -1.0000 -1.0000 1.9783 1.6939 4.6068 -28.0675 0.2182 0.7976 -3.1313 0.3693
Car 0.0000 0 0.0000 -1.0000 -1.0000 -1.0000 -1.0000 1.9018 1.5805 4.5648 -19.5375 0.0805 0.7261 0.0031 0.3650
Car 0.0000 0 0.0000 -1.0000 -1.0000 -1.0000 -1.0000 1.8736 1.4761 4.4372 38.6184 11.6881 0.6485 -3.1247 0.3395
Car 0.0000 0 0.0000 -1.0000 -1.0000 -1.0000 -1.0000 2.0577 1.4845 4.7155 -11.5271 0.1627 0.7482 -0.0039 0.3290
Car 0.0000 0 0.0000 -1.0000 -1.0000 -1.0000 -1.0000 1.9113 1.6049 4.5744 82.8507 11.8926 0.6686 0.1384 0.3108
Truck 0.0000 0 0.0000 -1.0000 -1.0000 -1.0000 -1.0000 3.0381 3.2840 11.6869 -35.8116 11.9024 1.2425 -0.0279 0.7226
Truck 0.0000 0 0.0000 -1.0000 -1.0000 -1.0000 -1.0000 3.0446 3.2451 12.1269 -49.3507 11.7660 1.2565 -0.0247 0.4003
Cyclist 0.0000 0 0.0000 -1.0000 -1.0000 -1.0000 -1.0000 0.7282 1.5405 1.6931 30.0427 -11.9749 0.9519 -3.1314 0.5497
Cyclist 0.0000 0 0.0000 -1.0000 -1.0000 -1.0000 -1.0000 0.7046 1.5195 1.6623 18.5280 -12.4055 0.9039 -0.0495 0.5472
Cyclist 0.0000 0 0.0000 -1.0000 -1.0000 -1.0000 -1.0000 0.8241 1.5365 1.8497 -16.9667 -11.6699 0.8898 -0.0443 0.5276
Cyclist 0.0000 0 0.0000 -1.0000 -1.0000 -1.0000 -1.0000 0.7150 1.4327 1.7809 9.5012 -14.5809 0.9482 -1.5871 0.4728
Cyclist 0.0000 0 0.0000 -1.0000 -1.0000 -1.0000 -1.0000 0.7463 1.5681 1.6966 -53.2134 -11.3242 0.8107 3.1177 0.4583
Cyclist 0.0000 0 0.0000 -1.0000 -1.0000 -1.0000 -1.0000 0.6891 1.2861 1.7062 -1.7265 -14.2005 0.9567 -1.2357 0.4396
Cyclist 0.0000 0 0.0000 -1.0000 -1.0000 -1.0000 -1.0000 0.6577 1.1639 1.6348 6.3231 -18.1425 0.9678 -0.0957 0.4086
Cyclist 0.0000 0 0.0000 -1.0000 -1.0000 -1.0000 -1.0000 0.8262 1.5639 1.8265 43.5183 -11.6274 0.8133 0.0199 0.3741
Cyclist 0.0000 0 0.0000 -1.0000 -1.0000 -1.0000 -1.0000 0.6691 1.1233 1.7082 13.9773 -14.7770 0.8408 1.3674 0.3644
Cyclist 0.0000 0 0.0000 -1.0000 -1.0000 -1.0000 -1.0000 0.6814 1.2253 1.6976 -30.2142 -13.8308 0.8536 1.3548 0.3607
Cyclist 0.0000 0 0.0000 -1.0000 -1.0000 -1.0000 -1.0000 0.8165 1.5852 1.7876 -62.7004 -12.2596 0.8484 -0.0323 0.3520
Cyclist 0.0000 0 0.0000 -1.0000 -1.0000 -1.0000 -1.0000 0.6405 1.1344 1.6918 -23.3001 -14.8311 0.8913 1.4545 0.3252
Cyclist 0.0000 0 0.0000 -1.0000 -1.0000 -1.0000 -1.0000 0.8157 1.6419 1.7468 -28.8140 20.7711 0.2496 -0.0153 0.3072
Cyclist 0.0000 0 0.0000 -1.0000 -1.0000 -1.0000 -1.0000 0.6709 1.0877 1.6993 6.0017 -14.2482 0.9358 -1.9995 0.3004
Pedestrian 0.0000 0 0.0000 -1.0000 -1.0000 -1.0000 -1.0000 0.6991 1.6792 0.6491 20.3479 22.1571 0.2661 0.0440 0.5363
Pedestrian 0.0000 0 0.0000 -1.0000 -1.0000 -1.0000 -1.0000 0.6993 1.6971 0.6396 33.4729 -16.5498 1.2031 0.0095 0.5154
Pedestrian 0.0000 0 0.0000 -1.0000 -1.0000 -1.0000 -1.0000 0.7002 1.6353 0.6454 -0.7272 21.4337 0.3045 -3.1384 0.4934
Pedestrian 0.0000 0 0.0000 -1.0000 -1.0000 -1.0000 -1.0000 0.6937 1.6246 0.6295 -2.5436 22.3234 0.2613 -3.1344 0.3381
