Car 0.0000 0 0.0000 -1.0000 -1.0000 -1.0000 -1.0000 1.9525 1.5012 4.5208 25.3850 3.2859 0.8350 0.0119 0.7876
Car 0.0000 0 0.0000 -1.0000 -1.0000 -1.0000 -1.0000 1.9606 1.5771 4.4598 -32.0214 10.4780 0.5272 -3.1159 0.7499
Car 0.0000 0 0.0000 -1.0000 -1.0000 -1.0000 -1.0000 1.9334 1.7792 4.3545 17.8050 3.0901 0.9740 3.1166 0.7372
Car 0.0000 0 0.0000 -1.0000 -1.0000 -1.0000 -1.0000 2.0179 1.4427 4.6293 6.5399 -0.2807 0.7878 0.0126 0.6606
Car 0.0000 0 0.0000 -1.0000 -1.0000 -1.0000 -1.0000 2.0178 1.5636 4.6012 14.8614 -0.9813 0.8686 0.0355 0.6471
Car 0.0000 0 0.0000 -1.0000 -1.0000 -1.0000 -1.0000 2.0780 1.8071 4.6863 -9.3328 0.4025 0.9335 -3.1360 0.5361
Car 0.0000 0 0.0000 -1.0000 -1.0000 -1.0000 -1.0000 1.9630 1.4305 4.4705 27.1384 -3.9296 0.8867 -3.1070 0.4973
Car 0.0000 0 0.0000 -1.0000 -1.0000 -1.0000 -1.0000 1.8566 1.5010 4.3711 24.4716 -0.2680 0.8432 3.1123 0.3877
Truck 0.0000 0 0.0000 -1.0000 -1.0000 -1.0000 -1.0000 2.3406 2.5243 6.0154 70.4298 6.2908 1.6079 0.0356 0.3956
Truck 0.0000 0 0.0000 -1.0000 -1.0000 -1.0000 -1.0000 2.5601 2.8641 6.7180 79.8064 13.0499 1.4634 0.0040 0.3916
Truck 0.0000 0 0.0000 -1.0000 -1.0000 -1.0000 -1.0000 2.5469 2.7736 6.5396 -16.7304 0.2372 1.4195 -3.1109 0.3145
Tricar 0.0000 0 0.0000 -1.0000 -1.0000 -1.0000 -1.0000 1.2762 1.6081 3.0105 67.3600 20.5839 0.1943 3.0221 0.4604
Cyclist 0.0000 0 0.0000 -1.0000 -1.0000 -1.0000 -1.0000 0.7602 1.5367 1.7744 32.2688 -26.8792 1.2078 1.5257 0.4145
Cyclist 0.0000 0 0.0000 -1.0000 -1.0000 -1.0000 -1.0000 0.7667 1.5705 1.7327 -25.0389 -10.5090 0.6116 -3.1106 0.3126
