Car 0.0000 0 0.0000 -1.0000 -1.0000 -1.0000 -1.0000 1.9837 1.4311 4.4724 -41.2728 -9.8224 0.8123 3.0924 0.7698
Car 0.0000 0 0.0000 -1.0000 -1.0000 -1.0000 -1.0000 1.9999 1.4688 4.5272 -53.2375 -8.4056 0.9023 0.0450 0.7214
Car 0.0000 0 0.0000 -1.0000 -1.0000 -1.0000 -1.0000 1.9027 1.8300 4.3652 -23.7439 14.3335 0.4895 -3.1379 0.6851
Car 0.0000 0 0.0000 -1.0000 -1.0000 -1.0000 -1.0000 1.9313 1.4543 4.5623 -38.8934 6.6866 0.6097 -3.1189 0.6605
Car 0.0000 0 0.0000 -1.0000 -1.0000 -1.0000 -1.0000 1.9932 1.5942 4.5716 -22.6514 10.4980 0.5183 -3.1118 0.6575
Car 0.0000 0 0.0000 -1.0000 -1.0000 -1.0000 -1.0000 1.9492 1.7595 4.4626 -47.0976 11.0956 0.6889 -3.1195 0.6355
Car 0.0000 0 0.0000 -1.0000 -1.0000 -1.0000 -1.0000 2.0059 1.5651 4.5964 49.8627 10.2425 0.4451 3.1171 0.6255
Car 0.0000 0 0.0000 -1.0000 -1.0000 -1.0000 -1.0000 2.0561 2.0140 4.7331 24.6045 -2.4302 1.0995 -3.0549 0.6141
Car 0.0000 0 0.0000 -1.0000 -1.0000 -1.0000 -1.0000 1.9796 1.6641 4.7214 -69.4779 8.3678 0.9568 0.0066 0.5918
Car 0.0000 0 0.0000 -1.0000 -1.0000 -1.0000 -1.0000 1.9702 1.4585 4.5256 23.2564 7.5248 0.5865 -0.0014 0.5719
Car 0.0000 0 0.0000 -1.0000 -1.0000 -1.0000 -1.0000 2.0581 1.5693 4.6896 -55.7401 -1.1568 1.0230 -3.1194 0.5178
Car 0.0000 0 0.0000 -1.0000 -1.0000 -1.0000 -1.0000 1.9092 1.7573 4.3796 -6.5564 7.5767 0.6990 -0.0110 0.4588
Car 0.0000 0 0.0000 -1.0000 -1.0000 -1.0000 -1.0000 1.9249 1.9213 4.3844 47.5209 -7.8357 1.0660 3.0984 0.4203
Car 0.0000 0 0.0000 -1.0000 -1.0000 -1.0000 -1.0000 1.9517 1.5386 4.6353 61.4237 5.9349 0.4196 0.0171 0.3082
