Car 0.0000 0 0.0000 -1.0000 -1.0000 -1.0000 -1.0000 2.0468 1.4773 4.6213 -23.4398 0.2877 0.8838 -0.0339 0.7778
Car 0.0000 0 0.0000 -1.0000 -1.0000 -1.0000 -1.0000 2.0160 1.9185 4.6864 0.4151 3.2055 0.9442 3.1322 0.6443
Car 0.0000 0 0.0000 -1.0000 -1.0000 -1.0000 -1.0000 1.9229 1.6897 4.6046 18.4559 -11.2524 0.9074 1.5906 0.4588
Car 0.0000 0 0.0000 -1.0000 -1.0000 -1.0000 -1.0000 1.8890 1.4966 4.5152 21.6979 -10.9332 0.7332 -1.5128 0.4544
Car 0.0000 0 0.0000 -1.0000 -1.0000 -1.0000 -1.0000 1.8996 1.6094 4.5798 56.1339 -10.4757 0.4815 -1.4093 0.3623
Car 0.0000 0 0.0000 -1.0000 -1.0000 -1.0000 -1.0000 1.9769 1.5921 4.7061 -65.1096 14.0908 0.8985 -0.0081 0.3618
Car 0.0000 0 0.0000 -1.0000 -1.0000 -1.0000 -1.0000 1.9760 1.6233 4.7160 -3.0425 -0.2704 0.8476 -0.0040 0.3511
Car 0.0000 0 0.0000 -1.0000 -1.0000 -1.0000 -1.0000 1.9203 1.5358 4.5422 21.5241 -17.6301 0.9948 2.9790 0.3367
Truck 0.0000 0 0.0000 -1.0000 -1.0000 -1.0000 -1.0000 2.9628 3.2365 12.1927 -40.0897 17.9737 1.4885 3.1375 0.6430
Truck 0.0000 0 0.0000 -1.0000 -1.0000 -1.0000 -1.0000 2.0858 2.0700 5.2370 56.5368 3.5762 0.7983 3.1310 0.4202
Tricar 0.0000 0 0.0000 -1.0000 -1.0000 -1.0000 -1.0000 1.5507 1.9728 3.6034 -61.8995 -5.3074 1.2183 -0.7694 0.4519
Cyclist 0.0000 0 0.0000 -1.0000 -1.0000 -1.0000 -1.0000 0.7464 1.5323 1.6841 -32.7871 -9.1237 0.9692 0.1022 0.3682
Cyclist 0.0000 0 0.0000 -1.0000 -1.0000 -1.0000 -1.0000 0.7584 1.4869 1.7932 39.3281 -6.9095 0.4177 0.0099 0.3579
Cyclist 0.0000 0 0.0000 -1.0000 -1.0000 -1.0000 -1.0000 0.7433 1.5269 1.7038 -33.9905 -6.6655 0.9211 0.0118 0.3568
