Car 0.0000 0 0.0000 -1.0000 -1.0000 -1.0000 -1.0000 2.0362 1.8060 4.7027 -8.8296 -8.7086 1.2946 -3.1297 0.7918
Car 0.0000 0 0.0000 -1.0000 -1.0000 -1.0000 -1.0000 1.9171 1.5512 4.4120 -14.4729 -9.0216 1.0595 -3.0978 0.6727
Car 0.0000 0 0.0000 -1.0000 -1.0000 -1.0000 -1.0000 1.9467 1.4149 4.5824 12.2441 19.7678 0.3838 -3.1193 0.6532
Car 0.0000 0 0.0000 -1.0000 -1.0000 -1.0000 -1.0000 1.9935 1.6706 4.6479 34.9534 1.7724 0.7729 -3.1325 0.5893
Car 0.0000 0 0.0000 -1.0000 -1.0000 -1.0000 -1.0000 2.2542 2.5041 5.1942 58.2403 13.7657 0.8484 -3.1149 0.5626
Car 0.0000 0 0.0000 -1.0000 -1.0000 -1.0000 -1.0000 1.8516 1.4370 4.4448 10.6812 -10.0108 0.8742 -1.3426 0.5196
Car 0.0000 0 0.0000 -1.0000 -1.0000 -1.0000 -1.0000 1.8898 1.5161 4.4554 11.6208 3.7326 0.7220 0.0487 0.4558
Car 0.0000 0 0.0000 -1.0000 -1.0000 -1.0000 -1.0000 1.9245 1.5576 4.5362 -77.5529 16.1920 0.5720 -0.0672 0.3858
Truck 0.0000 0 0.0000 -1.0000 -1.0000 -1.0000 -1.0000 2.9446 3.3157 12.2164 14.9010 10.2776 1.5639 0.0807 0.8080
Truck 0.0000 0 0.0000 -1.0000 -1.0000 -1.0000 -1.0000 2.7871 3.0639 8.9544 25.9649 2.8805 1.5309 3.1366 0.6655
Truck 0.0000 0 0.0000 -1.0000 -1.0000 -1.0000 -1.0000 2.9576 3.4793 11.1274 -23.1727 -0.4679 1.8516 -3.0879 0.5434
Cyclist 0.0000 0 0.0000 -1.0000 -1.0000 -1.0000 -1.0000 0.7827 1.5484 1.7563 5.1534 16.8461 0.4283 0.0848 0.5710
Cyclist 0.0000 0 0.0000 -1.0000 -1.0000 -1.0000 -1.0000 0.7295 1.5514 1.6664 10.0832 17.3676 0.4900 -3.0709 0.5255
Cyclist 0.0000 0 0.0000 -1.0000 -1.0000 -1.0000 -1.0000 0.7718 1.5942 1.7247 2.9806 17.3735 0.4707 -3.0905 0.4070
Cyclist 0.0000 0 0.0000 -1.0000 -1.0000 -1.0000 -1.0000 0.7755 1.5134 1.7901 13.2060 -6.2839 0.8375 -3.0466 0.3654
