Car 0.0000 0 0.0000 -1.0000 -1.0000 -1.0000 -1.0000 2.0311 1.4536 4.6547 -38.8925 3.6171 0.6127 3.0970 0.7066
Car 0.0000 0 0.0000 -1.0000 -1.0000 -1.0000 -1.0000 2.0204 1.5152 4.6650 -74.7888 4.7602 0.1416 -0.0208 0.6588
Car 0.0000 0 0.0000 -1.0000 -1.0000 -1.0000 -1.0000 2.0743 1.5954 4.7777 -20.0268 3.7990 0.8273 3.1376 0.5364
Car 0.0000 0 0.0000 -1.0000 -1.0000 -1.0000 -1.0000 1.9671 1.7859 4.7177 -17.5054 -14.4243 1.0956 1.5663 0.5339
Car 0.0000 0 0.0000 -1.0000 -1.0000 -1.0000 -1.0000 1.9090 1.6917 4.5464 8.5960 -16.3893 1.0891 1.5899 0.4810
Car 0.0000 0 0.0000 -1.0000 -1.0000 -1.0000 -1.0000 1.8955 1.5777 4.5977 12.4853 -27.9433 1.3588 1.4990 0.4452
Car 0.0000 0 0.0000 -1.0000 -1.0000 -1.0000 -1.0000 1.8853 1.7344 4.5291 -25.5385 -14.4568 0.9173 1.5679 0.4402
Car 0.0000 0 0.0000 -1.0000 -1.0000 -1.0000 -1.0000 1.8920 1.4806 4.5483 -0.9269 -14.9381 0.8656 1.5975 0.4361
Car 0.0000 0 0.0000 -1.0000 -1.0000 -1.0000 -1.0000 1.9022 1.5037 4.6098 -22.0532 -14.6793 0.8769 1.5880 0.4101
Car 0.0000 0 0.0000 -1.0000 -1.0000 -1.0000 -1.0000 1.9026 1.4988 4.5811 18.2003 -15.3576 1.0403 1.5689 0.3881
Car 0.0000 0 0.0000 -1.0000 -1.0000 -1.0000 -1.0000 1.8769 1.4631 4.5542 -13.9662 -14.3152 0.9116 1.6116 0.3702
Car 0.0000 0 0.0000 -1.0000 -1.0000 -1.0000 -1.0000 1.9053 1.5038 4.6358 -19.9343 -14.4061 0.8638 1.6181 0.3459
Car 0.0000 0 0.0000 -1.0000 -1.0000 -1.0000 -1.0000 1.8807 1.5515 4.5288 -29.7533 -14.0769 0.7768 1.5642 0.3381
Car 0.0000 0 0.0000 -1.0000 -1.0000 -1.0000 -1.0000 1.8840 1.6850 4.5579 -11.9015 -14.4602 1.0090 1.6295 0.3323
Car 0.0000 0 0.0000 -1.0000 -1.0000 -1.0000 -1.0000 1.8967 1.6711 4.5450 -5.2414 -15.0350 0.9819 1.5788 0.3303
Car 0.0000 0 0.0000 -1.0000 -1.0000 -1.0000 -1.0000 1.8483 1.6133 4.4452 -8.2280 -14.7253 0.9236 1.5949 0.3200
Car 0.0000 0 0.0000 -1.0000 -1.0000 -1.0000 -1.0000 1.8731 1.5318 4.5176 -73.7372 -12.6591 0.4891 1.6470 0.3180
Car 0.0000 0 0.0000 -1.0000 -1.0000 -1.0000 -1.0000 1.9158 1.7384 4.5711 13.0446 -15.6394 1.1212 1.6271 0.3124
Car 0.0000 0 0.0000 -1.0000 -1.0000 -1.0000 -1.0000 1.8587 1.4776 4.4991 1.0999 -15.0768 0.8591 1.5515 0.3081
Truck 0.0000 0 0.0000 -1.0000 -1.0000 -1.0000 -1.0000 2.8558 3.1316 11.1463 19.9010 1.0987 1.5619 0.0440 0.6976
