Car 0.0000 0 0.0000 -1.0000 -1.0000 -1.0000 -1.0000 2.0580 1.5387 4.6865 -12.3933 -6.1467 0.7468 -0.0169 0.8165
Car 0.0000 0 0.0000 -1.0000 -1.0000 -1.0000 -1.0000 1.9756 1.4994 4.5542 -8.2877 6.6965 0.6753 0.0055 0.7738
Car 0.0000 0 0.0000 -1.0000 -1.0000 -1.0000 -1.0000 1.9141 1.4647 4.4952 10.3892 10.2810 0.6114 0.0251 0.7662
Car 0.0000 0 0.0000 -1.0000 -1.0000 -1.0000 -1.0000 1.9157 1.4370 4.4581 6.5988 -2.5223 0.7405 3.1248 0.7592
Car 0.0000 0 0.0000 -1.0000 -1.0000 -1.0000 -1.0000 1.9389 1.4870 4.5631 -39.2153 4.8480 0.6432 0.0460 0.7419
Car 0.0000 0 0.0000 -1.0000 -1.0000 -1.0000 -1.0000 1.9769 1.4708 4.5608 30.8851 10.2377 0.6243 3.1305 0.7051
Car 0.0000 0 0.0000 -1.0000 -1.0000 -1.0000 -1.0000 1.9687 1.4582 4.5379 -32.6453 5.2576 0.6005 -3.1066 0.7009
Car 0.0000 0 0.0000 -1.0000 -1.0000 -1.0000 -1.0000 1.9580 1.5054 4.5203 -3.4909 -6.0308 0.7132 -0.0084 0.6700
Car 0.0000 0 0.0000 -1.0000 -1.0000 -1.0000 -1.0000 2.0136 1.7806 4.6708 11.9806 -0.5566 0.8815 3.1334 0.6652
Car 0.0000 0 0.0000 -1.0000 -1.0000 -1.0000 -1.0000 1.9656 1.4394 4.5834 5.0371 0.5303 0.7001 0.0028 0.6506
Car 0.0000 0 0.0000 -1.0000 -1.0000 -1.0000 -1.0000 1.8966 1.4242 4.4833 -20.2323 6.2382 0.6016 -3.0826 0.6504
Car 0.0000 0 0.0000 -1.0000 -1.0000 -1.0000 -1.0000 1.9863 1.5188 4.5913 16.8002 2.7445 0.7791 3.1065 0.5981
Car 0.0000 0 0.0000 -1.0000 -1.0000 -1.0000 -1.0000 1.9189 1.5672 4.5364 43.1189 3.4214 0.8242 3.1064 0.5947
Car 0.0000 0 0.0000 -1.0000 -1.0000 -1.0000 -1.0000 1.9956 1.4817 4.5901 -26.1376 6.1346 0.5956 -3.0764 0.5846
Car 0.0000 0 0.0000 -1.0000 -1.0000 -1.0000 -1.0000 1.9454 1.4715 4.5814 -46.2883 4.2701 0.6263 0.0247 0.5815
Car 0.0000 0 0.0000 -1.0000 -1.0000 -1.0000 -1.0000 1.8404 1.5673 4.3032 -0.6937 3.4905 0.7495 3.1056 0.5802
Car 0.0000 0 0.0000 -1.0000 -1.0000 -1.0000 -1.0000 1.8851 1.5718 4.4200 9.1613 -6.1238 0.8370 3.1332 0.5645
Car 0.0000 0 0.0000 -1.0000 -1.0000 -1.0000 -1.0000 1.9103 1.6303 4.4894 -37.6677 -25.4295 0.8918 1.6546 0.5629
Car 0.0000 0 0.0000 -1.0000 -1.0000 -1.0000 -1.0000 1.9725 1.5382 4.5931 -43.2670 1.3579 0.6426 -3.0430 0.4999
Car 0.0000 0 0.0000 -1.0000 -1.0000 -1.0000 -1.0000 1.9161 1.5571 4.5789 40.7296 25.9700 0.8235 1.4983 0.4690
Car 0.0000 0 0.0000 -1.0000 -1.0000 -1.0000 -1.0000 1.9320 1.5083 4.6358 43.0197 25.7840 0.7962 1.5518 0.4510
Car 0.0000 0 0.0000 -1.0000 -1.0000 -1.0000 -1.0000 2.0287 1.7040 4.6759 0.1731 -2.5426 0.9059 0.0159 0.4351
Car 0.0000 0 0.0000 -1.0000 -1.0000 -1.0000 -1.0000 1.9028 1.4907 4.4988 -11.3276 3.7156 0.6849 0.0344 0.4299
Car 0.0000 0 0.0000 -1.0000 -1.0000 -1.0000 -1.0000 2.0211 1.4610 4.6560 -11.7306 -0.1672 0.6727 -3.1367 0.4138
Car 0.0000 0 0.0000 -1.0000 -1.0000 -1.0000 -1.0000 1.9723 1.6050 4.5975 32.7581 1.7023 0.7544 -0.0400 0.4023
Car 0.0000 0 0.0000 -1.0000 -1.0000 -1.0000 -1.0000 1.9795 1.6610 4.5873 -37.0933 1.7955 0.7639 -3.0139 0.3912
Car 0.0000 0 0.0000 -1.0000 -1.0000 -1.0000 -1.0000 1.9598 1.4997 4.6059 -50.6522 0.3553 0.5811 -3.0725 0.3819
Car 0.0000 0 0.0000 -1.0000 -1.0000 -1.0000 -1.0000 1.9860 1.7401 4.7243 -15.5036 23.5102 0.7877 3.1371 0.3648
Car 0.0000 0 0.0000 -1.0000 -1.0000 -1.0000 -1.0000 1.9247 1.5292 4.4855 31.7731 4.3873 0.6852 3.0992 0.3545
Car 0.0000 0 0.0000 -1.0000 -1.0000 -1.0000 -1.0000 2.0431 1.8100 4.8553 -24.3279 17.5839 0.3934 -3.0578 0.3197
Car 0.0000 0 0.0000 -1.0000 -1.0000 -1.0000 -1.0000 1.8604 1.6165 4.4657 -37.1214 -30.1259 0.8792 1.5952 0.3081
Truck 0.0000 0 0.0000 -1.0000 -1.0000 -1.0000 -1.0000 2.9292 3.1821 10.6803 -8.2522 10.1815 1.5103 0.0150 0.7492
Truck 0.0000 0 0.0000 -1.0000 -1.0000 -1.0000 -1.0000 2.8314 3.2271 11.2959 24.1509 -6.6240 1.6926 3.1071 0.6129
Truck 0.0000 0 0.0000 -1.0000 -1.0000 -1.0000 -1.0000 2.9663 3.1669 11.6353 -25.5750 9.3728 1.4887 -3.0776 0.5992
Tricar 0.0000 0 0.0000 -1.0000 -1.0000 -1.0000 -1.0000 1.3725 1.7949 3.1618 -36.3289 -13.3130 0.8660 0.1076 0.4640
Tricar 0.0000 0 0.0000 -1.0000 -1.0000 -1.0000 -1.0000 1.2927 1.6338 3.0991 9.7548 21.5026 0.6456 -3.0271 0.4285
Cyclist 0.0000 0 0.0000 -1.0000 -1.0000 -1.0000 -1.0000 0.7766 1.5183 1.7925 -49.9368 -15.1192 0.6258 0.0530 0.5375
Cyclist 0.0000 0 0.0000 -1.0000 -1.0000 -1.0000 -1.0000 0.7553 1.5222 1.7531 24.1149 16.5600 0.5042 0.0264 0.5286
Cyclist 0.0000 0 0.0000 -1.0000 -1.0000 -1.0000 -1.0000 0.7773 1.5575 1.7583 20.4829 14.9257 0.5712 0.1389 0.5133
Cyclist 0.0000 0 0.0000 -1.0000 -1.0000 -1.0000 -1.0000 0.7157 1.5363 1.6975 15.0116 23.7706 0.5906 -1.9555 0.5122
Cyclist 0.0000 0 0.0000 -1.0000 -1.0000 -1.0000 -1.0000 0.7872 1.5625 1.7524 11.2908 16.5048 0.5329 -3.0185 0.4116
Cyclist 0.0000 0 0.0000 -1.0000 -1.0000 -1.0000 -1.0000 0.7353 1.5518 1.6864 -4.7974 -17.6170 0.8920 -3.0580 0.4022
Cyclist 0.0000 0 0.0000 -1.0000 -1.0000 -1.0000 -1.0000 0.7508 1.5382 1.6951 16.9587 -12.7065 0.8053 3.1056 0.3742
Cyclist 0.0000 0 0.0000 -1.0000 -1.0000 -1.0000 -1.0000 0.6784 1.2899 1.7004 17.6401 29.6916 0.4051 -1.7370 0.3437
Cyclist 0.0000 0 0.0000 -1.0000 -1.0000 -1.0000 -1.0000 0.7136 1.4271 1.7507 23.4778 23.6997 0.6766 -1.7401 0.3274
Cyclist 0.0000 0 0.0000 -1.0000 -1.0000 -1.0000 -1.0000 0.7811 1.5792 1.7343 19.8860 15.7593 0.6091 -3.0345 0.3192
Cyclist 0.0000 0 0.0000 -1.0000 -1.0000 -1.0000 -1.0000 0.7533 1.5755 1.7607 -76.9587 -10.0905 0.6110 -1.5989 0.3067
Cyclist 0.0000 0 0.0000 -1.0000 -1.0000 -1.0000 -1.0000 0.7407 1.6067 1.7133 -31.2106 -18.6500 0.9570 0.1898 0.3035
Cyclist 0.0000 0 0.0000 -1.0000 -1.0000 -1.0000 -1.0000 0.7163 1.5503 1.6914 28.2924 -18.0917 0.9115 -0.0843 0.3010
Pedestrian 0.0000 0 0.0000 -1.0000 -1.0000 -1.0000 -1.0000 0.6850 1.6519 0.6403 -25.5190 -18.1719 0.9508 0.2468 0.5835
Pedestrian 0.0000 0 0.0000 -1.0000 -1.0000 -1.0000 -1.0000 0.6759 1.6447 0.6206 19.4887 21.8868 0.6854 3.1244 0.5535
Pedestrian 0.0000 0 0.0000 -1.0000 -1.0000 -1.0000 -1.0000 0.6824 1.6425 0.6186 13.8253 -33.3002 1.5632 3.0363 0.4939
Pedestrian 0.0000 0 0.0000 -1.0000 -1.0000 -1.0000 -1.0000 0.6815 1.6801 0.6085 6.8949 25.5750 0.9357 3.0528 0.4725
Pedestrian 0.0000 0 0.0000 -1.0000 -1.0000 -1.0000 -1.0000 0.7173 1.6435 0.6750 -31.2092 -18.5837 0.9364 -2.9334 0.4252
Pedestrian 0.0000 0 0.0000 -1.0000 -1.0000 -1.0000 -1.0000 0.7062 1.6643 0.6866 37.9681 -18.3173 1.0946 3.0943 0.4199
Pedestrian 0.0000 0 0.0000 -1.0000 -1.0000 -1.0000 -1.0000 0.6820 1.6371 0.6003 27.6312 18.3519 0.6130 3.1028 0.3949
Pedestrian 0.0000 0 0.0000 -1.0000 -1.0000 -1.0000 -1.0000 0.7234 1.6429 0.6902 -51.0731 -9.2057 0.6783 -3.0274 0.3674
Pedestrian 0.0000 0 0.0000 -1.0000 -1.0000 -1.0000 -1.0000 0.6744 1.6290 0.6033 25.9285 24.1161 0.8557 -1.6235 0.3175
Pedestrian 0.0000 0 0.0000 -1.0000 -1.0000 -1.0000 -1.0000 0.7030 1.6331 0.6457 28.2686 -18.0728 0.9423 -0.0612 0.3066
