Car 0.0000 0 0.0000 -1.0000 -1.0000 -1.0000 -1.0000 2.1572 2.1483 5.0547 -19.7022 2.2872 0.8723 0.0251 0.5951
Car 0.0000 0 0.0000 -1.0000 -1.0000 -1.0000 -1.0000 2.0122 1.6123 4.7094 -59.2177 16.6831 -0.2515 -3.1345 0.5016
Car 0.0000 0 0.0000 -1.0000 -1.0000 -1.0000 -1.0000 1.8571 1.4536 4.4448 48.4758 34.2648 0.6709 2.8618 0.4472
Car 0.0000 0 0.0000 -1.0000 -1.0000 -1.0000 -1.0000 2.0907 1.9671 4.8506 -9.6788 0.2911 0.8675 3.0757 0.4090
Car 0.0000 0 0.0000 -1.0000 -1.0000 -1.0000 -1.0000 1.9255 1.5331 4.5167 35.7361 31.4180 0.5777 -3.0942 0.3902
Car 0.0000 0 0.0000 -1.0000 -1.0000 -1.0000 -1.0000 1.8655 1.5357 4.4662 56.1137 34.0318 0.7333 1.2009 0.3237
Car 0.0000 0 0.0000 -1.0000 -1.0000 -1.0000 -1.0000 1.9219 1.8396 4.5931 34.6421 34.6123 0.7036 -3.1129 0.3070
Truck 0.0000 0 0.0000 -1.0000 -1.0000 -1.0000 -1.0000 3.0249 3.3499 10.7874 -3.1317 5.7681 1.7497 3.0828 0.5073
Truck 0.0000 0 0.0000 -1.0000 -1.0000 -1.0000 -1.0000 2.7855 2.9771 8.9360 17.2416 5.5341 1.7840 -0.0134 0.3692
Cyclist 0.0000 0 0.0000 -1.0000 -1.0000 -1.0000 -1.0000 0.8298 1.5697 1.8117 3.3200 -9.1839 0.8998 -3.1339 0.6357
Cyclist 0.0000 0 0.0000 -1.0000 -1.0000 -1.0000 -1.0000 0.8801 1.6179 1.7986 5.1994 -10.9260 0.9879 0.0044 0.5092
