Car 0.0000 0 0.0000 -1.0000 -1.0000 -1.0000 -1.0000 1.9957 1.4268 4.6380 16.2659 6.1753 0.6885 0.0134 0.7832
Car 0.0000 0 0.0000 -1.0000 -1.0000 -1.0000 -1.0000 1.9379 1.4830 4.5262 -17.9749 3.5167 0.6686 0.0305 0.6904
Car 0.0000 0 0.0000 -1.0000 -1.0000 -1.0000 -1.0000 1.9960 1.4427 4.6204 -13.0334 -0.2014 0.7215 0.0367 0.6627
Car 0.0000 0 0.0000 -1.0000 -1.0000 -1.0000 -1.0000 1.9322 1.4526 4.4777 -2.3509 6.4229 0.6511 0.0148 0.6532
Car 0.0000 0 0.0000 -1.0000 -1.0000 -1.0000 -1.0000 1.9835 1.6812 4.6359 -39.2171 3.4717 0.7361 -0.0164 0.6402
Car 0.0000 0 0.0000 -1.0000 -1.0000 -1.0000 -1.0000 1.9167 1.5578 4.5024 40.8457 4.4365 0.7642 0.0028 0.5627
Car 0.0000 0 0.0000 -1.0000 -1.0000 -1.0000 -1.0000 1.9822 1.6858 4.6119 19.9214 3.2442 0.8723 3.1306 0.5474
Car 0.0000 0 0.0000 -1.0000 -1.0000 -1.0000 -1.0000 1.8952 1.5647 4.4559 -28.2948 6.1073 0.5820 -3.0922 0.5225
Car 0.0000 0 0.0000 -1.0000 -1.0000 -1.0000 -1.0000 2.0395 1.7097 4.6630 24.3405 5.7981 0.8417 -0.0099 0.5200
Car 0.0000 0 0.0000 -1.0000 -1.0000 -1.0000 -1.0000 1.8660 1.4900 4.3963 -1.5566 3.4535 0.7441 0.0186 0.4233
Car 0.0000 0 0.0000 -1.0000 -1.0000 -1.0000 -1.0000 1.8544 1.4777 4.4108 -52.0968 9.1093 0.3809 -1.7109 0.4156
Car 0.0000 0 0.0000 -1.0000 -1.0000 -1.0000 -1.0000 1.9779 1.4796 4.6077 11.2467 0.2367 0.7896 0.0128 0.3817
Car 0.0000 0 0.0000 -1.0000 -1.0000 -1.0000 -1.0000 1.9910 1.7087 4.6075 17.3756 -0.0702 0.9520 -3.1380 0.3780
Car 0.0000 0 0.0000 -1.0000 -1.0000 -1.0000 -1.0000 1.9942 1.5113 4.6202 -23.3288 0.2006 0.6985 -3.1319 0.3501
Car 0.0000 0 0.0000 -1.0000 -1.0000 -1.0000 -1.0000 1.9541 1.6229 4.5201 -37.5698 0.2616 0.7408 -3.1262 0.3192
Truck 0.0000 0 0.0000 -1.0000 -1.0000 -1.0000 -1.0000 2.9931 3.0842 10.9245 -2.7486 11.7830 1.4068 0.0226 0.6693
Truck 0.0000 0 0.0000 -1.0000 -1.0000 -1.0000 -1.0000 2.9677 3.5133 11.0378 -42.5588 12.0238 1.5042 -3.1299 0.5349
Truck 0.0000 0 0.0000 -1.0000 -1.0000 -1.0000 -1.0000 2.9900 3.3439 11.8624 -29.0261 11.4513 1.4179 -3.1334 0.3657
Tricar 0.0000 0 0.0000 -1.0000 -1.0000 -1.0000 -1.0000 1.1918 1.4936 2.8218 -25.7819 -29.6584 1.1174 -1.5881 0.3371
Cyclist 0.0000 0 0.0000 -1.0000 -1.0000 -1.0000 -1.0000 0.7838 1.5166 1.7816 -15.9600 -11.8708 0.8407 3.0731 0.6134
Cyclist 0.0000 0 0.0000 -1.0000 -1.0000 -1.0000 -1.0000 0.8014 1.5715 1.7645 -21.5238 -10.7137 0.8475 -0.0692 0.5606
Cyclist 0.0000 0 0.0000 -1.0000 -1.0000 -1.0000 -1.0000 0.7452 1.5931 1.7069 -27.0914 -12.3857 0.8819 -3.1321 0.5311
Cyclist 0.0000 0 0.0000 -1.0000 -1.0000 -1.0000 -1.0000 0.7305 1.5457 1.6618 14.0329 -11.6432 0.9202 -3.0564 0.4598
Cyclist 0.0000 0 0.0000 -1.0000 -1.0000 -1.0000 -1.0000 0.7092 1.3566 1.7534 -10.0901 -14.6589 0.9082 1.5138 0.4529
Cyclist 0.0000 0 0.0000 -1.0000 -1.0000 -1.0000 -1.0000 0.7920 1.5814 1.7391 40.7972 -12.1416 1.0217 3.1259 0.4137
Cyclist 0.0000 0 0.0000 -1.0000 -1.0000 -1.0000 -1.0000 0.7351 1.5867 1.7031 -29.5657 16.8829 0.2530 -0.0332 0.3954
Cyclist 0.0000 0 0.0000 -1.0000 -1.0000 -1.0000 -1.0000 0.7186 1.2006 1.7393 11.9045 -14.4879 0.9302 1.8426 0.3801
Cyclist 0.0000 0 0.0000 -1.0000 -1.0000 -1.0000 -1.0000 0.6865 1.1964 1.7007 14.8387 -14.3326 0.9337 -1.2671 0.3749
Cyclist 0.0000 0 0.0000 -1.0000 -1.0000 -1.0000 -1.0000 0.7084 1.5336 1.6873 -31.6167 18.8081 0.1447 0.0165 0.3631
Cyclist 0.0000 0 0.0000 -1.0000 -1.0000 -1.0000 -1.0000 0.6722 1.2021 1.6596 -13.8876 -14.1018 0.8335 1.1893 0.3416
Cyclist 0.0000 0 0.0000 -1.0000 -1.0000 -1.0000 -1.0000 0.6622 1.0864 1.6880 5.9050 -14.1890 0.8468 -1.8530 0.3186
Pedestrian 0.0000 0 0.0000 -1.0000 -1.0000 -1.0000 -1.0000 0.6923 1.6582 0.6252 31.5130 -16.5445 1.2100 0.0639 0.5400
Pedestrian 0.0000 0 0.0000 -1.0000 -1.0000 -1.0000 -1.0000 0.6959 1.6346 0.6549 27.8514 22.0440 0.3013 0.0245 0.5126
Pedestrian 0.0000 0 0.0000 -1.0000 -1.0000 -1.0000 -1.0000 0.7002 1.6400 0.6513 -11.9786 16.0443 0.2950 3.0493 0.4287
Pedestrian 0.0000 0 0.0000 -1.0000 -1.0000 -1.0000 -1.0000 0.7068 1.6315 0.6733 13.7412 22.2188 0.3077 0.0063 0.4129
Pedestrian 0.0000 0 0.0000 -1.0000 -1.0000 -1.0000 -1.0000 0.7420 1.6680 0.7401 -25.8288 20.1069 0.2020 -0.0044 0.3865
Pedestrian 0.0000 0 0.0000 -1.0000 -1.0000 -1.0000 -1.0000 0.7197 1.6716 0.6628 10.8084 21.3580 0.3715 3.0905 0.3738
Pedestrian 0.0000 0 0.0000 -1.0000 -1.0000 -1.0000 -1.0000 0.7310 1.6726 0.7377 24.6410 22.4279 0.3991 -3.1082 0.3413
Pedestrian 0.0000 0 0.0000 -1.0000 -1.0000 -1.0000 -1.0000 0.7300 1.6879 0.6907 37.3821 -16.8763 1.2286 0.0032 0.3299
Pedestrian 0.0000 0 0.0000 -1.0000 -1.0000 -1.0000 -1.0000 0.7345 1.6516 0.6955 -29.4742 16.8049 0.2627 -0.0183 0.3005
