Car 0.0000 0 0.0000 -1.0000 -1.0000 -1.0000 -1.0000 1.9561 1.4115 4.5223 1.2050 3.1053 0.6940 2.6805 0.8012
Car 0.0000 0 0.0000 -1.0000 -1.0000 -1.0000 -1.0000 2.1096 1.8964 4.7633 -18.7262 3.0098 0.9276 -0.1172 0.7222
Car 0.0000 0 0.0000 -1.0000 -1.0000 -1.0000 -1.0000 1.8853 1.6379 4.4409 -26.1363 3.1402 0.8148 3.0236 0.6624
Car 0.0000 0 0.0000 -1.0000 -1.0000 -1.0000 -1.0000 1.9106 1.5425 4.5716 16.3148 -10.8325 1.0008 -1.6720 0.6197
Car 0.0000 0 0.0000 -1.0000 -1.0000 -1.0000 -1.0000 1.9017 1.4895 4.4796 -23.2006 8.4751 0.6645 3.0787 0.5797
Car 0.0000 0 0.0000 -1.0000 -1.0000 -1.0000 -1.0000 1.9519 1.4823 4.5775 -54.0138 31.4128 0.5670 -1.7332 0.5649
Car 0.0000 0 0.0000 -1.0000 -1.0000 -1.0000 -1.0000 1.9696 1.5188 4.6691 20.3286 -3.9245 0.7940 -0.1526 0.5620
Car 0.0000 0 0.0000 -1.0000 -1.0000 -1.0000 -1.0000 1.8918 1.4463 4.5077 -51.4496 -0.8104 1.0295 -1.6701 0.5212
Car 0.0000 0 0.0000 -1.0000 -1.0000 -1.0000 -1.0000 1.9045 1.5040 4.6142 -54.3828 22.1088 0.6100 -1.6233 0.4570
Car 0.0000 0 0.0000 -1.0000 -1.0000 -1.0000 -1.0000 1.9354 1.6611 4.5522 21.6366 -11.6894 1.0934 -1.5467 0.4528
Car 0.0000 0 0.0000 -1.0000 -1.0000 -1.0000 -1.0000 2.0800 1.5817 4.6903 -9.0676 1.9280 0.7858 -0.1438 0.4485
Car 0.0000 0 0.0000 -1.0000 -1.0000 -1.0000 -1.0000 1.8823 1.4913 4.5225 -58.2337 15.4735 0.6541 -1.6261 0.4213
Car 0.0000 0 0.0000 -1.0000 -1.0000 -1.0000 -1.0000 1.8999 1.6085 4.4976 58.7715 -8.2048 0.8893 2.9610 0.3650
Car 0.0000 0 0.0000 -1.0000 -1.0000 -1.0000 -1.0000 1.9380 1.6245 4.6382 -51.8427 37.0044 0.6714 -1.7847 0.3293
Car 0.0000 0 0.0000 -1.0000 -1.0000 -1.0000 -1.0000 1.8690 1.9066 4.3597 26.2026 -4.8132 0.9860 -3.1232 0.3174
Truck 0.0000 0 0.0000 -1.0000 -1.0000 -1.0000 -1.0000 2.9734 3.0505 11.2166 -58.4355 31.9779 1.3162 -1.6281 0.4437
Cyclist 0.0000 0 0.0000 -1.0000 -1.0000 -1.0000 -1.0000 0.8096 1.5065 1.8626 -25.5168 14.5306 0.5844 3.0414 0.5738
Cyclist 0.0000 0 0.0000 -1.0000 -1.0000 -1.0000 -1.0000 0.7333 1.5159 1.7147 21.5047 -1.5355 0.7375 3.0322 0.5737
Cyclist 0.0000 0 0.0000 -1.0000 -1.0000 -1.0000 -1.0000 0.7478 1.5256 1.7149 -5.2634 -1.6897 0.7870 -0.2017 0.5201
Cyclist 0.0000 0 0.0000 -1.0000 -1.0000 -1.0000 -1.0000 0.7832 1.5841 1.7417 -42.3069 14.8720 0.7604 -0.1818 0.5091
Cyclist 0.0000 0 0.0000 -1.0000 -1.0000 -1.0000 -1.0000 0.7839 1.4731 1.7850 -23.6377 -0.7478 0.7962 -0.1165 0.5001
Cyclist 0.0000 0 0.0000 -1.0000 -1.0000 -1.0000 -1.0000 0.7876 1.5841 1.7646 45.3406 -3.0574 0.7311 3.0289 0.4716
Cyclist 0.0000 0 0.0000 -1.0000 -1.0000 -1.0000 -1.0000 0.7565 1.5346 1.7616 46.1863 1.9696 0.5863 3.0006 0.4562
Cyclist 0.0000 0 0.0000 -1.0000 -1.0000 -1.0000 -1.0000 0.7480 1.3354 1.7483 -21.7191 -3.5423 0.8271 -0.2117 0.4293
Cyclist 0.0000 0 0.0000 -1.0000 -1.0000 -1.0000 -1.0000 0.8430 1.5639 1.8240 -21.2960 0.4803 0.8144 -0.1442 0.4152
Cyclist 0.0000 0 0.0000 -1.0000 -1.0000 -1.0000 -1.0000 0.7209 1.2512 1.7852 1.0751 -8.3770 0.7529 -1.7204 0.3676
Cyclist 0.0000 0 0.0000 -1.0000 -1.0000 -1.0000 -1.0000 0.7201 1.5253 1.6821 49.8410 -5.3086 0.7279 3.0877 0.3561
Cyclist 0.0000 0 0.0000 -1.0000 -1.0000 -1.0000 -1.0000 0.7617 1.5848 1.7112 -39.0398 -0.2299 0.9064 1.1559 0.3518
Cyclist 0.0000 0 0.0000 -1.0000 -1.0000 -1.0000 -1.0000 0.6353 1.1306 1.6494 7.5028 -10.6519 0.7606 -1.7879 0.3224
Pedestrian 0.0000 0 0.0000 -1.0000 -1.0000 -1.0000 -1.0000 0.7049 1.7125 0.6716 -12.6836 -3.0646 1.0379 3.0067 0.6177
Pedestrian 0.0000 0 0.0000 -1.0000 -1.0000 -1.0000 -1.0000 0.6873 1.6478 0.6336 4.5954 -6.1769 0.8797 2.8266 0.6072
Pedestrian 0.0000 0 0.0000 -1.0000 -1.0000 -1.0000 -1.0000 0.6954 1.6538 0.6582 -2.7413 14.8854 0.7409 3.0894 0.5326
Pedestrian 0.0000 0 0.0000 -1.0000 -1.0000 -1.0000 -1.0000 0.6983 1.7008 0.6258 12.5314 -6.6167 1.0242 -0.1666 0.4863
Pedestrian 0.0000 0 0.0000 -1.0000 -1.0000 -1.0000 -1.0000 0.6902 1.6514 0.6325 -33.0153 -1.4741 0.9208 3.1336 0.4782
Pedestrian 0.0000 0 0.0000 -1.0000 -1.0000 -1.0000 -1.0000 0.6845 1.7024 0.6117 18.5779 -6.9994 1.0610 3.0045 0.4514
Pedestrian 0.0000 0 0.0000 -1.0000 -1.0000 -1.0000 -1.0000 0.6840 1.6680 0.5920 29.1217 -8.6083 1.0015 3.0470 0.3990
Pedestrian 0.0000 0 0.0000 -1.0000 -1.0000 -1.0000 -1.0000 0.7031 1.6976 0.6165 60.3540 3.2197 0.6952 2.9398 0.3015
