Car 0.0000 0 0.0000 -1.0000 -1.0000 -1.0000 -1.0000 1.9353 1.4555 4.5188 -3.2859 -5.2877 0.7333 0.0093 0.7516
Car 0.0000 0 0.0000 -1.0000 -1.0000 -1.0000 -1.0000 1.9646 1.5315 4.5675 52.7573 6.1717 0.8585 3.1244 0.6914
Car 0.0000 0 0.0000 -1.0000 -1.0000 -1.0000 -1.0000 2.0938 1.7746 4.8194 -12.7498 -0.2428 0.8523 0.0329 0.6907
Car 0.0000 0 0.0000 -1.0000 -1.0000 -1.0000 -1.0000 1.8928 1.4430 4.4176 13.9325 6.3463 0.7281 0.0370 0.6907
Car 0.0000 0 0.0000 -1.0000 -1.0000 -1.0000 -1.0000 1.9568 1.5085 4.5154 44.5111 10.9128 0.7889 -0.1707 0.6599
Car 0.0000 0 0.0000 -1.0000 -1.0000 -1.0000 -1.0000 1.9564 1.5499 4.5710 -17.3884 3.3509 0.7254 -3.1065 0.6298
Car 0.0000 0 0.0000 -1.0000 -1.0000 -1.0000 -1.0000 2.0015 1.5555 4.6180 3.6940 6.4397 0.7242 3.1314 0.6256
Car 0.0000 0 0.0000 -1.0000 -1.0000 -1.0000 -1.0000 1.9129 1.4655 4.3975 7.1762 -0.2259 0.8253 3.1257 0.6235
Car 0.0000 0 0.0000 -1.0000 -1.0000 -1.0000 -1.0000 1.9390 1.5245 4.5249 -10.4716 3.2787 0.7344 0.0139 0.6195
Car 0.0000 0 0.0000 -1.0000 -1.0000 -1.0000 -1.0000 1.9795 1.5775 4.5884 48.8662 3.4325 0.9689 -0.0013 0.6046
Car 0.0000 0 0.0000 -1.0000 -1.0000 -1.0000 -1.0000 1.9997 1.9154 4.7054 -17.6111 6.3962 0.8456 3.1347 0.6018
Car 0.0000 0 0.0000 -1.0000 -1.0000 -1.0000 -1.0000 2.0253 1.7672 4.6039 -7.4871 6.3731 0.8177 -0.0021 0.5991
Car 0.0000 0 0.0000 -1.0000 -1.0000 -1.0000 -1.0000 1.9120 1.4715 4.5301 -36.8748 9.9942 0.4020 -3.0662 0.5859
Car 0.0000 0 0.0000 -1.0000 -1.0000 -1.0000 -1.0000 1.9598 1.5930 4.6925 1.2847 28.0158 0.6197 -1.6185 0.5843
Car 0.0000 0 0.0000 -1.0000 -1.0000 -1.0000 -1.0000 2.0365 1.4980 4.6192 -11.3231 -5.2998 0.7604 -3.1256 0.5698
Car 0.0000 0 0.0000 -1.0000 -1.0000 -1.0000 -1.0000 1.9037 1.6044 4.5249 -38.6756 3.0807 0.5661 0.0332 0.4824
Car 0.0000 0 0.0000 -1.0000 -1.0000 -1.0000 -1.0000 2.0009 1.4961 4.6603 -18.2219 -5.8707 0.7236 -3.1175 0.4811
Car 0.0000 0 0.0000 -1.0000 -1.0000 -1.0000 -1.0000 1.9334 1.5113 4.5766 -31.0130 3.1850 0.5616 -3.1260 0.4628
Car 0.0000 0 0.0000 -1.0000 -1.0000 -1.0000 -1.0000 1.9711 1.4857 4.6149 18.0869 0.0935 0.8929 0.0089 0.4624
Car 0.0000 0 0.0000 -1.0000 -1.0000 -1.0000 -1.0000 1.9240 1.7033 4.5147 24.6729 -0.4615 1.0707 3.1099 0.4605
Car 0.0000 0 0.0000 -1.0000 -1.0000 -1.0000 -1.0000 1.8853 1.7109 4.3846 -24.3404 3.5704 0.8093 3.1310 0.4280
Car 0.0000 0 0.0000 -1.0000 -1.0000 -1.0000 -1.0000 1.9521 1.5488 4.6601 -66.1258 21.5676 0.3021 -3.0757 0.4042
Car 0.0000 0 0.0000 -1.0000 -1.0000 -1.0000 -1.0000 1.8629 1.5354 4.4719 -45.2236 2.6442 0.6352 -3.0861 0.3629
Car 0.0000 0 0.0000 -1.0000 -1.0000 -1.0000 -1.0000 1.9685 1.8489 4.6066 3.3566 3.5110 0.9615 3.1344 0.3509
Car 0.0000 0 0.0000 -1.0000 -1.0000 -1.0000 -1.0000 1.8371 1.5382 4.4907 59.6113 8.9076 0.6802 0.1467 0.3462
Car 0.0000 0 0.0000 -1.0000 -1.0000 -1.0000 -1.0000 1.8946 1.4377 4.4850 -13.8753 8.9292 0.4905 3.1097 0.3401
Car 0.0000 0 0.0000 -1.0000 -1.0000 -1.0000 -1.0000 1.9144 1.7299 4.6626 61.9326 2.5920 1.1382 0.1054 0.3081
Car 0.0000 0 0.0000 -1.0000 -1.0000 -1.0000 -1.0000 1.9048 1.5632 4.5011 -26.1187 8.4259 0.6434 -0.0576 0.3074
Truck 0.0000 0 0.0000 -1.0000 -1.0000 -1.0000 -1.0000 2.8821 3.2373 11.6981 10.8388 -5.3770 1.7967 0.0186 0.6588
Truck 0.0000 0 0.0000 -1.0000 -1.0000 -1.0000 -1.0000 3.0320 3.2558 12.2608 16.3548 12.1173 1.6281 -3.1258 0.6203
Truck 0.0000 0 0.0000 -1.0000 -1.0000 -1.0000 -1.0000 2.8637 3.1504 10.1971 3.7851 11.9304 1.5509 -0.0170 0.4430
Truck 0.0000 0 0.0000 -1.0000 -1.0000 -1.0000 -1.0000 2.7117 2.7857 8.5057 73.8975 11.0651 1.5306 -3.1289 0.3992
Cyclist 0.0000 0 0.0000 -1.0000 -1.0000 -1.0000 -1.0000 0.6829 1.2454 1.7093 8.7585 -14.1849 0.8685 1.3020 0.5104
Cyclist 0.0000 0 0.0000 -1.0000 -1.0000 -1.0000 -1.0000 0.7526 1.5715 1.7006 -30.9524 -12.3412 0.7337 -3.0691 0.4675
Cyclist 0.0000 0 0.0000 -1.0000 -1.0000 -1.0000 -1.0000 0.6721 1.2505 1.7154 12.1811 -14.0392 0.8691 1.6832 0.3853
Cyclist 0.0000 0 0.0000 -1.0000 -1.0000 -1.0000 -1.0000 0.7159 1.5564 1.6621 -53.2346 -12.3931 0.6447 0.1306 0.3791
Cyclist 0.0000 0 0.0000 -1.0000 -1.0000 -1.0000 -1.0000 0.7061 1.1551 1.7804 -4.8819 20.2802 0.2313 1.5414 0.3323
Cyclist 0.0000 0 0.0000 -1.0000 -1.0000 -1.0000 -1.0000 0.7339 1.5207 1.7585 52.9670 15.4207 0.6817 1.5983 0.3144
Pedestrian 0.0000 0 0.0000 -1.0000 -1.0000 -1.0000 -1.0000 0.7110 1.7028 0.6743 -23.6744 -18.3888 1.0184 -2.9804 0.6064
Pedestrian 0.0000 0 0.0000 -1.0000 -1.0000 -1.0000 -1.0000 0.6868 1.6485 0.6069 -8.8085 23.3054 0.5086 -2.9489 0.4554
Pedestrian 0.0000 0 0.0000 -1.0000 -1.0000 -1.0000 -1.0000 0.6920 1.6777 0.6220 -46.7827 25.6205 0.6413 -0.0755 0.4297
Pedestrian 0.0000 0 0.0000 -1.0000 -1.0000 -1.0000 -1.0000 0.6990 1.6707 0.6436 40.7992 -4.2560 1.1884 3.1332 0.3717
Pedestrian 0.0000 0 0.0000 -1.0000 -1.0000 -1.0000 -1.0000 0.7297 1.6554 0.7495 -11.7084 -16.3342 1.0374 0.0339 0.3595
Pedestrian 0.0000 0 0.0000 -1.0000 -1.0000 -1.0000 -1.0000 0.6759 1.6429 0.6024 -29.1821 18.3140 0.3293 -0.0225 0.3154
