Car 0.0000 0 0.0000 -1.0000 -1.0000 -1.0000 -1.0000 2.0434 1.6478 4.6363 -16.5166 -3.0331 0.8362 3.1232 0.8344
Car 0.0000 0 0.0000 -1.0000 -1.0000 -1.0000 -1.0000 1.9453 1.4482 4.5076 -12.8877 -10.1191 0.7715 3.1410 0.7548
Car 0.0000 0 0.0000 -1.0000 -1.0000 -1.0000 -1.0000 1.9119 1.4953 4.4265 27.0160 2.7383 0.7746 0.1562 0.7510
Car 0.0000 0 0.0000 -1.0000 -1.0000 -1.0000 -1.0000 2.0971 1.7250 4.8560 -74.9663 -0.8489 0.7241 -3.1260 0.7251
Car 0.0000 0 0.0000 -1.0000 -1.0000 -1.0000 -1.0000 1.9493 1.4697 4.5199 -0.4651 -3.0977 0.7774 -0.0032 0.7164
Car 0.0000 0 0.0000 -1.0000 -1.0000 -1.0000 -1.0000 2.0326 1.6530 4.6684 -33.2737 -9.9452 0.8257 -0.0179 0.6900
Car 0.0000 0 0.0000 -1.0000 -1.0000 -1.0000 -1.0000 1.9525 1.4553 4.4770 3.0047 -5.9043 0.7872 -3.1350 0.6466
Car 0.0000 0 0.0000 -1.0000 -1.0000 -1.0000 -1.0000 1.9965 1.7078 4.5736 4.1271 11.7176 0.4734 -3.1223 0.6446
Car 0.0000 0 0.0000 -1.0000 -1.0000 -1.0000 -1.0000 2.0070 1.6091 4.6133 27.3992 11.5869 0.5096 -0.0038 0.6360
Car 0.0000 0 0.0000 -1.0000 -1.0000 -1.0000 -1.0000 2.0765 1.5173 4.7061 16.8530 -9.7190 0.8111 -3.1321 0.6191
Car 0.0000 0 0.0000 -1.0000 -1.0000 -1.0000 -1.0000 1.9753 1.7831 4.5811 11.1858 0.1697 0.9489 -3.1276 0.5649
Car 0.0000 0 0.0000 -1.0000 -1.0000 -1.0000 -1.0000 2.0395 1.7338 4.6838 -49.5595 -6.5546 0.8012 0.0229 0.5639
Car 0.0000 0 0.0000 -1.0000 -1.0000 -1.0000 -1.0000 1.9602 1.4350 4.5480 -22.8891 -6.1578 0.7255 0.0001 0.5092
Car 0.0000 0 0.0000 -1.0000 -1.0000 -1.0000 -1.0000 2.0141 1.5096 4.5854 43.8403 -5.4994 0.8776 0.0879 0.5024
Car 0.0000 0 0.0000 -1.0000 -1.0000 -1.0000 -1.0000 2.0062 1.7276 4.6865 -70.4393 12.9564 0.3384 -0.0062 0.4624
Car 0.0000 0 0.0000 -1.0000 -1.0000 -1.0000 -1.0000 1.9109 1.5166 4.5093 -36.6037 -6.6793 0.7347 0.0214 0.4543
Car 0.0000 0 0.0000 -1.0000 -1.0000 -1.0000 -1.0000 1.9131 1.7459 4.4011 3.5543 -10.0205 0.9343 -0.0116 0.4370
Car 0.0000 0 0.0000 -1.0000 -1.0000 -1.0000 -1.0000 1.9543 1.8683 4.6036 -54.5418 -9.9834 0.8211 3.1367 0.4317
Car 0.0000 0 0.0000 -1.0000 -1.0000 -1.0000 -1.0000 1.9247 1.5191 4.5411 79.1696 -4.0275 0.9500 3.1103 0.3894
Car 0.0000 0 0.0000 -1.0000 -1.0000 -1.0000 -1.0000 1.9392 1.5363 4.5071 60.8026 -9.2677 0.7757 0.0261 0.3797
Car 0.0000 0 0.0000 -1.0000 -1.0000 -1.0000 -1.0000 2.0310 1.9687 4.8022 -79.3131 15.4982 0.2491 -0.0478 0.3378
Truck 0.0000 0 0.0000 -1.0000 -1.0000 -1.0000 -1.0000 2.4125 2.7025 6.1320 -20.9946 8.0767 1.1059 -3.0956 0.4660
