Car 0.0000 0 0.0000 -1.0000 -1.0000 -1.0000 -1.0000 1.9562 1.4609 4.5255 -4.4489 4.3687 0.7348 3.0785 0.7980
Car 0.0000 0 0.0000 -1.0000 -1.0000 -1.0000 -1.0000 2.0421 1.5021 4.6395 7.2990 0.6893 0.8394 2.7469 0.7862
Car 0.0000 0 0.0000 -1.0000 -1.0000 -1.0000 -1.0000 2.0023 1.8632 4.5241 8.6609 -4.3806 1.0995 -0.3843 0.7475
Car 0.0000 0 0.0000 -1.0000 -1.0000 -1.0000 -1.0000 1.9146 1.4656 4.4504 23.6010 -5.4147 0.9525 2.5280 0.7330
Car 0.0000 0 0.0000 -1.0000 -1.0000 -1.0000 -1.0000 2.0218 1.6380 4.6520 -14.9951 3.0047 0.8190 -2.7918 0.7264
Car 0.0000 0 0.0000 -1.0000 -1.0000 -1.0000 -1.0000 1.9646 1.4744 4.6036 -23.0444 -8.6076 0.7242 -2.1644 0.6325
Car 0.0000 0 0.0000 -1.0000 -1.0000 -1.0000 -1.0000 1.9233 1.4834 4.4956 18.2977 -1.7052 0.8642 2.5467 0.6119
Car 0.0000 0 0.0000 -1.0000 -1.0000 -1.0000 -1.0000 1.9357 1.5633 4.6127 46.2293 -35.6324 1.6395 -0.6911 0.5605
Car 0.0000 0 0.0000 -1.0000 -1.0000 -1.0000 -1.0000 1.9657 1.4848 4.6081 -27.5048 -15.1213 0.7420 -2.1494 0.5186
Car 0.0000 0 0.0000 -1.0000 -1.0000 -1.0000 -1.0000 1.9413 1.6519 4.6468 39.2942 -19.8691 1.7117 2.5528 0.4964
Car 0.0000 0 0.0000 -1.0000 -1.0000 -1.0000 -1.0000 1.9406 1.7378 4.5298 28.7118 -9.2215 1.2783 2.5728 0.4849
Car 0.0000 0 0.0000 -1.0000 -1.0000 -1.0000 -1.0000 1.9285 1.5210 4.5310 23.7489 1.6353 0.8051 2.5048 0.4286
Car 0.0000 0 0.0000 -1.0000 -1.0000 -1.0000 -1.0000 1.9056 1.4890 4.5101 24.6988 14.3872 0.6046 0.0248 0.4269
Car 0.0000 0 0.0000 -1.0000 -1.0000 -1.0000 -1.0000 1.8761 1.5114 4.5157 43.3656 -25.2511 1.5640 2.5794 0.4200
Car 0.0000 0 0.0000 -1.0000 -1.0000 -1.0000 -1.0000 1.8574 1.7141 4.3918 -37.4936 -10.2723 0.7571 -1.2341 0.3984
Car 0.0000 0 0.0000 -1.0000 -1.0000 -1.0000 -1.0000 1.8988 1.4739 4.4738 23.8573 27.2497 0.3694 -2.3311 0.3971
Car 0.0000 0 0.0000 -1.0000 -1.0000 -1.0000 -1.0000 1.8921 1.4979 4.5466 28.2289 -1.3726 0.8183 2.5605 0.3393
Car 0.0000 0 0.0000 -1.0000 -1.0000 -1.0000 -1.0000 1.8933 1.7111 4.5928 -50.6610 -32.0442 1.0082 -0.3662 0.3193
Truck 0.0000 0 0.0000 -1.0000 -1.0000 -1.0000 -1.0000 2.8930 3.2855 12.0434 36.5791 -6.5254 2.1352 2.5121 0.6147
Cyclist 0.0000 0 0.0000 -1.0000 -1.0000 -1.0000 -1.0000 0.7292 1.5626 1.6894 -6.1911 16.1256 0.6912 -2.6768 0.6562
Cyclist 0.0000 0 0.0000 -1.0000 -1.0000 -1.0000 -1.0000 0.7375 1.5229 1.7165 -34.7145 16.0490 0.8195 -0.6507 0.6123
Cyclist 0.0000 0 0.0000 -1.0000 -1.0000 -1.0000 -1.0000 0.7814 1.6066 1.7216 16.0438 12.4564 0.6728 2.6388 0.5858
Cyclist 0.0000 0 0.0000 -1.0000 -1.0000 -1.0000 -1.0000 0.7576 1.5386 1.7221 1.2841 -10.7261 0.8090 -0.3176 0.5568
Cyclist 0.0000 0 0.0000 -1.0000 -1.0000 -1.0000 -1.0000 0.7664 1.5128 1.7757 15.6597 18.8391 0.3814 0.8267 0.5467
Cyclist 0.0000 0 0.0000 -1.0000 -1.0000 -1.0000 -1.0000 0.7690 1.5508 1.7539 -6.5792 30.7815 0.3233 -1.0549 0.5336
Cyclist 0.0000 0 0.0000 -1.0000 -1.0000 -1.0000 -1.0000 0.7951 1.5610 1.7376 -14.0925 -9.9655 0.7652 -2.0952 0.5278
Cyclist 0.0000 0 0.0000 -1.0000 -1.0000 -1.0000 -1.0000 0.7199 1.4900 1.7150 -16.5364 35.8108 0.4177 2.5070 0.5249
Cyclist 0.0000 0 0.0000 -1.0000 -1.0000 -1.0000 -1.0000 0.7460 1.5174 1.7242 23.3780 -25.8615 1.2591 -0.6155 0.4819
Cyclist 0.0000 0 0.0000 -1.0000 -1.0000 -1.0000 -1.0000 0.7604 1.5224 1.7560 -9.9524 32.2579 0.3730 2.4899 0.4589
Cyclist 0.0000 0 0.0000 -1.0000 -1.0000 -1.0000 -1.0000 0.7694 1.5097 1.7493 -16.4534 -10.5754 0.7267 0.9663 0.4523
Cyclist 0.0000 0 0.0000 -1.0000 -1.0000 -1.0000 -1.0000 0.7189 1.3165 1.6939 -5.1909 -9.9765 0.6367 -3.0500 0.4330
Cyclist 0.0000 0 0.0000 -1.0000 -1.0000 -1.0000 -1.0000 0.7487 1.5453 1.7571 -21.7305 39.7118 0.4673 2.5763 0.4257
Cyclist 0.0000 0 0.0000 -1.0000 -1.0000 -1.0000 -1.0000 0.7556 1.5556 1.7183 -15.3295 -13.5067 0.7010 -2.5866 0.4092
Cyclist 0.0000 0 0.0000 -1.0000 -1.0000 -1.0000 -1.0000 0.7375 1.5177 1.7470 -19.9447 39.1987 0.4528 -0.6213 0.3720
Cyclist 0.0000 0 0.0000 -1.0000 -1.0000 -1.0000 -1.0000 0.7533 1.5576 1.7383 -50.7794 27.6793 0.9273 -0.6741 0.3507
Cyclist 0.0000 0 0.0000 -1.0000 -1.0000 -1.0000 -1.0000 0.7312 1.5312 1.6852 -5.7700 -13.2707 0.7742 0.0882 0.3460
Cyclist 0.0000 0 0.0000 -1.0000 -1.0000 -1.0000 -1.0000 0.6756 1.2946 1.7063 0.4562 -17.6563 0.9648 1.3862 0.3460
Cyclist 0.0000 0 0.0000 -1.0000 -1.0000 -1.0000 -1.0000 0.6869 1.3706 1.6441 -2.7190 -9.8493 0.6649 -0.0088 0.3414
Cyclist 0.0000 0 0.0000 -1.0000 -1.0000 -1.0000 -1.0000 0.7663 1.6096 1.7079 -38.0028 -32.7469 0.9448 -2.4735 0.3261
Pedestrian 0.0000 0 0.0000 -1.0000 -1.0000 -1.0000 -1.0000 0.6805 1.6709 0.6199 -2.6180 -8.5080 0.8611 3.0954 0.6052
Pedestrian 0.0000 0 0.0000 -1.0000 -1.0000 -1.0000 -1.0000 0.6775 1.6570 0.6151 12.6651 18.1660 0.5257 -2.3805 0.5947
Pedestrian 0.0000 0 0.0000 -1.0000 -1.0000 -1.0000 -1.0000 0.6701 1.6066 0.5966 -0.6391 -12.7620 0.8935 2.9114 0.4590
Pedestrian 0.0000 0 0.0000 -1.0000 -1.0000 -1.0000 -1.0000 0.6914 1.6664 0.6279 11.0689 17.7044 0.5718 -2.8810 0.4062
Pedestrian 0.0000 0 0.0000 -1.0000 -1.0000 -1.0000 -1.0000 0.6866 1.6501 0.6205 21.3976 12.9919 0.7873 2.8796 0.3291
Pedestrian 0.0000 0 0.0000 -1.0000 -1.0000 -1.0000 -1.0000 0.6694 1.6054 0.5813 -4.7181 -8.7362 0.7906 -3.0411 0.3161
