Car 0.0000 0 0.0000 -1.0000 -1.0000 -1.0000 -1.0000 2.0243 1.4462 4.5821 31.9930 -5.3026 0.8056 -0.0007 0.8085
Car 0.0000 0 0.0000 -1.0000 -1.0000 -1.0000 -1.0000 2.0248 1.7086 4.5429 7.9851 -3.2462 0.9218 -3.0974 0.7899
Car 0.0000 0 0.0000 -1.0000 -1.0000 -1.0000 -1.0000 2.0509 1.6572 4.6665 -41.1153 -4.2308 0.8093 -0.0234 0.7605
Car 0.0000 0 0.0000 -1.0000 -1.0000 -1.0000 -1.0000 1.9762 1.6777 4.5606 -50.2071 10.8140 0.6143 -3.1232 0.7539
Car 0.0000 0 0.0000 -1.0000 -1.0000 -1.0000 -1.0000 1.9120 1.4730 4.4996 -64.5165 10.9628 0.4516 -3.1318 0.6268
Car 0.0000 0 0.0000 -1.0000 -1.0000 -1.0000 -1.0000 1.9409 1.7043 4.6354 41.2200 -33.8296 1.3454 1.6067 0.5816
Car 0.0000 0 0.0000 -1.0000 -1.0000 -1.0000 -1.0000 1.9898 1.7546 4.8294 10.5715 -31.8234 1.4023 1.4521 0.5778
Car 0.0000 0 0.0000 -1.0000 -1.0000 -1.0000 -1.0000 1.9332 1.5275 4.6665 45.0106 -33.6165 1.2282 1.6914 0.5419
Car 0.0000 0 0.0000 -1.0000 -1.0000 -1.0000 -1.0000 1.9408 1.5305 4.7036 37.2974 -33.0273 1.1586 1.6046 0.3631
Car 0.0000 0 0.0000 -1.0000 -1.0000 -1.0000 -1.0000 1.9899 1.9569 4.8473 5.3497 -31.5278 1.4514 1.4972 0.3602
Car 0.0000 0 0.0000 -1.0000 -1.0000 -1.0000 -1.0000 1.8930 1.5401 4.6073 49.2879 -33.3662 1.2329 1.6359 0.3596
Car 0.0000 0 0.0000 -1.0000 -1.0000 -1.0000 -1.0000 1.8976 1.5738 4.5718 -2.9548 -31.5888 1.1293 1.5922 0.3499
Car 0.0000 0 0.0000 -1.0000 -1.0000 -1.0000 -1.0000 1.9412 1.5431 4.6302 35.1810 -32.2638 1.1514 -1.4576 0.3433
Car 0.0000 0 0.0000 -1.0000 -1.0000 -1.0000 -1.0000 1.9123 1.7470 4.5961 30.9267 -32.2356 1.2457 1.5886 0.3295
Car 0.0000 0 0.0000 -1.0000 -1.0000 -1.0000 -1.0000 2.0374 1.8625 4.7256 59.4853 -0.0778 1.1203 -3.1121 0.3110
Car 0.0000 0 0.0000 -1.0000 -1.0000 -1.0000 -1.0000 1.9086 1.5125 4.6762 52.4559 -33.0865 1.2019 1.6863 0.3058
Car 0.0000 0 0.0000 -1.0000 -1.0000 -1.0000 -1.0000 1.9051 1.5376 4.6412 25.7654 -33.0552 1.0473 1.5740 0.3048
Car 0.0000 0 0.0000 -1.0000 -1.0000 -1.0000 -1.0000 1.8944 1.5325 4.6071 -0.8033 -31.8093 1.0508 1.6113 0.3006
Truck 0.0000 0 0.0000 -1.0000 -1.0000 -1.0000 -1.0000 2.9377 3.4814 8.5278 44.2911 -3.0439 1.8653 0.0622 0.6415
Tricar 0.0000 0 0.0000 -1.0000 -1.0000 -1.0000 -1.0000 1.1868 1.7443 2.6361 31.3897 20.9363 0.4766 3.0701 0.3212
Tricar 0.0000 0 0.0000 -1.0000 -1.0000 -1.0000 -1.0000 1.3498 1.6485 3.0215 -57.6178 21.5901 0.3042 -3.1199 0.3101
Cyclist 0.0000 0 0.0000 -1.0000 -1.0000 -1.0000 -1.0000 0.7401 1.5855 1.6937 -6.8828 -15.4936 0.7528 -0.0243 0.3737
Cyclist 0.0000 0 0.0000 -1.0000 -1.0000 -1.0000 -1.0000 0.7444 1.5369 1.7374 -61.6743 -10.6585 0.7185 -1.8106 0.3683
