Car 0.0000 0 0.0000 -1.0000 -1.0000 -1.0000 -1.0000 1.9913 1.4252 4.5539 -27.2381 -2.8250 0.7431 -0.0136 0.7752
Car 0.0000 0 0.0000 -1.0000 -1.0000 -1.0000 -1.0000 1.9790 1.4611 4.5844 20.3939 -2.3308 0.5652 0.0519 0.7607
Car 0.0000 0 0.0000 -1.0000 -1.0000 -1.0000 -1.0000 2.0249 1.6341 4.6464 -58.0002 -3.1842 0.6958 -0.0038 0.7233
Car 0.0000 0 0.0000 -1.0000 -1.0000 -1.0000 -1.0000 1.9635 1.5666 4.5111 -42.4590 -0.3842 0.7109 3.1394 0.6650
Car 0.0000 0 0.0000 -1.0000 -1.0000 -1.0000 -1.0000 1.9279 1.4831 4.5495 4.4070 -16.0953 0.6527 -2.8745 0.6262
Car 0.0000 0 0.0000 -1.0000 -1.0000 -1.0000 -1.0000 1.9385 1.5490 4.5803 44.4271 0.2911 0.3092 0.0091 0.6141
Car 0.0000 0 0.0000 -1.0000 -1.0000 -1.0000 -1.0000 1.9140 1.6313 4.5754 5.2235 -20.3535 0.7827 -2.9912 0.3097
Truck 0.0000 0 0.0000 -1.0000 -1.0000 -1.0000 -1.0000 2.9791 3.4973 8.7953 63.5487 -2.7054 1.1399 -3.0981 0.6562
Truck 0.0000 0 0.0000 -1.0000 -1.0000 -1.0000 -1.0000 2.8301 3.1007 9.5943 22.7370 14.3446 1.1121 -3.1408 0.4653
Tricar 0.0000 0 0.0000 -1.0000 -1.0000 -1.0000 -1.0000 1.2132 1.6696 2.6370 -25.2886 21.1678 0.4879 3.1062 0.3156
Cyclist 0.0000 0 0.0000 -1.0000 -1.0000 -1.0000 -1.0000 0.7666 1.5797 1.7243 -27.7072 -10.0700 0.7547 -0.0093 0.4272
Cyclist 0.0000 0 0.0000 -1.0000 -1.0000 -1.0000 -1.0000 0.7638 1.5718 1.7153 -47.4070 -10.3133 0.6982 0.0589 0.4100
