Car 0.0000 0 0.0000 -1.0000 -1.0000 -1.0000 -1.0000 2.0472 1.5046 4.6331 -8.0671 -3.0149 0.7592 0.0049 0.8449
Car 0.0000 0 0.0000 -1.0000 -1.0000 -1.0000 -1.0000 1.9574 1.4465 4.4730 -32.9412 -2.6163 0.5563 -0.0423 0.7823
Car 0.0000 0 0.0000 -1.0000 -1.0000 -1.0000 -1.0000 2.0035 1.5187 4.5410 4.1888 7.1040 0.6724 -3.1270 0.7701
Car 0.0000 0 0.0000 -1.0000 -1.0000 -1.0000 -1.0000 2.0200 1.6428 4.6316 -48.5665 -2.2013 0.4190 -0.0148 0.7003
Car 0.0000 0 0.0000 -1.0000 -1.0000 -1.0000 -1.0000 1.9337 1.5718 4.5372 3.1142 13.6601 0.4927 3.1405 0.6223
Car 0.0000 0 0.0000 -1.0000 -1.0000 -1.0000 -1.0000 2.0193 1.5845 4.6392 -60.8301 4.8742 0.0236 -0.0403 0.6207
Car 0.0000 0 0.0000 -1.0000 -1.0000 -1.0000 -1.0000 1.9368 1.5027 4.5693 -33.1357 13.7959 0.3259 0.0278 0.5570
Car 0.0000 0 0.0000 -1.0000 -1.0000 -1.0000 -1.0000 1.9672 1.5807 4.6627 11.0021 16.6710 0.3983 3.1273 0.5146
Car 0.0000 0 0.0000 -1.0000 -1.0000 -1.0000 -1.0000 1.9235 1.5555 4.5431 -11.1640 14.0412 0.4879 3.0864 0.4852
Car 0.0000 0 0.0000 -1.0000 -1.0000 -1.0000 -1.0000 1.9297 1.7315 4.5855 41.7042 13.5904 0.3122 3.1163 0.4846
Car 0.0000 0 0.0000 -1.0000 -1.0000 -1.0000 -1.0000 1.9070 1.5534 4.4734 -10.2495 16.9783 0.3823 -0.0522 0.4795
Car 0.0000 0 0.0000 -1.0000 -1.0000 -1.0000 -1.0000 2.1527 1.9538 4.8749 -15.1825 4.1937 0.9366 -0.0007 0.4674
Car 0.0000 0 0.0000 -1.0000 -1.0000 -1.0000 -1.0000 1.9297 1.6556 4.4734 -36.5038 7.5375 0.5371 3.1083 0.4497
Car 0.0000 0 0.0000 -1.0000 -1.0000 -1.0000 -1.0000 1.8649 1.5632 4.4699 13.8077 13.6899 0.3634 0.0137 0.4429
Car 0.0000 0 0.0000 -1.0000 -1.0000 -1.0000 -1.0000 2.1939 2.3712 5.1550 50.7298 2.8201 0.5589 3.1090 0.4376
Car 0.0000 0 0.0000 -1.0000 -1.0000 -1.0000 -1.0000 1.9813 1.8165 4.7879 56.4460 13.5687 0.1310 0.0143 0.4343
Car 0.0000 0 0.0000 -1.0000 -1.0000 -1.0000 -1.0000 1.9634 1.6184 4.5900 3.6179 16.8019 0.4287 0.0003 0.4325
Car 0.0000 0 0.0000 -1.0000 -1.0000 -1.0000 -1.0000 1.8946 1.5777 4.5507 -26.4093 13.7199 0.5010 3.1344 0.4290
Car 0.0000 0 0.0000 -1.0000 -1.0000 -1.0000 -1.0000 1.8735 1.4814 4.4961 0.8095 19.8977 0.0703 -3.1229 0.4248
Car 0.0000 0 0.0000 -1.0000 -1.0000 -1.0000 -1.0000 1.9644 1.9366 4.6365 -3.9803 13.0571 0.7822 3.1019 0.4235
Car 0.0000 0 0.0000 -1.0000 -1.0000 -1.0000 -1.0000 1.9523 1.5964 4.6303 -28.9261 16.5327 0.4464 3.1287 0.4004
Car 0.0000 0 0.0000 -1.0000 -1.0000 -1.0000 -1.0000 1.9690 1.5521 4.6016 24.9323 17.2024 0.2612 3.1096 0.4002
Car 0.0000 0 0.0000 -1.0000 -1.0000 -1.0000 -1.0000 2.0199 1.9950 4.8037 69.1492 6.7435 -0.0885 0.0052 0.3957
Car 0.0000 0 0.0000 -1.0000 -1.0000 -1.0000 -1.0000 2.0021 1.5992 4.7600 65.2431 17.4779 -0.3570 3.1415 0.3489
Car 0.0000 0 0.0000 -1.0000 -1.0000 -1.0000 -1.0000 1.9078 1.7205 4.6228 69.2725 13.9403 -0.2325 0.0046 0.3395
Car 0.0000 0 0.0000 -1.0000 -1.0000 -1.0000 -1.0000 1.9156 1.5362 4.5021 28.1418 13.3052 0.3564 3.1223 0.3179
Truck 0.0000 0 0.0000 -1.0000 -1.0000 -1.0000 -1.0000 2.1475 2.2287 5.5128 50.9715 2.7906 0.5165 3.1408 0.3067
