Car 0.0000 0 0.0000 -1.0000 -1.0000 -1.0000 -1.0000 2.0154 1.4388 4.5985 -19.6446 -4.2468 0.8569 0.5111 0.7781
Car 0.0000 0 0.0000 -1.0000 -1.0000 -1.0000 -1.0000 1.9346 1.4536 4.4962 9.9915 13.2179 0.6399 3.1308 0.6155
Car 0.0000 0 0.0000 -1.0000 -1.0000 -1.0000 -1.0000 1.9910 1.8276 4.7059 -35.0350 -13.0254 1.3423 1.5007 0.6040
Car 0.0000 0 0.0000 -1.0000 -1.0000 -1.0000 -1.0000 1.8673 1.4939 4.4113 16.0905 16.2091 0.6522 3.1122 0.5674
Car 0.0000 0 0.0000 -1.0000 -1.0000 -1.0000 -1.0000 2.0049 1.5389 4.6281 17.5001 13.1291 0.7237 3.1257 0.5384
Car 0.0000 0 0.0000 -1.0000 -1.0000 -1.0000 -1.0000 1.9644 1.6091 4.5630 -5.8838 10.5463 0.7951 -0.0568 0.5377
Car 0.0000 0 0.0000 -1.0000 -1.0000 -1.0000 -1.0000 1.9579 1.7298 4.5697 -30.4648 14.5185 0.8866 -1.6854 0.5074
Car 0.0000 0 0.0000 -1.0000 -1.0000 -1.0000 -1.0000 1.9077 1.7002 4.5317 0.8343 16.9843 0.7197 3.0899 0.4779
Car 0.0000 0 0.0000 -1.0000 -1.0000 -1.0000 -1.0000 1.9236 1.5126 4.5328 -37.9702 -5.8334 1.0885 1.5893 0.4758
Car 0.0000 0 0.0000 -1.0000 -1.0000 -1.0000 -1.0000 1.8990 1.5391 4.5410 -34.8344 40.9961 0.4107 -1.5049 0.4646
Car 0.0000 0 0.0000 -1.0000 -1.0000 -1.0000 -1.0000 2.0742 1.9558 4.9257 44.1844 12.1650 1.3694 3.0966 0.4636
Car 0.0000 0 0.0000 -1.0000 -1.0000 -1.0000 -1.0000 1.9762 1.7174 4.7425 -46.1434 -12.1788 1.2451 -1.6451 0.4507
Car 0.0000 0 0.0000 -1.0000 -1.0000 -1.0000 -1.0000 1.8882 1.6073 4.4681 25.6831 12.1975 0.7562 3.1298 0.4502
Car 0.0000 0 0.0000 -1.0000 -1.0000 -1.0000 -1.0000 2.2975 2.3413 5.3803 8.6398 16.6055 1.0307 3.1046 0.4317
Car 0.0000 0 0.0000 -1.0000 -1.0000 -1.0000 -1.0000 1.8756 1.5739 4.4728 -4.7975 14.0629 0.7340 2.9561 0.4137
Car 0.0000 0 0.0000 -1.0000 -1.0000 -1.0000 -1.0000 2.0830 2.1441 5.0141 -43.2558 7.9556 1.1269 -1.8102 0.3440
Car 0.0000 0 0.0000 -1.0000 -1.0000 -1.0000 -1.0000 2.1543 2.4032 5.2311 -33.4208 -1.1477 1.3550 1.4618 0.3047
Truck 0.0000 0 0.0000 -1.0000 -1.0000 -1.0000 -1.0000 2.4986 2.4320 6.8897 25.1944 16.2309 1.1960 3.0501 0.5204
Truck 0.0000 0 0.0000 -1.0000 -1.0000 -1.0000 -1.0000 1.9680 2.0398 5.0345 1.1880 13.6978 1.0649 3.0078 0.5163
Truck 0.0000 0 0.0000 -1.0000 -1.0000 -1.0000 -1.0000 2.2868 2.2947 5.8877 -33.5114 -0.9985 1.3238 1.4501 0.4099
Tricar 0.0000 0 0.0000 -1.0000 -1.0000 -1.0000 -1.0000 1.2756 1.6902 3.1363 -16.2597 27.7009 0.5295 2.5829 0.6206
Cyclist 0.0000 0 0.0000 -1.0000 -1.0000 -1.0000 -1.0000 0.7542 1.4816 1.7733 -14.4006 24.6274 0.4068 2.9107 0.5688
