Car 0.0000 0 0.0000 -1.0000 -1.0000 -1.0000 -1.0000 1.8459 1.4326 4.4316 -12.1940 -2.3557 0.6717 3.0783 0.6491
Car 0.0000 0 0.0000 -1.0000 -1.0000 -1.0000 -1.0000 1.9393 1.4400 4.5589 36.0204 4.2040 0.9010 0.0785 0.6402
Car 0.0000 0 0.0000 -1.0000 -1.0000 -1.0000 -1.0000 1.8919 1.6067 4.4812 20.4230 -1.2892 0.9513 1.4617 0.5174
Car 0.0000 0 0.0000 -1.0000 -1.0000 -1.0000 -1.0000 1.9763 1.4494 4.6185 -34.1892 4.2445 0.4746 -3.1073 0.5009
Car 0.0000 0 0.0000 -1.0000 -1.0000 -1.0000 -1.0000 1.8688 1.7000 4.3191 10.0067 -2.4061 0.9749 -0.0713 0.3763
Car 0.0000 0 0.0000 -1.0000 -1.0000 -1.0000 -1.0000 1.8503 1.6798 4.3616 16.8807 8.3952 0.9656 -1.3630 0.3536
Car 0.0000 0 0.0000 -1.0000 -1.0000 -1.0000 -1.0000 1.8247 1.4619 4.4181 -39.5316 -2.8942 0.5533 -3.1103 0.3534
Car 0.0000 0 0.0000 -1.0000 -1.0000 -1.0000 -1.0000 1.8807 1.4604 4.5060 -5.6650 4.0796 0.6966 -3.1095 0.3259
Tricar 0.0000 0 0.0000 -1.0000 -1.0000 -1.0000 -1.0000 1.2994 1.6910 2.9359 26.2736 4.5837 1.0081 0.0754 0.4243
Tricar 0.0000 0 0.0000 -1.0000 -1.0000 -1.0000 -1.0000 1.3304 1.7563 2.9511 -1.5835 6.2949 0.9088 -3.1219 0.4156
Cyclist 0.0000 0 0.0000 -1.0000 -1.0000 -1.0000 -1.0000 0.8017 1.5377 1.8000 7.7625 2.9107 0.7627 0.0312 0.6308
Cyclist 0.0000 0 0.0000 -1.0000 -1.0000 -1.0000 -1.0000 0.7160 1.2835 1.7272 -24.0708 -2.9797 0.5200 -2.9575 0.5962
Cyclist 0.0000 0 0.0000 -1.0000 -1.0000 -1.0000 -1.0000 0.7618 1.5366 1.7351 13.0189 0.8473 0.8392 0.0564 0.5843
Cyclist 0.0000 0 0.0000 -1.0000 -1.0000 -1.0000 -1.0000 0.7968 1.5783 1.7909 -50.6724 -0.8890 0.5689 -0.0027 0.5716
Cyclist 0.0000 0 0.0000 -1.0000 -1.0000 -1.0000 -1.0000 0.7266 1.3498 1.7117 -30.3044 -3.1383 0.5544 -3.1374 0.4707
Cyclist 0.0000 0 0.0000 -1.0000 -1.0000 -1.0000 -1.0000 0.6757 1.3210 1.6820 -27.4930 -2.3329 0.5111 0.0209 0.4575
Cyclist 0.0000 0 0.0000 -1.0000 -1.0000 -1.0000 -1.0000 0.7232 1.5392 1.7075 -28.5316 2.0615 0.5021 -0.0188 0.4391
Cyclist 0.0000 0 0.0000 -1.0000 -1.0000 -1.0000 -1.0000 0.7045 1.3459 1.6804 7.7413 -4.6272 0.8644 -2.0187 0.4213
Cyclist 0.0000 0 0.0000 -1.0000 -1.0000 -1.0000 -1.0000 0.7313 1.5396 1.6783 28.6947 0.9838 0.9225 3.0792 0.4204
Cyclist 0.0000 0 0.0000 -1.0000 -1.0000 -1.0000 -1.0000 0.7374 1.4328 1.7265 -40.3855 -4.9408 0.6142 0.0449 0.3965
Cyclist 0.0000 0 0.0000 -1.0000 -1.0000 -1.0000 -1.0000 0.8391 1.6494 1.7546 24.2139 2.1651 1.0221 -3.1351 0.3877
Cyclist 0.0000 0 0.0000 -1.0000 -1.0000 -1.0000 -1.0000 0.7772 1.5176 1.7297 17.8692 1.8254 0.8411 0.0861 0.3823
Cyclist 0.0000 0 0.0000 -1.0000 -1.0000 -1.0000 -1.0000 0.7137 1.5245 1.6922 -62.4615 -1.6035 0.5505 0.0227 0.3635
Cyclist 0.0000 0 0.0000 -1.0000 -1.0000 -1.0000 -1.0000 0.7885 1.5810 1.7310 -33.4974 -3.2517 0.7290 0.0215 0.3633
Cyclist 0.0000 0 0.0000 -1.0000 -1.0000 -1.0000 -1.0000 0.8028 1.4864 1.7889 5.3760 -3.3062 0.8335 2.7314 0.3437
Cyclist 0.0000 0 0.0000 -1.0000 -1.0000 -1.0000 -1.0000 0.9102 1.6166 1.8751 -33.6862 -1.5596 0.7105 -0.0026 0.3420
Cyclist 0.0000 0 0.0000 -1.0000 -1.0000 -1.0000 -1.0000 0.7063 1.3832 1.7216 -29.9186 0.3535 0.4274 -0.0201 0.3416
Cyclist 0.0000 0 0.0000 -1.0000 -1.0000 -1.0000 -1.0000 0.7315 1.4432 1.7183 -42.3779 -4.7399 0.6624 3.1149 0.3253
Cyclist 0.0000 0 0.0000 -1.0000 -1.0000 -1.0000 -1.0000 0.6621 1.1936 1.6655 0.5921 -3.3409 0.7095 -3.1057 0.3152
Cyclist 0.0000 0 0.0000 -1.0000 -1.0000 -1.0000 -1.0000 0.6639 1.1933 1.6415 -11.2511 -4.7931 0.7729 -2.5120 0.3096
Cyclist 0.0000 0 0.0000 -1.0000 -1.0000 -1.0000 -1.0000 0.7809 1.4472 1.7435 4.2136 -5.1401 0.9003 -0.9695 0.3031
Cyclist 0.0000 0 0.0000 -1.0000 -1.0000 -1.0000 -1.0000 0.7008 1.1804 1.6805 2.1581 5.9552 0.6724 1.8506 0.3016
Pedestrian 0.0000 0 0.0000 -1.0000 -1.0000 -1.0000 -1.0000 0.6750 1.6561 0.5749 19.7569 6.8435 1.0218 -2.9475 0.4735
Pedestrian 0.0000 0 0.0000 -1.0000 -1.0000 -1.0000 -1.0000 0.6663 1.5791 0.5895 17.7534 4.4799 0.8603 -3.0403 0.4654
Pedestrian 0.0000 0 0.0000 -1.0000 -1.0000 -1.0000 -1.0000 0.6950 1.6419 0.6273 -48.3169 -6.3195 0.8398 -0.0465 0.3942
Pedestrian 0.0000 0 0.0000 -1.0000 -1.0000 -1.0000 -1.0000 0.6967 1.6582 0.6087 -33.4440 -3.1704 0.7309 -3.1201 0.3608
Pedestrian 0.0000 0 0.0000 -1.0000 -1.0000 -1.0000 -1.0000 0.6842 1.6005 0.6223 -27.1399 -1.2232 0.6269 -3.0593 0.3505
