Car 0.0000 0 0.0000 -1.0000 -1.0000 -1.0000 -1.0000 2.0784 1.7727 4.7423 -10.4925 -0.6977 0.8764 0.0132 0.8093
Car 0.0000 0 0.0000 -1.0000 -1.0000 -1.0000 -1.0000 2.0159 1.5855 4.6475 -14.9058 6.0938 0.6865 -3.1393 0.7532
Car 0.0000 0 0.0000 -1.0000 -1.0000 -1.0000 -1.0000 1.9579 1.5055 4.5828 -38.6453 2.5174 0.7856 3.1414 0.7191
Car 0.0000 0 0.0000 -1.0000 -1.0000 -1.0000 -1.0000 2.0243 1.6556 4.5898 11.6693 -0.4728 0.8289 -0.0400 0.6903
Car 0.0000 0 0.0000 -1.0000 -1.0000 -1.0000 -1.0000 1.9457 1.4867 4.5780 -20.2511 1.9789 0.7147 0.0317 0.6798
Car 0.0000 0 0.0000 -1.0000 -1.0000 -1.0000 -1.0000 1.9237 1.4525 4.5191 -58.0679 0.6627 0.8449 -0.0344 0.6097
Car 0.0000 0 0.0000 -1.0000 -1.0000 -1.0000 -1.0000 1.8318 1.5322 4.4178 -23.3837 4.9412 0.7107 0.0035 0.5923
Car 0.0000 0 0.0000 -1.0000 -1.0000 -1.0000 -1.0000 1.9118 1.4001 4.5316 -8.2136 6.0196 0.5924 3.1082 0.5772
Car 0.0000 0 0.0000 -1.0000 -1.0000 -1.0000 -1.0000 1.9329 1.6774 4.5416 -2.0395 6.0427 0.7264 0.0011 0.5614
Car 0.0000 0 0.0000 -1.0000 -1.0000 -1.0000 -1.0000 1.9202 1.5196 4.5567 -46.7001 6.3440 0.7581 -3.1402 0.5189
Car 0.0000 0 0.0000 -1.0000 -1.0000 -1.0000 -1.0000 1.9435 1.6842 4.5395 -35.9608 6.0338 0.8200 -0.0039 0.5074
Car 0.0000 0 0.0000 -1.0000 -1.0000 -1.0000 -1.0000 1.9325 1.4179 4.4975 19.6868 5.7380 0.5121 -0.0940 0.4432
Car 0.0000 0 0.0000 -1.0000 -1.0000 -1.0000 -1.0000 1.9142 1.5024 4.5571 10.7814 13.0052 0.5676 -1.5751 0.4166
Car 0.0000 0 0.0000 -1.0000 -1.0000 -1.0000 -1.0000 1.9502 1.6252 4.6808 67.1291 -1.4926 0.7240 0.1018 0.3974
Car 0.0000 0 0.0000 -1.0000 -1.0000 -1.0000 -1.0000 1.9013 1.5993 4.4454 39.5575 -0.2695 0.7066 3.0912 0.3921
Car 0.0000 0 0.0000 -1.0000 -1.0000 -1.0000 -1.0000 2.0381 1.8931 4.7650 30.6259 5.5799 0.8062 -0.0132 0.3822
Car 0.0000 0 0.0000 -1.0000 -1.0000 -1.0000 -1.0000 1.8392 1.4970 4.4315 -52.4593 6.2647 0.8207 -3.1261 0.3743
Car 0.0000 0 0.0000 -1.0000 -1.0000 -1.0000 -1.0000 1.8482 1.5639 4.4051 29.4548 -0.5017 0.6717 0.0025 0.3274
Cyclist 0.0000 0 0.0000 -1.0000 -1.0000 -1.0000 -1.0000 0.7072 1.4972 1.6937 -4.4784 3.3895 0.6969 3.0967 0.5887
Cyclist 0.0000 0 0.0000 -1.0000 -1.0000 -1.0000 -1.0000 0.6886 1.2884 1.6790 -14.0927 -7.4121 0.8209 -3.1377 0.5552
Cyclist 0.0000 0 0.0000 -1.0000 -1.0000 -1.0000 -1.0000 0.6676 1.1356 1.6650 -4.4540 -7.2701 0.6513 -3.1279 0.5352
Cyclist 0.0000 0 0.0000 -1.0000 -1.0000 -1.0000 -1.0000 0.6662 1.1470 1.6639 -10.6348 -7.3369 0.7726 -0.0015 0.4923
Cyclist 0.0000 0 0.0000 -1.0000 -1.0000 -1.0000 -1.0000 0.7499 1.4325 1.7488 -19.5405 -7.3224 0.8742 -0.0489 0.4757
Cyclist 0.0000 0 0.0000 -1.0000 -1.0000 -1.0000 -1.0000 0.8708 1.6411 1.8160 18.7839 -4.8101 0.8614 3.1303 0.4597
Cyclist 0.0000 0 0.0000 -1.0000 -1.0000 -1.0000 -1.0000 0.7070 1.1162 1.7079 14.1695 -5.9982 0.6537 -3.0418 0.4511
Cyclist 0.0000 0 0.0000 -1.0000 -1.0000 -1.0000 -1.0000 0.6228 1.0538 1.5813 6.5734 -7.5680 0.6541 3.1369 0.4440
Cyclist 0.0000 0 0.0000 -1.0000 -1.0000 -1.0000 -1.0000 0.7214 1.4877 1.6980 12.7948 -4.1530 0.7383 -3.0948 0.4048
Cyclist 0.0000 0 0.0000 -1.0000 -1.0000 -1.0000 -1.0000 0.7499 1.3983 1.7939 12.4287 6.4737 0.5572 1.5761 0.3910
Cyclist 0.0000 0 0.0000 -1.0000 -1.0000 -1.0000 -1.0000 0.7224 1.2647 1.7467 43.2200 -5.3620 0.6194 -0.2887 0.3786
Cyclist 0.0000 0 0.0000 -1.0000 -1.0000 -1.0000 -1.0000 0.6795 1.2150 1.6583 1.7178 8.2048 0.5001 -2.7060 0.3702
Cyclist 0.0000 0 0.0000 -1.0000 -1.0000 -1.0000 -1.0000 0.7572 1.5464 1.6931 -21.5971 -3.2553 0.8326 0.0201 0.3341
Cyclist 0.0000 0 0.0000 -1.0000 -1.0000 -1.0000 -1.0000 0.6727 1.3231 1.6510 -25.4536 6.7601 0.5910 -0.0041 0.3240
Cyclist 0.0000 0 0.0000 -1.0000 -1.0000 -1.0000 -1.0000 0.6829 1.2288 1.7217 4.0291 5.9221 0.5586 -1.6588 0.3233
Cyclist 0.0000 0 0.0000 -1.0000 -1.0000 -1.0000 -1.0000 0.6596 1.2194 1.6954 11.3875 6.3813 0.4954 1.4952 0.3226
Cyclist 0.0000 0 0.0000 -1.0000 -1.0000 -1.0000 -1.0000 0.7677 1.4173 1.8149 13.9605 6.2564 0.5737 1.6680 0.3057
Cyclist 0.0000 0 0.0000 -1.0000 -1.0000 -1.0000 -1.0000 0.6764 1.1588 1.7027 3.2097 6.3785 0.5487 1.4398 0.3043
