Car 0.0000 0 0.0000 -1.0000 -1.0000 -1.0000 -1.0000 1.8974 1.5968 4.5004 -22.3742 -32.9863 1.9094 1.6281 0.5897
Car 0.0000 0 0.0000 -1.0000 -1.0000 -1.0000 -1.0000 1.9468 1.6225 4.6155 -25.7828 35.6615 -0.5025 1.5745 0.5357
Car 0.0000 0 0.0000 -1.0000 -1.0000 -1.0000 -1.0000 1.8953 1.8300 4.4725 -9.6635 14.0645 0.4623 0.0165 0.4516
Car 0.0000 0 0.0000 -1.0000 -1.0000 -1.0000 -1.0000 1.9494 1.5458 4.6672 -22.5017 -39.9070 1.8792 1.5610 0.4377
Car 0.0000 0 0.0000 -1.0000 -1.0000 -1.0000 -1.0000 1.8877 1.4608 4.5137 -20.7395 22.5976 0.0120 -1.2854 0.3811
Car 0.0000 0 0.0000 -1.0000 -1.0000 -1.0000 -1.0000 1.8640 1.6616 4.5071 -25.9559 -36.1259 2.0338 1.5279 0.3101
Truck 0.0000 0 0.0000 -1.0000 -1.0000 -1.0000 -1.0000 2.1367 2.1445 5.4051 -30.7957 -0.2133 1.1365 -2.9219 0.4034
Tricar 0.0000 0 0.0000 -1.0000 -1.0000 -1.0000 -1.0000 1.2213 1.5000 2.7384 -8.0460 20.7032 0.0152 3.1153 0.4700
Tricar 0.0000 0 0.0000 -1.0000 -1.0000 -1.0000 -1.0000 1.1668 1.7307 2.7106 -20.3135 -11.0313 1.1942 -1.2254 0.3637
Tricar 0.0000 0 0.0000 -1.0000 -1.0000 -1.0000 -1.0000 1.3798 1.8411 3.1303 -22.2139 -18.9724 1.4468 -1.6796 0.3402
Tricar 0.0000 0 0.0000 -1.0000 -1.0000 -1.0000 -1.0000 1.1098 1.4280 2.5825 -27.5514 3.9068 0.6899 0.4758 0.3300
Cyclist 0.0000 0 0.0000 -1.0000 -1.0000 -1.0000 -1.0000 0.7994 1.5901 1.7557 4.9667 -9.3201 0.8978 3.1388 0.6524
Cyclist 0.0000 0 0.0000 -1.0000 -1.0000 -1.0000 -1.0000 0.8226 1.6011 1.8196 -18.6387 -16.2352 1.2583 1.4079 0.5090
Cyclist 0.0000 0 0.0000 -1.0000 -1.0000 -1.0000 -1.0000 0.7414 1.5303 1.7379 14.9349 20.4445 0.0671 0.0205 0.4002
