Car 0.0000 0 0.0000 -1.0000 -1.0000 -1.0000 -1.0000 2.0035 1.4767 4.6397 4.8976 10.8647 0.6904 0.0164 0.8164
Car 0.0000 0 0.0000 -1.0000 -1.0000 -1.0000 -1.0000 1.9949 1.6862 4.6246 -21.6535 11.6830 0.6641 -0.0264 0.7465
Car 0.0000 0 0.0000 -1.0000 -1.0000 -1.0000 -1.0000 2.1543 1.7697 4.8496 -27.6747 -0.3234 0.8245 -3.1383 0.7418
Car 0.0000 0 0.0000 -1.0000 -1.0000 -1.0000 -1.0000 1.9338 1.4545 4.5356 4.6330 14.3684 0.5994 3.1321 0.7126
Car 0.0000 0 0.0000 -1.0000 -1.0000 -1.0000 -1.0000 1.9084 1.6648 4.3915 -1.3384 11.0428 0.8112 3.1242 0.6531
Car 0.0000 0 0.0000 -1.0000 -1.0000 -1.0000 -1.0000 1.9584 1.5512 4.6514 -66.0523 -12.6651 0.6100 -1.7370 0.5775
Car 0.0000 0 0.0000 -1.0000 -1.0000 -1.0000 -1.0000 1.9271 1.5076 4.6048 -14.6149 14.6907 0.5733 3.0587 0.5709
Car 0.0000 0 0.0000 -1.0000 -1.0000 -1.0000 -1.0000 1.9105 1.4929 4.6160 -8.9837 11.4629 0.6170 3.0939 0.5346
Car 0.0000 0 0.0000 -1.0000 -1.0000 -1.0000 -1.0000 1.9433 1.4630 4.5620 -15.2364 11.7453 0.5845 -0.0526 0.4371
Car 0.0000 0 0.0000 -1.0000 -1.0000 -1.0000 -1.0000 2.0753 2.1461 4.8365 -21.7139 14.8388 0.8603 -0.1091 0.4200
Car 0.0000 0 0.0000 -1.0000 -1.0000 -1.0000 -1.0000 1.9849 1.9296 4.6976 -61.7216 4.1550 0.6538 -1.3317 0.3317
Car 0.0000 0 0.0000 -1.0000 -1.0000 -1.0000 -1.0000 2.0016 1.7528 4.8398 -71.9936 -30.7672 1.0183 -1.8395 0.3282
Truck 0.0000 0 0.0000 -1.0000 -1.0000 -1.0000 -1.0000 2.6503 3.0976 6.6958 -5.8277 14.5978 1.5134 3.1043 0.5598
Tricar 0.0000 0 0.0000 -1.0000 -1.0000 -1.0000 -1.0000 1.3706 1.6089 3.1406 -81.0819 28.1158 -0.1004 -0.1752 0.3623
Cyclist 0.0000 0 0.0000 -1.0000 -1.0000 -1.0000 -1.0000 0.7618 1.4910 1.7750 -22.7238 -13.0958 0.6426 -0.0739 0.4669
