Car 0.0000 0 0.0000 -1.0000 -1.0000 -1.0000 -1.0000 2.1407 1.6749 4.8457 -14.4152 3.0988 0.8070 -3.1332 0.8270
Car 0.0000 0 0.0000 -1.0000 -1.0000 -1.0000 -1.0000 1.9880 1.4591 4.5634 -44.2431 2.8905 0.4888 3.1202 0.6943
Car 0.0000 0 0.0000 -1.0000 -1.0000 -1.0000 -1.0000 1.9372 1.4949 4.5619 54.5333 15.0373 0.9117 -0.0173 0.4940
Car 0.0000 0 0.0000 -1.0000 -1.0000 -1.0000 -1.0000 1.9645 1.5812 4.5887 -47.3918 0.1935 0.5531 -3.1349 0.4700
Car 0.0000 0 0.0000 -1.0000 -1.0000 -1.0000 -1.0000 1.8749 1.5906 4.5085 -54.3785 9.9489 0.4065 -3.1157 0.3188
Truck 0.0000 0 0.0000 -1.0000 -1.0000 -1.0000 -1.0000 2.8523 3.0244 11.6404 26.6222 -0.3606 1.7465 -3.1120 0.5171
Truck 0.0000 0 0.0000 -1.0000 -1.0000 -1.0000 -1.0000 2.4079 2.6042 6.0573 -75.2724 1.4557 1.0416 0.0331 0.4300
Tricar 0.0000 0 0.0000 -1.0000 -1.0000 -1.0000 -1.0000 1.1939 1.5822 2.8407 -13.8999 14.2457 0.4992 -0.0196 0.5753
Tricar 0.0000 0 0.0000 -1.0000 -1.0000 -1.0000 -1.0000 1.3599 1.9178 2.7248 69.2155 12.0244 1.3165 3.1231 0.3684
Cyclist 0.0000 0 0.0000 -1.0000 -1.0000 -1.0000 -1.0000 0.8047 1.5810 1.8249 16.0432 13.2462 0.6941 -3.1173 0.6012
Cyclist 0.0000 0 0.0000 -1.0000 -1.0000 -1.0000 -1.0000 0.7501 1.5380 1.7147 -47.5166 -2.6967 0.4923 0.0808 0.4346
Cyclist 0.0000 0 0.0000 -1.0000 -1.0000 -1.0000 -1.0000 0.7417 1.5265 1.7267 -44.6850 -4.3985 0.5304 -3.1028 0.3605
Cyclist 0.0000 0 0.0000 -1.0000 -1.0000 -1.0000 -1.0000 0.7802 1.5720 1.7586 -66.2512 -1.7527 0.4131 -0.0129 0.3590
Cyclist 0.0000 0 0.0000 -1.0000 -1.0000 -1.0000 -1.0000 0.7401 1.5677 1.7183 -62.5129 -3.0268 0.4373 -0.0243 0.3082
Pedestrian 0.0000 0 0.0000 -1.0000 -1.0000 -1.0000 -1.0000 0.6817 1.6605 0.6156 -39.0395 -6.4890 0.7670 -3.1070 0.5511
Pedestrian 0.0000 0 0.0000 -1.0000 -1.0000 -1.0000 -1.0000 0.6878 1.6689 0.6318 -39.5412 -5.1852 0.7027 0.0463 0.5013
Pedestrian 0.0000 0 0.0000 -1.0000 -1.0000 -1.0000 -1.0000 0.6672 1.5437 0.5997 -40.8555 -5.0427 0.5463 -3.1261 0.3006
