Car 0.0000 0 0.0000 -1.0000 -1.0000 -1.0000 -1.0000 1.9475 1.4584 4.5373 -27.7229 16.5385 0.5876 3.1329 0.7976
Car 0.0000 0 0.0000 -1.0000 -1.0000 -1.0000 -1.0000 2.2802 2.1244 5.1041 -16.8202 4.4012 1.1133 -0.0466 0.7334
Car 0.0000 0 0.0000 -1.0000 -1.0000 -1.0000 -1.0000 2.0217 1.6423 4.6923 14.3103 16.7091 0.5382 0.0848 0.7265
Car 0.0000 0 0.0000 -1.0000 -1.0000 -1.0000 -1.0000 1.9792 1.4834 4.5490 -56.4268 5.9904 1.0860 -3.1239 0.6585
Car 0.0000 0 0.0000 -1.0000 -1.0000 -1.0000 -1.0000 1.9420 1.5144 4.5789 12.0997 33.2376 -0.2984 -1.1009 0.6311
Car 0.0000 0 0.0000 -1.0000 -1.0000 -1.0000 -1.0000 1.8269 1.8892 4.2542 -3.3249 3.4293 0.9214 0.0316 0.4654
Car 0.0000 0 0.0000 -1.0000 -1.0000 -1.0000 -1.0000 1.8514 1.8051 4.3112 2.2655 19.3949 0.4632 -3.0798 0.4106
Car 0.0000 0 0.0000 -1.0000 -1.0000 -1.0000 -1.0000 1.9586 1.8084 4.5681 -31.4992 5.5618 1.0534 3.0962 0.3559
Truck 0.0000 0 0.0000 -1.0000 -1.0000 -1.0000 -1.0000 2.9262 3.1613 11.0582 10.1499 6.5078 1.5663 0.0519 0.7648
Truck 0.0000 0 0.0000 -1.0000 -1.0000 -1.0000 -1.0000 2.9184 3.3969 9.5924 49.5702 6.7756 1.7523 0.0063 0.6600
Truck 0.0000 0 0.0000 -1.0000 -1.0000 -1.0000 -1.0000 2.9993 3.3952 10.6370 -50.7184 21.1860 1.4891 -0.0382 0.5129
Tricar 0.0000 0 0.0000 -1.0000 -1.0000 -1.0000 -1.0000 1.6878 1.9595 4.1554 -29.2769 30.0670 0.2773 3.0709 0.4542
Cyclist 0.0000 0 0.0000 -1.0000 -1.0000 -1.0000 -1.0000 0.7806 1.5592 1.7828 8.0908 -9.4598 0.8474 3.0185 0.5804
Cyclist 0.0000 0 0.0000 -1.0000 -1.0000 -1.0000 -1.0000 0.7736 1.5623 1.7452 69.1955 -8.0474 0.8021 -3.0725 0.4689
Cyclist 0.0000 0 0.0000 -1.0000 -1.0000 -1.0000 -1.0000 0.9193 1.5529 2.0167 25.1739 -9.6532 0.8130 0.1070 0.3363
