Car 0.0000 0 0.0000 -1.0000 -1.0000 -1.0000 -1.0000 1.9840 1.4766 4.5785 17.5169 -3.1393 0.6650 0.0531 0.8019
Car 0.0000 0 0.0000 -1.0000 -1.0000 -1.0000 -1.0000 2.0249 1.4372 4.6724 -11.7769 -3.9870 0.7333 0.0432 0.6539
Car 0.0000 0 0.0000 -1.0000 -1.0000 -1.0000 -1.0000 1.9153 1.8735 4.4918 29.9986 10.2854 0.7051 3.1269 0.6075
Car 0.0000 0 0.0000 -1.0000 -1.0000 -1.0000 -1.0000 2.0544 1.5161 4.6594 -15.5107 -0.2545 0.7976 -3.0943 0.6047
Car 0.0000 0 0.0000 -1.0000 -1.0000 -1.0000 -1.0000 2.0100 1.7437 4.6360 -40.9735 -0.4736 0.9767 -3.1393 0.5340
Car 0.0000 0 0.0000 -1.0000 -1.0000 -1.0000 -1.0000 1.9808 1.5409 4.6432 -52.1101 -3.1221 0.8722 -0.0256 0.5298
Car 0.0000 0 0.0000 -1.0000 -1.0000 -1.0000 -1.0000 1.8398 1.5386 4.4106 12.6700 10.8152 0.5548 3.1177 0.4352
Car 0.0000 0 0.0000 -1.0000 -1.0000 -1.0000 -1.0000 2.2440 2.2951 5.0887 11.2851 0.0950 1.1735 -3.1099 0.4345
Car 0.0000 0 0.0000 -1.0000 -1.0000 -1.0000 -1.0000 1.9151 1.5763 4.5629 59.9141 6.7915 0.3822 -1.4027 0.3873
Car 0.0000 0 0.0000 -1.0000 -1.0000 -1.0000 -1.0000 2.0336 1.8892 4.8404 -28.1467 -4.0915 1.0583 0.0066 0.3601
Car 0.0000 0 0.0000 -1.0000 -1.0000 -1.0000 -1.0000 1.9675 1.5522 4.5396 -31.5331 -0.0948 0.9341 -3.1321 0.3556
Car 0.0000 0 0.0000 -1.0000 -1.0000 -1.0000 -1.0000 1.9275 1.5083 4.5401 25.8701 13.8357 0.4534 -3.1320 0.3556
Car 0.0000 0 0.0000 -1.0000 -1.0000 -1.0000 -1.0000 2.2102 2.2717 5.2451 -0.7860 -3.8962 1.1185 0.0338 0.3195
Truck 0.0000 0 0.0000 -1.0000 -1.0000 -1.0000 -1.0000 2.3451 2.2710 6.3028 45.4317 9.8585 0.7841 3.1261 0.5148
Truck 0.0000 0 0.0000 -1.0000 -1.0000 -1.0000 -1.0000 2.1440 2.2157 5.4396 -36.0993 -3.8766 1.2184 0.0086 0.4528
Truck 0.0000 0 0.0000 -1.0000 -1.0000 -1.0000 -1.0000 2.4652 2.3190 6.6878 -22.5585 -4.0279 1.1950 0.0576 0.4525
Tricar 0.0000 0 0.0000 -1.0000 -1.0000 -1.0000 -1.0000 1.3497 1.6374 3.2323 -6.2199 -10.3532 0.9572 0.0395 0.5434
