Car 0.0000 0 0.0000 -1.0000 -1.0000 -1.0000 -1.0000 2.0770 1.6575 4.7173 -36.8200 -1.2628 0.7644 -0.0086 0.8291
Car 0.0000 0 0.0000 -1.0000 -1.0000 -1.0000 -1.0000 1.9446 1.6145 4.4077 27.3250 -2.4162 0.9301 0.0409 0.7373
Car 0.0000 0 0.0000 -1.0000 -1.0000 -1.0000 -1.0000 2.0500 1.6456 4.6635 45.2147 6.0514 0.9193 -3.1158 0.7222
Car 0.0000 0 0.0000 -1.0000 -1.0000 -1.0000 -1.0000 2.0095 1.6824 4.5938 -16.7104 2.9785 0.7865 -3.1166 0.7179
Car 0.0000 0 0.0000 -1.0000 -1.0000 -1.0000 -1.0000 2.1238 1.7055 4.7728 12.8174 0.3372 0.9069 -3.0905 0.7154
Car 0.0000 0 0.0000 -1.0000 -1.0000 -1.0000 -1.0000 1.9711 1.4662 4.5237 -37.8675 2.8820 0.6121 -0.0443 0.7091
Car 0.0000 0 0.0000 -1.0000 -1.0000 -1.0000 -1.0000 1.9350 1.5658 4.5176 7.1116 -8.9936 0.7896 -3.0960 0.6889
Car 0.0000 0 0.0000 -1.0000 -1.0000 -1.0000 -1.0000 2.0022 1.6331 4.7086 -63.5534 8.0877 0.5282 -3.1161 0.6615
Car 0.0000 0 0.0000 -1.0000 -1.0000 -1.0000 -1.0000 1.9849 1.5784 4.5561 51.7176 -3.5249 0.9423 2.9571 0.5698
Car 0.0000 0 0.0000 -1.0000 -1.0000 -1.0000 -1.0000 1.9069 1.5138 4.4887 -20.9068 11.9844 0.4472 -3.1246 0.5486
Car 0.0000 0 0.0000 -1.0000 -1.0000 -1.0000 -1.0000 1.9795 1.5603 4.6773 -81.1258 2.7663 0.8128 -3.0746 0.5481
Car 0.0000 0 0.0000 -1.0000 -1.0000 -1.0000 -1.0000 1.9164 1.5832 4.5404 67.9845 11.8361 0.7946 0.8511 0.5029
Car 0.0000 0 0.0000 -1.0000 -1.0000 -1.0000 -1.0000 1.8982 1.4757 4.5073 -14.4966 12.2394 0.4369 -3.1111 0.4992
Car 0.0000 0 0.0000 -1.0000 -1.0000 -1.0000 -1.0000 1.9638 1.5156 4.6000 56.7468 5.3033 0.8243 0.1393 0.4916
Car 0.0000 0 0.0000 -1.0000 -1.0000 -1.0000 -1.0000 1.8619 1.4303 4.4329 17.0439 14.2056 0.3852 -3.0094 0.4671
Car 0.0000 0 0.0000 -1.0000 -1.0000 -1.0000 -1.0000 1.9858 1.5897 4.6506 -71.7914 -0.3121 0.7119 -0.0218 0.4665
Car 0.0000 0 0.0000 -1.0000 -1.0000 -1.0000 -1.0000 1.9062 1.7078 4.5151 21.8654 19.6297 0.4487 1.5492 0.4136
Car 0.0000 0 0.0000 -1.0000 -1.0000 -1.0000 -1.0000 1.8717 1.5435 4.4321 -48.7991 3.5350 0.5748 3.1112 0.3174
Truck 0.0000 0 0.0000 -1.0000 -1.0000 -1.0000 -1.0000 3.0496 3.3542 12.5373 -53.2203 -2.9963 1.5591 3.0130 0.6987
Truck 0.0000 0 0.0000 -1.0000 -1.0000 -1.0000 -1.0000 2.8763 3.3786 9.7452 60.1108 0.8844 1.7629 0.0867 0.5312
Tricar 0.0000 0 0.0000 -1.0000 -1.0000 -1.0000 -1.0000 1.2881 1.7027 2.7880 20.3223 10.2384 0.7219 -3.0479 0.3960
Cyclist 0.0000 0 0.0000 -1.0000 -1.0000 -1.0000 -1.0000 0.7947 1.5185 1.8202 -23.2519 -9.8384 0.6620 0.1136 0.6429
Cyclist 0.0000 0 0.0000 -1.0000 -1.0000 -1.0000 -1.0000 0.7087 1.5408 1.6744 -30.8787 10.4149 0.4018 3.1007 0.5603
Cyclist 0.0000 0 0.0000 -1.0000 -1.0000 -1.0000 -1.0000 0.8098 1.6015 1.7956 -45.5501 0.3158 0.6448 -0.1338 0.5415
Cyclist 0.0000 0 0.0000 -1.0000 -1.0000 -1.0000 -1.0000 0.8209 1.5763 1.8093 -13.2621 -8.4305 0.7426 3.1281 0.5366
Cyclist 0.0000 0 0.0000 -1.0000 -1.0000 -1.0000 -1.0000 0.7750 1.5731 1.7608 -38.4842 11.3101 0.4612 3.0788 0.5196
Cyclist 0.0000 0 0.0000 -1.0000 -1.0000 -1.0000 -1.0000 0.7548 1.5392 1.7362 5.3578 9.6073 0.5191 -3.1351 0.4483
Cyclist 0.0000 0 0.0000 -1.0000 -1.0000 -1.0000 -1.0000 0.7280 1.5396 1.6926 -13.8559 9.8625 0.5943 0.0492 0.3708
Cyclist 0.0000 0 0.0000 -1.0000 -1.0000 -1.0000 -1.0000 0.7239 1.5749 1.7089 16.1524 -11.8431 0.7699 0.0965 0.3432
Cyclist 0.0000 0 0.0000 -1.0000 -1.0000 -1.0000 -1.0000 0.6787 1.1727 1.7138 -5.3947 14.1772 0.3129 -1.6254 0.3292
Cyclist 0.0000 0 0.0000 -1.0000 -1.0000 -1.0000 -1.0000 0.7116 1.2592 1.7712 -6.0966 14.3070 0.3791 1.5186 0.3210
Cyclist 0.0000 0 0.0000 -1.0000 -1.0000 -1.0000 -1.0000 0.6927 1.2473 1.7205 4.3917 14.2043 0.3807 -1.3352 0.3178
Cyclist 0.0000 0 0.0000 -1.0000 -1.0000 -1.0000 -1.0000 0.7272 1.4826 1.7209 50.6256 11.9660 0.6786 0.0228 0.3032
Cyclist 0.0000 0 0.0000 -1.0000 -1.0000 -1.0000 -1.0000 0.7145 1.3610 1.7462 -12.3616 18.3374 0.4427 -1.2683 0.3020
Pedestrian 0.0000 0 0.0000 -1.0000 -1.0000 -1.0000 -1.0000 0.6514 1.6059 0.5683 5.0261 -12.6248 0.8359 -3.1391 0.5247
Pedestrian 0.0000 0 0.0000 -1.0000 -1.0000 -1.0000 -1.0000 0.6695 1.6414 0.5754 50.4753 -10.3764 1.0298 2.9891 0.5018
Pedestrian 0.0000 0 0.0000 -1.0000 -1.0000 -1.0000 -1.0000 0.6705 1.6510 0.5993 5.2312 -14.1480 0.9583 3.0914 0.4764
Pedestrian 0.0000 0 0.0000 -1.0000 -1.0000 -1.0000 -1.0000 0.6895 1.6202 0.6339 -12.6275 -14.2520 0.9381 0.0594 0.4491
Pedestrian 0.0000 0 0.0000 -1.0000 -1.0000 -1.0000 -1.0000 0.6962 1.6684 0.6639 -13.1214 -12.3895 0.9621 0.0289 0.4211
Pedestrian 0.0000 0 0.0000 -1.0000 -1.0000 -1.0000 -1.0000 0.6959 1.6260 0.6691 -22.5181 -14.0699 0.9794 0.0339 0.3999
Pedestrian 0.0000 0 0.0000 -1.0000 -1.0000 -1.0000 -1.0000 0.7111 1.6350 0.6739 16.2020 -11.8653 0.7903 -3.0663 0.3861
Pedestrian 0.0000 0 0.0000 -1.0000 -1.0000 -1.0000 -1.0000 0.6890 1.6811 0.5985 52.7213 -10.2622 1.0166 2.8997 0.3487
Pedestrian 0.0000 0 0.0000 -1.0000 -1.0000 -1.0000 -1.0000 0.7444 1.7730 0.7535 -20.7355 -12.8377 1.0160 0.0139 0.3446
Pedestrian 0.0000 0 0.0000 -1.0000 -1.0000 -1.0000 -1.0000 0.6768 1.6593 0.5993 2.5532 16.2276 0.6153 -0.3173 0.3369
Pedestrian 0.0000 0 0.0000 -1.0000 -1.0000 -1.0000 -1.0000 0.6633 1.7040 0.5609 -23.8678 19.7351 0.7496 -1.8028 0.3253
Pedestrian 0.0000 0 0.0000 -1.0000 -1.0000 -1.0000 -1.0000 0.6899 1.6866 0.6144 -1.5065 16.0296 0.6186 -2.7372 0.3244
Pedestrian 0.0000 0 0.0000 -1.0000 -1.0000 -1.0000 -1.0000 0.6879 1.6969 0.6176 -20.3009 19.6963 0.7410 -1.7728 0.3043
