Car 0.0000 0 0.0000 -1.0000 -1.0000 -1.0000 -1.0000 1.9394 1.4141 4.5223 -13.9203 6.2335 0.6693 -3.1331 0.7788
Car 0.0000 0 0.0000 -1.0000 -1.0000 -1.0000 -1.0000 1.8993 1.4219 4.4399 -6.7338 6.1576 0.7116 -0.0036 0.7506
Car 0.0000 0 0.0000 -1.0000 -1.0000 -1.0000 -1.0000 2.0146 1.6534 4.6576 -49.1770 6.4811 0.7000 0.0011 0.7268
Car 0.0000 0 0.0000 -1.0000 -1.0000 -1.0000 -1.0000 1.9203 1.6607 4.4385 -33.0706 6.2973 0.7394 -3.1256 0.7043
Car 0.0000 0 0.0000 -1.0000 -1.0000 -1.0000 -1.0000 1.9367 1.4930 4.5372 -32.8237 -3.1137 0.6421 -0.0145 0.6932
Car 0.0000 0 0.0000 -1.0000 -1.0000 -1.0000 -1.0000 1.8806 1.4111 4.4752 31.6426 5.4636 0.8126 3.1410 0.6630
Car 0.0000 0 0.0000 -1.0000 -1.0000 -1.0000 -1.0000 1.8889 1.4663 4.4426 26.1257 5.4427 0.8094 -0.0375 0.6506
Car 0.0000 0 0.0000 -1.0000 -1.0000 -1.0000 -1.0000 1.8645 1.4183 4.4368 37.9168 5.2092 0.8229 3.1100 0.6280
Car 0.0000 0 0.0000 -1.0000 -1.0000 -1.0000 -1.0000 1.9256 1.5533 4.5677 -19.3820 6.2774 0.7032 -0.0580 0.6000
Car 0.0000 0 0.0000 -1.0000 -1.0000 -1.0000 -1.0000 1.9476 1.7136 4.5881 -24.3649 6.3743 0.7728 -3.0980 0.5966
Car 0.0000 0 0.0000 -1.0000 -1.0000 -1.0000 -1.0000 1.9120 1.4872 4.5442 23.8852 -7.7341 0.9270 -1.4193 0.5233
Car 0.0000 0 0.0000 -1.0000 -1.0000 -1.0000 -1.0000 1.9308 1.4917 4.5814 -68.9678 6.8384 0.6303 -0.0424 0.5098
Car 0.0000 0 0.0000 -1.0000 -1.0000 -1.0000 -1.0000 2.1290 2.1718 4.9255 43.7747 5.3937 1.2850 3.1171 0.4976
Car 0.0000 0 0.0000 -1.0000 -1.0000 -1.0000 -1.0000 1.9235 1.5316 4.5922 52.0291 -4.1853 0.9911 1.2145 0.4934
Car 0.0000 0 0.0000 -1.0000 -1.0000 -1.0000 -1.0000 1.8943 1.4401 4.4523 -38.6849 6.4202 0.5521 3.0552 0.4850
Car 0.0000 0 0.0000 -1.0000 -1.0000 -1.0000 -1.0000 1.9205 1.4257 4.4803 4.0733 6.1416 0.7125 -3.1313 0.4787
Car 0.0000 0 0.0000 -1.0000 -1.0000 -1.0000 -1.0000 1.9106 1.6982 4.5058 33.1604 -6.8954 0.9988 1.5340 0.4673
Car 0.0000 0 0.0000 -1.0000 -1.0000 -1.0000 -1.0000 1.8501 1.5025 4.5120 -75.1158 6.6915 0.5928 -0.0223 0.4441
Car 0.0000 0 0.0000 -1.0000 -1.0000 -1.0000 -1.0000 1.8690 1.7368 4.4747 -69.8470 -2.0635 0.7470 3.0591 0.4107
Car 0.0000 0 0.0000 -1.0000 -1.0000 -1.0000 -1.0000 1.9608 1.4242 4.5559 20.2363 5.7437 0.7596 -3.1324 0.4091
Car 0.0000 0 0.0000 -1.0000 -1.0000 -1.0000 -1.0000 1.9098 1.7623 4.5616 -59.4183 -6.7830 0.7930 -1.6012 0.3745
Truck 0.0000 0 0.0000 -1.0000 -1.0000 -1.0000 -1.0000 2.9028 3.2217 10.7530 62.9868 5.0535 1.7842 0.0418 0.6310
Truck 0.0000 0 0.0000 -1.0000 -1.0000 -1.0000 -1.0000 2.7864 2.9928 8.9786 -15.9800 -3.5691 1.5298 3.1259 0.4372
Tricar 0.0000 0 0.0000 -1.0000 -1.0000 -1.0000 -1.0000 1.6124 2.0016 3.7704 49.9781 4.5411 1.1468 -0.0111 0.4868
Tricar 0.0000 0 0.0000 -1.0000 -1.0000 -1.0000 -1.0000 1.0946 1.5302 2.5262 -40.4979 4.0031 0.6463 -0.0874 0.3966
Cyclist 0.0000 0 0.0000 -1.0000 -1.0000 -1.0000 -1.0000 0.7573 1.5678 1.7176 20.9299 -2.2024 0.8271 -3.1141 0.4090
Cyclist 0.0000 0 0.0000 -1.0000 -1.0000 -1.0000 -1.0000 0.6860 1.1940 1.6725 23.5255 -12.2218 0.8661 -3.1257 0.4030
Cyclist 0.0000 0 0.0000 -1.0000 -1.0000 -1.0000 -1.0000 0.7774 1.5121 1.8016 -61.3167 6.6684 0.6373 -0.0451 0.3447
Cyclist 0.0000 0 0.0000 -1.0000 -1.0000 -1.0000 -1.0000 0.6727 1.0653 1.7048 -2.9815 -12.2988 0.7291 1.7909 0.3367
Cyclist 0.0000 0 0.0000 -1.0000 -1.0000 -1.0000 -1.0000 0.6947 1.2369 1.6861 14.1153 -12.4055 0.8875 -3.1269 0.3174
Cyclist 0.0000 0 0.0000 -1.0000 -1.0000 -1.0000 -1.0000 0.9685 1.5936 2.0701 -40.4480 3.9023 0.6676 3.0877 0.3171
Pedestrian 0.0000 0 0.0000 -1.0000 -1.0000 -1.0000 -1.0000 0.6872 1.6079 0.6766 18.8131 -12.5641 1.0828 3.0994 0.3684
