Car 0.0000 0 0.0000 -1.0000 -1.0000 -1.0000 -1.0000 1.9991 1.4835 4.5496 -22.4164 8.1926 0.6513 -3.1317 0.7910
Car 0.0000 0 0.0000 -1.0000 -1.0000 -1.0000 -1.0000 1.9751 1.4976 4.6318 -17.8114 3.4281 0.7599 0.0458 0.7504
Car 0.0000 0 0.0000 -1.0000 -1.0000 -1.0000 -1.0000 2.0133 1.6484 4.6800 -0.4851 3.6742 0.8613 -3.1238 0.7105
Car 0.0000 0 0.0000 -1.0000 -1.0000 -1.0000 -1.0000 1.9506 1.5551 4.4874 48.0746 -3.5632 0.9387 -3.1155 0.6347
Car 0.0000 0 0.0000 -1.0000 -1.0000 -1.0000 -1.0000 1.8707 1.6923 4.3818 -35.0692 10.9216 0.6424 -0.0082 0.5773
Car 0.0000 0 0.0000 -1.0000 -1.0000 -1.0000 -1.0000 2.0443 1.4715 4.5644 -15.9356 -0.0313 0.7815 -3.0915 0.5699
Car 0.0000 0 0.0000 -1.0000 -1.0000 -1.0000 -1.0000 1.9212 1.5124 4.4992 -43.3666 9.9827 0.5408 -3.1408 0.4972
Car 0.0000 0 0.0000 -1.0000 -1.0000 -1.0000 -1.0000 2.0324 1.6388 4.6670 -38.8131 3.7814 0.7940 -3.0875 0.4511
Car 0.0000 0 0.0000 -1.0000 -1.0000 -1.0000 -1.0000 2.0105 1.9058 4.5808 20.8459 3.7296 1.0820 -0.0298 0.4086
Car 0.0000 0 0.0000 -1.0000 -1.0000 -1.0000 -1.0000 1.9280 1.5014 4.5407 -20.9137 36.2734 -0.1156 -1.7420 0.3843
Car 0.0000 0 0.0000 -1.0000 -1.0000 -1.0000 -1.0000 1.9698 1.4720 4.5626 5.8135 3.7660 0.7754 3.1344 0.3811
Car 0.0000 0 0.0000 -1.0000 -1.0000 -1.0000 -1.0000 1.8716 1.4298 4.4027 -25.1066 -8.1664 0.7155 -2.6869 0.3665
Car 0.0000 0 0.0000 -1.0000 -1.0000 -1.0000 -1.0000 1.9660 1.4735 4.6508 47.9563 -0.3260 0.9484 3.1358 0.3448
Car 0.0000 0 0.0000 -1.0000 -1.0000 -1.0000 -1.0000 1.8722 1.6901 4.4504 29.5815 3.7542 0.9620 0.0105 0.3108
Car 0.0000 0 0.0000 -1.0000 -1.0000 -1.0000 -1.0000 1.8849 1.5108 4.4770 -31.8540 0.0466 0.6972 -3.1244 0.3042
Truck 0.0000 0 0.0000 -1.0000 -1.0000 -1.0000 -1.0000 2.9615 3.3970 9.7027 -4.0572 -3.4245 1.7952 0.0652 0.5877
Truck 0.0000 0 0.0000 -1.0000 -1.0000 -1.0000 -1.0000 2.6381 2.6343 7.6533 -51.9293 8.8675 1.2005 -0.0189 0.5110
Truck 0.0000 0 0.0000 -1.0000 -1.0000 -1.0000 -1.0000 2.9788 3.6869 9.1847 -20.1375 -3.5801 1.8537 3.1306 0.5062
Tricar 0.0000 0 0.0000 -1.0000 -1.0000 -1.0000 -1.0000 1.2522 1.5183 3.3680 -0.8701 19.6602 0.2896 0.0038 0.6696
Cyclist 0.0000 0 0.0000 -1.0000 -1.0000 -1.0000 -1.0000 0.8127 1.5242 1.8455 -29.7790 -12.1942 0.7757 3.1189 0.5570
