Car 0.0000 0 0.0000 -1.0000 -1.0000 -1.0000 -1.0000 1.9450 1.4649 4.5200 -6.9086 5.3762 0.6735 -3.1404 0.7446
Car 0.0000 0 0.0000 -1.0000 -1.0000 -1.0000 -1.0000 2.0120 1.4957 4.5917 18.7190 3.2587 0.7773 -0.0302 0.7440
Car 0.0000 0 0.0000 -1.0000 -1.0000 -1.0000 -1.0000 2.0069 1.5013 4.6342 40.7409 3.5130 0.7488 0.0051 0.6890
Car 0.0000 0 0.0000 -1.0000 -1.0000 -1.0000 -1.0000 1.9108 1.4872 4.5101 -53.9731 4.6175 0.7580 -0.0242 0.5977
Car 0.0000 0 0.0000 -1.0000 -1.0000 -1.0000 -1.0000 2.0074 1.4479 4.6105 25.5286 -0.1565 0.7383 3.1286 0.5340
Car 0.0000 0 0.0000 -1.0000 -1.0000 -1.0000 -1.0000 1.9461 1.5367 4.6049 70.1155 2.5328 0.9192 3.1116 0.5169
Car 0.0000 0 0.0000 -1.0000 -1.0000 -1.0000 -1.0000 2.0529 1.5295 4.7216 -38.2336 0.3671 0.7766 0.0001 0.5095
Car 0.0000 0 0.0000 -1.0000 -1.0000 -1.0000 -1.0000 1.9204 1.8031 4.4235 -15.0977 3.4734 0.8751 0.0317 0.4459
Car 0.0000 0 0.0000 -1.0000 -1.0000 -1.0000 -1.0000 1.8698 1.5123 4.5233 -71.7262 2.7387 0.7897 -0.0990 0.4115
Car 0.0000 0 0.0000 -1.0000 -1.0000 -1.0000 -1.0000 1.8794 1.4953 4.5167 -50.2864 1.4507 0.7452 -0.0168 0.3982
Car 0.0000 0 0.0000 -1.0000 -1.0000 -1.0000 -1.0000 2.0171 1.5416 4.6698 -34.9774 3.8022 0.7801 3.1397 0.3801
Car 0.0000 0 0.0000 -1.0000 -1.0000 -1.0000 -1.0000 1.9445 1.6584 4.6983 -74.8653 8.3540 0.9870 -0.1718 0.3800
Truck 0.0000 0 0.0000 -1.0000 -1.0000 -1.0000 -1.0000 2.9918 3.2731 10.3014 -39.8459 -4.8670 1.6619 3.1275 0.7302
Tricar 0.0000 0 0.0000 -1.0000 -1.0000 -1.0000 -1.0000 1.4298 1.7834 3.1572 60.5411 20.6824 0.6099 0.0327 0.3568
Cyclist 0.0000 0 0.0000 -1.0000 -1.0000 -1.0000 -1.0000 0.7704 1.5635 1.7472 37.7585 14.9863 0.5039 -0.0426 0.5622
Cyclist 0.0000 0 0.0000 -1.0000 -1.0000 -1.0000 -1.0000 0.7127 1.5641 1.6478 -22.7292 8.6303 0.5722 -3.0005 0.5449
Cyclist 0.0000 0 0.0000 -1.0000 -1.0000 -1.0000 -1.0000 0.7737 1.5707 1.7432 58.0114 15.7781 0.4151 3.1113 0.3986
Cyclist 0.0000 0 0.0000 -1.0000 -1.0000 -1.0000 -1.0000 0.7377 1.5314 1.6961 42.1912 -11.2298 0.8039 3.1156 0.3542
Cyclist 0.0000 0 0.0000 -1.0000 -1.0000 -1.0000 -1.0000 0.8053 1.5562 1.7811 -34.8892 -10.3690 0.7742 3.0567 0.3448
Cyclist 0.0000 0 0.0000 -1.0000 -1.0000 -1.0000 -1.0000 0.6340 1.1149 1.6719 30.4380 -14.1453 0.8230 1.6446 0.3028
Pedestrian 0.0000 0 0.0000 -1.0000 -1.0000 -1.0000 -1.0000 0.7139 1.7036 0.6840 -23.3321 -14.6005 0.9681 3.1149 0.4851
Pedestrian 0.0000 0 0.0000 -1.0000 -1.0000 -1.0000 -1.0000 0.7115 1.6831 0.6910 -3.5739 -8.8936 1.0184 0.1945 0.4181
Pedestrian 0.0000 0 0.0000 -1.0000 -1.0000 -1.0000 -1.0000 0.7210 1.6629 0.6805 33.6384 18.6963 0.4567 -3.1266 0.3302
