Car 0.0000 0 0.0000 -1.0000 -1.0000 -1.0000 -1.0000 1.9387 1.5012 4.4974 37.2364 1.4229 0.7800 3.0445 0.7572
Car 0.0000 0 0.0000 -1.0000 -1.0000 -1.0000 -1.0000 1.9865 1.6436 4.5418 14.5948 5.4739 0.8431 -3.1200 0.7440
Car 0.0000 0 0.0000 -1.0000 -1.0000 -1.0000 -1.0000 2.0766 1.7075 4.8263 -13.6525 -0.7544 0.7901 -0.0605 0.7278
Car 0.0000 0 0.0000 -1.0000 -1.0000 -1.0000 -1.0000 1.9032 1.4349 4.4500 4.2153 5.0549 0.7293 -3.1184 0.6477
Car 0.0000 0 0.0000 -1.0000 -1.0000 -1.0000 -1.0000 1.8867 1.4212 4.4455 30.9165 5.3743 0.6728 -0.1173 0.6324
Car 0.0000 0 0.0000 -1.0000 -1.0000 -1.0000 -1.0000 1.9283 1.5890 4.4828 14.2739 -3.7433 0.9009 0.0894 0.5963
Car 0.0000 0 0.0000 -1.0000 -1.0000 -1.0000 -1.0000 1.8808 1.4593 4.4349 20.3688 5.2376 0.7710 -0.0021 0.5715
Car 0.0000 0 0.0000 -1.0000 -1.0000 -1.0000 -1.0000 1.9185 1.5480 4.5181 -32.1124 5.4728 0.6344 -3.1396 0.5598
Car 0.0000 0 0.0000 -1.0000 -1.0000 -1.0000 -1.0000 1.9161 1.4882 4.5311 -26.6212 5.4271 0.6150 -0.0105 0.4412
Car 0.0000 0 0.0000 -1.0000 -1.0000 -1.0000 -1.0000 1.8402 1.4953 4.4338 60.2873 6.4473 0.7539 2.0164 0.4401
Car 0.0000 0 0.0000 -1.0000 -1.0000 -1.0000 -1.0000 1.7277 1.4753 4.3125 46.4158 5.3625 0.6869 3.1258 0.4307
Car 0.0000 0 0.0000 -1.0000 -1.0000 -1.0000 -1.0000 1.8268 1.7552 4.3596 65.5956 4.9088 0.8528 0.0259 0.4202
Car 0.0000 0 0.0000 -1.0000 -1.0000 -1.0000 -1.0000 1.9628 1.6118 4.6119 61.9218 -4.0018 0.8657 -0.1841 0.4077
Car 0.0000 0 0.0000 -1.0000 -1.0000 -1.0000 -1.0000 1.8691 1.4352 4.5315 52.2886 6.8742 0.6735 -1.3072 0.3590
Truck 0.0000 0 0.0000 -1.0000 -1.0000 -1.0000 -1.0000 1.9974 1.9835 5.1329 -23.5961 0.4501 0.9545 3.0995 0.3818
Tricar 0.0000 0 0.0000 -1.0000 -1.0000 -1.0000 -1.0000 1.1704 1.5393 2.7733 5.3936 -4.5549 0.8618 -3.0983 0.4608
Tricar 0.0000 0 0.0000 -1.0000 -1.0000 -1.0000 -1.0000 1.6292 1.8905 3.5749 -76.5324 5.1562 0.5629 -0.1564 0.3257
Cyclist 0.0000 0 0.0000 -1.0000 -1.0000 -1.0000 -1.0000 0.7490 1.5342 1.7265 4.6426 -1.7421 0.7903 -3.0612 0.6679
Cyclist 0.0000 0 0.0000 -1.0000 -1.0000 -1.0000 -1.0000 0.6858 1.1176 1.6963 -13.1673 -4.9165 0.5333 -2.9795 0.4787
Cyclist 0.0000 0 0.0000 -1.0000 -1.0000 -1.0000 -1.0000 0.7665 1.6213 1.6929 22.1989 -2.5088 0.9427 3.1087 0.4377
Cyclist 0.0000 0 0.0000 -1.0000 -1.0000 -1.0000 -1.0000 0.6634 1.3097 1.6679 26.4859 5.2789 0.6181 3.0489 0.4374
Cyclist 0.0000 0 0.0000 -1.0000 -1.0000 -1.0000 -1.0000 0.6852 1.2002 1.7319 -16.7216 5.0653 0.5682 1.5044 0.4343
Cyclist 0.0000 0 0.0000 -1.0000 -1.0000 -1.0000 -1.0000 0.7165 1.5041 1.6890 18.9718 3.1064 0.7709 3.1364 0.4200
Cyclist 0.0000 0 0.0000 -1.0000 -1.0000 -1.0000 -1.0000 0.7904 1.5933 1.7614 27.1581 -2.1653 0.8665 -0.0016 0.3826
Cyclist 0.0000 0 0.0000 -1.0000 -1.0000 -1.0000 -1.0000 0.6617 1.0503 1.6869 -16.5690 -4.6188 0.5165 -0.4158 0.3788
Cyclist 0.0000 0 0.0000 -1.0000 -1.0000 -1.0000 -1.0000 0.7072 1.3161 1.7180 -2.3644 6.5584 0.7268 -1.3200 0.3708
Cyclist 0.0000 0 0.0000 -1.0000 -1.0000 -1.0000 -1.0000 0.7253 1.4423 1.7394 45.1067 -4.3502 0.7743 3.0881 0.3423
Cyclist 0.0000 0 0.0000 -1.0000 -1.0000 -1.0000 -1.0000 0.6416 1.1768 1.6329 -19.9645 -5.5084 0.5657 -0.0810 0.3327
Cyclist 0.0000 0 0.0000 -1.0000 -1.0000 -1.0000 -1.0000 0.6682 1.2113 1.6637 0.8522 5.1999 0.6353 -1.5048 0.3252
Cyclist 0.0000 0 0.0000 -1.0000 -1.0000 -1.0000 -1.0000 0.6771 1.0903 1.6609 -14.0695 -8.2171 0.6926 0.8427 0.3228
Cyclist 0.0000 0 0.0000 -1.0000 -1.0000 -1.0000 -1.0000 0.7319 1.5432 1.6606 -8.5785 3.9924 0.7451 3.0738 0.3211
Cyclist 0.0000 0 0.0000 -1.0000 -1.0000 -1.0000 -1.0000 0.8705 1.5359 1.8976 50.0626 3.0986 0.7740 0.0800 0.3105
Cyclist 0.0000 0 0.0000 -1.0000 -1.0000 -1.0000 -1.0000 0.8123 1.6424 1.7631 25.3927 -1.7624 0.9208 3.0625 0.3018
