Car 0.0000 0 0.0000 -1.0000 -1.0000 -1.0000 -1.0000 2.0482 1.7068 4.7566 14.4576 4.6553 0.8264 3.1378 0.8123
Car 0.0000 0 0.0000 -1.0000 -1.0000 -1.0000 -1.0000 1.9202 1.4236 4.4808 21.9017 4.3121 0.7122 0.0037 0.7949
Car 0.0000 0 0.0000 -1.0000 -1.0000 -1.0000 -1.0000 1.9776 1.7054 4.5597 8.3571 5.1790 0.8145 3.1336 0.7696
Car 0.0000 0 0.0000 -1.0000 -1.0000 -1.0000 -1.0000 1.9566 1.4254 4.5082 -10.3444 6.0695 0.6235 3.1076 0.7143
Car 0.0000 0 0.0000 -1.0000 -1.0000 -1.0000 -1.0000 2.0049 1.5328 4.6223 35.9106 0.8078 0.8541 3.1359 0.7057
Car 0.0000 0 0.0000 -1.0000 -1.0000 -1.0000 -1.0000 1.9549 1.8813 4.4678 2.2894 5.0799 0.9105 -0.0147 0.6859
Car 0.0000 0 0.0000 -1.0000 -1.0000 -1.0000 -1.0000 2.0342 1.5932 4.6304 -32.2412 -2.2811 0.8827 0.5483 0.6233
Car 0.0000 0 0.0000 -1.0000 -1.0000 -1.0000 -1.0000 1.9326 1.8810 4.4408 13.9491 -0.5323 1.0074 -0.0013 0.6219
Car 0.0000 0 0.0000 -1.0000 -1.0000 -1.0000 -1.0000 1.9006 1.4622 4.4620 -8.0501 11.6572 0.4755 3.1282 0.6216
Car 0.0000 0 0.0000 -1.0000 -1.0000 -1.0000 -1.0000 1.9350 1.4637 4.5116 41.7520 3.0418 0.8150 3.1176 0.5822
Car 0.0000 0 0.0000 -1.0000 -1.0000 -1.0000 -1.0000 1.8815 1.4565 4.4361 -3.5350 5.3666 0.6778 3.1138 0.5211
Car 0.0000 0 0.0000 -1.0000 -1.0000 -1.0000 -1.0000 1.9261 1.4727 4.5522 35.0400 3.5348 0.8089 3.1379 0.4781
Car 0.0000 0 0.0000 -1.0000 -1.0000 -1.0000 -1.0000 1.8751 1.5251 4.4837 -41.8552 -22.0723 0.9190 1.5145 0.4371
Car 0.0000 0 0.0000 -1.0000 -1.0000 -1.0000 -1.0000 1.9050 1.5074 4.5312 5.6893 -26.0795 1.1688 1.5287 0.4175
Car 0.0000 0 0.0000 -1.0000 -1.0000 -1.0000 -1.0000 1.8854 1.5055 4.4661 -21.7515 26.4048 0.3206 -1.7624 0.4173
Car 0.0000 0 0.0000 -1.0000 -1.0000 -1.0000 -1.0000 1.9434 1.4906 4.6165 28.3373 3.9475 0.8231 3.1156 0.4113
Car 0.0000 0 0.0000 -1.0000 -1.0000 -1.0000 -1.0000 2.0644 1.9865 4.8617 -15.0616 1.9270 0.9905 0.0653 0.3524
Car 0.0000 0 0.0000 -1.0000 -1.0000 -1.0000 -1.0000 1.8662 1.5122 4.4830 -13.5593 23.2704 0.4350 -2.5471 0.3304
Car 0.0000 0 0.0000 -1.0000 -1.0000 -1.0000 -1.0000 1.8854 1.5737 4.5274 -17.5731 31.9574 0.4324 1.3307 0.3240
Car 0.0000 0 0.0000 -1.0000 -1.0000 -1.0000 -1.0000 1.9478 1.5623 4.6219 48.9084 2.7847 1.0574 3.1335 0.3134
Truck 0.0000 0 0.0000 -1.0000 -1.0000 -1.0000 -1.0000 3.0085 3.2021 11.9375 7.2623 11.4526 1.4690 3.1304 0.4955
Truck 0.0000 0 0.0000 -1.0000 -1.0000 -1.0000 -1.0000 2.5735 2.9398 7.0827 48.4562 10.0012 1.7265 3.1313 0.3959
Cyclist 0.0000 0 0.0000 -1.0000 -1.0000 -1.0000 -1.0000 0.7417 1.5356 1.7269 -31.3206 16.4782 0.5449 3.1342 0.5247
Cyclist 0.0000 0 0.0000 -1.0000 -1.0000 -1.0000 -1.0000 0.7725 1.5632 1.7968 -27.4890 15.1788 0.5951 0.0053 0.5203
Cyclist 0.0000 0 0.0000 -1.0000 -1.0000 -1.0000 -1.0000 0.7766 1.5582 1.7756 -49.9509 -21.9472 1.0698 -1.6138 0.4036
Cyclist 0.0000 0 0.0000 -1.0000 -1.0000 -1.0000 -1.0000 0.7814 1.3257 1.8447 6.8568 -11.8918 0.6152 -0.0700 0.3989
Cyclist 0.0000 0 0.0000 -1.0000 -1.0000 -1.0000 -1.0000 0.7792 1.4988 1.7485 -17.6009 -9.8550 0.6580 0.0627 0.3982
Cyclist 0.0000 0 0.0000 -1.0000 -1.0000 -1.0000 -1.0000 0.7838 1.5655 1.7311 -25.4141 -12.8776 0.7496 -2.7366 0.3797
Cyclist 0.0000 0 0.0000 -1.0000 -1.0000 -1.0000 -1.0000 0.7335 1.5070 1.7514 -23.6915 21.9944 0.3458 -1.5510 0.3756
Cyclist 0.0000 0 0.0000 -1.0000 -1.0000 -1.0000 -1.0000 0.6850 1.3778 1.6466 -54.3615 -21.8359 0.9880 -2.6338 0.3261
Cyclist 0.0000 0 0.0000 -1.0000 -1.0000 -1.0000 -1.0000 0.7761 1.5752 1.7251 -22.6492 17.1513 0.5257 -0.2373 0.3204
Cyclist 0.0000 0 0.0000 -1.0000 -1.0000 -1.0000 -1.0000 0.7616 1.5233 1.7270 -20.0526 -10.9927 0.7381 0.1162 0.3164
Cyclist 0.0000 0 0.0000 -1.0000 -1.0000 -1.0000 -1.0000 0.7372 1.5705 1.7212 -25.4624 -11.0252 0.7857 -2.7148 0.3002
Pedestrian 0.0000 0 0.0000 -1.0000 -1.0000 -1.0000 -1.0000 0.7139 1.6589 0.6699 -22.5581 19.5797 0.5274 0.7363 0.4817
Pedestrian 0.0000 0 0.0000 -1.0000 -1.0000 -1.0000 -1.0000 0.6656 1.6527 0.5814 -15.7251 20.1953 0.5364 0.0764 0.4322
Pedestrian 0.0000 0 0.0000 -1.0000 -1.0000 -1.0000 -1.0000 0.7068 1.6307 0.6568 -25.5442 -10.9574 0.7806 -2.7478 0.3780
Pedestrian 0.0000 0 0.0000 -1.0000 -1.0000 -1.0000 -1.0000 0.7215 1.6358 0.7317 -42.3152 17.8340 0.7870 3.1232 0.3631
Pedestrian 0.0000 0 0.0000 -1.0000 -1.0000 -1.0000 -1.0000 0.7046 1.6323 0.6571 -22.5273 17.9500 0.4954 2.7799 0.3325
Pedestrian 0.0000 0 0.0000 -1.0000 -1.0000 -1.0000 -1.0000 0.7109 1.6214 0.6513 -25.4425 -12.8184 0.7648 -2.7659 0.3201
