Car 0.0000 0 0.0000 -1.0000 -1.0000 -1.0000 -1.0000 2.1039 1.6186 4.7810 -33.5692 -0.3087 0.7217 -3.1337 0.7521
Car 0.0000 0 0.0000 -1.0000 -1.0000 -1.0000 -1.0000 1.9472 1.4294 4.5552 37.4335 2.7639 0.7431 3.0280 0.7441
Car 0.0000 0 0.0000 -1.0000 -1.0000 -1.0000 -1.0000 2.0682 1.7357 4.6815 14.2067 -5.4702 0.9948 -0.0375 0.7327
Car 0.0000 0 0.0000 -1.0000 -1.0000 -1.0000 -1.0000 1.9769 1.4677 4.5692 -22.4317 -8.5318 0.9426 -0.0082 0.6798
Car 0.0000 0 0.0000 -1.0000 -1.0000 -1.0000 -1.0000 1.9797 1.5848 4.6098 9.0663 -7.8783 1.0442 -3.1343 0.6711
Car 0.0000 0 0.0000 -1.0000 -1.0000 -1.0000 -1.0000 1.9302 1.4907 4.4925 0.7886 -8.0540 1.0234 -3.1248 0.6394
Car 0.0000 0 0.0000 -1.0000 -1.0000 -1.0000 -1.0000 1.9159 1.5512 4.5039 -3.9825 -10.0913 1.1084 -0.0513 0.6111
Car 0.0000 0 0.0000 -1.0000 -1.0000 -1.0000 -1.0000 2.0013 1.5183 4.6399 -11.5586 0.7161 0.7547 -3.1371 0.5786
Car 0.0000 0 0.0000 -1.0000 -1.0000 -1.0000 -1.0000 2.0104 1.4846 4.6182 -40.1666 -8.6582 0.8516 -3.1399 0.5359
Car 0.0000 0 0.0000 -1.0000 -1.0000 -1.0000 -1.0000 1.9183 1.4671 4.5411 53.6405 1.3663 0.7181 2.9591 0.5216
Car 0.0000 0 0.0000 -1.0000 -1.0000 -1.0000 -1.0000 1.9387 1.5284 4.6409 44.5651 -2.5722 0.8958 -1.7815 0.5048
Car 0.0000 0 0.0000 -1.0000 -1.0000 -1.0000 -1.0000 1.9233 1.4979 4.5768 10.1024 -12.9278 1.2808 -1.4429 0.4887
Car 0.0000 0 0.0000 -1.0000 -1.0000 -1.0000 -1.0000 1.9447 1.6447 4.5547 -46.0051 -8.4587 0.8964 -3.1353 0.3753
Car 0.0000 0 0.0000 -1.0000 -1.0000 -1.0000 -1.0000 1.9314 1.5428 4.6275 -53.7116 -8.9894 0.7852 -3.0205 0.3560
Car 0.0000 0 0.0000 -1.0000 -1.0000 -1.0000 -1.0000 2.1071 1.9856 5.0370 73.4523 -6.1145 1.2057 3.0370 0.3267
Truck 0.0000 0 0.0000 -1.0000 -1.0000 -1.0000 -1.0000 2.5835 2.7014 6.7587 18.7877 -13.0748 1.8805 1.6594 0.4320
Tricar 0.0000 0 0.0000 -1.0000 -1.0000 -1.0000 -1.0000 1.0917 1.5418 2.7187 7.8728 -3.3223 0.8311 3.1402 0.4352
Cyclist 0.0000 0 0.0000 -1.0000 -1.0000 -1.0000 -1.0000 0.7887 1.5943 1.7452 -13.8699 2.6683 0.7344 -0.0019 0.6409
Cyclist 0.0000 0 0.0000 -1.0000 -1.0000 -1.0000 -1.0000 0.8247 1.5729 1.8284 -19.1994 4.7386 0.6833 -0.0054 0.5064
Cyclist 0.0000 0 0.0000 -1.0000 -1.0000 -1.0000 -1.0000 0.7515 1.5878 1.6993 64.7106 0.2700 0.8381 2.9328 0.3851
Cyclist 0.0000 0 0.0000 -1.0000 -1.0000 -1.0000 -1.0000 0.7051 1.1776 1.7254 -23.6284 -13.9895 1.0617 0.0127 0.3640
Pedestrian 0.0000 0 0.0000 -1.0000 -1.0000 -1.0000 -1.0000 0.6904 1.6283 0.6356 -7.1034 -18.0802 1.5759 2.9946 0.3324
