Car 0.0000 0 0.0000 -1.0000 -1.0000 -1.0000 -1.0000 1.9192 1.3763 4.5107 8.6518 4.3978 0.7615 0.1013 0.7191
Car 0.0000 0 0.0000 -1.0000 -1.0000 -1.0000 -1.0000 1.9144 1.4174 4.5340 -14.0768 2.5297 0.6975 0.1126 0.7011
Car 0.0000 0 0.0000 -1.0000 -1.0000 -1.0000 -1.0000 1.8648 1.4509 4.4557 2.3754 -2.5527 0.8042 3.1309 0.6858
Car 0.0000 0 0.0000 -1.0000 -1.0000 -1.0000 -1.0000 1.8909 1.4050 4.4426 -48.7237 2.4192 0.8474 -3.0795 0.6810
Car 0.0000 0 0.0000 -1.0000 -1.0000 -1.0000 -1.0000 1.9224 1.8164 4.4145 31.3667 8.5499 0.9098 -1.3880 0.5450
Car 0.0000 0 0.0000 -1.0000 -1.0000 -1.0000 -1.0000 1.8489 1.4723 4.4623 -61.4796 1.0376 0.9331 -3.0712 0.5211
Car 0.0000 0 0.0000 -1.0000 -1.0000 -1.0000 -1.0000 1.9052 1.4716 4.5783 50.2235 5.2868 0.7997 0.1090 0.5189
Car 0.0000 0 0.0000 -1.0000 -1.0000 -1.0000 -1.0000 1.8671 1.4487 4.4355 -20.3222 3.2580 0.7395 0.0241 0.4749
Car 0.0000 0 0.0000 -1.0000 -1.0000 -1.0000 -1.0000 1.8680 1.6750 4.4272 35.8049 0.6632 0.8712 1.3883 0.3903
Tricar 0.0000 0 0.0000 -1.0000 -1.0000 -1.0000 -1.0000 1.3195 1.7505 2.7775 40.9838 5.6583 0.9152 0.2097 0.4632
Tricar 0.0000 0 0.0000 -1.0000 -1.0000 -1.0000 -1.0000 1.1957 1.7432 2.7988 -19.2535 -2.2381 0.9495 3.1216 0.4377
Cyclist 0.0000 0 0.0000 -1.0000 -1.0000 -1.0000 -1.0000 0.7329 1.5457 1.6862 11.9274 -0.8192 0.7943 0.1783 0.6623
Cyclist 0.0000 0 0.0000 -1.0000 -1.0000 -1.0000 -1.0000 0.7290 1.5064 1.7152 16.8151 0.1662 0.7815 -2.9306 0.5751
Cyclist 0.0000 0 0.0000 -1.0000 -1.0000 -1.0000 -1.0000 0.8152 1.5689 1.7650 32.7231 2.9140 0.8150 0.0555 0.4639
Cyclist 0.0000 0 0.0000 -1.0000 -1.0000 -1.0000 -1.0000 0.7534 1.4861 1.7355 -12.8812 -2.6554 0.7453 0.0002 0.4591
Cyclist 0.0000 0 0.0000 -1.0000 -1.0000 -1.0000 -1.0000 0.7598 1.4951 1.7243 19.7294 -3.0189 0.8593 -0.5847 0.4524
Cyclist 0.0000 0 0.0000 -1.0000 -1.0000 -1.0000 -1.0000 0.6944 1.4655 1.6818 -4.4620 2.1652 0.7266 0.1268 0.4510
Cyclist 0.0000 0 0.0000 -1.0000 -1.0000 -1.0000 -1.0000 0.6983 1.4699 1.6752 -7.2147 2.2692 0.7131 -3.0601 0.4505
Cyclist 0.0000 0 0.0000 -1.0000 -1.0000 -1.0000 -1.0000 0.7355 1.2780 1.7344 14.5677 -3.0293 0.6874 0.1599 0.4369
Cyclist 0.0000 0 0.0000 -1.0000 -1.0000 -1.0000 -1.0000 0.7730 1.5365 1.7098 -15.8459 -3.4769 0.7527 -3.0975 0.4253
Cyclist 0.0000 0 0.0000 -1.0000 -1.0000 -1.0000 -1.0000 0.7702 1.5066 1.7265 21.3324 0.7389 0.7795 0.1348 0.4039
Cyclist 0.0000 0 0.0000 -1.0000 -1.0000 -1.0000 -1.0000 0.7387 1.1970 1.7626 -9.4043 -3.4205 0.6231 0.3428 0.3966
Cyclist 0.0000 0 0.0000 -1.0000 -1.0000 -1.0000 -1.0000 0.7510 1.4897 1.7477 30.6444 -3.6344 0.8681 0.0318 0.3739
Cyclist 0.0000 0 0.0000 -1.0000 -1.0000 -1.0000 -1.0000 0.6580 1.1345 1.6567 -2.6368 -4.7654 0.7718 -0.1607 0.3682
Cyclist 0.0000 0 0.0000 -1.0000 -1.0000 -1.0000 -1.0000 0.7436 1.3527 1.7314 22.2056 -4.1023 0.8601 -3.0875 0.3327
Cyclist 0.0000 0 0.0000 -1.0000 -1.0000 -1.0000 -1.0000 0.7751 1.5898 1.7075 36.0912 4.7739 0.8452 0.0993 0.3282
Cyclist 0.0000 0 0.0000 -1.0000 -1.0000 -1.0000 -1.0000 0.7753 1.4852 1.7407 -25.3129 -5.4560 0.8609 -2.7207 0.3280
Cyclist 0.0000 0 0.0000 -1.0000 -1.0000 -1.0000 -1.0000 0.6686 1.2656 1.6440 -6.4993 -4.7823 0.8047 -2.8240 0.3204
Pedestrian 0.0000 0 0.0000 -1.0000 -1.0000 -1.0000 -1.0000 0.6996 1.7102 0.6228 -37.0106 -6.5454 1.1315 0.0353 0.4775
Pedestrian 0.0000 0 0.0000 -1.0000 -1.0000 -1.0000 -1.0000 0.7038 1.7134 0.6380 25.2527 -5.1960 1.1626 0.0980 0.4347
Pedestrian 0.0000 0 0.0000 -1.0000 -1.0000 -1.0000 -1.0000 0.6805 1.6512 0.6038 0.6633 8.5727 1.0530 0.1238 0.3358
Pedestrian 0.0000 0 0.0000 -1.0000 -1.0000 -1.0000 -1.0000 0.7176 1.6823 0.6712 36.0123 4.7497 0.8594 -3.0678 0.3228
Pedestrian 0.0000 0 0.0000 -1.0000 -1.0000 -1.0000 -1.0000 0.6859 1.6815 0.6269 -6.8271 5.3185 1.0206 -2.7027 0.3225
