Car 0.0000 0 0.0000 -1.0000 -1.0000 -1.0000 -1.0000 1.9437 1.4641 4.5241 6.5967 3.1580 0.7150 3.1389 0.8013
Car 0.0000 0 0.0000 -1.0000 -1.0000 -1.0000 -1.0000 1.9973 1.6700 4.5214 6.4449 -0.7432 0.8630 -3.1181 0.7936
Car 0.0000 0 0.0000 -1.0000 -1.0000 -1.0000 -1.0000 1.9863 1.5124 4.5831 13.7030 2.6328 0.7670 3.1135 0.7929
Car 0.0000 0 0.0000 -1.0000 -1.0000 -1.0000 -1.0000 2.0177 1.7476 4.6408 0.5048 2.8663 0.8927 3.1331 0.7788
Car 0.0000 0 0.0000 -1.0000 -1.0000 -1.0000 -1.0000 1.9955 1.5051 4.5845 -39.2529 2.7079 0.8451 -0.0088 0.7462
Car 0.0000 0 0.0000 -1.0000 -1.0000 -1.0000 -1.0000 2.0534 1.8918 4.7641 -12.2344 3.0563 0.9429 3.1216 0.7445
Car 0.0000 0 0.0000 -1.0000 -1.0000 -1.0000 -1.0000 1.9560 1.5079 4.6458 41.2077 1.3733 0.7606 3.0145 0.6772
Car 0.0000 0 0.0000 -1.0000 -1.0000 -1.0000 -1.0000 1.9500 1.5072 4.5140 -27.1155 2.6018 0.7822 3.1304 0.6700
Car 0.0000 0 0.0000 -1.0000 -1.0000 -1.0000 -1.0000 2.0504 1.5980 4.6831 -19.2892 2.9227 0.8467 3.1024 0.6558
Car 0.0000 0 0.0000 -1.0000 -1.0000 -1.0000 -1.0000 1.9159 1.4779 4.4835 -19.8967 -0.3003 0.7840 -0.0015 0.6105
Car 0.0000 0 0.0000 -1.0000 -1.0000 -1.0000 -1.0000 1.9141 1.4746 4.5196 -5.5020 2.7134 0.7604 0.0054 0.6051
Car 0.0000 0 0.0000 -1.0000 -1.0000 -1.0000 -1.0000 1.9373 1.5220 4.5714 21.2548 2.6393 0.7563 3.1394 0.5365
Car 0.0000 0 0.0000 -1.0000 -1.0000 -1.0000 -1.0000 2.0118 1.7287 4.7238 -19.5028 10.3277 0.9342 3.1235 0.5091
Car 0.0000 0 0.0000 -1.0000 -1.0000 -1.0000 -1.0000 1.8279 1.5137 4.4072 27.4145 3.0172 0.7525 3.1107 0.5073
Car 0.0000 0 0.0000 -1.0000 -1.0000 -1.0000 -1.0000 1.8886 1.4930 4.5097 34.0973 2.9736 0.7681 -2.9476 0.5066
Car 0.0000 0 0.0000 -1.0000 -1.0000 -1.0000 -1.0000 1.9517 1.7088 4.5164 -28.8861 -0.6066 0.9771 -3.1261 0.4256
Car 0.0000 0 0.0000 -1.0000 -1.0000 -1.0000 -1.0000 1.9009 1.7115 4.5290 -12.4544 10.3557 0.9330 -3.1412 0.3897
Car 0.0000 0 0.0000 -1.0000 -1.0000 -1.0000 -1.0000 1.8621 1.5921 4.3331 17.0387 -0.5611 0.8026 3.1294 0.3787
Car 0.0000 0 0.0000 -1.0000 -1.0000 -1.0000 -1.0000 1.9050 1.5368 4.5699 17.9581 6.9747 0.7571 1.5614 0.3626
Car 0.0000 0 0.0000 -1.0000 -1.0000 -1.0000 -1.0000 1.9628 1.4580 4.5851 -11.3211 0.0999 0.7452 0.0112 0.3425
Car 0.0000 0 0.0000 -1.0000 -1.0000 -1.0000 -1.0000 1.8759 1.5679 4.5196 10.8320 6.9581 0.7827 1.5933 0.3227
Truck 0.0000 0 0.0000 -1.0000 -1.0000 -1.0000 -1.0000 3.0088 3.0739 10.8545 -48.1873 -0.5927 1.5666 0.0404 0.6858
Cyclist 0.0000 0 0.0000 -1.0000 -1.0000 -1.0000 -1.0000 0.7648 1.5357 1.7355 -37.8134 -6.7000 0.8812 3.1191 0.5111
Cyclist 0.0000 0 0.0000 -1.0000 -1.0000 -1.0000 -1.0000 0.7492 1.5630 1.6941 38.7982 -6.8068 0.8706 3.1328 0.3723
