Car 0.0000 0 0.0000 -1.0000 -1.0000 -1.0000 -1.0000 1.9588 1.4312 4.4277 4.3024 -3.5968 0.7374 3.1267 0.8042
Car 0.0000 0 0.0000 -1.0000 -1.0000 -1.0000 -1.0000 1.9677 1.4212 4.5138 -8.3874 -3.5518 0.7099 0.0173 0.7952
Car 0.0000 0 0.0000 -1.0000 -1.0000 -1.0000 -1.0000 1.9184 1.4340 4.4547 -3.0932 -3.4244 0.7184 3.1226 0.7865
Car 0.0000 0 0.0000 -1.0000 -1.0000 -1.0000 -1.0000 1.9860 1.7029 4.5421 21.6652 -3.6367 0.8030 -3.1262 0.7633
Car 0.0000 0 0.0000 -1.0000 -1.0000 -1.0000 -1.0000 1.9751 1.4614 4.5034 10.2067 -3.6728 0.7686 3.1127 0.7612
Car 0.0000 0 0.0000 -1.0000 -1.0000 -1.0000 -1.0000 2.1543 2.0013 4.9448 -14.6636 -3.6994 0.9829 3.1387 0.7135
Car 0.0000 0 0.0000 -1.0000 -1.0000 -1.0000 -1.0000 1.9144 1.4873 4.5015 -27.9638 -3.6724 0.6258 -3.1184 0.6326
Car 0.0000 0 0.0000 -1.0000 -1.0000 -1.0000 -1.0000 1.9196 1.5575 4.4520 15.6491 -3.6915 0.7702 3.1278 0.6120
Car 0.0000 0 0.0000 -1.0000 -1.0000 -1.0000 -1.0000 2.0567 1.8946 4.8276 -21.6296 -3.7151 0.9155 0.0272 0.5750
Car 0.0000 0 0.0000 -1.0000 -1.0000 -1.0000 -1.0000 1.9330 1.6070 4.5780 73.2217 2.4437 0.6019 0.0238 0.5666
Car 0.0000 0 0.0000 -1.0000 -1.0000 -1.0000 -1.0000 1.9576 1.5617 4.6482 -61.9563 -0.5354 0.6149 -3.1106 0.5624
Tricar 0.0000 0 0.0000 -1.0000 -1.0000 -1.0000 -1.0000 1.5955 1.7848 4.3209 -48.1724 4.5638 0.7316 0.0145 0.4351
Cyclist 0.0000 0 0.0000 -1.0000 -1.0000 -1.0000 -1.0000 0.7306 1.5258 1.7176 56.7025 4.6774 0.6026 3.1073 0.4951
Cyclist 0.0000 0 0.0000 -1.0000 -1.0000 -1.0000 -1.0000 0.7986 1.5892 1.7331 -62.7647 -5.5041 0.6326 0.0188 0.3470
Cyclist 0.0000 0 0.0000 -1.0000 -1.0000 -1.0000 -1.0000 0.9215 1.6743 1.8513 -63.6299 -3.4899 0.7598 -3.1242 0.3153
