Car 0.0000 0 0.0000 -1.0000 -1.0000 -1.0000 -1.0000 1.9957 1.4460 4.6586 -31.7992 3.3906 0.3434 0.0059 0.7806
Car 0.0000 0 0.0000 -1.0000 -1.0000 -1.0000 -1.0000 1.9513 1.4472 4.5071 -31.1935 -2.9927 0.3785 3.1061 0.7718
Car 0.0000 0 0.0000 -1.0000 -1.0000 -1.0000 -1.0000 2.0979 1.6599 4.7280 30.2698 -1.1303 0.8286 3.1318 0.7275
Car 0.0000 0 0.0000 -1.0000 -1.0000 -1.0000 -1.0000 1.9686 1.5220 4.5208 15.7100 -3.5685 0.7227 -3.1272 0.7235
Car 0.0000 0 0.0000 -1.0000 -1.0000 -1.0000 -1.0000 1.9440 1.4623 4.5189 -36.8349 6.2050 0.2077 -3.1338 0.7021
Car 0.0000 0 0.0000 -1.0000 -1.0000 -1.0000 -1.0000 1.9730 1.4231 4.5422 -18.9215 -3.3247 0.6028 -0.0073 0.7013
Car 0.0000 0 0.0000 -1.0000 -1.0000 -1.0000 -1.0000 1.9609 1.5105 4.5555 18.3116 6.1532 0.7194 3.1257 0.6832
Car 0.0000 0 0.0000 -1.0000 -1.0000 -1.0000 -1.0000 1.9451 1.6315 4.4981 -8.0508 3.1233 0.8036 3.1180 0.6647
Car 0.0000 0 0.0000 -1.0000 -1.0000 -1.0000 -1.0000 1.9174 1.4859 4.4893 -48.6936 -2.9621 -0.0862 -3.1022 0.6617
Car 0.0000 0 0.0000 -1.0000 -1.0000 -1.0000 -1.0000 1.9410 1.5957 4.4663 -10.3061 6.4950 0.7577 -0.0237 0.6587
Car 0.0000 0 0.0000 -1.0000 -1.0000 -1.0000 -1.0000 1.9078 1.6086 4.4485 29.2954 5.3635 0.7666 3.1118 0.6444
Car 0.0000 0 0.0000 -1.0000 -1.0000 -1.0000 -1.0000 2.0220 1.5409 4.5751 9.6424 3.0708 0.7130 -3.1357 0.5554
Car 0.0000 0 0.0000 -1.0000 -1.0000 -1.0000 -1.0000 1.9718 1.5333 4.6170 46.0921 -3.9275 0.7344 2.9221 0.5288
Car 0.0000 0 0.0000 -1.0000 -1.0000 -1.0000 -1.0000 1.9999 1.6567 4.6793 59.5114 3.2720 0.7705 3.1389 0.4787
Car 0.0000 0 0.0000 -1.0000 -1.0000 -1.0000 -1.0000 1.9223 1.6158 4.5714 -60.7178 4.0674 -0.2958 3.0954 0.4761
Car 0.0000 0 0.0000 -1.0000 -1.0000 -1.0000 -1.0000 2.0232 1.4759 4.6133 -23.0638 -0.0118 0.5185 0.0118 0.3865
Car 0.0000 0 0.0000 -1.0000 -1.0000 -1.0000 -1.0000 1.9150 1.6006 4.5043 -40.5920 0.2072 0.2788 3.1306 0.3862
Truck 0.0000 0 0.0000 -1.0000 -1.0000 -1.0000 -1.0000 2.9047 3.0248 9.3953 45.7677 6.4636 1.4098 0.0484 0.7236
Truck 0.0000 0 0.0000 -1.0000 -1.0000 -1.0000 -1.0000 2.8561 3.0421 9.4317 4.8809 -3.2055 1.4660 0.0062 0.6837
Truck 0.0000 0 0.0000 -1.0000 -1.0000 -1.0000 -1.0000 2.9406 3.4359 10.3369 82.4754 1.0856 1.3700 -0.0083 0.5190
Truck 0.0000 0 0.0000 -1.0000 -1.0000 -1.0000 -1.0000 2.9016 3.1084 9.9477 -67.9631 0.3157 0.7769 -0.0009 0.5068
Cyclist 0.0000 0 0.0000 -1.0000 -1.0000 -1.0000 -1.0000 0.7319 1.5296 1.7136 -27.7559 12.8829 0.3032 3.1142 0.6756
Cyclist 0.0000 0 0.0000 -1.0000 -1.0000 -1.0000 -1.0000 0.7663 1.5260 1.7810 -6.4776 12.3864 0.6225 3.0898 0.6643
Cyclist 0.0000 0 0.0000 -1.0000 -1.0000 -1.0000 -1.0000 0.7647 1.5524 1.7088 -15.9157 -9.0001 0.7198 -3.1302 0.4959
Cyclist 0.0000 0 0.0000 -1.0000 -1.0000 -1.0000 -1.0000 0.7934 1.5056 1.7977 -13.2609 -9.6051 0.7431 -0.0010 0.4353
Cyclist 0.0000 0 0.0000 -1.0000 -1.0000 -1.0000 -1.0000 0.7299 1.5331 1.7016 53.1446 11.0332 0.6046 3.1016 0.4155
