Car 0.0000 0 0.0000 -1.0000 -1.0000 -1.0000 -1.0000 1.9328 1.4430 4.4721 -4.2017 3.2668 0.7508 0.0108 0.7850
Car 0.0000 0 0.0000 -1.0000 -1.0000 -1.0000 -1.0000 1.9698 1.4557 4.5677 -8.8287 0.2989 0.7352 0.0354 0.7495
Car 0.0000 0 0.0000 -1.0000 -1.0000 -1.0000 -1.0000 1.9379 1.6205 4.5150 -18.1994 3.1682 0.8183 3.1250 0.7479
Car 0.0000 0 0.0000 -1.0000 -1.0000 -1.0000 -1.0000 1.9958 1.4722 4.5571 13.5987 2.8053 0.7978 -0.0109 0.7141
Car 0.0000 0 0.0000 -1.0000 -1.0000 -1.0000 -1.0000 1.9581 1.6378 4.4669 6.3915 -0.4286 0.8637 -3.1373 0.7114
Car 0.0000 0 0.0000 -1.0000 -1.0000 -1.0000 -1.0000 1.9508 1.4368 4.5618 -10.8752 3.0772 0.7348 3.1339 0.6731
Car 0.0000 0 0.0000 -1.0000 -1.0000 -1.0000 -1.0000 1.9569 1.4678 4.5626 1.7814 3.3474 0.7514 0.0217 0.6436
Car 0.0000 0 0.0000 -1.0000 -1.0000 -1.0000 -1.0000 1.9955 1.5949 4.6295 -30.8490 3.0989 0.8745 -3.1267 0.6161
Car 0.0000 0 0.0000 -1.0000 -1.0000 -1.0000 -1.0000 1.9678 1.5849 4.6375 -24.3234 3.2985 0.8697 0.0312 0.5864
Car 0.0000 0 0.0000 -1.0000 -1.0000 -1.0000 -1.0000 1.9332 1.4589 4.4827 -16.1596 -0.0810 0.7278 3.1318 0.5663
Car 0.0000 0 0.0000 -1.0000 -1.0000 -1.0000 -1.0000 1.9516 1.5451 4.5755 -37.4257 3.1976 0.9242 -3.1319 0.5073
Car 0.0000 0 0.0000 -1.0000 -1.0000 -1.0000 -1.0000 2.0467 1.7001 4.7237 -42.8899 2.7392 1.0184 -0.0278 0.5034
Car 0.0000 0 0.0000 -1.0000 -1.0000 -1.0000 -1.0000 1.9428 1.7401 4.6269 -11.8353 14.3707 0.9201 -0.0044 0.4956
Car 0.0000 0 0.0000 -1.0000 -1.0000 -1.0000 -1.0000 2.0353 1.7581 4.6681 -24.3542 0.3130 0.9629 0.0289 0.4939
Car 0.0000 0 0.0000 -1.0000 -1.0000 -1.0000 -1.0000 1.9573 1.4750 4.5748 27.0573 3.6946 0.8662 0.0018 0.4749
Car 0.0000 0 0.0000 -1.0000 -1.0000 -1.0000 -1.0000 1.9180 1.6718 4.4688 17.7802 -0.1818 0.9051 0.0076 0.4453
Car 0.0000 0 0.0000 -1.0000 -1.0000 -1.0000 -1.0000 1.8800 1.4494 4.5220 30.8242 1.0929 0.8314 0.0309 0.4122
Car 0.0000 0 0.0000 -1.0000 -1.0000 -1.0000 -1.0000 1.8999 1.7223 4.5286 15.7922 14.1310 0.8761 0.0009 0.3336
Truck 0.0000 0 0.0000 -1.0000 -1.0000 -1.0000 -1.0000 2.9253 3.0291 9.7884 -43.9923 -0.2004 1.6888 -3.1368 0.5693
Truck 0.0000 0 0.0000 -1.0000 -1.0000 -1.0000 -1.0000 2.2697 2.3551 5.8470 41.3910 3.5696 1.4214 0.0768 0.4594
