Car 0.0000 0 0.0000 -1.0000 -1.0000 -1.0000 -1.0000 2.0090 1.5840 4.6351 7.3230 6.5942 0.7475 3.1146 0.7470
Car 0.0000 0 0.0000 -1.0000 -1.0000 -1.0000 -1.0000 1.9874 1.4284 4.4754 -23.5321 -2.6337 0.7088 -3.1376 0.7377
Car 0.0000 0 0.0000 -1.0000 -1.0000 -1.0000 -1.0000 2.0360 1.7835 4.6640 13.9971 6.3526 0.8516 -3.1294 0.7018
Car 0.0000 0 0.0000 -1.0000 -1.0000 -1.0000 -1.0000 2.0058 1.4703 4.5564 -43.5282 -2.3311 0.8700 -3.1280 0.6723
Car 0.0000 0 0.0000 -1.0000 -1.0000 -1.0000 -1.0000 1.9279 1.6209 4.6021 -71.6564 -16.5575 1.2300 -1.5799 0.6238
Car 0.0000 0 0.0000 -1.0000 -1.0000 -1.0000 -1.0000 2.2148 2.1429 5.0862 -15.8387 6.5053 1.1176 -0.0223 0.5819
Car 0.0000 0 0.0000 -1.0000 -1.0000 -1.0000 -1.0000 1.9078 1.4458 4.5052 23.6192 7.1427 0.6308 -3.1012 0.5473
Car 0.0000 0 0.0000 -1.0000 -1.0000 -1.0000 -1.0000 1.9739 1.4938 4.5559 0.2252 6.2249 0.6588 -3.1261 0.5455
Car 0.0000 0 0.0000 -1.0000 -1.0000 -1.0000 -1.0000 1.9363 1.5314 4.4415 -32.8245 -3.0427 0.8468 -0.0033 0.5186
Car 0.0000 0 0.0000 -1.0000 -1.0000 -1.0000 -1.0000 1.8648 1.5752 4.4955 -56.1083 -1.3994 0.9263 0.0146 0.4965
Car 0.0000 0 0.0000 -1.0000 -1.0000 -1.0000 -1.0000 2.1090 1.9577 4.9480 42.2031 -0.2519 0.8938 0.0321 0.4924
Car 0.0000 0 0.0000 -1.0000 -1.0000 -1.0000 -1.0000 1.9195 1.5713 4.7042 -72.1927 -23.5067 1.2189 1.5774 0.3966
Car 0.0000 0 0.0000 -1.0000 -1.0000 -1.0000 -1.0000 2.0086 1.6737 4.7366 44.8774 3.5139 0.7536 0.0750 0.3663
Car 0.0000 0 0.0000 -1.0000 -1.0000 -1.0000 -1.0000 1.9105 1.5835 4.4964 33.7573 9.9239 0.5672 0.0046 0.3643
Truck 0.0000 0 0.0000 -1.0000 -1.0000 -1.0000 -1.0000 2.4425 2.3315 6.5122 -7.8155 6.5767 1.1106 -3.1314 0.5275
Truck 0.0000 0 0.0000 -1.0000 -1.0000 -1.0000 -1.0000 2.9633 3.7948 11.8668 -35.7251 6.5706 2.0002 3.1381 0.4989
Truck 0.0000 0 0.0000 -1.0000 -1.0000 -1.0000 -1.0000 2.6354 3.2512 6.4450 -23.7208 6.4636 1.6663 -0.0019 0.4371
Truck 0.0000 0 0.0000 -1.0000 -1.0000 -1.0000 -1.0000 2.7069 2.7487 7.8725 -69.9472 -28.0987 1.8298 1.6012 0.4365
Truck 0.0000 0 0.0000 -1.0000 -1.0000 -1.0000 -1.0000 1.8859 1.9123 4.8101 -25.2007 1.0769 1.0379 0.0235 0.4278
Tricar 0.0000 0 0.0000 -1.0000 -1.0000 -1.0000 -1.0000 1.3244 1.6634 3.2447 68.2718 -13.1767 0.6342 3.1374 0.4976
Cyclist 0.0000 0 0.0000 -1.0000 -1.0000 -1.0000 -1.0000 0.7731 1.5572 1.7578 11.1330 -16.2209 0.6823 -0.0290 0.7174
Cyclist 0.0000 0 0.0000 -1.0000 -1.0000 -1.0000 -1.0000 0.7658 1.5494 1.7611 35.3818 -13.7507 0.5949 3.1282 0.6521
Pedestrian 0.0000 0 0.0000 -1.0000 -1.0000 -1.0000 -1.0000 0.6752 1.6248 0.5856 62.0391 -24.3431 0.8025 3.0306 0.3345
