Car 0.0000 0 0.0000 -1.0000 -1.0000 -1.0000 -1.0000 2.0353 1.6731 4.5936 24.0143 -8.7284 0.7652 0.0052 0.8467
Car 0.0000 0 0.0000 -1.0000 -1.0000 -1.0000 -1.0000 2.0242 1.4473 4.6111 -22.3413 -11.8992 0.2990 -0.0125 0.8014
Car 0.0000 0 0.0000 -1.0000 -1.0000 -1.0000 -1.0000 1.9542 1.6251 4.5833 61.9209 -10.9894 0.8622 0.0775 0.7208
Car 0.0000 0 0.0000 -1.0000 -1.0000 -1.0000 -1.0000 1.9811 1.5158 4.5188 -30.7325 -7.9878 0.3186 3.1127 0.6729
Car 0.0000 0 0.0000 -1.0000 -1.0000 -1.0000 -1.0000 1.9386 1.4924 4.5326 -3.2989 -14.8815 0.3853 -3.1226 0.6311
Car 0.0000 0 0.0000 -1.0000 -1.0000 -1.0000 -1.0000 2.0117 1.4869 4.5209 23.1545 0.2435 0.8861 -0.0204 0.5691
Car 0.0000 0 0.0000 -1.0000 -1.0000 -1.0000 -1.0000 2.2214 2.4697 5.0741 -10.0080 17.8762 1.1325 -0.0259 0.5568
Car 0.0000 0 0.0000 -1.0000 -1.0000 -1.0000 -1.0000 2.0017 1.6352 4.7267 -50.3817 -11.3304 0.0716 -0.0258 0.5482
Car 0.0000 0 0.0000 -1.0000 -1.0000 -1.0000 -1.0000 1.9215 1.4967 4.5109 -17.6692 14.9401 0.6137 -0.0178 0.5154
Car 0.0000 0 0.0000 -1.0000 -1.0000 -1.0000 -1.0000 1.9555 1.4711 4.5577 -4.4377 -11.5230 0.3853 -0.0184 0.5126
Car 0.0000 0 0.0000 -1.0000 -1.0000 -1.0000 -1.0000 1.9658 1.4516 4.5868 17.2872 -10.8506 0.5271 -3.1188 0.5013
Car 0.0000 0 0.0000 -1.0000 -1.0000 -1.0000 -1.0000 1.9194 1.5450 4.4598 4.4857 20.9649 0.6899 3.1374 0.4898
Car 0.0000 0 0.0000 -1.0000 -1.0000 -1.0000 -1.0000 1.8271 1.8734 4.2675 -41.0626 14.3026 0.7310 -0.0096 0.3557
Car 0.0000 0 0.0000 -1.0000 -1.0000 -1.0000 -1.0000 2.0049 2.0903 4.6835 -28.7683 30.3747 1.2517 -0.0492 0.3463
Car 0.0000 0 0.0000 -1.0000 -1.0000 -1.0000 -1.0000 1.9562 1.6701 4.6484 -74.6328 34.7683 0.9817 -0.0663 0.3192
Car 0.0000 0 0.0000 -1.0000 -1.0000 -1.0000 -1.0000 2.2526 2.4146 5.3021 63.6728 11.1631 1.6368 0.0706 0.3165
Car 0.0000 0 0.0000 -1.0000 -1.0000 -1.0000 -1.0000 2.0051 1.6580 4.7597 -55.6154 34.9499 0.9960 3.0524 0.3079
Truck 0.0000 0 0.0000 -1.0000 -1.0000 -1.0000 -1.0000 2.3805 2.6866 6.0658 63.8503 11.2909 1.7229 0.0509 0.3398
Cyclist 0.0000 0 0.0000 -1.0000 -1.0000 -1.0000 -1.0000 0.7110 1.5385 1.6565 0.1066 -20.2312 0.1349 0.0509 0.4145
