Car 0.0000 0 0.0000 -1.0000 -1.0000 -1.0000 -1.0000 1.9861 1.4346 4.4691 22.5812 -1.0978 0.9592 -0.0245 0.7585
Car 0.0000 0 0.0000 -1.0000 -1.0000 -1.0000 -1.0000 1.9563 1.4782 4.4730 33.4864 -0.5071 1.1244 3.0897 0.7043
Car 0.0000 0 0.0000 -1.0000 -1.0000 -1.0000 -1.0000 1.9242 1.5120 4.5078 2.5194 -31.3626 1.2772 2.9311 0.6874
Car 0.0000 0 0.0000 -1.0000 -1.0000 -1.0000 -1.0000 1.9379 1.4768 4.4867 7.8852 16.6150 0.1556 3.1261 0.6813
Car 0.0000 0 0.0000 -1.0000 -1.0000 -1.0000 -1.0000 1.9616 1.6374 4.5493 -56.0951 -10.6971 0.4877 -0.0024 0.6586
Car 0.0000 0 0.0000 -1.0000 -1.0000 -1.0000 -1.0000 1.8954 1.5024 4.4476 -3.2096 -31.5550 1.1764 -0.1202 0.6580
Car 0.0000 0 0.0000 -1.0000 -1.0000 -1.0000 -1.0000 1.9131 1.5379 4.4985 -8.9713 -31.1964 1.1669 -3.0915 0.6517
Car 0.0000 0 0.0000 -1.0000 -1.0000 -1.0000 -1.0000 1.9293 1.5558 4.5547 -15.7908 -31.4344 1.1290 -3.0681 0.5479
Car 0.0000 0 0.0000 -1.0000 -1.0000 -1.0000 -1.0000 1.8989 1.5451 4.6102 -27.5317 -39.2291 1.2089 1.4562 0.5139
Car 0.0000 0 0.0000 -1.0000 -1.0000 -1.0000 -1.0000 1.9027 1.6353 4.4426 8.1609 -33.1024 1.4292 -0.3944 0.4748
Car 0.0000 0 0.0000 -1.0000 -1.0000 -1.0000 -1.0000 1.9355 1.5109 4.6087 -21.6914 30.9847 -0.5493 1.4671 0.4457
Car 0.0000 0 0.0000 -1.0000 -1.0000 -1.0000 -1.0000 2.1033 1.5958 4.7234 -20.8698 -5.5792 0.7044 -0.0150 0.4451
Car 0.0000 0 0.0000 -1.0000 -1.0000 -1.0000 -1.0000 1.9379 1.6205 4.6696 -1.0358 30.7649 -0.2296 1.5385 0.3642
Car 0.0000 0 0.0000 -1.0000 -1.0000 -1.0000 -1.0000 1.9037 1.6781 4.6533 -24.1504 -39.3870 1.3821 1.4299 0.3512
Car 0.0000 0 0.0000 -1.0000 -1.0000 -1.0000 -1.0000 1.9248 1.5464 4.6348 -26.2071 30.9249 -0.6443 -1.6190 0.3434
Car 0.0000 0 0.0000 -1.0000 -1.0000 -1.0000 -1.0000 1.9025 1.4938 4.6825 -31.2403 -39.2831 1.1747 -1.6051 0.3172
Car 0.0000 0 0.0000 -1.0000 -1.0000 -1.0000 -1.0000 1.9210 1.7092 4.5827 25.5709 -41.0970 2.0631 1.5641 0.3112
Pedestrian 0.0000 0 0.0000 -1.0000 -1.0000 -1.0000 -1.0000 0.7056 1.6616 0.6411 -20.4785 -23.1419 0.9486 3.1071 0.3130
