Car 0.0000 0 0.0000 -1.0000 -1.0000 -1.0000 -1.0000 1.9514 1.4250 4.4925 -14.8742 6.5245 0.6615 0.0013 0.7432
Car 0.0000 0 0.0000 -1.0000 -1.0000 -1.0000 -1.0000 1.9285 1.5339 4.5346 7.2148 6.5875 0.6819 -0.0209 0.6616
Car 0.0000 0 0.0000 -1.0000 -1.0000 -1.0000 -1.0000 1.9292 1.5167 4.5425 -5.1245 3.2142 0.7365 0.0153 0.6556
Car 0.0000 0 0.0000 -1.0000 -1.0000 -1.0000 -1.0000 2.0086 1.6292 4.6295 -21.2435 3.1182 0.7701 0.0126 0.6429
Car 0.0000 0 0.0000 -1.0000 -1.0000 -1.0000 -1.0000 1.9080 1.4819 4.3819 -3.4571 6.2828 0.6902 -3.1296 0.6171
Car 0.0000 0 0.0000 -1.0000 -1.0000 -1.0000 -1.0000 1.9238 1.4223 4.4421 22.1514 -0.1403 0.7388 0.0071 0.6157
Car 0.0000 0 0.0000 -1.0000 -1.0000 -1.0000 -1.0000 1.9761 1.5343 4.6100 -25.8298 -7.4792 0.7617 -3.1189 0.5782
Car 0.0000 0 0.0000 -1.0000 -1.0000 -1.0000 -1.0000 1.9422 1.5352 4.5827 -54.0279 -5.2303 0.7839 -3.1062 0.5439
Car 0.0000 0 0.0000 -1.0000 -1.0000 -1.0000 -1.0000 1.9453 1.7043 4.6339 -31.4413 -16.6608 1.2017 -1.7138 0.5260
Car 0.0000 0 0.0000 -1.0000 -1.0000 -1.0000 -1.0000 1.9836 1.5556 4.5528 -30.8273 11.7631 0.5208 -3.1333 0.5199
Car 0.0000 0 0.0000 -1.0000 -1.0000 -1.0000 -1.0000 1.9368 1.6896 4.5144 -28.1541 6.3312 0.7559 -3.1088 0.5132
Car 0.0000 0 0.0000 -1.0000 -1.0000 -1.0000 -1.0000 1.9264 1.4905 4.5425 -41.8575 3.6205 0.7671 3.1286 0.4897
Car 0.0000 0 0.0000 -1.0000 -1.0000 -1.0000 -1.0000 1.8927 1.5687 4.4904 -21.5294 11.7092 0.5542 -3.1376 0.4751
Car 0.0000 0 0.0000 -1.0000 -1.0000 -1.0000 -1.0000 1.9568 1.6009 4.6074 -43.0786 -0.1117 0.8206 0.0163 0.4688
Car 0.0000 0 0.0000 -1.0000 -1.0000 -1.0000 -1.0000 1.8922 1.6704 4.4525 16.6494 6.2536 0.7607 3.1359 0.4674
Car 0.0000 0 0.0000 -1.0000 -1.0000 -1.0000 -1.0000 1.9105 1.5691 4.5794 25.9036 2.3570 0.7664 3.1270 0.4306
Car 0.0000 0 0.0000 -1.0000 -1.0000 -1.0000 -1.0000 2.0154 1.4422 4.6284 6.9687 3.5647 0.6904 -3.1122 0.3973
Car 0.0000 0 0.0000 -1.0000 -1.0000 -1.0000 -1.0000 1.9225 1.7373 4.5112 -48.1450 6.7248 0.9036 0.0101 0.3892
Car 0.0000 0 0.0000 -1.0000 -1.0000 -1.0000 -1.0000 1.9161 1.5313 4.5857 -28.3745 -17.5512 1.2814 -1.5585 0.3728
Car 0.0000 0 0.0000 -1.0000 -1.0000 -1.0000 -1.0000 1.8993 1.6325 4.5461 -67.8349 -5.3113 0.8718 -3.1294 0.3693
Car 0.0000 0 0.0000 -1.0000 -1.0000 -1.0000 -1.0000 1.9571 1.5888 4.7699 -63.5123 3.4618 0.7924 0.0254 0.3609
Car 0.0000 0 0.0000 -1.0000 -1.0000 -1.0000 -1.0000 1.8601 1.3979 4.4561 -22.4540 8.9075 0.4873 3.1365 0.3340
Car 0.0000 0 0.0000 -1.0000 -1.0000 -1.0000 -1.0000 1.8709 1.4838 4.5661 31.2036 3.7322 0.6794 -0.0227 0.3296
Car 0.0000 0 0.0000 -1.0000 -1.0000 -1.0000 -1.0000 1.9095 1.5816 4.6666 -29.6953 -29.6413 2.0094 0.0609 0.3010
Truck 0.0000 0 0.0000 -1.0000 -1.0000 -1.0000 -1.0000 2.9817 3.2592 11.8825 -29.7098 -4.5800 1.6677 0.0761 0.7237
Truck 0.0000 0 0.0000 -1.0000 -1.0000 -1.0000 -1.0000 3.0345 3.3089 11.2523 -66.0025 12.1872 1.7746 -0.0643 0.5653
Truck 0.0000 0 0.0000 -1.0000 -1.0000 -1.0000 -1.0000 2.9531 3.2335 11.6172 45.3556 11.9042 1.4357 -3.1084 0.5569
Cyclist 0.0000 0 0.0000 -1.0000 -1.0000 -1.0000 -1.0000 0.7620 1.5529 1.7374 17.4984 -11.7152 0.8946 3.1170 0.6394
Cyclist 0.0000 0 0.0000 -1.0000 -1.0000 -1.0000 -1.0000 0.6921 1.4501 1.6843 16.8811 23.1879 0.4904 0.0280 0.5132
Cyclist 0.0000 0 0.0000 -1.0000 -1.0000 -1.0000 -1.0000 0.7926 1.5371 1.7908 9.7014 -11.0203 0.7778 -0.0413 0.5034
Cyclist 0.0000 0 0.0000 -1.0000 -1.0000 -1.0000 -1.0000 0.7219 1.5368 1.6709 15.9507 17.4798 0.3597 3.1331 0.5003
Cyclist 0.0000 0 0.0000 -1.0000 -1.0000 -1.0000 -1.0000 0.7084 1.3248 1.7411 -15.7648 20.1878 0.1879 1.7948 0.3920
Cyclist 0.0000 0 0.0000 -1.0000 -1.0000 -1.0000 -1.0000 0.6758 1.1895 1.7110 -14.5282 -13.8940 0.9118 1.6034 0.3847
Cyclist 0.0000 0 0.0000 -1.0000 -1.0000 -1.0000 -1.0000 0.7392 1.5772 1.6832 38.9379 22.8723 0.3311 0.0174 0.3846
Cyclist 0.0000 0 0.0000 -1.0000 -1.0000 -1.0000 -1.0000 0.7077 1.5149 1.6889 -33.4405 17.4484 0.3383 0.0914 0.3343
Cyclist 0.0000 0 0.0000 -1.0000 -1.0000 -1.0000 -1.0000 0.7234 1.5096 1.6790 51.8834 -13.1530 0.8860 -0.0217 0.3198
Cyclist 0.0000 0 0.0000 -1.0000 -1.0000 -1.0000 -1.0000 0.7618 1.5380 1.7560 -43.2505 11.9102 0.5163 0.0337 0.3195
Cyclist 0.0000 0 0.0000 -1.0000 -1.0000 -1.0000 -1.0000 0.6864 1.1382 1.6788 -7.0271 -12.5674 0.6806 -0.1139 0.3185
Cyclist 0.0000 0 0.0000 -1.0000 -1.0000 -1.0000 -1.0000 0.7312 1.5267 1.6877 -36.7622 -0.6680 0.7298 -0.0301 0.3115
Pedestrian 0.0000 0 0.0000 -1.0000 -1.0000 -1.0000 -1.0000 0.6789 1.6766 0.6007 -19.7176 21.6920 0.4631 0.7157 0.5524
Pedestrian 0.0000 0 0.0000 -1.0000 -1.0000 -1.0000 -1.0000 0.6949 1.6574 0.6571 45.2800 23.8382 0.4243 -3.1022 0.5482
Pedestrian 0.0000 0 0.0000 -1.0000 -1.0000 -1.0000 -1.0000 0.6935 1.6578 0.6696 -35.9463 -15.8330 1.1048 0.0793 0.5477
Pedestrian 0.0000 0 0.0000 -1.0000 -1.0000 -1.0000 -1.0000 0.6698 1.6573 0.5714 -50.5183 21.8318 0.6431 3.1164 0.4923
Pedestrian 0.0000 0 0.0000 -1.0000 -1.0000 -1.0000 -1.0000 0.6919 1.6590 0.6332 -4.4156 -15.8459 1.1299 0.0543 0.4097
Pedestrian 0.0000 0 0.0000 -1.0000 -1.0000 -1.0000 -1.0000 0.6952 1.6431 0.6431 -2.2067 24.1670 0.5807 -0.0048 0.3677
Pedestrian 0.0000 0 0.0000 -1.0000 -1.0000 -1.0000 -1.0000 0.6838 1.6121 0.6165 -36.7258 -0.7618 0.7520 3.1227 0.3237
Pedestrian 0.0000 0 0.0000 -1.0000 -1.0000 -1.0000 -1.0000 0.7027 1.6878 0.6325 -45.5350 -16.1577 1.1512 0.0362 0.3116
Pedestrian 0.0000 0 0.0000 -1.0000 -1.0000 -1.0000 -1.0000 0.6847 1.6826 0.5996 -22.3453 22.1130 0.4347 -2.9570 0.3106
Pedestrian 0.0000 0 0.0000 -1.0000 -1.0000 -1.0000 -1.0000 0.6683 1.6754 0.5790 4.6450 26.3543 0.7905 -2.2037 0.3053
Pedestrian 0.0000 0 0.0000 -1.0000 -1.0000 -1.0000 -1.0000 0.6819 1.6760 0.5915 -19.8997 -19.4574 1.5355 0.3106 0.3023
Pedestrian 0.0000 0 0.0000 -1.0000 -1.0000 -1.0000 -1.0000 0.7074 1.6612 0.6499 45.4169 -10.9700 0.9905 0.0138 0.3020
