Car 0.0000 0 0.0000 -1.0000 -1.0000 -1.0000 -1.0000 1.9545 1.4620 4.4653 23.4317 3.4004 0.7167 -0.0212 0.6997
Car 0.0000 0 0.0000 -1.0000 -1.0000 -1.0000 -1.0000 1.9355 1.5442 4.5453 33.3625 3.2423 0.7981 0.0049 0.6300
Car 0.0000 0 0.0000 -1.0000 -1.0000 -1.0000 -1.0000 1.9976 1.6331 4.5847 26.2825 -0.2509 0.8918 0.0014 0.5916
Car 0.0000 0 0.0000 -1.0000 -1.0000 -1.0000 -1.0000 1.9526 1.4952 4.5977 -10.4837 -23.3459 1.1735 -3.1182 0.5121
Car 0.0000 0 0.0000 -1.0000 -1.0000 -1.0000 -1.0000 1.9793 1.8407 4.5774 -11.8906 -0.2527 0.9400 3.1001 0.4831
Car 0.0000 0 0.0000 -1.0000 -1.0000 -1.0000 -1.0000 1.9940 1.6614 4.5957 4.2728 5.2160 0.6908 -2.4688 0.4634
Car 0.0000 0 0.0000 -1.0000 -1.0000 -1.0000 -1.0000 1.8855 1.5317 4.5967 60.0787 3.0519 0.8609 0.0237 0.3706
Car 0.0000 0 0.0000 -1.0000 -1.0000 -1.0000 -1.0000 1.9107 1.7271 4.5081 44.4356 -0.3409 1.1053 3.1323 0.3365
Tricar 0.0000 0 0.0000 -1.0000 -1.0000 -1.0000 -1.0000 1.3243 1.7678 2.9486 -10.5462 -3.0062 0.9067 -3.1366 0.5494
Cyclist 0.0000 0 0.0000 -1.0000 -1.0000 -1.0000 -1.0000 0.7647 1.5012 1.7550 -11.1553 5.3264 0.6366 3.0712 0.5312
Cyclist 0.0000 0 0.0000 -1.0000 -1.0000 -1.0000 -1.0000 0.7674 1.4868 1.8015 9.4819 5.1904 0.5889 1.3673 0.4445
Cyclist 0.0000 0 0.0000 -1.0000 -1.0000 -1.0000 -1.0000 0.6659 1.2174 1.6381 -18.1689 -21.2069 0.6986 -2.9945 0.4293
Cyclist 0.0000 0 0.0000 -1.0000 -1.0000 -1.0000 -1.0000 0.7618 1.4736 1.7885 -12.3193 4.1285 0.6412 3.0657 0.4007
Pedestrian 0.0000 0 0.0000 -1.0000 -1.0000 -1.0000 -1.0000 0.6881 1.6887 0.6357 4.5338 -5.1864 0.9309 0.1039 0.5254
Pedestrian 0.0000 0 0.0000 -1.0000 -1.0000 -1.0000 -1.0000 0.6778 1.6756 0.6033 -16.2408 -23.8803 1.1927 2.9550 0.4700
Pedestrian 0.0000 0 0.0000 -1.0000 -1.0000 -1.0000 -1.0000 0.7003 1.5955 0.6490 6.3458 10.5177 0.4563 0.3429 0.4159
Pedestrian 0.0000 0 0.0000 -1.0000 -1.0000 -1.0000 -1.0000 0.7103 1.6812 0.6681 11.1401 -0.8559 0.8496 2.5386 0.3946
Pedestrian 0.0000 0 0.0000 -1.0000 -1.0000 -1.0000 -1.0000 0.6745 1.6421 0.5898 12.3121 1.1260 0.8337 2.6462 0.3871
Pedestrian 0.0000 0 0.0000 -1.0000 -1.0000 -1.0000 -1.0000 0.6802 1.6598 0.6117 10.9464 0.7481 0.8328 2.7802 0.3871
Pedestrian 0.0000 0 0.0000 -1.0000 -1.0000 -1.0000 -1.0000 0.6903 1.6427 0.6170 14.6269 1.4031 0.7890 -2.5317 0.3409
