Car 0.0000 0 0.0000 -1.0000 -1.0000 -1.0000 -1.0000 1.9772 1.5352 4.5657 67.5776 7.0763 0.3208 0.0314 0.7865
Car 0.0000 0 0.0000 -1.0000 -1.0000 -1.0000 -1.0000 2.0011 1.7387 4.5430 25.3067 -0.7116 0.7328 -3.1388 0.7540
Car 0.0000 0 0.0000 -1.0000 -1.0000 -1.0000 -1.0000 1.9279 1.5282 4.4379 38.8250 -0.3335 0.5770 3.0152 0.7037
Car 0.0000 0 0.0000 -1.0000 -1.0000 -1.0000 -1.0000 1.9553 1.4960 4.5275 -3.2247 -3.4679 0.7336 -0.0339 0.6873
Car 0.0000 0 0.0000 -1.0000 -1.0000 -1.0000 -1.0000 2.0022 1.5211 4.6462 58.8017 9.8422 0.2601 3.1365 0.6653
Car 0.0000 0 0.0000 -1.0000 -1.0000 -1.0000 -1.0000 2.0198 1.7304 4.7140 33.0136 13.3533 0.3691 -3.1380 0.5816
Car 0.0000 0 0.0000 -1.0000 -1.0000 -1.0000 -1.0000 1.8939 1.5684 4.5298 16.1673 10.0750 0.4123 3.1088 0.5740
Car 0.0000 0 0.0000 -1.0000 -1.0000 -1.0000 -1.0000 1.9599 1.5946 4.5598 64.6386 3.3565 0.4685 0.0392 0.5676
Car 0.0000 0 0.0000 -1.0000 -1.0000 -1.0000 -1.0000 2.0392 1.9842 4.7334 -30.9632 1.9999 1.1177 -3.0401 0.5588
Car 0.0000 0 0.0000 -1.0000 -1.0000 -1.0000 -1.0000 1.9652 1.4741 4.5495 -16.8768 0.1501 0.7287 3.1138 0.5291
Car 0.0000 0 0.0000 -1.0000 -1.0000 -1.0000 -1.0000 1.9412 1.5351 4.5703 72.9719 9.3111 0.2694 0.0586 0.4758
Car 0.0000 0 0.0000 -1.0000 -1.0000 -1.0000 -1.0000 1.9293 1.7283 4.5767 40.3626 -4.1289 0.6678 3.0089 0.4284
Truck 0.0000 0 0.0000 -1.0000 -1.0000 -1.0000 -1.0000 3.0274 3.7824 9.9840 40.4508 9.9510 1.5263 3.1330 0.6686
Truck 0.0000 0 0.0000 -1.0000 -1.0000 -1.0000 -1.0000 2.9229 3.3951 11.6869 73.3989 -2.8738 1.3194 -2.9904 0.5784
Truck 0.0000 0 0.0000 -1.0000 -1.0000 -1.0000 -1.0000 2.9763 3.5243 8.9433 15.2895 -4.0388 1.7123 -3.1272 0.4621
Tricar 0.0000 0 0.0000 -1.0000 -1.0000 -1.0000 -1.0000 1.9553 2.3926 3.7312 50.9221 -7.0218 0.8959 2.7896 0.3006
Cyclist 0.0000 0 0.0000 -1.0000 -1.0000 -1.0000 -1.0000 0.8076 1.6067 1.7740 -23.2505 -10.4832 0.8243 -0.0091 0.5344
Cyclist 0.0000 0 0.0000 -1.0000 -1.0000 -1.0000 -1.0000 0.7754 1.5698 1.7375 -16.3989 -10.4723 0.8486 -3.1124 0.4024
Pedestrian 0.0000 0 0.0000 -1.0000 -1.0000 -1.0000 -1.0000 0.6667 1.6383 0.5884 8.7984 16.0791 0.3718 -0.1451 0.5042
Pedestrian 0.0000 0 0.0000 -1.0000 -1.0000 -1.0000 -1.0000 0.7027 1.6759 0.6625 12.6519 16.8062 0.3608 1.3145 0.4843
