Car 0.0000 0 0.0000 -1.0000 -1.0000 -1.0000 -1.0000 2.0218 1.4325 4.5979 -8.7885 -3.1354 0.7848 -3.1373 0.8417
Car 0.0000 0 0.0000 -1.0000 -1.0000 -1.0000 -1.0000 2.0880 1.6536 4.7398 -20.0733 -2.8164 0.9229 -3.1387 0.8295
Car 0.0000 0 0.0000 -1.0000 -1.0000 -1.0000 -1.0000 2.0608 1.5018 4.5784 -37.6895 -3.0836 0.9552 -3.1370 0.8131
Car 0.0000 0 0.0000 -1.0000 -1.0000 -1.0000 -1.0000 1.9412 1.6938 4.6848 52.6076 16.1102 0.1812 3.1304 0.6481
Car 0.0000 0 0.0000 -1.0000 -1.0000 -1.0000 -1.0000 2.1494 2.1360 4.9999 56.2687 8.1372 0.6355 0.0112 0.6126
Car 0.0000 0 0.0000 -1.0000 -1.0000 -1.0000 -1.0000 2.0607 1.7646 4.8318 20.7376 -29.6188 0.8498 -1.8860 0.5789
Car 0.0000 0 0.0000 -1.0000 -1.0000 -1.0000 -1.0000 1.9755 1.5615 4.5964 -47.9846 -2.9421 0.9610 0.0257 0.4586
Car 0.0000 0 0.0000 -1.0000 -1.0000 -1.0000 -1.0000 1.9445 1.7664 4.6041 40.2767 7.9681 0.5431 0.0210 0.4266
Car 0.0000 0 0.0000 -1.0000 -1.0000 -1.0000 -1.0000 1.9359 1.5666 4.6590 -19.9396 -31.7034 0.9210 1.6359 0.4045
Car 0.0000 0 0.0000 -1.0000 -1.0000 -1.0000 -1.0000 1.9023 1.5148 4.5806 -14.1451 -32.2641 0.9304 1.6373 0.4041
Car 0.0000 0 0.0000 -1.0000 -1.0000 -1.0000 -1.0000 2.1494 2.1936 4.9765 28.0128 -17.3256 0.8951 -2.9983 0.3844
Car 0.0000 0 0.0000 -1.0000 -1.0000 -1.0000 -1.0000 1.9013 1.5290 4.5713 -16.2110 -31.8010 0.9404 1.6441 0.3497
Car 0.0000 0 0.0000 -1.0000 -1.0000 -1.0000 -1.0000 1.9008 1.6188 4.6047 -33.7141 -31.5403 0.9803 1.5741 0.3451
Car 0.0000 0 0.0000 -1.0000 -1.0000 -1.0000 -1.0000 1.8830 1.5332 4.5643 -25.4823 -31.9906 0.8379 1.5702 0.3360
Car 0.0000 0 0.0000 -1.0000 -1.0000 -1.0000 -1.0000 1.8858 1.5132 4.5714 -27.8858 -31.7591 0.8298 1.5259 0.3324
Car 0.0000 0 0.0000 -1.0000 -1.0000 -1.0000 -1.0000 1.8992 1.5236 4.6435 -52.4076 -31.7695 1.0305 1.5775 0.3073
Car 0.0000 0 0.0000 -1.0000 -1.0000 -1.0000 -1.0000 1.8941 1.5593 4.5251 -22.2168 -31.9018 0.8933 1.6200 0.3066
Truck 0.0000 0 0.0000 -1.0000 -1.0000 -1.0000 -1.0000 3.0151 3.6544 10.8315 -27.6071 0.5804 1.9320 3.1013 0.5757
Truck 0.0000 0 0.0000 -1.0000 -1.0000 -1.0000 -1.0000 2.0713 2.1518 5.3192 42.6885 11.0857 0.6911 3.1150 0.4530
Tricar 0.0000 0 0.0000 -1.0000 -1.0000 -1.0000 -1.0000 1.3862 1.8329 3.3170 -56.3841 -14.2207 1.2273 -3.0895 0.6250
Tricar 0.0000 0 0.0000 -1.0000 -1.0000 -1.0000 -1.0000 1.5391 1.7124 4.0241 35.2819 -37.3851 0.8505 0.0819 0.3557
Cyclist 0.0000 0 0.0000 -1.0000 -1.0000 -1.0000 -1.0000 0.7962 1.5758 1.8010 19.8767 -20.3129 0.6294 1.3056 0.5512
Cyclist 0.0000 0 0.0000 -1.0000 -1.0000 -1.0000 -1.0000 0.7974 1.5749 1.8065 15.0884 -31.8740 0.7000 1.2064 0.5058
Cyclist 0.0000 0 0.0000 -1.0000 -1.0000 -1.0000 -1.0000 0.8038 1.5279 1.8031 30.8451 -9.8073 0.5493 1.9998 0.4348
Cyclist 0.0000 0 0.0000 -1.0000 -1.0000 -1.0000 -1.0000 0.7306 1.5685 1.7011 -4.1996 -14.9665 0.8032 -0.0152 0.3636
