Car 0.0000 0 0.0000 -1.0000 -1.0000 -1.0000 -1.0000 2.0809 2.0857 4.6790 1.1526 -2.7725 1.0231 -3.1037 0.7540
Car 0.0000 0 0.0000 -1.0000 -1.0000 -1.0000 -1.0000 1.9550 1.4934 4.4729 28.2316 1.0697 0.9041 3.0184 0.7050
Car 0.0000 0 0.0000 -1.0000 -1.0000 -1.0000 -1.0000 1.9891 1.4359 4.5650 9.0090 0.3612 0.7486 -3.0099 0.7029
Car 0.0000 0 0.0000 -1.0000 -1.0000 -1.0000 -1.0000 1.9960 1.4721 4.5233 32.6959 4.4205 0.8152 -0.1082 0.6885
Car 0.0000 0 0.0000 -1.0000 -1.0000 -1.0000 -1.0000 1.9533 1.4706 4.4730 9.7628 -2.5624 0.8094 -3.0881 0.6872
Car 0.0000 0 0.0000 -1.0000 -1.0000 -1.0000 -1.0000 1.9512 1.5153 4.5886 52.1938 -20.6825 0.9403 -1.4012 0.6202
Car 0.0000 0 0.0000 -1.0000 -1.0000 -1.0000 -1.0000 1.9891 1.6265 4.5594 -37.9419 -0.5401 0.8320 0.0060 0.5526
Car 0.0000 0 0.0000 -1.0000 -1.0000 -1.0000 -1.0000 1.9047 1.6333 4.5117 50.3473 -13.9615 0.9321 1.6850 0.4978
Car 0.0000 0 0.0000 -1.0000 -1.0000 -1.0000 -1.0000 1.8890 1.4750 4.5721 52.9093 17.8259 0.8458 1.5865 0.4316
Car 0.0000 0 0.0000 -1.0000 -1.0000 -1.0000 -1.0000 1.8735 1.5476 4.5017 55.2147 -13.8131 0.9578 1.7146 0.3761
Truck 0.0000 0 0.0000 -1.0000 -1.0000 -1.0000 -1.0000 2.9118 3.0628 11.0893 8.1693 7.1642 1.5747 -2.4334 0.4620
Truck 0.0000 0 0.0000 -1.0000 -1.0000 -1.0000 -1.0000 2.2768 2.1892 6.0503 46.5390 2.9662 1.1694 3.0883 0.4297
Cyclist 0.0000 0 0.0000 -1.0000 -1.0000 -1.0000 -1.0000 0.7269 1.4823 1.7108 -10.0764 -6.5757 0.7155 -0.0347 0.6652
Cyclist 0.0000 0 0.0000 -1.0000 -1.0000 -1.0000 -1.0000 0.7705 1.4316 1.8204 20.1435 4.1909 0.8277 3.0164 0.6002
Cyclist 0.0000 0 0.0000 -1.0000 -1.0000 -1.0000 -1.0000 0.7525 1.4587 1.7818 -15.9557 -6.5345 0.6975 3.1382 0.5721
Cyclist 0.0000 0 0.0000 -1.0000 -1.0000 -1.0000 -1.0000 0.7252 1.4584 1.7055 -19.3248 6.9782 0.6815 0.0150 0.4050
Cyclist 0.0000 0 0.0000 -1.0000 -1.0000 -1.0000 -1.0000 0.7225 1.4823 1.7036 -14.6490 35.7436 1.1408 -2.7704 0.3546
Cyclist 0.0000 0 0.0000 -1.0000 -1.0000 -1.0000 -1.0000 0.7827 1.5532 1.7561 -36.5323 6.8664 0.7965 3.0924 0.3282
