Car 0.0000 0 0.0000 -1.0000 -1.0000 -1.0000 -1.0000 1.9445 1.4245 4.5372 1.1311 8.3462 0.5143 0.0040 0.7959
Car 0.0000 0 0.0000 -1.0000 -1.0000 -1.0000 -1.0000 1.9621 1.5821 4.5428 -38.9220 6.5746 0.6290 -0.0162 0.7146
Car 0.0000 0 0.0000 -1.0000 -1.0000 -1.0000 -1.0000 1.9005 1.4357 4.4779 -18.6622 6.1143 0.6204 3.1059 0.6925
Car 0.0000 0 0.0000 -1.0000 -1.0000 -1.0000 -1.0000 1.9376 1.4633 4.5109 -10.8817 8.4210 0.5997 3.0530 0.6547
Car 0.0000 0 0.0000 -1.0000 -1.0000 -1.0000 -1.0000 1.9306 1.4747 4.5658 -31.9501 6.2597 0.6118 -3.1214 0.6284
Car 0.0000 0 0.0000 -1.0000 -1.0000 -1.0000 -1.0000 1.9854 1.5615 4.5740 51.7988 5.2444 0.8677 3.0858 0.5915
Car 0.0000 0 0.0000 -1.0000 -1.0000 -1.0000 -1.0000 1.9214 1.5037 4.4995 -25.1132 5.8750 0.6846 3.1272 0.5851
Car 0.0000 0 0.0000 -1.0000 -1.0000 -1.0000 -1.0000 1.9665 1.5704 4.5979 -17.9841 8.8881 0.6935 3.1093 0.5616
Car 0.0000 0 0.0000 -1.0000 -1.0000 -1.0000 -1.0000 1.9644 1.7176 4.6294 -31.5306 8.8122 0.7534 -3.1256 0.5486
Car 0.0000 0 0.0000 -1.0000 -1.0000 -1.0000 -1.0000 2.0105 1.4199 4.6015 10.4542 0.0906 0.7459 0.0763 0.5419
Car 0.0000 0 0.0000 -1.0000 -1.0000 -1.0000 -1.0000 2.0183 1.4547 4.6434 8.0459 5.5269 0.6869 -3.1279 0.5299
Car 0.0000 0 0.0000 -1.0000 -1.0000 -1.0000 -1.0000 1.9107 1.6137 4.5085 -12.4415 6.0217 0.7751 3.0535 0.5249
Car 0.0000 0 0.0000 -1.0000 -1.0000 -1.0000 -1.0000 1.8917 1.4702 4.4668 -4.7633 8.9064 0.5115 3.1146 0.5008
Car 0.0000 0 0.0000 -1.0000 -1.0000 -1.0000 -1.0000 1.9233 1.6529 4.5334 -45.4668 6.4110 0.6351 0.0116 0.4955
Car 0.0000 0 0.0000 -1.0000 -1.0000 -1.0000 -1.0000 1.8432 1.5742 4.3885 -24.4044 9.1978 0.6961 0.0218 0.4569
Car 0.0000 0 0.0000 -1.0000 -1.0000 -1.0000 -1.0000 1.9844 1.4373 4.5693 -12.8389 -0.0438 0.6999 -0.0241 0.4060
Car 0.0000 0 0.0000 -1.0000 -1.0000 -1.0000 -1.0000 2.0387 1.6931 4.6872 -3.7432 5.6889 0.7870 0.0020 0.3963
Car 0.0000 0 0.0000 -1.0000 -1.0000 -1.0000 -1.0000 1.9156 1.5213 4.5863 -52.8823 6.6987 0.5759 -3.1099 0.3951
Car 0.0000 0 0.0000 -1.0000 -1.0000 -1.0000 -1.0000 1.8568 1.4660 4.4727 10.8324 20.8208 0.2931 -1.3795 0.3758
Car 0.0000 0 0.0000 -1.0000 -1.0000 -1.0000 -1.0000 1.9681 1.6412 4.6233 61.5719 -5.0769 1.1553 -2.9749 0.3573
Car 0.0000 0 0.0000 -1.0000 -1.0000 -1.0000 -1.0000 1.9419 1.6999 4.5210 17.9933 0.3661 0.9319 0.0138 0.3561
Car 0.0000 0 0.0000 -1.0000 -1.0000 -1.0000 -1.0000 1.9456 1.8114 4.6716 36.8992 -21.3754 1.6307 1.7135 0.3302
Car 0.0000 0 0.0000 -1.0000 -1.0000 -1.0000 -1.0000 1.8550 1.4370 4.4205 -17.4772 27.7303 0.1664 -1.5981 0.3074
Truck 0.0000 0 0.0000 -1.0000 -1.0000 -1.0000 -1.0000 2.9236 3.0843 11.1746 -42.4201 12.2662 1.2596 -0.0105 0.6341
Truck 0.0000 0 0.0000 -1.0000 -1.0000 -1.0000 -1.0000 2.9785 3.2267 11.9650 14.9176 11.3614 1.4146 -3.0851 0.4365
Tricar 0.0000 0 0.0000 -1.0000 -1.0000 -1.0000 -1.0000 1.3606 1.7222 2.9020 66.6624 -18.2499 1.4468 -0.0051 0.4408
Cyclist 0.0000 0 0.0000 -1.0000 -1.0000 -1.0000 -1.0000 0.7975 1.5471 1.7865 -14.3616 -11.0739 0.9204 3.1232 0.6586
Cyclist 0.0000 0 0.0000 -1.0000 -1.0000 -1.0000 -1.0000 0.7134 1.5199 1.6914 -0.8486 16.7490 0.4329 -3.1280 0.5961
Cyclist 0.0000 0 0.0000 -1.0000 -1.0000 -1.0000 -1.0000 0.7580 1.5095 1.7648 -60.4700 -9.8490 0.6032 -0.1543 0.4400
Cyclist 0.0000 0 0.0000 -1.0000 -1.0000 -1.0000 -1.0000 0.7463 1.5573 1.7121 -40.8510 3.4757 0.7378 3.1045 0.4323
Cyclist 0.0000 0 0.0000 -1.0000 -1.0000 -1.0000 -1.0000 0.7499 1.4979 1.7222 -39.8010 -10.7329 0.7777 3.0983 0.4275
Cyclist 0.0000 0 0.0000 -1.0000 -1.0000 -1.0000 -1.0000 0.8062 1.5408 1.7816 -26.9007 -10.7604 0.8652 -0.0432 0.3877
Cyclist 0.0000 0 0.0000 -1.0000 -1.0000 -1.0000 -1.0000 0.6954 1.1813 1.6701 -14.5750 -14.3812 1.0134 1.4481 0.3197
Cyclist 0.0000 0 0.0000 -1.0000 -1.0000 -1.0000 -1.0000 0.7530 1.5810 1.7283 -1.3778 20.3067 0.4806 -3.0942 0.3184
Pedestrian 0.0000 0 0.0000 -1.0000 -1.0000 -1.0000 -1.0000 0.6738 1.6098 0.6149 2.3493 21.7054 0.4448 -3.1216 0.5054
Pedestrian 0.0000 0 0.0000 -1.0000 -1.0000 -1.0000 -1.0000 0.7213 1.6743 0.7158 -13.0981 21.7286 0.4618 0.0059 0.4176
Pedestrian 0.0000 0 0.0000 -1.0000 -1.0000 -1.0000 -1.0000 0.7010 1.6331 0.6468 -1.2969 20.3170 0.4934 0.0934 0.3802
Pedestrian 0.0000 0 0.0000 -1.0000 -1.0000 -1.0000 -1.0000 0.6894 1.6675 0.5952 -6.9333 22.3817 0.5773 -3.1143 0.3594
Pedestrian 0.0000 0 0.0000 -1.0000 -1.0000 -1.0000 -1.0000 0.6987 1.6560 0.6040 -6.6994 23.2506 0.5449 0.0465 0.3316
Pedestrian 0.0000 0 0.0000 -1.0000 -1.0000 -1.0000 -1.0000 0.6676 1.6543 0.5832 8.3126 21.7958 0.4394 0.0851 0.3308
Pedestrian 0.0000 0 0.0000 -1.0000 -1.0000 -1.0000 -1.0000 0.6969 1.6905 0.6135 55.9165 21.9658 0.4514 1.2153 0.3081
