Car 0.0000 0 0.0000 -1.0000 -1.0000 -1.0000 -1.0000 2.0553 1.6959 4.6581 4.9225 2.6633 0.8055 -3.1353 0.8357
Car 0.0000 0 0.0000 -1.0000 -1.0000 -1.0000 -1.0000 2.0064 1.7228 4.5949 -4.9064 2.4770 0.8043 -3.1096 0.7602
Car 0.0000 0 0.0000 -1.0000 -1.0000 -1.0000 -1.0000 1.9989 1.4869 4.5800 17.9124 3.0623 0.6754 -3.1254 0.7312
Car 0.0000 0 0.0000 -1.0000 -1.0000 -1.0000 -1.0000 1.9844 1.5295 4.6293 -11.6362 2.4407 0.7190 -0.0034 0.6423
Car 0.0000 0 0.0000 -1.0000 -1.0000 -1.0000 -1.0000 1.9359 1.5193 4.4869 30.2046 3.2509 0.6517 0.0239 0.6296
Car 0.0000 0 0.0000 -1.0000 -1.0000 -1.0000 -1.0000 1.9946 1.9137 4.6714 -23.6969 2.2754 0.9889 3.1337 0.6186
Car 0.0000 0 0.0000 -1.0000 -1.0000 -1.0000 -1.0000 2.0188 1.6698 4.6829 -42.3581 0.8815 1.0309 -0.0243 0.5974
Car 0.0000 0 0.0000 -1.0000 -1.0000 -1.0000 -1.0000 1.8729 1.5680 4.3483 -16.2129 -0.1778 0.7965 0.0228 0.5927
Car 0.0000 0 0.0000 -1.0000 -1.0000 -1.0000 -1.0000 2.0276 1.7427 4.7410 -17.5079 2.8380 0.8503 -3.1238 0.4971
Car 0.0000 0 0.0000 -1.0000 -1.0000 -1.0000 -1.0000 1.9887 1.6065 4.6327 -30.0065 2.2517 0.8481 -3.1323 0.4922
Car 0.0000 0 0.0000 -1.0000 -1.0000 -1.0000 -1.0000 1.9443 1.5668 4.5958 -67.7476 0.7236 1.0610 -3.1394 0.3766
Car 0.0000 0 0.0000 -1.0000 -1.0000 -1.0000 -1.0000 1.9342 1.5789 4.6205 77.8318 -17.8905 0.9476 2.7706 0.3278
Car 0.0000 0 0.0000 -1.0000 -1.0000 -1.0000 -1.0000 1.8932 1.5401 4.5506 55.7949 -15.4824 0.6699 1.4058 0.3128
Car 0.0000 0 0.0000 -1.0000 -1.0000 -1.0000 -1.0000 1.9058 1.5436 4.5558 48.4288 6.0173 0.6349 0.1696 0.3016
Truck 0.0000 0 0.0000 -1.0000 -1.0000 -1.0000 -1.0000 2.7509 3.0951 10.7835 22.2939 0.3948 1.5225 -3.0791 0.3696
Cyclist 0.0000 0 0.0000 -1.0000 -1.0000 -1.0000 -1.0000 0.7486 1.4996 1.7714 -0.9282 13.2432 0.4144 -0.0351 0.6256
Cyclist 0.0000 0 0.0000 -1.0000 -1.0000 -1.0000 -1.0000 0.7510 1.4610 1.7478 -2.4118 -9.8129 0.7327 -3.0766 0.5775
Cyclist 0.0000 0 0.0000 -1.0000 -1.0000 -1.0000 -1.0000 0.7186 1.2911 1.7373 -4.7162 -8.1586 0.6050 -0.0473 0.5227
Cyclist 0.0000 0 0.0000 -1.0000 -1.0000 -1.0000 -1.0000 0.7489 1.4222 1.7640 1.6075 -11.1169 0.7784 -3.1139 0.4922
Cyclist 0.0000 0 0.0000 -1.0000 -1.0000 -1.0000 -1.0000 0.7869 1.2768 1.8397 6.1024 -9.7871 0.7151 0.1620 0.4799
Cyclist 0.0000 0 0.0000 -1.0000 -1.0000 -1.0000 -1.0000 0.7288 1.5561 1.7079 49.0275 11.8305 0.4001 3.1315 0.4770
Cyclist 0.0000 0 0.0000 -1.0000 -1.0000 -1.0000 -1.0000 0.7195 1.5463 1.6910 -20.2620 13.3155 0.5027 -3.1128 0.4622
Cyclist 0.0000 0 0.0000 -1.0000 -1.0000 -1.0000 -1.0000 0.6903 1.4110 1.6652 -30.2973 -8.5127 0.7312 -0.0179 0.4543
Cyclist 0.0000 0 0.0000 -1.0000 -1.0000 -1.0000 -1.0000 0.7016 1.2772 1.7021 -7.9722 -9.2998 0.6310 2.7829 0.4148
Cyclist 0.0000 0 0.0000 -1.0000 -1.0000 -1.0000 -1.0000 0.7857 1.4476 1.8116 -34.6304 -8.1936 0.6679 -0.0496 0.3812
Cyclist 0.0000 0 0.0000 -1.0000 -1.0000 -1.0000 -1.0000 0.6936 1.3658 1.6806 -23.4346 -9.9706 0.8404 0.0369 0.3730
Cyclist 0.0000 0 0.0000 -1.0000 -1.0000 -1.0000 -1.0000 0.7595 1.5756 1.7067 59.3810 10.6804 0.5987 3.0088 0.3686
Cyclist 0.0000 0 0.0000 -1.0000 -1.0000 -1.0000 -1.0000 0.7349 1.6005 1.6941 29.8244 -5.5135 0.6875 -3.1328 0.3361
Cyclist 0.0000 0 0.0000 -1.0000 -1.0000 -1.0000 -1.0000 0.6988 1.2501 1.6785 -11.9505 -9.6716 0.7564 -2.9784 0.3326
Cyclist 0.0000 0 0.0000 -1.0000 -1.0000 -1.0000 -1.0000 0.7273 1.5307 1.7007 -31.5743 -6.9227 0.7657 3.1000 0.3045
Pedestrian 0.0000 0 0.0000 -1.0000 -1.0000 -1.0000 -1.0000 0.7197 1.6430 0.6967 16.2727 13.9278 0.4514 0.0193 0.4808
Pedestrian 0.0000 0 0.0000 -1.0000 -1.0000 -1.0000 -1.0000 0.6931 1.5859 0.6426 -31.5279 -6.9492 0.7923 3.1331 0.3481
Pedestrian 0.0000 0 0.0000 -1.0000 -1.0000 -1.0000 -1.0000 0.6611 1.5863 0.5686 -12.2468 -17.9487 1.1072 -2.9729 0.3088
