Car 0.0000 0 0.0000 -1.0000 -1.0000 -1.0000 -1.0000 2.0660 1.6373 4.6954 -34.7017 5.2772 0.6843 -0.0717 0.7780
Car 0.0000 0 0.0000 -1.0000 -1.0000 -1.0000 -1.0000 1.9710 1.6706 4.5003 4.3862 2.5104 0.9023 3.0690 0.7748
Car 0.0000 0 0.0000 -1.0000 -1.0000 -1.0000 -1.0000 1.9459 1.4913 4.5344 -6.1918 10.4879 0.5635 3.0536 0.7587
Car 0.0000 0 0.0000 -1.0000 -1.0000 -1.0000 -1.0000 1.9543 1.4020 4.5832 4.7426 7.4187 0.7268 3.0581 0.7377
Car 0.0000 0 0.0000 -1.0000 -1.0000 -1.0000 -1.0000 1.8635 1.4403 4.4040 -33.0170 -1.5868 0.5803 2.9762 0.7158
Car 0.0000 0 0.0000 -1.0000 -1.0000 -1.0000 -1.0000 2.0171 1.5196 4.5969 50.0793 2.1999 1.2192 0.0129 0.6591
Car 0.0000 0 0.0000 -1.0000 -1.0000 -1.0000 -1.0000 1.8601 1.5041 4.4176 4.1754 14.9047 0.5646 -2.8909 0.4952
Car 0.0000 0 0.0000 -1.0000 -1.0000 -1.0000 -1.0000 2.0043 1.5363 4.6164 -18.1214 3.8818 0.6377 -0.1046 0.4915
Car 0.0000 0 0.0000 -1.0000 -1.0000 -1.0000 -1.0000 1.9316 1.6017 4.6085 21.2908 5.7335 0.9799 3.1074 0.4023
Car 0.0000 0 0.0000 -1.0000 -1.0000 -1.0000 -1.0000 1.8921 1.5223 4.5562 -67.8061 10.4351 0.9425 2.9388 0.3772
Truck 0.0000 0 0.0000 -1.0000 -1.0000 -1.0000 -1.0000 2.9418 3.4019 10.2962 -15.7953 6.9251 1.6077 3.0319 0.6535
Truck 0.0000 0 0.0000 -1.0000 -1.0000 -1.0000 -1.0000 2.8417 3.1993 9.7598 10.7709 -2.6586 1.7534 -0.0316 0.4977
Truck 0.0000 0 0.0000 -1.0000 -1.0000 -1.0000 -1.0000 3.0317 3.6612 9.3674 -46.8813 9.1818 1.7692 -0.0181 0.4659
Truck 0.0000 0 0.0000 -1.0000 -1.0000 -1.0000 -1.0000 2.9634 3.1750 12.0562 -27.1024 7.8497 1.4487 -0.1575 0.4579
Cyclist 0.0000 0 0.0000 -1.0000 -1.0000 -1.0000 -1.0000 0.7333 1.5384 1.6775 -16.8220 21.6985 0.3109 -0.2446 0.4495
Cyclist 0.0000 0 0.0000 -1.0000 -1.0000 -1.0000 -1.0000 0.8503 1.5549 1.8851 -0.3302 12.5918 0.5466 2.9771 0.4448
Cyclist 0.0000 0 0.0000 -1.0000 -1.0000 -1.0000 -1.0000 0.7556 1.5181 1.7622 -1.1982 16.2864 0.5136 -3.1368 0.4375
Cyclist 0.0000 0 0.0000 -1.0000 -1.0000 -1.0000 -1.0000 0.7165 1.5321 1.6762 13.7669 13.1706 0.7188 -3.0638 0.4252
Cyclist 0.0000 0 0.0000 -1.0000 -1.0000 -1.0000 -1.0000 0.7414 1.5630 1.6852 8.4827 15.3043 0.5790 0.3045 0.4077
Cyclist 0.0000 0 0.0000 -1.0000 -1.0000 -1.0000 -1.0000 0.7500 1.5546 1.6969 7.3295 13.3131 0.6850 0.0602 0.3975
Cyclist 0.0000 0 0.0000 -1.0000 -1.0000 -1.0000 -1.0000 0.7227 1.5085 1.6941 -21.2700 22.2152 0.3203 -0.0417 0.3937
Cyclist 0.0000 0 0.0000 -1.0000 -1.0000 -1.0000 -1.0000 0.6766 1.2041 1.6648 -32.2167 -8.5001 0.8869 -0.2324 0.3093
Cyclist 0.0000 0 0.0000 -1.0000 -1.0000 -1.0000 -1.0000 0.6931 1.1608 1.7058 -12.2123 -7.4598 0.8342 -1.8542 0.3005
Pedestrian 0.0000 0 0.0000 -1.0000 -1.0000 -1.0000 -1.0000 0.6800 1.6071 0.6324 9.9709 -5.1669 0.9111 3.0250 0.3555
Pedestrian 0.0000 0 0.0000 -1.0000 -1.0000 -1.0000 -1.0000 0.6719 1.5947 0.6156 9.9717 -6.4401 1.0143 3.0217 0.3465
