Car 0.0000 0 0.0000 -1.0000 -1.0000 -1.0000 -1.0000 1.9822 1.5173 4.5406 21.6429 -5.0882 0.6045 2.8173 0.8248
Car 0.0000 0 0.0000 -1.0000 -1.0000 -1.0000 -1.0000 1.9741 1.4613 4.4911 -26.2384 0.1968 0.9137 0.0021 0.7368
Car 0.0000 0 0.0000 -1.0000 -1.0000 -1.0000 -1.0000 2.1419 2.1924 4.8722 10.9615 -0.2746 1.0171 -0.0159 0.6208
Car 0.0000 0 0.0000 -1.0000 -1.0000 -1.0000 -1.0000 1.9994 1.4787 4.5874 -34.6411 -0.3269 0.9857 -0.0125 0.4821
Car 0.0000 0 0.0000 -1.0000 -1.0000 -1.0000 -1.0000 1.9005 1.5162 4.5794 31.2966 -14.8127 0.4896 -1.7946 0.3238
Car 0.0000 0 0.0000 -1.0000 -1.0000 -1.0000 -1.0000 1.8261 1.5181 4.3998 14.3687 10.2645 0.5618 3.1166 0.3000
Truck 0.0000 0 0.0000 -1.0000 -1.0000 -1.0000 -1.0000 2.0812 2.0478 5.3705 23.8238 10.4577 0.8300 0.0022 0.4870
Truck 0.0000 0 0.0000 -1.0000 -1.0000 -1.0000 -1.0000 2.3814 2.5429 6.1115 32.4987 13.8427 0.7005 -3.1367 0.4038
Cyclist 0.0000 0 0.0000 -1.0000 -1.0000 -1.0000 -1.0000 0.7888 1.4951 1.8037 -15.0316 -11.6579 0.7462 -0.0330 0.4340
Cyclist 0.0000 0 0.0000 -1.0000 -1.0000 -1.0000 -1.0000 0.7858 1.5573 1.7721 19.4503 -13.1279 0.5644 -0.5302 0.3491
Cyclist 0.0000 0 0.0000 -1.0000 -1.0000 -1.0000 -1.0000 0.7113 1.5437 1.6791 23.7115 20.0358 0.2075 -3.0951 0.3310
Cyclist 0.0000 0 0.0000 -1.0000 -1.0000 -1.0000 -1.0000 0.7760 1.5747 1.7547 8.6299 -9.3967 0.5856 3.1357 0.3096
