Car 0.0000 0 0.0000 -1.0000 -1.0000 -1.0000 -1.0000 2.0113 1.5014 4.6571 -14.7551 6.0615 0.5982 -3.0547 0.8075
Car 0.0000 0 0.0000 -1.0000 -1.0000 -1.0000 -1.0000 1.9542 1.5456 4.5524 -1.1694 9.0443 0.8084 0.0404 0.7380
Car 0.0000 0 0.0000 -1.0000 -1.0000 -1.0000 -1.0000 1.9762 1.6812 4.5271 28.2598 -25.3843 1.4203 -0.5207 0.6711
Car 0.0000 0 0.0000 -1.0000 -1.0000 -1.0000 -1.0000 1.9513 1.5820 4.4919 -20.7367 3.1790 0.6043 0.0518 0.6663
Car 0.0000 0 0.0000 -1.0000 -1.0000 -1.0000 -1.0000 1.8949 1.4499 4.4386 18.0570 1.5957 1.0648 3.0969 0.6319
Car 0.0000 0 0.0000 -1.0000 -1.0000 -1.0000 -1.0000 1.9160 1.5852 4.4586 23.8153 -0.8286 1.1311 2.8208 0.6229
Car 0.0000 0 0.0000 -1.0000 -1.0000 -1.0000 -1.0000 1.9212 1.4672 4.4709 42.2957 -4.4250 1.2657 -0.4367 0.5607
Car 0.0000 0 0.0000 -1.0000 -1.0000 -1.0000 -1.0000 1.8956 1.5064 4.4575 23.4285 4.4679 1.1281 2.8810 0.5587
Car 0.0000 0 0.0000 -1.0000 -1.0000 -1.0000 -1.0000 1.8955 1.5140 4.5063 -34.7840 6.1480 0.2836 -3.1253 0.5179
Car 0.0000 0 0.0000 -1.0000 -1.0000 -1.0000 -1.0000 1.8353 1.5439 4.3747 -3.3817 12.1011 0.7488 -3.0569 0.4856
Car 0.0000 0 0.0000 -1.0000 -1.0000 -1.0000 -1.0000 1.9857 1.4952 4.5532 10.9341 -0.0239 0.9866 -0.0385 0.4695
Car 0.0000 0 0.0000 -1.0000 -1.0000 -1.0000 -1.0000 1.8859 1.5259 4.5271 4.5761 12.9621 0.8219 3.0536 0.4269
Car 0.0000 0 0.0000 -1.0000 -1.0000 -1.0000 -1.0000 1.9895 1.4681 4.6308 -5.9412 5.4871 0.6762 0.1153 0.3803
Car 0.0000 0 0.0000 -1.0000 -1.0000 -1.0000 -1.0000 1.9721 1.8020 4.6355 43.7321 4.8654 1.4694 2.4565 0.3429
Car 0.0000 0 0.0000 -1.0000 -1.0000 -1.0000 -1.0000 1.9996 1.6221 4.6870 -46.1792 8.2510 0.0698 -0.3773 0.3144
Truck 0.0000 0 0.0000 -1.0000 -1.0000 -1.0000 -1.0000 3.0105 3.4402 10.4877 -13.5189 10.7303 1.6163 0.1010 0.7140
Truck 0.0000 0 0.0000 -1.0000 -1.0000 -1.0000 -1.0000 3.0296 4.0675 15.4528 7.3241 4.8885 2.1922 0.0023 0.6683
Truck 0.0000 0 0.0000 -1.0000 -1.0000 -1.0000 -1.0000 3.0093 3.6724 10.1487 -48.7743 5.0293 1.1525 -0.3947 0.5594
Truck 0.0000 0 0.0000 -1.0000 -1.0000 -1.0000 -1.0000 2.1994 2.1236 5.6026 29.8503 -0.4967 1.5329 2.6500 0.5288
Truck 0.0000 0 0.0000 -1.0000 -1.0000 -1.0000 -1.0000 2.5233 2.6302 6.6817 -12.2044 -0.7525 1.2260 0.0743 0.4573
Truck 0.0000 0 0.0000 -1.0000 -1.0000 -1.0000 -1.0000 2.8640 3.1373 8.8313 -71.9560 17.8594 0.9841 -0.5206 0.4377
Truck 0.0000 0 0.0000 -1.0000 -1.0000 -1.0000 -1.0000 2.8891 2.8982 8.9346 -25.8358 9.6711 1.1366 -3.0332 0.4211
Truck 0.0000 0 0.0000 -1.0000 -1.0000 -1.0000 -1.0000 2.8836 3.3190 8.9105 53.6822 -27.9001 2.1281 2.6607 0.3389
Truck 0.0000 0 0.0000 -1.0000 -1.0000 -1.0000 -1.0000 2.8451 3.4813 11.0506 27.8520 -12.0888 2.2844 2.5696 0.3264
