Car 0.0000 0 0.0000 -1.0000 -1.0000 -1.0000 -1.0000 1.8826 1.4149 4.4138 -21.3391 14.7428 0.5928 0.0174 0.7493
Car 0.0000 0 0.0000 -1.0000 -1.0000 -1.0000 -1.0000 1.9739 1.4835 4.5177 7.3810 11.0918 0.6466 3.1095 0.7030
Car 0.0000 0 0.0000 -1.0000 -1.0000 -1.0000 -1.0000 2.0437 1.5725 4.7030 23.9520 -10.9067 0.9510 -0.0649 0.6500
Car 0.0000 0 0.0000 -1.0000 -1.0000 -1.0000 -1.0000 2.0932 1.7217 4.7550 -24.6174 -0.5743 0.8643 0.0247 0.6422
Car 0.0000 0 0.0000 -1.0000 -1.0000 -1.0000 -1.0000 1.9499 1.5286 4.5468 37.6055 10.3315 0.6560 3.0891 0.6349
Car 0.0000 0 0.0000 -1.0000 -1.0000 -1.0000 -1.0000 1.9682 1.6046 4.5914 56.7523 7.0972 0.8511 3.1019 0.5186
Car 0.0000 0 0.0000 -1.0000 -1.0000 -1.0000 -1.0000 1.9206 1.4805 4.6508 33.2178 41.3745 0.8953 -1.4536 0.4844
Car 0.0000 0 0.0000 -1.0000 -1.0000 -1.0000 -1.0000 1.9497 1.5883 4.6274 69.3610 -2.1968 0.7952 3.0060 0.4523
Car 0.0000 0 0.0000 -1.0000 -1.0000 -1.0000 -1.0000 1.8634 1.4207 4.4654 -53.1259 13.2015 0.8617 -3.1200 0.3766
Car 0.0000 0 0.0000 -1.0000 -1.0000 -1.0000 -1.0000 1.8932 1.4509 4.4374 -28.5244 11.3729 0.7065 0.0407 0.3743
Car 0.0000 0 0.0000 -1.0000 -1.0000 -1.0000 -1.0000 1.8933 1.5596 4.5719 37.4454 41.9114 0.9754 1.3950 0.3111
Car 0.0000 0 0.0000 -1.0000 -1.0000 -1.0000 -1.0000 1.9125 1.8336 4.5847 26.3944 27.6574 1.1290 1.2959 0.3043
Truck 0.0000 0 0.0000 -1.0000 -1.0000 -1.0000 -1.0000 3.0387 3.8653 11.1377 -76.2181 10.8287 2.1823 0.0063 0.5408
Cyclist 0.0000 0 0.0000 -1.0000 -1.0000 -1.0000 -1.0000 0.7402 1.5262 1.7134 -57.7910 3.2679 1.0002 0.0425 0.5057
