Car 0.0000 0 0.0000 -1.0000 -1.0000 -1.0000 -1.0000 1.9631 1.4448 4.5421 -16.4283 2.8320 0.6385 0.0101 0.8371
Car 0.0000 0 0.0000 -1.0000 -1.0000 -1.0000 -1.0000 1.9946 1.4796 4.5928 16.5736 13.8244 0.7738 0.0167 0.8263
Car 0.0000 0 0.0000 -1.0000 -1.0000 -1.0000 -1.0000 2.0151 1.4426 4.6355 -10.1129 3.5263 0.6759 0.0260 0.7973
Car 0.0000 0 0.0000 -1.0000 -1.0000 -1.0000 -1.0000 1.9696 1.4394 4.5317 12.8311 2.9352 0.8714 0.0332 0.7710
Car 0.0000 0 0.0000 -1.0000 -1.0000 -1.0000 -1.0000 2.0222 1.7473 4.6304 26.0824 13.7680 0.9671 3.1252 0.7585
Car 0.0000 0 0.0000 -1.0000 -1.0000 -1.0000 -1.0000 1.9432 1.4145 4.5361 16.4328 17.5439 0.6255 3.1252 0.7434
Car 0.0000 0 0.0000 -1.0000 -1.0000 -1.0000 -1.0000 1.9297 1.5029 4.5212 38.8271 12.1352 1.0014 3.1366 0.7013
Car 0.0000 0 0.0000 -1.0000 -1.0000 -1.0000 -1.0000 2.0345 1.4823 4.6735 -13.8578 -0.2454 0.6777 -3.1004 0.6993
Car 0.0000 0 0.0000 -1.0000 -1.0000 -1.0000 -1.0000 1.9919 1.4670 4.5688 -43.5796 3.1717 0.4525 -3.1184 0.6777
Car 0.0000 0 0.0000 -1.0000 -1.0000 -1.0000 -1.0000 1.9464 1.4551 4.4842 -1.2405 3.6504 0.7377 0.0082 0.6644
Car 0.0000 0 0.0000 -1.0000 -1.0000 -1.0000 -1.0000 1.8918 1.4518 4.4394 -25.2833 3.1518 0.5756 3.1075 0.6599
Car 0.0000 0 0.0000 -1.0000 -1.0000 -1.0000 -1.0000 1.8596 1.5238 4.4031 21.7762 0.5400 0.9550 0.0410 0.6526
Car 0.0000 0 0.0000 -1.0000 -1.0000 -1.0000 -1.0000 1.9852 1.4728 4.5671 5.6496 2.6933 0.8011 3.1328 0.6170
Car 0.0000 0 0.0000 -1.0000 -1.0000 -1.0000 -1.0000 1.9655 1.7180 4.5539 9.9981 -0.1988 0.9912 -3.1147 0.6016
Car 0.0000 0 0.0000 -1.0000 -1.0000 -1.0000 -1.0000 2.0079 1.6015 4.6998 -27.3389 -0.0411 0.7026 -3.1296 0.4027
Car 0.0000 0 0.0000 -1.0000 -1.0000 -1.0000 -1.0000 1.9025 1.4780 4.4980 -31.5974 -4.2964 0.6783 -3.0011 0.3782
Car 0.0000 0 0.0000 -1.0000 -1.0000 -1.0000 -1.0000 2.0454 2.1714 4.7647 26.5003 4.2707 1.3484 0.0374 0.3589
Truck 0.0000 0 0.0000 -1.0000 -1.0000 -1.0000 -1.0000 3.0097 3.5657 11.1997 0.3984 14.3636 1.7634 0.0128 0.7264
Truck 0.0000 0 0.0000 -1.0000 -1.0000 -1.0000 -1.0000 2.8370 2.8359 9.3024 -57.5433 -1.0419 1.1175 -3.1003 0.6446
Truck 0.0000 0 0.0000 -1.0000 -1.0000 -1.0000 -1.0000 2.9199 3.5211 8.7228 38.1672 15.4697 1.8138 -3.1405 0.5798
Truck 0.0000 0 0.0000 -1.0000 -1.0000 -1.0000 -1.0000 2.7376 2.5453 8.2622 -16.8758 13.6077 1.1333 -3.1285 0.5595
Truck 0.0000 0 0.0000 -1.0000 -1.0000 -1.0000 -1.0000 2.9057 3.4323 8.5403 39.1437 3.1780 2.3176 3.0940 0.5424
Truck 0.0000 0 0.0000 -1.0000 -1.0000 -1.0000 -1.0000 2.4878 2.8243 6.3865 57.7701 12.4618 1.6938 3.0900 0.3953
Truck 0.0000 0 0.0000 -1.0000 -1.0000 -1.0000 -1.0000 2.6867 3.1289 6.7421 53.7062 -14.3796 2.2070 1.1103 0.3812
Truck 0.0000 0 0.0000 -1.0000 -1.0000 -1.0000 -1.0000 2.9274 3.4738 9.6779 -44.2168 13.7754 1.7478 -3.1056 0.3402
Truck 0.0000 0 0.0000 -1.0000 -1.0000 -1.0000 -1.0000 2.8073 3.2460 9.6705 72.4527 -1.0779 2.1185 0.3194 0.3359
Truck 0.0000 0 0.0000 -1.0000 -1.0000 -1.0000 -1.0000 2.2185 2.4080 5.6058 33.6063 0.2063 1.5742 3.1360 0.3052
Cyclist 0.0000 0 0.0000 -1.0000 -1.0000 -1.0000 -1.0000 0.7849 1.5793 1.7266 22.7462 -7.7280 0.9430 0.0926 0.4971
Pedestrian 0.0000 0 0.0000 -1.0000 -1.0000 -1.0000 -1.0000 0.7107 1.6724 0.6687 -16.2631 -6.2908 0.7532 0.0328 0.4464
Pedestrian 0.0000 0 0.0000 -1.0000 -1.0000 -1.0000 -1.0000 0.6636 1.6120 0.5875 -22.4540 -3.2499 0.7503 -3.0351 0.3814
Pedestrian 0.0000 0 0.0000 -1.0000 -1.0000 -1.0000 -1.0000 0.6849 1.5884 0.6276 -10.4522 20.3149 0.3873 -1.0841 0.3230
