Car 0.0000 0 0.0000 -1.0000 -1.0000 -1.0000 -1.0000 1.9539 1.4935 4.4259 -7.0691 3.1000 0.7375 -3.1218 0.7721
Car 0.0000 0 0.0000 -1.0000 -1.0000 -1.0000 -1.0000 1.9497 1.6887 4.5201 16.4144 2.6528 0.8486 3.1367 0.7306
Car 0.0000 0 0.0000 -1.0000 -1.0000 -1.0000 -1.0000 1.9639 1.4203 4.6133 -25.6766 2.5089 0.6522 -3.1187 0.6882
Car 0.0000 0 0.0000 -1.0000 -1.0000 -1.0000 -1.0000 1.9979 1.7194 4.6892 -4.2828 -4.0455 0.9047 -0.0994 0.6736
Tricar 0.0000 0 0.0000 -1.0000 -1.0000 -1.0000 -1.0000 1.1537 1.5553 2.7858 -14.3148 -2.8179 0.7650 -0.0030 0.5045
Cyclist 0.0000 0 0.0000 -1.0000 -1.0000 -1.0000 -1.0000 0.7721 1.5387 1.7357 18.4081 9.8493 0.6181 3.1056 0.6405
Cyclist 0.0000 0 0.0000 -1.0000 -1.0000 -1.0000 -1.0000 0.8280 1.6130 1.7805 -11.6316 -0.8233 0.7868 -0.0534 0.6088
Cyclist 0.0000 0 0.0000 -1.0000 -1.0000 -1.0000 -1.0000 0.7101 1.5182 1.6796 -33.0941 9.1712 0.5922 -0.0134 0.5825
Cyclist 0.0000 0 0.0000 -1.0000 -1.0000 -1.0000 -1.0000 0.7516 1.5276 1.7349 7.0592 8.8193 0.6056 -0.0615 0.5757
Cyclist 0.0000 0 0.0000 -1.0000 -1.0000 -1.0000 -1.0000 0.7538 1.5078 1.7520 29.9847 8.8214 0.6752 3.1158 0.5363
Cyclist 0.0000 0 0.0000 -1.0000 -1.0000 -1.0000 -1.0000 0.7826 1.5789 1.7477 48.1092 -3.6496 0.9416 3.1010 0.5246
Cyclist 0.0000 0 0.0000 -1.0000 -1.0000 -1.0000 -1.0000 0.7764 1.5390 1.7571 -65.5415 -2.9797 0.6401 -0.1144 0.4460
Cyclist 0.0000 0 0.0000 -1.0000 -1.0000 -1.0000 -1.0000 0.8605 1.5811 1.8810 35.4435 -1.9926 0.8489 0.0682 0.4349
Cyclist 0.0000 0 0.0000 -1.0000 -1.0000 -1.0000 -1.0000 0.6645 1.2479 1.6565 9.9946 -6.7581 0.7423 0.0293 0.3966
Cyclist 0.0000 0 0.0000 -1.0000 -1.0000 -1.0000 -1.0000 0.6692 1.2524 1.6727 -10.5931 9.0342 0.2873 0.0324 0.3396
Cyclist 0.0000 0 0.0000 -1.0000 -1.0000 -1.0000 -1.0000 0.9617 1.5498 2.0124 -14.2206 -2.7834 0.7432 -0.0104 0.3392
Cyclist 0.0000 0 0.0000 -1.0000 -1.0000 -1.0000 -1.0000 0.6949 1.4354 1.6919 -44.4414 9.0296 0.5749 0.0305 0.3288
Cyclist 0.0000 0 0.0000 -1.0000 -1.0000 -1.0000 -1.0000 0.6947 1.1679 1.7287 24.1806 14.4653 0.5996 -1.4156 0.3236
Pedestrian 0.0000 0 0.0000 -1.0000 -1.0000 -1.0000 -1.0000 0.6863 1.6857 0.6243 29.8148 -4.6119 1.0003 0.0037 0.5957
Pedestrian 0.0000 0 0.0000 -1.0000 -1.0000 -1.0000 -1.0000 0.6810 1.6416 0.6206 -40.7178 -4.7071 0.8349 0.0367 0.5502
Pedestrian 0.0000 0 0.0000 -1.0000 -1.0000 -1.0000 -1.0000 0.6623 1.5689 0.6097 18.3269 12.6148 0.7265 3.1237 0.5334
Pedestrian 0.0000 0 0.0000 -1.0000 -1.0000 -1.0000 -1.0000 0.6791 1.6509 0.6001 1.2798 -6.9619 1.0171 0.2102 0.4889
Pedestrian 0.0000 0 0.0000 -1.0000 -1.0000 -1.0000 -1.0000 0.6898 1.6213 0.6283 -19.7388 -1.3262 0.8188 -0.0036 0.3914
Pedestrian 0.0000 0 0.0000 -1.0000 -1.0000 -1.0000 -1.0000 0.6941 1.6413 0.6358 -49.2155 -6.0894 0.9247 0.2209 0.3383
Pedestrian 0.0000 0 0.0000 -1.0000 -1.0000 -1.0000 -1.0000 0.7064 1.6974 0.6705 -49.2953 -5.3527 0.9435 0.0840 0.3071
Pedestrian 0.0000 0 0.0000 -1.0000 -1.0000 -1.0000 -1.0000 0.7034 1.5805 0.6985 -26.4640 9.0009 0.6130 -0.0009 0.3017
