Car 0.0000 0 0.0000 -1.0000 -1.0000 -1.0000 -1.0000 1.8848 1.4568 4.4938 -67.4360 -4.6596 0.6676 -3.1124 0.6543
Car 0.0000 0 0.0000 -1.0000 -1.0000 -1.0000 -1.0000 1.9765 1.4726 4.6325 -35.7792 1.5861 0.6441 -0.0061 0.6497
Car 0.0000 0 0.0000 -1.0000 -1.0000 -1.0000 -1.0000 1.9341 1.5455 4.5038 -72.0287 4.8340 0.6534 -3.1016 0.6107
Car 0.0000 0 0.0000 -1.0000 -1.0000 -1.0000 -1.0000 1.8665 1.4927 4.4434 -24.3579 14.1962 0.5123 1.6168 0.4477
Car 0.0000 0 0.0000 -1.0000 -1.0000 -1.0000 -1.0000 1.8248 1.6626 4.2348 -18.2269 4.8627 0.7355 1.4901 0.4370
Car 0.0000 0 0.0000 -1.0000 -1.0000 -1.0000 -1.0000 1.8497 1.6253 4.3280 21.3121 34.0091 0.4834 1.8785 0.3703
Car 0.0000 0 0.0000 -1.0000 -1.0000 -1.0000 -1.0000 1.9109 1.5297 4.5820 -29.5491 -12.9267 0.6261 -1.4936 0.3363
Tricar 0.0000 0 0.0000 -1.0000 -1.0000 -1.0000 -1.0000 1.3484 1.7848 3.0397 7.4754 12.7655 0.7860 -3.1257 0.5111
Tricar 0.0000 0 0.0000 -1.0000 -1.0000 -1.0000 -1.0000 1.2844 1.6162 3.1760 -18.1685 4.8821 0.7035 1.5131 0.4812
Tricar 0.0000 0 0.0000 -1.0000 -1.0000 -1.0000 -1.0000 1.2909 1.6662 2.9591 -4.9600 6.7956 0.7108 2.8062 0.4454
Tricar 0.0000 0 0.0000 -1.0000 -1.0000 -1.0000 -1.0000 1.2206 1.6188 2.9020 -16.3854 -4.2640 0.8513 -1.7276 0.4035
Tricar 0.0000 0 0.0000 -1.0000 -1.0000 -1.0000 -1.0000 1.2850 1.6822 3.1467 9.1420 8.1382 0.7888 1.4603 0.3739
Tricar 0.0000 0 0.0000 -1.0000 -1.0000 -1.0000 -1.0000 1.2916 1.6310 2.9563 24.3632 25.3955 0.5801 0.3204 0.3677
Tricar 0.0000 0 0.0000 -1.0000 -1.0000 -1.0000 -1.0000 1.2147 1.6035 2.9853 -31.2812 6.1504 0.6620 1.6995 0.3286
Cyclist 0.0000 0 0.0000 -1.0000 -1.0000 -1.0000 -1.0000 0.8316 1.6088 1.8045 19.8681 -1.0244 0.9234 2.9926 0.6571
Cyclist 0.0000 0 0.0000 -1.0000 -1.0000 -1.0000 -1.0000 0.7734 1.5330 1.7559 25.0489 -2.7387 0.9078 -0.2396 0.6260
Cyclist 0.0000 0 0.0000 -1.0000 -1.0000 -1.0000 -1.0000 0.7402 1.4938 1.7548 25.9420 11.9059 0.6650 1.9859 0.5432
Cyclist 0.0000 0 0.0000 -1.0000 -1.0000 -1.0000 -1.0000 0.7085 1.1763 1.7305 -41.5141 -4.5694 0.4655 -1.3844 0.4035
Cyclist 0.0000 0 0.0000 -1.0000 -1.0000 -1.0000 -1.0000 0.6884 1.2985 1.7189 -27.8222 -5.5755 0.6749 -1.4584 0.3866
Cyclist 0.0000 0 0.0000 -1.0000 -1.0000 -1.0000 -1.0000 0.7056 1.2504 1.7228 -13.1095 5.3282 0.4729 1.7974 0.3738
Cyclist 0.0000 0 0.0000 -1.0000 -1.0000 -1.0000 -1.0000 0.7578 1.4811 1.7771 10.4183 -4.6364 0.8197 1.2297 0.3728
Cyclist 0.0000 0 0.0000 -1.0000 -1.0000 -1.0000 -1.0000 0.7360 1.4913 1.7442 25.2503 22.7829 0.5606 -2.8951 0.3675
Cyclist 0.0000 0 0.0000 -1.0000 -1.0000 -1.0000 -1.0000 0.6991 1.2539 1.7031 48.1529 24.9912 0.1849 2.8917 0.3563
Cyclist 0.0000 0 0.0000 -1.0000 -1.0000 -1.0000 -1.0000 0.7359 1.3654 1.7346 4.3276 -3.4634 0.6880 0.1790 0.3509
Cyclist 0.0000 0 0.0000 -1.0000 -1.0000 -1.0000 -1.0000 0.7298 1.3419 1.8121 -14.1510 -4.2213 0.6882 1.4589 0.3451
Cyclist 0.0000 0 0.0000 -1.0000 -1.0000 -1.0000 -1.0000 0.7777 1.3197 1.8104 3.1060 13.7526 0.5450 -0.8715 0.3410
Cyclist 0.0000 0 0.0000 -1.0000 -1.0000 -1.0000 -1.0000 0.7173 1.3384 1.7205 9.2426 33.6545 0.2397 0.2975 0.3323
Cyclist 0.0000 0 0.0000 -1.0000 -1.0000 -1.0000 -1.0000 0.6829 1.2927 1.6771 51.9224 24.6964 0.2708 0.0217 0.3226
Cyclist 0.0000 0 0.0000 -1.0000 -1.0000 -1.0000 -1.0000 0.6776 1.1994 1.6910 -10.3607 5.1771 0.4775 1.8668 0.3183
Cyclist 0.0000 0 0.0000 -1.0000 -1.0000 -1.0000 -1.0000 0.7490 1.5548 1.7036 10.5111 30.8412 0.4946 -0.1344 0.3092
Pedestrian 0.0000 0 0.0000 -1.0000 -1.0000 -1.0000 -1.0000 0.6689 1.6393 0.6014 -4.3162 12.1128 0.8365 -2.7532 0.6043
Pedestrian 0.0000 0 0.0000 -1.0000 -1.0000 -1.0000 -1.0000 0.6716 1.6585 0.6181 0.2505 4.6523 0.7791 2.9890 0.3835
Pedestrian 0.0000 0 0.0000 -1.0000 -1.0000 -1.0000 -1.0000 0.6617 1.6718 0.5682 1.2033 6.7617 0.7966 -2.0737 0.3808
Pedestrian 0.0000 0 0.0000 -1.0000 -1.0000 -1.0000 -1.0000 0.6599 1.6417 0.5583 -1.0708 16.2963 0.8362 -2.4163 0.3758
Pedestrian 0.0000 0 0.0000 -1.0000 -1.0000 -1.0000 -1.0000 0.7016 1.6661 0.6467 6.0708 -7.3224 0.9172 2.9763 0.3752
Pedestrian 0.0000 0 0.0000 -1.0000 -1.0000 -1.0000 -1.0000 0.6782 1.6006 0.6083 -45.2501 -4.3585 0.7740 -2.4393 0.3487
Pedestrian 0.0000 0 0.0000 -1.0000 -1.0000 -1.0000 -1.0000 0.6687 1.6589 0.5780 2.9957 19.5998 0.8033 -1.9882 0.3442
Pedestrian 0.0000 0 0.0000 -1.0000 -1.0000 -1.0000 -1.0000 0.7072 1.6804 0.6273 38.8394 15.8136 0.4723 -0.1242 0.3206
Pedestrian 0.0000 0 0.0000 -1.0000 -1.0000 -1.0000 -1.0000 0.6726 1.6611 0.5835 33.5792 9.9752 0.7156 3.1366 0.3188
Pedestrian 0.0000 0 0.0000 -1.0000 -1.0000 -1.0000 -1.0000 0.6697 1.6303 0.6082 -10.5884 -4.5497 0.8611 -1.5706 0.3082
Pedestrian 0.0000 0 0.0000 -1.0000 -1.0000 -1.0000 -1.0000 0.6759 1.6727 0.5719 0.9744 -6.5858 0.9897 0.0563 0.3066
