Car 0.0000 0 0.0000 -1.0000 -1.0000 -1.0000 -1.0000 1.9729 1.4215 4.5164 -4.4491 3.3335 0.6965 0.0045 0.7904
Car 0.0000 0 0.0000 -1.0000 -1.0000 -1.0000 -1.0000 2.0197 1.6608 4.5805 26.3587 -2.2920 0.9171 -3.1171 0.7645
Car 0.0000 0 0.0000 -1.0000 -1.0000 -1.0000 -1.0000 1.9507 1.4216 4.4649 30.2502 2.9790 0.8177 3.1394 0.7337
Car 0.0000 0 0.0000 -1.0000 -1.0000 -1.0000 -1.0000 1.9782 1.5203 4.5905 -1.4985 16.1055 0.3523 -3.1241 0.7333
Car 0.0000 0 0.0000 -1.0000 -1.0000 -1.0000 -1.0000 2.0329 1.5390 4.6260 8.1430 3.9299 0.7504 0.0104 0.7170
Car 0.0000 0 0.0000 -1.0000 -1.0000 -1.0000 -1.0000 1.9600 1.6118 4.5089 -4.9249 -3.7499 0.8015 3.1370 0.6995
Car 0.0000 0 0.0000 -1.0000 -1.0000 -1.0000 -1.0000 1.9826 1.5545 4.5403 -14.9697 1.6034 0.7431 0.0013 0.6408
Car 0.0000 0 0.0000 -1.0000 -1.0000 -1.0000 -1.0000 1.9514 1.5449 4.5642 -64.5192 12.3458 0.5327 -3.1042 0.6091
Car 0.0000 0 0.0000 -1.0000 -1.0000 -1.0000 -1.0000 1.9544 1.5140 4.5400 47.9413 12.9653 0.6473 3.1229 0.6083
Car 0.0000 0 0.0000 -1.0000 -1.0000 -1.0000 -1.0000 1.9710 1.6482 4.5840 48.2805 9.1643 0.8421 3.1176 0.5745
Car 0.0000 0 0.0000 -1.0000 -1.0000 -1.0000 -1.0000 1.9876 1.6072 4.5324 -62.8063 15.8981 0.5105 -3.0927 0.5445
Car 0.0000 0 0.0000 -1.0000 -1.0000 -1.0000 -1.0000 1.9171 1.4891 4.4744 -8.5610 8.3241 0.6098 -0.0000 0.4263
