Car 0.0000 0 0.0000 -1.0000 -1.0000 -1.0000 -1.0000 1.9149 1.4971 4.5589 -27.1282 -37.1364 1.9022 1.5270 0.5359
Car 0.0000 0 0.0000 -1.0000 -1.0000 -1.0000 -1.0000 1.8831 1.4795 4.4662 18.0968 34.9131 -0.1013 -1.7112 0.4389
Car 0.0000 0 0.0000 -1.0000 -1.0000 -1.0000 -1.0000 2.0216 1.6971 4.6372 68.4274 -7.8262 1.2626 3.0790 0.4372
Car 0.0000 0 0.0000 -1.0000 -1.0000 -1.0000 -1.0000 1.8931 1.5421 4.5368 10.2474 24.4562 0.2657 -1.0004 0.3713
Car 0.0000 0 0.0000 -1.0000 -1.0000 -1.0000 -1.0000 1.8903 1.5160 4.5188 -0.4637 24.5472 0.1870 -1.1189 0.3679
Car 0.0000 0 0.0000 -1.0000 -1.0000 -1.0000 -1.0000 1.8979 1.4595 4.5542 -32.8561 -24.9732 1.6272 1.5106 0.3676
Car 0.0000 0 0.0000 -1.0000 -1.0000 -1.0000 -1.0000 1.9874 1.6849 4.8019 -63.6689 -12.0389 1.8935 1.3980 0.3630
Car 0.0000 0 0.0000 -1.0000 -1.0000 -1.0000 -1.0000 1.9009 1.5129 4.6043 23.5457 27.5136 0.2027 -1.1766 0.3552
Car 0.0000 0 0.0000 -1.0000 -1.0000 -1.0000 -1.0000 1.8842 1.5699 4.4737 15.9486 27.0839 0.2068 -0.9995 0.3420
Car 0.0000 0 0.0000 -1.0000 -1.0000 -1.0000 -1.0000 1.8606 1.6233 4.4440 -12.1629 33.6330 0.1669 1.5221 0.3326
Car 0.0000 0 0.0000 -1.0000 -1.0000 -1.0000 -1.0000 1.8960 1.5848 4.5476 -4.2419 25.1112 0.2623 -1.2048 0.3241
Car 0.0000 0 0.0000 -1.0000 -1.0000 -1.0000 -1.0000 1.8789 1.5770 4.4771 -7.2832 24.9082 0.2867 -1.2109 0.3187
Car 0.0000 0 0.0000 -1.0000 -1.0000 -1.0000 -1.0000 1.9138 1.6620 4.5779 -12.1620 27.0271 0.3286 -0.0885 0.3036
Truck 0.0000 0 0.0000 -1.0000 -1.0000 -1.0000 -1.0000 2.2639 2.3573 6.0076 6.2817 24.8855 0.6048 -1.0830 0.3875
Tricar 0.0000 0 0.0000 -1.0000 -1.0000 -1.0000 -1.0000 1.4076 1.9324 3.1503 -27.4159 37.1478 0.3006 -1.9202 0.3692
Cyclist 0.0000 0 0.0000 -1.0000 -1.0000 -1.0000 -1.0000 0.7987 1.5471 1.8179 -13.2273 -9.9390 0.9326 1.5376 0.4017
