Car 0.0000 0 0.0000 -1.0000 -1.0000 -1.0000 -1.0000 1.9639 1.4976 4.5754 -35.5409 3.4766 0.6499 -0.0120 0.7007
Car 0.0000 0 0.0000 -1.0000 -1.0000 -1.0000 -1.0000 1.9575 1.5058 4.5322 -2.1885 3.4861 0.7119 3.1104 0.6611
Car 0.0000 0 0.0000 -1.0000 -1.0000 -1.0000 -1.0000 2.0407 1.6673 4.7003 -19.2053 3.2904 0.8018 -0.0212 0.6276
Car 0.0000 0 0.0000 -1.0000 -1.0000 -1.0000 -1.0000 1.9576 1.5810 4.5426 23.5260 3.6003 0.8530 -0.0044 0.5696
Car 0.0000 0 0.0000 -1.0000 -1.0000 -1.0000 -1.0000 1.9980 1.7344 4.5487 8.7941 -0.0403 0.9130 -0.0138 0.5240
Car 0.0000 0 0.0000 -1.0000 -1.0000 -1.0000 -1.0000 1.9852 1.5312 4.6833 39.0070 3.8371 0.8046 0.0928 0.4840
Car 0.0000 0 0.0000 -1.0000 -1.0000 -1.0000 -1.0000 2.0707 1.9301 4.7917 -10.9185 0.0527 0.9514 3.1357 0.3927
Car 0.0000 0 0.0000 -1.0000 -1.0000 -1.0000 -1.0000 1.9177 1.5393 4.5867 -60.1584 3.6341 0.6940 -3.1308 0.3500
Truck 0.0000 0 0.0000 -1.0000 -1.0000 -1.0000 -1.0000 2.6065 2.8995 6.9320 12.2403 3.2989 1.4926 3.1374 0.5302
Truck 0.0000 0 0.0000 -1.0000 -1.0000 -1.0000 -1.0000 2.4694 2.5917 6.4151 65.3274 4.6655 1.6811 0.0804 0.4383
Truck 0.0000 0 0.0000 -1.0000 -1.0000 -1.0000 -1.0000 2.9314 3.0785 10.7861 -55.9535 -1.6602 1.5628 -3.1093 0.3785
Cyclist 0.0000 0 0.0000 -1.0000 -1.0000 -1.0000 -1.0000 0.7795 1.4758 1.7823 16.4361 -2.4333 0.7912 3.1251 0.4463
