Car 0.0000 0 0.0000 -1.0000 -1.0000 -1.0000 -1.0000 2.0070 1.4854 4.6110 10.8070 3.2629 0.7429 -3.1099 0.7722
Car 0.0000 0 0.0000 -1.0000 -1.0000 -1.0000 -1.0000 2.0069 1.5471 4.5581 -19.4395 -0.8969 0.7367 -0.0103 0.7557
Car 0.0000 0 0.0000 -1.0000 -1.0000 -1.0000 -1.0000 1.9985 1.4141 4.5655 -17.3720 -5.3482 0.6913 -3.1144 0.7530
Car 0.0000 0 0.0000 -1.0000 -1.0000 -1.0000 -1.0000 2.0361 1.5868 4.7406 -59.4944 -6.1107 0.6470 -3.1167 0.7276
Car 0.0000 0 0.0000 -1.0000 -1.0000 -1.0000 -1.0000 1.9232 1.4209 4.5454 -33.5254 -5.9530 0.6917 0.0155 0.6757
Car 0.0000 0 0.0000 -1.0000 -1.0000 -1.0000 -1.0000 1.9695 1.4363 4.5463 -9.8555 -5.8660 0.7551 3.1226 0.6575
Car 0.0000 0 0.0000 -1.0000 -1.0000 -1.0000 -1.0000 1.9550 1.5335 4.5130 7.1035 -5.5514 0.8138 0.0263 0.6524
Car 0.0000 0 0.0000 -1.0000 -1.0000 -1.0000 -1.0000 1.9685 1.7666 4.5878 -10.0480 3.4498 0.8286 -0.0278 0.6445
Car 0.0000 0 0.0000 -1.0000 -1.0000 -1.0000 -1.0000 1.9349 1.4983 4.5347 -3.4038 -5.6341 0.8020 3.1082 0.6390
Car 0.0000 0 0.0000 -1.0000 -1.0000 -1.0000 -1.0000 1.9230 1.4711 4.4961 -37.9003 -0.5490 0.6689 0.0544 0.5865
Car 0.0000 0 0.0000 -1.0000 -1.0000 -1.0000 -1.0000 2.0036 1.7410 4.6719 -34.4934 5.1312 0.7582 3.1123 0.5570
Car 0.0000 0 0.0000 -1.0000 -1.0000 -1.0000 -1.0000 1.8439 1.7062 4.4117 39.0626 2.9438 0.8253 3.0676 0.5161
Car 0.0000 0 0.0000 -1.0000 -1.0000 -1.0000 -1.0000 2.0066 1.6236 4.6762 -55.4207 5.4606 0.6056 -3.1331 0.5069
Car 0.0000 0 0.0000 -1.0000 -1.0000 -1.0000 -1.0000 2.3025 2.5587 5.2339 -39.7874 -6.0334 1.2365 -3.1399 0.4739
Car 0.0000 0 0.0000 -1.0000 -1.0000 -1.0000 -1.0000 1.9661 1.7241 4.5662 -28.9358 -12.2047 1.1458 -3.0886 0.4679
Car 0.0000 0 0.0000 -1.0000 -1.0000 -1.0000 -1.0000 1.9376 1.6258 4.5727 -50.7808 -1.1866 0.6910 -3.1281 0.4269
Car 0.0000 0 0.0000 -1.0000 -1.0000 -1.0000 -1.0000 1.9276 1.5397 4.5713 -17.2946 -13.5165 1.0728 -3.1295 0.3681
Car 0.0000 0 0.0000 -1.0000 -1.0000 -1.0000 -1.0000 1.8923 1.5257 4.5337 5.7361 -14.3863 1.4321 -0.0600 0.3555
Car 0.0000 0 0.0000 -1.0000 -1.0000 -1.0000 -1.0000 1.9104 1.6597 4.5855 -22.6669 -15.5395 1.1803 -3.0533 0.3465
Car 0.0000 0 0.0000 -1.0000 -1.0000 -1.0000 -1.0000 1.9487 1.5164 4.6680 13.0415 -13.7256 1.3637 -3.1272 0.3313
Car 0.0000 0 0.0000 -1.0000 -1.0000 -1.0000 -1.0000 1.8809 1.6581 4.4905 -18.2422 -18.4763 1.3547 -3.1116 0.3156
Truck 0.0000 0 0.0000 -1.0000 -1.0000 -1.0000 -1.0000 2.8271 3.0217 9.2845 56.3046 2.4782 1.6529 0.0157 0.6254
Truck 0.0000 0 0.0000 -1.0000 -1.0000 -1.0000 -1.0000 2.5084 2.5230 6.4847 -39.3358 -12.2761 1.3293 0.0711 0.4396
Truck 0.0000 0 0.0000 -1.0000 -1.0000 -1.0000 -1.0000 2.8620 3.0161 11.0145 30.0378 -3.5891 1.5531 3.1243 0.4350
Truck 0.0000 0 0.0000 -1.0000 -1.0000 -1.0000 -1.0000 2.8362 3.2647 8.6548 63.1495 -22.0891 2.5321 2.9952 0.3132
Cyclist 0.0000 0 0.0000 -1.0000 -1.0000 -1.0000 -1.0000 0.7383 1.5182 1.7012 5.8961 -2.9996 0.7560 0.0582 0.6144
Cyclist 0.0000 0 0.0000 -1.0000 -1.0000 -1.0000 -1.0000 0.8234 1.5951 1.8256 34.4079 0.2235 0.8521 -0.0607 0.4743
Cyclist 0.0000 0 0.0000 -1.0000 -1.0000 -1.0000 -1.0000 0.8596 1.6211 1.8279 -77.4402 4.9411 0.4022 -0.0130 0.3978
Cyclist 0.0000 0 0.0000 -1.0000 -1.0000 -1.0000 -1.0000 0.7364 1.5574 1.6812 57.9489 -2.4876 0.9186 3.1039 0.3849
Cyclist 0.0000 0 0.0000 -1.0000 -1.0000 -1.0000 -1.0000 0.7432 1.4667 1.7289 37.9318 5.1830 0.6733 3.1123 0.3555
Pedestrian 0.0000 0 0.0000 -1.0000 -1.0000 -1.0000 -1.0000 0.7191 1.6910 0.7324 -8.1213 9.0596 0.8531 3.1203 0.5914
Pedestrian 0.0000 0 0.0000 -1.0000 -1.0000 -1.0000 -1.0000 0.7012 1.6758 0.6796 18.7218 8.8087 0.8202 0.0272 0.5465
Pedestrian 0.0000 0 0.0000 -1.0000 -1.0000 -1.0000 -1.0000 0.7064 1.6735 0.6685 -40.8819 8.7989 0.6758 -3.1221 0.5287
Pedestrian 0.0000 0 0.0000 -1.0000 -1.0000 -1.0000 -1.0000 0.7034 1.6711 0.6610 20.4330 -9.9273 1.0829 2.9461 0.5082
Pedestrian 0.0000 0 0.0000 -1.0000 -1.0000 -1.0000 -1.0000 0.6664 1.6255 0.5804 33.5238 -6.8976 0.9866 2.9342 0.4107
Pedestrian 0.0000 0 0.0000 -1.0000 -1.0000 -1.0000 -1.0000 0.6837 1.6800 0.5747 8.5727 -13.7041 1.4569 3.1094 0.3256
