Car 0.0000 0 0.0000 -1.0000 -1.0000 -1.0000 -1.0000 1.9655 1.4814 4.5286 -14.5011 -3.3957 0.6263 -3.1233 0.7764
Car 0.0000 0 0.0000 -1.0000 -1.0000 -1.0000 -1.0000 1.9544 1.5810 4.5880 -54.8404 7.0655 -0.1298 -0.0261 0.6781
Car 0.0000 0 0.0000 -1.0000 -1.0000 -1.0000 -1.0000 2.0151 1.6205 4.6034 10.7700 -0.2940 0.9086 -0.0017 0.5740
Car 0.0000 0 0.0000 -1.0000 -1.0000 -1.0000 -1.0000 1.9242 1.5037 4.5321 -50.1400 -2.3700 -0.1804 -3.0958 0.5685
Car 0.0000 0 0.0000 -1.0000 -1.0000 -1.0000 -1.0000 2.0246 1.7084 4.5675 11.4403 -3.2388 0.9630 -3.1409 0.5494
Car 0.0000 0 0.0000 -1.0000 -1.0000 -1.0000 -1.0000 1.9733 1.5732 4.4577 30.5036 -3.3516 0.8072 0.0330 0.5149
Car 0.0000 0 0.0000 -1.0000 -1.0000 -1.0000 -1.0000 2.0318 1.5702 4.7575 -23.4619 0.3029 0.6107 -3.1338 0.5019
Car 0.0000 0 0.0000 -1.0000 -1.0000 -1.0000 -1.0000 1.7308 1.5733 4.2758 -27.8862 14.4559 0.5282 0.0019 0.4058
Car 0.0000 0 0.0000 -1.0000 -1.0000 -1.0000 -1.0000 2.1055 1.4851 4.7113 -11.7080 0.0425 0.7107 -0.0036 0.3924
Car 0.0000 0 0.0000 -1.0000 -1.0000 -1.0000 -1.0000 1.9823 1.6715 4.6406 41.2358 -2.8664 0.8099 3.1017 0.3491
Car 0.0000 0 0.0000 -1.0000 -1.0000 -1.0000 -1.0000 1.9851 1.6707 4.6467 41.6970 -0.5508 0.7857 3.0980 0.3018
Truck 0.0000 0 0.0000 -1.0000 -1.0000 -1.0000 -1.0000 2.9600 3.0866 9.9069 -24.7446 -2.7736 1.3603 0.0105 0.6984
Truck 0.0000 0 0.0000 -1.0000 -1.0000 -1.0000 -1.0000 2.8606 2.9031 9.6921 -82.8392 9.9268 0.2916 -0.2366 0.3602
Tricar 0.0000 0 0.0000 -1.0000 -1.0000 -1.0000 -1.0000 1.3264 1.4912 3.3994 -27.7963 14.3587 0.5148 -3.1179 0.4603
Cyclist 0.0000 0 0.0000 -1.0000 -1.0000 -1.0000 -1.0000 0.8211 1.5497 1.8255 4.9423 -9.2190 0.8563 3.0824 0.6754
Cyclist 0.0000 0 0.0000 -1.0000 -1.0000 -1.0000 -1.0000 0.7363 1.4800 1.7274 11.1228 12.6025 0.8024 3.0887 0.5303
Cyclist 0.0000 0 0.0000 -1.0000 -1.0000 -1.0000 -1.0000 0.7100 1.4008 1.6814 -15.5807 12.4908 0.6262 -3.1366 0.3314
Cyclist 0.0000 0 0.0000 -1.0000 -1.0000 -1.0000 -1.0000 0.6945 1.4319 1.6939 -24.6982 12.2771 0.4870 -3.1052 0.3245
Pedestrian 0.0000 0 0.0000 -1.0000 -1.0000 -1.0000 -1.0000 0.7121 1.6766 0.6870 22.0820 -9.9247 0.8492 3.0894 0.5109
Pedestrian 0.0000 0 0.0000 -1.0000 -1.0000 -1.0000 -1.0000 0.7346 1.6740 0.7207 58.1372 12.4644 0.0795 -0.0378 0.3674
