Car 0.0000 0 0.0000 -1.0000 -1.0000 -1.0000 -1.0000 1.9091 1.4465 4.4168 -10.8338 6.1922 0.6121 0.0220 0.7612
Car 0.0000 0 0.0000 -1.0000 -1.0000 -1.0000 -1.0000 1.9925 1.4982 4.5889 10.6202 0.2459 0.7465 0.0423 0.7091
Car 0.0000 0 0.0000 -1.0000 -1.0000 -1.0000 -1.0000 2.0157 1.6794 4.6622 1.0937 3.2960 0.8155 0.0077 0.6934
Car 0.0000 0 0.0000 -1.0000 -1.0000 -1.0000 -1.0000 1.8660 1.4672 4.4570 -31.4668 6.5860 0.5535 3.1256 0.6523
Car 0.0000 0 0.0000 -1.0000 -1.0000 -1.0000 -1.0000 1.9506 1.7118 4.4665 23.4039 4.3093 0.8031 0.0109 0.6322
Car 0.0000 0 0.0000 -1.0000 -1.0000 -1.0000 -1.0000 2.0145 1.5923 4.6800 35.1840 3.4655 0.7388 -0.0198 0.5961
Car 0.0000 0 0.0000 -1.0000 -1.0000 -1.0000 -1.0000 1.9081 1.6105 4.4681 46.1930 6.0050 0.6464 0.0198 0.5773
Car 0.0000 0 0.0000 -1.0000 -1.0000 -1.0000 -1.0000 1.9954 1.7424 4.6586 -31.0291 0.3556 0.7997 0.0084 0.4787
Car 0.0000 0 0.0000 -1.0000 -1.0000 -1.0000 -1.0000 1.8703 1.6467 4.4484 -26.3195 3.5376 0.7815 0.0015 0.4346
Car 0.0000 0 0.0000 -1.0000 -1.0000 -1.0000 -1.0000 1.9420 1.6152 4.5784 -37.8958 3.9617 0.6108 -3.1272 0.4321
Car 0.0000 0 0.0000 -1.0000 -1.0000 -1.0000 -1.0000 1.9131 1.5045 4.5409 -21.7907 0.1499 0.6910 0.0049 0.3974
Car 0.0000 0 0.0000 -1.0000 -1.0000 -1.0000 -1.0000 2.0364 1.7605 4.6857 16.6362 0.1661 0.8722 0.0244 0.3928
Car 0.0000 0 0.0000 -1.0000 -1.0000 -1.0000 -1.0000 1.9680 1.5888 4.6773 61.2672 3.2201 0.7914 0.0128 0.3683
Car 0.0000 0 0.0000 -1.0000 -1.0000 -1.0000 -1.0000 2.0385 1.4906 4.6328 -13.1896 0.2187 0.7344 -3.1269 0.3471
Truck 0.0000 0 0.0000 -1.0000 -1.0000 -1.0000 -1.0000 3.0017 3.3745 11.1784 -41.1383 11.9882 1.3309 -3.1408 0.6361
Cyclist 0.0000 0 0.0000 -1.0000 -1.0000 -1.0000 -1.0000 0.7763 1.5397 1.7532 -6.7514 -11.7079 0.8560 -3.1386 0.6101
Cyclist 0.0000 0 0.0000 -1.0000 -1.0000 -1.0000 -1.0000 0.6996 1.5310 1.6501 37.6502 -11.8257 0.9273 0.0305 0.5463
Cyclist 0.0000 0 0.0000 -1.0000 -1.0000 -1.0000 -1.0000 0.7610 1.5720 1.6967 26.4112 -12.3769 0.9042 3.0803 0.5188
Cyclist 0.0000 0 0.0000 -1.0000 -1.0000 -1.0000 -1.0000 0.7301 1.5657 1.6720 53.7892 -11.2206 0.7938 3.1379 0.4020
Cyclist 0.0000 0 0.0000 -1.0000 -1.0000 -1.0000 -1.0000 0.7183 1.2437 1.6875 -9.2530 -14.6076 0.9022 -1.2046 0.3827
Cyclist 0.0000 0 0.0000 -1.0000 -1.0000 -1.0000 -1.0000 0.6688 1.1252 1.7290 9.3757 -14.7194 0.8751 1.5292 0.3641
Cyclist 0.0000 0 0.0000 -1.0000 -1.0000 -1.0000 -1.0000 0.6653 1.2005 1.6966 -30.9889 -14.4249 0.9095 1.5506 0.3580
Cyclist 0.0000 0 0.0000 -1.0000 -1.0000 -1.0000 -1.0000 0.6316 1.1236 1.6057 1.4193 -18.1681 0.9534 0.0282 0.3556
Cyclist 0.0000 0 0.0000 -1.0000 -1.0000 -1.0000 -1.0000 0.6949 1.2245 1.6859 -6.4074 -14.3086 0.8841 -1.1368 0.3552
Cyclist 0.0000 0 0.0000 -1.0000 -1.0000 -1.0000 -1.0000 0.8095 1.5254 1.8247 -58.8181 -12.2920 0.7917 -0.0273 0.3268
Cyclist 0.0000 0 0.0000 -1.0000 -1.0000 -1.0000 -1.0000 0.6501 1.0676 1.6678 -15.0778 -14.1928 0.7733 1.3468 0.3092
Cyclist 0.0000 0 0.0000 -1.0000 -1.0000 -1.0000 -1.0000 0.7616 1.5870 1.6993 -44.6229 -11.5128 0.8155 -0.0380 0.3065
Cyclist 0.0000 0 0.0000 -1.0000 -1.0000 -1.0000 -1.0000 0.7130 1.3370 1.7017 -34.6789 -19.2612 1.0138 0.0463 0.3019
Pedestrian 0.0000 0 0.0000 -1.0000 -1.0000 -1.0000 -1.0000 0.6825 1.6634 0.6292 -5.0020 -17.7461 1.2153 3.1322 0.6457
Pedestrian 0.0000 0 0.0000 -1.0000 -1.0000 -1.0000 -1.0000 0.7309 1.6904 0.7292 -19.5547 20.4771 0.2176 -0.0296 0.5039
Pedestrian 0.0000 0 0.0000 -1.0000 -1.0000 -1.0000 -1.0000 0.6807 1.6601 0.6146 16.2801 22.0702 0.4830 0.0139 0.4852
Pedestrian 0.0000 0 0.0000 -1.0000 -1.0000 -1.0000 -1.0000 0.6975 1.6996 0.6273 31.6437 -16.5181 1.2053 0.0194 0.4615
Pedestrian 0.0000 0 0.0000 -1.0000 -1.0000 -1.0000 -1.0000 0.6985 1.6793 0.7086 -2.5379 -24.3681 1.5272 1.6514 0.3339
