Car 0.0000 0 0.0000 -1.0000 -1.0000 -1.0000 -1.0000 1.9823 1.4591 4.5499 -8.5056 -2.9639 0.8424 0.0056 0.8312
Car 0.0000 0 0.0000 -1.0000 -1.0000 -1.0000 -1.0000 1.9462 1.4523 4.4586 -31.0055 -3.1873 0.7542 0.0416 0.7929
Car 0.0000 0 0.0000 -1.0000 -1.0000 -1.0000 -1.0000 1.9696 1.4387 4.6268 -15.8798 3.1593 0.7196 3.1329 0.7277
Car 0.0000 0 0.0000 -1.0000 -1.0000 -1.0000 -1.0000 1.9591 1.5238 4.4772 -2.6997 3.1775 0.7844 -3.1402 0.7028
Car 0.0000 0 0.0000 -1.0000 -1.0000 -1.0000 -1.0000 1.9888 1.4506 4.5774 -26.4700 -0.3021 0.7646 -0.0329 0.6626
Car 0.0000 0 0.0000 -1.0000 -1.0000 -1.0000 -1.0000 1.9927 1.6376 4.6567 -43.4327 2.9745 0.7798 -3.1148 0.6457
Car 0.0000 0 0.0000 -1.0000 -1.0000 -1.0000 -1.0000 1.9426 1.6413 4.5814 -49.1849 -4.4739 0.9025 -3.0935 0.5304
Car 0.0000 0 0.0000 -1.0000 -1.0000 -1.0000 -1.0000 2.1364 2.0896 5.0160 -14.8674 -5.5225 1.2675 -3.1033 0.4834
Car 0.0000 0 0.0000 -1.0000 -1.0000 -1.0000 -1.0000 2.0316 1.7027 4.6886 -4.1481 -5.7696 1.1306 -3.1091 0.4674
Car 0.0000 0 0.0000 -1.0000 -1.0000 -1.0000 -1.0000 2.0308 1.6240 4.6969 20.7946 -5.4842 1.0381 -3.1363 0.4461
Car 0.0000 0 0.0000 -1.0000 -1.0000 -1.0000 -1.0000 2.1157 2.1649 5.1323 -43.1835 -6.9119 1.2932 0.0250 0.3288
Car 0.0000 0 0.0000 -1.0000 -1.0000 -1.0000 -1.0000 1.9746 1.7201 4.7679 -59.9452 -4.2241 1.1319 0.0001 0.3182
Car 0.0000 0 0.0000 -1.0000 -1.0000 -1.0000 -1.0000 1.9206 1.7091 4.5433 55.1388 -7.9823 1.2073 3.0241 0.3129
Car 0.0000 0 0.0000 -1.0000 -1.0000 -1.0000 -1.0000 1.8828 1.6517 4.5140 48.3227 -7.0406 1.1259 -0.1229 0.3006
Truck 0.0000 0 0.0000 -1.0000 -1.0000 -1.0000 -1.0000 2.0770 2.0869 5.4364 -43.1242 -6.8400 1.2713 -3.1144 0.3376
Cyclist 0.0000 0 0.0000 -1.0000 -1.0000 -1.0000 -1.0000 0.7924 1.5306 1.8267 14.3794 5.4486 0.6947 3.0827 0.7002
Cyclist 0.0000 0 0.0000 -1.0000 -1.0000 -1.0000 -1.0000 0.7354 1.5878 1.7010 -23.6154 10.0839 0.8884 0.0118 0.3337
