Car 0.0000 0 0.0000 -1.0000 -1.0000 -1.0000 -1.0000 1.9914 1.6450 4.5513 44.3814 2.9747 0.8544 2.8603 0.7652
Car 0.0000 0 0.0000 -1.0000 -1.0000 -1.0000 -1.0000 2.0303 1.6328 4.5653 40.4167 -6.9070 0.9178 -0.2702 0.7341
Car 0.0000 0 0.0000 -1.0000 -1.0000 -1.0000 -1.0000 2.0097 1.5603 4.6227 -61.4122 -14.2144 1.1044 -2.7189 0.6904
Car 0.0000 0 0.0000 -1.0000 -1.0000 -1.0000 -1.0000 1.9383 1.6465 4.5125 54.8429 -14.2757 0.9638 2.7374 0.6791
Car 0.0000 0 0.0000 -1.0000 -1.0000 -1.0000 -1.0000 1.9784 1.5833 4.5963 8.2228 6.2382 0.7769 3.0762 0.6724
Car 0.0000 0 0.0000 -1.0000 -1.0000 -1.0000 -1.0000 2.0338 1.5304 4.6375 5.5714 9.6840 0.7780 -0.0062 0.6411
Car 0.0000 0 0.0000 -1.0000 -1.0000 -1.0000 -1.0000 1.9834 1.4644 4.4875 26.5003 -6.1335 0.7686 -0.2231 0.6342
Car 0.0000 0 0.0000 -1.0000 -1.0000 -1.0000 -1.0000 1.9451 1.7232 4.4589 -14.0906 6.5032 0.9652 -3.0285 0.6337
Car 0.0000 0 0.0000 -1.0000 -1.0000 -1.0000 -1.0000 1.9116 1.5322 4.4793 18.6166 6.5640 0.7537 2.9851 0.6228
Car 0.0000 0 0.0000 -1.0000 -1.0000 -1.0000 -1.0000 1.9241 1.7812 4.4442 -5.8805 10.5079 0.8875 -3.1292 0.5995
Car 0.0000 0 0.0000 -1.0000 -1.0000 -1.0000 -1.0000 2.1128 1.5299 4.7221 -40.2211 -7.4090 1.0094 -2.8993 0.5802
Car 0.0000 0 0.0000 -1.0000 -1.0000 -1.0000 -1.0000 1.9135 1.5437 4.5710 -60.6839 -3.0559 1.0738 -2.7885 0.4156
Car 0.0000 0 0.0000 -1.0000 -1.0000 -1.0000 -1.0000 1.8967 1.6313 4.5380 -75.6115 -9.8064 1.3810 -2.6737 0.3508
