Car 0.0000 0 0.0000 -1.0000 -1.0000 -1.0000 -1.0000 1.9615 1.4741 4.5820 8.8344 4.6693 0.7387 3.1024 0.7976
Car 0.0000 0 0.0000 -1.0000 -1.0000 -1.0000 -1.0000 1.9106 1.4698 4.4456 -7.2799 3.1003 0.7218 0.0044 0.7709
Car 0.0000 0 0.0000 -1.0000 -1.0000 -1.0000 -1.0000 1.9120 1.4424 4.4240 -20.3153 0.2624 0.6061 0.0237 0.7689
Car 0.0000 0 0.0000 -1.0000 -1.0000 -1.0000 -1.0000 1.9434 1.4366 4.5012 -1.4130 3.0253 0.6793 -0.0604 0.7522
Car 0.0000 0 0.0000 -1.0000 -1.0000 -1.0000 -1.0000 1.8594 1.3893 4.3775 -4.5022 6.1514 0.6451 3.0849 0.6608
Car 0.0000 0 0.0000 -1.0000 -1.0000 -1.0000 -1.0000 1.9158 1.6118 4.4524 -15.4674 3.2661 0.7655 -3.1246 0.6516
Car 0.0000 0 0.0000 -1.0000 -1.0000 -1.0000 -1.0000 2.0374 1.8537 4.7143 25.9049 0.7173 0.9453 0.0541 0.6346
Car 0.0000 0 0.0000 -1.0000 -1.0000 -1.0000 -1.0000 1.9048 1.6150 4.4083 -21.6166 6.4745 0.7588 0.0079 0.5885
Car 0.0000 0 0.0000 -1.0000 -1.0000 -1.0000 -1.0000 1.9661 1.5192 4.5939 25.2331 3.3680 0.7709 -3.1186 0.5535
Car 0.0000 0 0.0000 -1.0000 -1.0000 -1.0000 -1.0000 1.8833 1.6692 4.4906 -24.4167 3.2621 0.7920 0.0138 0.5468
Car 0.0000 0 0.0000 -1.0000 -1.0000 -1.0000 -1.0000 1.8998 1.5807 4.4342 -40.7155 8.0789 0.8527 -0.2043 0.5185
Car 0.0000 0 0.0000 -1.0000 -1.0000 -1.0000 -1.0000 2.2192 2.1158 5.2989 10.7418 -4.9946 1.1475 -0.0153 0.4333
Car 0.0000 0 0.0000 -1.0000 -1.0000 -1.0000 -1.0000 1.9875 1.6585 4.6495 -56.6438 -0.3876 0.6017 -0.2573 0.4237
Car 0.0000 0 0.0000 -1.0000 -1.0000 -1.0000 -1.0000 1.8976 1.7900 4.4105 -15.2979 -7.4955 0.8150 -1.5285 0.4075
Car 0.0000 0 0.0000 -1.0000 -1.0000 -1.0000 -1.0000 1.9540 1.4499 4.5362 -37.1294 0.1303 0.6754 -3.1213 0.3790
Truck 0.0000 0 0.0000 -1.0000 -1.0000 -1.0000 -1.0000 3.0497 3.5540 11.6783 -46.8924 3.0788 1.7357 0.0415 0.7071
Truck 0.0000 0 0.0000 -1.0000 -1.0000 -1.0000 -1.0000 2.9030 3.3406 9.7463 44.8888 3.2256 2.0347 0.0397 0.6107
Cyclist 0.0000 0 0.0000 -1.0000 -1.0000 -1.0000 -1.0000 0.7977 1.5515 1.7568 28.8589 -2.6914 0.8202 0.0343 0.5371
Cyclist 0.0000 0 0.0000 -1.0000 -1.0000 -1.0000 -1.0000 0.7648 1.4767 1.7886 -15.1552 8.5714 0.6439 3.1277 0.4518
Cyclist 0.0000 0 0.0000 -1.0000 -1.0000 -1.0000 -1.0000 0.7674 1.5640 1.7305 -35.6305 9.3365 0.8899 -0.2798 0.4280
Cyclist 0.0000 0 0.0000 -1.0000 -1.0000 -1.0000 -1.0000 0.7385 1.5276 1.7066 -18.9860 -2.9333 0.7160 -0.0927 0.4241
Cyclist 0.0000 0 0.0000 -1.0000 -1.0000 -1.0000 -1.0000 0.7075 1.5036 1.6973 -8.8648 13.0477 0.6939 0.2629 0.4064
Cyclist 0.0000 0 0.0000 -1.0000 -1.0000 -1.0000 -1.0000 0.8325 1.5392 1.8351 39.8205 6.0872 0.9240 -3.0575 0.3629
Cyclist 0.0000 0 0.0000 -1.0000 -1.0000 -1.0000 -1.0000 0.7682 1.5523 1.7031 58.4027 -2.1460 1.6108 3.0162 0.3301
Pedestrian 0.0000 0 0.0000 -1.0000 -1.0000 -1.0000 -1.0000 0.6820 1.6401 0.6467 29.3748 8.7574 0.9065 -3.1142 0.5850
Pedestrian 0.0000 0 0.0000 -1.0000 -1.0000 -1.0000 -1.0000 0.6740 1.6462 0.6025 -21.6542 -2.8650 0.7804 -3.1147 0.5429
Pedestrian 0.0000 0 0.0000 -1.0000 -1.0000 -1.0000 -1.0000 0.6954 1.6858 0.6369 13.9546 9.0714 0.9911 3.1065 0.4687
Pedestrian 0.0000 0 0.0000 -1.0000 -1.0000 -1.0000 -1.0000 0.7036 1.6699 0.6566 -60.3701 -6.9015 0.5570 -3.1003 0.4356
Pedestrian 0.0000 0 0.0000 -1.0000 -1.0000 -1.0000 -1.0000 0.6906 1.6210 0.6410 33.5572 8.0268 0.9706 0.0045 0.4144
Pedestrian 0.0000 0 0.0000 -1.0000 -1.0000 -1.0000 -1.0000 0.6861 1.6535 0.6078 19.6663 8.9164 0.9289 0.0485 0.3412
Pedestrian 0.0000 0 0.0000 -1.0000 -1.0000 -1.0000 -1.0000 0.7094 1.6003 0.6744 12.1330 9.8650 0.9023 -3.1185 0.3409
Pedestrian 0.0000 0 0.0000 -1.0000 -1.0000 -1.0000 -1.0000 0.6719 1.6083 0.6154 -19.8850 -2.6225 0.7356 3.0847 0.3244
