Car 0.0000 0 0.0000 -1.0000 -1.0000 -1.0000 -1.0000 2.0206 1.7390 4.5927 -1.4195 8.5399 0.8618 0.0381 0.7535
Car 0.0000 0 0.0000 -1.0000 -1.0000 -1.0000 -1.0000 1.8957 1.5237 4.3798 12.5270 3.1921 0.9054 3.1204 0.7081
Car 0.0000 0 0.0000 -1.0000 -1.0000 -1.0000 -1.0000 1.9851 1.8371 4.5881 -11.0787 15.0055 0.7837 -3.1398 0.6517
Car 0.0000 0 0.0000 -1.0000 -1.0000 -1.0000 -1.0000 2.0797 1.4662 4.7108 -16.5003 -0.2101 0.7082 -0.0026 0.5918
Car 0.0000 0 0.0000 -1.0000 -1.0000 -1.0000 -1.0000 1.9392 1.5346 4.5088 32.3332 -2.4758 0.8711 0.0455 0.4458
Car 0.0000 0 0.0000 -1.0000 -1.0000 -1.0000 -1.0000 1.9110 1.5129 4.6060 35.3481 39.0790 0.0856 -1.6596 0.4216
Car 0.0000 0 0.0000 -1.0000 -1.0000 -1.0000 -1.0000 1.9929 1.5008 4.6289 -30.6165 7.7723 0.7026 -3.1281 0.3838
Car 0.0000 0 0.0000 -1.0000 -1.0000 -1.0000 -1.0000 2.0137 1.7351 4.7423 51.2696 12.3857 0.9895 3.0401 0.3502
Truck 0.0000 0 0.0000 -1.0000 -1.0000 -1.0000 -1.0000 2.6028 3.1215 6.4997 16.4795 7.3670 1.7105 3.0977 0.5650
Truck 0.0000 0 0.0000 -1.0000 -1.0000 -1.0000 -1.0000 2.4370 2.4633 6.4621 -57.8907 -0.6872 1.1830 -0.0454 0.4773
Truck 0.0000 0 0.0000 -1.0000 -1.0000 -1.0000 -1.0000 2.3225 2.4353 6.0423 48.6921 7.6472 1.4739 3.1319 0.3792
