Car 0.0000 0 0.0000 -1.0000 -1.0000 -1.0000 -1.0000 2.0428 1.4555 4.6354 -17.9979 -2.5323 0.7671 0.0417 0.8473
Car 0.0000 0 0.0000 -1.0000 -1.0000 -1.0000 -1.0000 2.0005 1.4745 4.5154 32.8425 -0.4791 0.7833 -3.0909 0.7726
Car 0.0000 0 0.0000 -1.0000 -1.0000 -1.0000 -1.0000 2.0156 1.8144 4.7158 -11.9828 13.7849 0.5270 0.0110 0.7080
Car 0.0000 0 0.0000 -1.0000 -1.0000 -1.0000 -1.0000 2.0079 1.6232 4.6839 8.6631 3.9472 0.7951 -0.0053 0.6812
Car 0.0000 0 0.0000 -1.0000 -1.0000 -1.0000 -1.0000 2.0575 1.6323 4.7255 -47.4993 -4.1087 0.8273 -0.0084 0.6306
Car 0.0000 0 0.0000 -1.0000 -1.0000 -1.0000 -1.0000 1.9348 1.7157 4.4761 -19.9975 10.5373 0.5658 -3.1408 0.6098
Car 0.0000 0 0.0000 -1.0000 -1.0000 -1.0000 -1.0000 2.0277 1.6711 4.5808 -43.5291 3.6469 0.8296 3.1405 0.6037
Car 0.0000 0 0.0000 -1.0000 -1.0000 -1.0000 -1.0000 1.9835 1.5164 4.6420 21.2536 17.6463 0.2172 -3.1145 0.5540
Car 0.0000 0 0.0000 -1.0000 -1.0000 -1.0000 -1.0000 1.8825 1.5604 4.4789 28.1091 13.7124 0.3767 0.0075 0.4034
Cyclist 0.0000 0 0.0000 -1.0000 -1.0000 -1.0000 -1.0000 0.7732 1.5384 1.7199 6.0835 -8.8670 0.8486 3.0726 0.5202
Cyclist 0.0000 0 0.0000 -1.0000 -1.0000 -1.0000 -1.0000 0.7367 1.5037 1.7052 44.2209 -11.7865 0.8227 -0.0860 0.3649
Cyclist 0.0000 0 0.0000 -1.0000 -1.0000 -1.0000 -1.0000 0.7593 1.5102 1.7031 43.9742 -10.6947 0.7819 -0.0688 0.3509
