Car 0.0000 0 0.0000 -1.0000 -1.0000 -1.0000 -1.0000 2.0323 1.5078 4.6460 14.1290 -3.4824 0.8447 -3.1202 0.8126
Car 0.0000 0 0.0000 -1.0000 -1.0000 -1.0000 -1.0000 1.9601 1.4360 4.4859 23.5853 -3.1104 0.8757 0.0061 0.7608
Car 0.0000 0 0.0000 -1.0000 -1.0000 -1.0000 -1.0000 2.1869 2.2511 4.9042 25.3616 12.5155 0.8744 -0.0215 0.7536
Car 0.0000 0 0.0000 -1.0000 -1.0000 -1.0000 -1.0000 2.0141 1.9172 4.7039 14.0664 -0.2586 1.0572 0.0102 0.5074
Car 0.0000 0 0.0000 -1.0000 -1.0000 -1.0000 -1.0000 1.9696 1.4569 4.5418 -24.4838 9.6442 0.3646 -3.1222 0.4818
Car 0.0000 0 0.0000 -1.0000 -1.0000 -1.0000 -1.0000 2.0130 2.0072 4.6922 45.5006 3.1402 1.2695 0.0023 0.4735
Car 0.0000 0 0.0000 -1.0000 -1.0000 -1.0000 -1.0000 1.8830 1.6333 4.5607 65.9366 -33.3160 1.7227 1.5389 0.3979
Car 0.0000 0 0.0000 -1.0000 -1.0000 -1.0000 -1.0000 1.8001 1.5537 4.2520 31.6782 -2.8897 0.9828 3.1165 0.3921
Tricar 0.0000 0 0.0000 -1.0000 -1.0000 -1.0000 -1.0000 1.4479 1.7757 3.7380 49.1353 -13.7607 1.4559 0.1172 0.5378
Cyclist 0.0000 0 0.0000 -1.0000 -1.0000 -1.0000 -1.0000 0.7719 1.5329 1.7395 62.2584 -12.6001 1.4863 0.3118 0.4340
