Car 0.0000 0 0.0000 -1.0000 -1.0000 -1.0000 -1.0000 1.9542 1.6549 4.5910 32.8817 29.2840 1.8779 -2.7859 0.6638
Car 0.0000 0 0.0000 -1.0000 -1.0000 -1.0000 -1.0000 1.9517 1.4781 4.6539 17.9014 -4.4056 0.7166 -1.0361 0.6288
Car 0.0000 0 0.0000 -1.0000 -1.0000 -1.0000 -1.0000 1.9335 1.6835 4.5323 -35.8251 6.8136 0.6084 -2.7143 0.5686
Car 0.0000 0 0.0000 -1.0000 -1.0000 -1.0000 -1.0000 1.9405 1.6022 4.6704 -14.9679 -12.8220 0.4846 0.4496 0.5682
Car 0.0000 0 0.0000 -1.0000 -1.0000 -1.0000 -1.0000 2.2814 2.4329 5.1913 -51.4508 -10.3947 0.8466 -2.7198 0.4928
Car 0.0000 0 0.0000 -1.0000 -1.0000 -1.0000 -1.0000 1.9605 1.6176 4.6802 52.6237 28.8882 1.8422 -2.7011 0.4516
Car 0.0000 0 0.0000 -1.0000 -1.0000 -1.0000 -1.0000 1.9234 1.5585 4.5795 27.4017 -22.6568 0.5937 -1.1211 0.4349
Car 0.0000 0 0.0000 -1.0000 -1.0000 -1.0000 -1.0000 1.8751 1.4793 4.4569 23.3612 -1.5586 0.7413 2.1694 0.4030
Car 0.0000 0 0.0000 -1.0000 -1.0000 -1.0000 -1.0000 1.9376 1.5644 4.5186 35.2932 -41.5067 0.5881 -0.7788 0.3846
Car 0.0000 0 0.0000 -1.0000 -1.0000 -1.0000 -1.0000 1.8833 1.6830 4.4258 38.0572 -23.8291 0.7536 -0.8716 0.3806
Car 0.0000 0 0.0000 -1.0000 -1.0000 -1.0000 -1.0000 1.9581 1.5835 4.6572 -33.4789 42.0944 -0.1775 -1.0093 0.3786
Car 0.0000 0 0.0000 -1.0000 -1.0000 -1.0000 -1.0000 1.9359 1.6955 4.5774 25.3272 34.5339 1.6563 -2.7927 0.3719
Car 0.0000 0 0.0000 -1.0000 -1.0000 -1.0000 -1.0000 1.7731 1.4971 4.3281 -8.2952 -9.3174 0.5210 0.4643 0.3532
Car 0.0000 0 0.0000 -1.0000 -1.0000 -1.0000 -1.0000 2.2107 2.3359 5.0929 -68.5268 -24.4285 0.5052 -2.7032 0.3486
Car 0.0000 0 0.0000 -1.0000 -1.0000 -1.0000 -1.0000 2.1620 2.2037 5.1171 18.6115 -9.8314 1.0639 -1.0211 0.3469
Car 0.0000 0 0.0000 -1.0000 -1.0000 -1.0000 -1.0000 1.9236 1.4523 4.6273 -27.1075 -19.7934 0.1366 0.4292 0.3107
Truck 0.0000 0 0.0000 -1.0000 -1.0000 -1.0000 -1.0000 2.2044 2.0712 5.7237 23.8510 17.5721 1.7621 0.3781 0.5327
Truck 0.0000 0 0.0000 -1.0000 -1.0000 -1.0000 -1.0000 2.8745 3.0660 9.6153 -22.4086 16.7928 1.2852 -0.8728 0.4420
Truck 0.0000 0 0.0000 -1.0000 -1.0000 -1.0000 -1.0000 2.2817 2.4521 5.8659 23.9627 25.2992 2.1500 0.3942 0.3408
Truck 0.0000 0 0.0000 -1.0000 -1.0000 -1.0000 -1.0000 2.6695 2.9326 7.4036 41.2987 33.1288 2.3443 0.3710 0.3314
Tricar 0.0000 0 0.0000 -1.0000 -1.0000 -1.0000 -1.0000 1.3162 1.7197 3.2620 11.7588 21.3582 1.5576 -2.7216 0.5814
Cyclist 0.0000 0 0.0000 -1.0000 -1.0000 -1.0000 -1.0000 0.7502 1.5427 1.7349 0.8345 -4.3130 0.6928 -0.5169 0.6119
Cyclist 0.0000 0 0.0000 -1.0000 -1.0000 -1.0000 -1.0000 0.7526 1.5252 1.7594 12.7842 -2.4779 0.7460 2.2106 0.5410
Cyclist 0.0000 0 0.0000 -1.0000 -1.0000 -1.0000 -1.0000 0.8545 1.5580 1.8302 13.5425 4.5199 0.8916 0.1644 0.5066
Cyclist 0.0000 0 0.0000 -1.0000 -1.0000 -1.0000 -1.0000 0.8601 1.6673 1.7729 24.0413 8.3797 1.2420 -2.6574 0.4232
Cyclist 0.0000 0 0.0000 -1.0000 -1.0000 -1.0000 -1.0000 0.8282 1.5113 1.8709 16.5844 -29.1252 0.3509 -0.6176 0.3285
Cyclist 0.0000 0 0.0000 -1.0000 -1.0000 -1.0000 -1.0000 0.6356 1.0630 1.6128 1.6909 -15.9383 0.3366 -2.2590 0.3123
Cyclist 0.0000 0 0.0000 -1.0000 -1.0000 -1.0000 -1.0000 0.7581 1.4897 1.7382 20.3892 -2.1322 0.7160 2.1577 0.3049
Cyclist 0.0000 0 0.0000 -1.0000 -1.0000 -1.0000 -1.0000 0.7996 1.5092 1.8044 15.8807 2.5949 0.8992 -1.0927 0.3007
Pedestrian 0.0000 0 0.0000 -1.0000 -1.0000 -1.0000 -1.0000 0.7166 1.6821 0.6852 17.8243 -27.0045 0.4974 -0.6714 0.3844
Pedestrian 0.0000 0 0.0000 -1.0000 -1.0000 -1.0000 -1.0000 0.6964 1.7223 0.6287 28.1400 3.0989 1.2109 2.6476 0.3826
