Car 0.0000 0 0.0000 -1.0000 -1.0000 -1.0000 -1.0000 2.0312 1.6467 4.5680 -34.0476 -3.0038 1.0307 -2.9252 0.7548
Car 0.0000 0 0.0000 -1.0000 -1.0000 -1.0000 -1.0000 1.9561 1.4206 4.5496 24.4196 12.2288 0.4262 0.4390 0.7369
Car 0.0000 0 0.0000 -1.0000 -1.0000 -1.0000 -1.0000 1.9530 1.6879 4.5155 -63.9170 -11.0691 1.2922 -2.9205 0.6585
Car 0.0000 0 0.0000 -1.0000 -1.0000 -1.0000 -1.0000 1.9870 1.6292 4.6066 38.5983 4.2424 0.6539 -0.2844 0.6327
Car 0.0000 0 0.0000 -1.0000 -1.0000 -1.0000 -1.0000 1.9556 1.4717 4.5841 23.4883 21.8823 0.2452 -0.9624 0.6159
Car 0.0000 0 0.0000 -1.0000 -1.0000 -1.0000 -1.0000 1.9636 1.8561 4.4261 -49.2711 -7.1870 1.2274 -2.9042 0.6065
Car 0.0000 0 0.0000 -1.0000 -1.0000 -1.0000 -1.0000 2.0422 1.6180 4.6586 -7.5056 3.5621 0.7998 0.2969 0.5979
Car 0.0000 0 0.0000 -1.0000 -1.0000 -1.0000 -1.0000 2.0116 1.6164 4.6119 -9.7018 -1.2530 0.8400 0.1905 0.5930
Car 0.0000 0 0.0000 -1.0000 -1.0000 -1.0000 -1.0000 2.0266 1.6420 4.5872 -1.0720 7.5581 0.7575 -2.6413 0.5082
Car 0.0000 0 0.0000 -1.0000 -1.0000 -1.0000 -1.0000 1.9858 1.6794 4.7221 6.3872 30.2318 0.3493 -1.3176 0.4971
Car 0.0000 0 0.0000 -1.0000 -1.0000 -1.0000 -1.0000 1.9867 1.4756 4.5880 -20.8143 -0.0575 0.8403 -2.9040 0.4690
Car 0.0000 0 0.0000 -1.0000 -1.0000 -1.0000 -1.0000 1.9725 1.4647 4.5148 4.4408 13.2298 0.5895 0.7469 0.4258
Car 0.0000 0 0.0000 -1.0000 -1.0000 -1.0000 -1.0000 1.9200 1.5368 4.6417 57.5325 18.0958 0.1382 0.1780 0.4159
Car 0.0000 0 0.0000 -1.0000 -1.0000 -1.0000 -1.0000 1.9316 1.6258 4.5849 -76.7733 -14.6559 1.0937 -3.0040 0.3753
Car 0.0000 0 0.0000 -1.0000 -1.0000 -1.0000 -1.0000 1.9034 1.5043 4.6774 24.0847 -15.8079 0.9194 1.9229 0.3585
Car 0.0000 0 0.0000 -1.0000 -1.0000 -1.0000 -1.0000 1.9043 1.7573 4.4851 81.7158 27.2306 -0.0896 0.2299 0.3114
Truck 0.0000 0 0.0000 -1.0000 -1.0000 -1.0000 -1.0000 3.0044 3.6754 11.1928 36.3802 16.7674 1.4633 0.2161 0.6988
Truck 0.0000 0 0.0000 -1.0000 -1.0000 -1.0000 -1.0000 2.7987 3.0906 9.1084 10.1459 -5.1135 1.5543 -0.5436 0.5934
Tricar 0.0000 0 0.0000 -1.0000 -1.0000 -1.0000 -1.0000 1.1956 1.5019 2.7938 29.7336 19.7920 0.1940 2.7193 0.3742
Tricar 0.0000 0 0.0000 -1.0000 -1.0000 -1.0000 -1.0000 1.4321 1.8588 3.3927 20.8923 28.2977 0.3439 2.0171 0.3154
Cyclist 0.0000 0 0.0000 -1.0000 -1.0000 -1.0000 -1.0000 0.8464 1.5946 1.8541 21.9586 3.5522 0.7123 -2.7012 0.5557
Cyclist 0.0000 0 0.0000 -1.0000 -1.0000 -1.0000 -1.0000 0.7607 1.5562 1.7447 35.4913 -29.2886 1.1059 1.9169 0.4849
Cyclist 0.0000 0 0.0000 -1.0000 -1.0000 -1.0000 -1.0000 0.7218 1.1568 1.7469 -21.9293 -11.9100 0.7718 -2.8904 0.4242
Cyclist 0.0000 0 0.0000 -1.0000 -1.0000 -1.0000 -1.0000 0.6846 1.3622 1.6762 1.1004 -16.0771 1.0778 -1.8416 0.4156
Cyclist 0.0000 0 0.0000 -1.0000 -1.0000 -1.0000 -1.0000 0.7853 1.5886 1.7872 38.0813 11.0687 0.3158 -2.8466 0.3719
Cyclist 0.0000 0 0.0000 -1.0000 -1.0000 -1.0000 -1.0000 0.7313 1.2795 1.7449 -47.4855 -18.1296 1.0273 -2.9850 0.3417
Cyclist 0.0000 0 0.0000 -1.0000 -1.0000 -1.0000 -1.0000 0.6681 1.1479 1.6872 31.7791 -1.0407 0.5164 1.0760 0.3371
Cyclist 0.0000 0 0.0000 -1.0000 -1.0000 -1.0000 -1.0000 0.6690 1.1885 1.6422 -34.0125 -15.8956 0.9459 -1.0092 0.3277
Cyclist 0.0000 0 0.0000 -1.0000 -1.0000 -1.0000 -1.0000 0.7862 1.5328 1.7741 28.4722 -3.9856 0.7318 1.8573 0.3268
Cyclist 0.0000 0 0.0000 -1.0000 -1.0000 -1.0000 -1.0000 0.7308 1.5723 1.6864 23.5261 -2.1363 0.6998 -2.9644 0.3221
Cyclist 0.0000 0 0.0000 -1.0000 -1.0000 -1.0000 -1.0000 0.6326 1.0621 1.6462 -0.7270 -14.7121 0.9053 -1.9072 0.3109
Cyclist 0.0000 0 0.0000 -1.0000 -1.0000 -1.0000 -1.0000 0.8920 1.6540 1.8578 32.7793 22.6651 0.3218 0.0448 0.3089
Pedestrian 0.0000 0 0.0000 -1.0000 -1.0000 -1.0000 -1.0000 0.6912 1.6478 0.6390 8.6856 -8.7858 0.9059 2.6118 0.4868
Pedestrian 0.0000 0 0.0000 -1.0000 -1.0000 -1.0000 -1.0000 0.6848 1.6095 0.6309 25.3732 -0.7144 0.7096 -2.6644 0.4257
Pedestrian 0.0000 0 0.0000 -1.0000 -1.0000 -1.0000 -1.0000 0.6933 1.6851 0.6209 12.2743 -19.9502 1.2448 0.0575 0.4049
Pedestrian 0.0000 0 0.0000 -1.0000 -1.0000 -1.0000 -1.0000 0.6781 1.6604 0.6090 27.2821 -0.5059 0.7819 0.5346 0.3712
Pedestrian 0.0000 0 0.0000 -1.0000 -1.0000 -1.0000 -1.0000 0.6953 1.6899 0.6540 8.2529 -24.2330 1.3555 1.6590 0.3692
Pedestrian 0.0000 0 0.0000 -1.0000 -1.0000 -1.0000 -1.0000 0.6846 1.6813 0.6099 11.8972 23.5282 0.4369 -2.2895 0.3588
Pedestrian 0.0000 0 0.0000 -1.0000 -1.0000 -1.0000 -1.0000 0.7338 1.6568 0.7251 10.0033 4.0113 0.7906 -2.5369 0.3532
Pedestrian 0.0000 0 0.0000 -1.0000 -1.0000 -1.0000 -1.0000 0.6784 1.6491 0.5879 -6.7021 -18.0042 1.5552 0.2845 0.3186
