Car 0.0000 0 0.0000 -1.0000 -1.0000 -1.0000 -1.0000 2.0031 1.4558 4.5326 -12.4571 -7.3493 0.7811 -0.1074 0.8330
Car 0.0000 0 0.0000 -1.0000 -1.0000 -1.0000 -1.0000 1.9139 1.4593 4.5072 17.6532 -10.5541 0.5127 0.4160 0.7793
Car 0.0000 0 0.0000 -1.0000 -1.0000 -1.0000 -1.0000 1.9259 1.4923 4.5639 19.7450 -30.9476 0.7277 -1.9309 0.6036
Car 0.0000 0 0.0000 -1.0000 -1.0000 -1.0000 -1.0000 1.9749 1.4891 4.5454 -1.8037 -14.4804 0.7467 -0.1559 0.5699
Car 0.0000 0 0.0000 -1.0000 -1.0000 -1.0000 -1.0000 1.9858 1.5753 4.5749 -27.1593 -6.1575 1.0342 -0.0237 0.5354
Car 0.0000 0 0.0000 -1.0000 -1.0000 -1.0000 -1.0000 2.0014 1.4881 4.6899 24.0300 11.4568 0.2430 2.9300 0.4326
Car 0.0000 0 0.0000 -1.0000 -1.0000 -1.0000 -1.0000 1.9725 1.5445 4.6526 19.3396 15.4881 0.2306 -0.1007 0.3334
Tricar 0.0000 0 0.0000 -1.0000 -1.0000 -1.0000 -1.0000 1.3620 1.8022 3.0100 39.4282 -10.6086 0.3829 -0.4127 0.4336
Tricar 0.0000 0 0.0000 -1.0000 -1.0000 -1.0000 -1.0000 1.3372 1.8002 2.9558 -65.4687 19.4030 0.6581 -0.0480 0.4144
Tricar 0.0000 0 0.0000 -1.0000 -1.0000 -1.0000 -1.0000 1.4722 1.7123 3.4366 -61.5801 20.5600 0.4959 -0.0332 0.3828
Cyclist 0.0000 0 0.0000 -1.0000 -1.0000 -1.0000 -1.0000 0.7475 1.4198 1.7698 -23.6985 -11.0312 0.8776 -0.0074 0.6133
Cyclist 0.0000 0 0.0000 -1.0000 -1.0000 -1.0000 -1.0000 0.7114 1.2144 1.7551 29.5989 -11.6101 0.2551 0.1369 0.3010
Pedestrian 0.0000 0 0.0000 -1.0000 -1.0000 -1.0000 -1.0000 0.7086 1.6147 0.6667 -50.7874 20.0691 0.4311 -0.0474 0.3314
Pedestrian 0.0000 0 0.0000 -1.0000 -1.0000 -1.0000 -1.0000 0.7293 1.6683 0.6977 1.4395 -3.5641 0.7676 3.0877 0.3099
