Car 0.0000 0 0.0000 -1.0000 -1.0000 -1.0000 -1.0000 2.0339 1.4571 4.6764 -15.9433 8.8648 0.7615 0.0211 0.8160
Car 0.0000 0 0.0000 -1.0000 -1.0000 -1.0000 -1.0000 2.0620 1.7154 4.6729 -34.8284 9.0482 0.8490 0.0774 0.7892
Car 0.0000 0 0.0000 -1.0000 -1.0000 -1.0000 -1.0000 1.9348 1.7117 4.6422 53.8936 8.6131 1.1664 -3.0608 0.4788
Car 0.0000 0 0.0000 -1.0000 -1.0000 -1.0000 -1.0000 1.9097 1.5160 4.5372 46.2399 9.2617 1.0738 -3.1035 0.4718
Car 0.0000 0 0.0000 -1.0000 -1.0000 -1.0000 -1.0000 1.9713 2.0320 4.5367 12.7944 5.9205 1.0744 3.1298 0.4019
Car 0.0000 0 0.0000 -1.0000 -1.0000 -1.0000 -1.0000 1.8757 1.8442 4.4301 -50.2797 0.1523 0.8657 3.1325 0.3766
Car 0.0000 0 0.0000 -1.0000 -1.0000 -1.0000 -1.0000 1.9620 1.4342 4.5026 21.1354 5.8485 0.8861 -3.1147 0.3541
Car 0.0000 0 0.0000 -1.0000 -1.0000 -1.0000 -1.0000 1.9458 1.4894 4.5769 45.3134 5.5484 1.1406 3.0805 0.3326
Truck 0.0000 0 0.0000 -1.0000 -1.0000 -1.0000 -1.0000 2.9798 3.3819 11.9873 -31.9744 2.5597 1.7401 0.0182 0.7685
Truck 0.0000 0 0.0000 -1.0000 -1.0000 -1.0000 -1.0000 2.9183 3.5539 11.2415 44.2956 12.3130 2.0896 0.0576 0.5634
Truck 0.0000 0 0.0000 -1.0000 -1.0000 -1.0000 -1.0000 2.4739 2.5291 6.4159 -69.7754 2.2327 1.1067 -0.0733 0.4540
Truck 0.0000 0 0.0000 -1.0000 -1.0000 -1.0000 -1.0000 2.8080 3.4659 10.4561 29.1364 11.8092 1.9185 0.0469 0.4131
