Car 0.0000 0 0.0000 -1.0000 -1.0000 -1.0000 -1.0000 1.9450 1.6572 4.5344 14.8249 -1.0203 0.9993 0.0609 0.7503
Car 0.0000 0 0.0000 -1.0000 -1.0000 -1.0000 -1.0000 1.8911 1.4350 4.4087 4.4856 -1.7673 0.8512 0.1258 0.6515
Car 0.0000 0 0.0000 -1.0000 -1.0000 -1.0000 -1.0000 1.9458 1.7473 4.5213 11.7390 5.3516 0.9956 -3.0681 0.5277
Car 0.0000 0 0.0000 -1.0000 -1.0000 -1.0000 -1.0000 1.8931 1.4973 4.4681 -19.5014 3.5297 0.7361 -3.0774 0.5116
Car 0.0000 0 0.0000 -1.0000 -1.0000 -1.0000 -1.0000 1.9122 1.5114 4.4919 36.6348 5.4152 1.1384 0.0370 0.5065
Car 0.0000 0 0.0000 -1.0000 -1.0000 -1.0000 -1.0000 1.8422 1.4816 4.3854 -0.4137 2.4302 0.7518 -3.1352 0.4998
Car 0.0000 0 0.0000 -1.0000 -1.0000 -1.0000 -1.0000 1.8831 1.6803 4.4460 -3.5605 4.5749 0.8282 -3.0944 0.4993
Car 0.0000 0 0.0000 -1.0000 -1.0000 -1.0000 -1.0000 1.9147 1.4797 4.4623 -7.0902 -2.4004 0.7600 -3.1179 0.4875
Car 0.0000 0 0.0000 -1.0000 -1.0000 -1.0000 -1.0000 1.9792 1.4208 4.5618 -13.5039 1.4403 0.6297 0.0754 0.4839
Car 0.0000 0 0.0000 -1.0000 -1.0000 -1.0000 -1.0000 1.9950 1.9009 4.6641 -21.8081 -2.1400 0.9275 0.0208 0.4677
Car 0.0000 0 0.0000 -1.0000 -1.0000 -1.0000 -1.0000 1.8924 1.7201 4.4016 -8.7345 8.4140 1.1085 1.6023 0.4462
Car 0.0000 0 0.0000 -1.0000 -1.0000 -1.0000 -1.0000 1.8994 1.5161 4.4269 25.7498 1.7873 1.0202 -3.1049 0.4336
Car 0.0000 0 0.0000 -1.0000 -1.0000 -1.0000 -1.0000 1.8208 1.7370 4.4866 -17.0134 -2.8356 0.8158 0.0836 0.4092
Car 0.0000 0 0.0000 -1.0000 -1.0000 -1.0000 -1.0000 1.8494 1.4920 4.4979 -49.8793 1.3295 0.7629 -3.1176 0.3766
Car 0.0000 0 0.0000 -1.0000 -1.0000 -1.0000 -1.0000 1.9061 1.7572 4.6029 -38.5770 2.0034 0.8288 -0.1317 0.3511
Car 0.0000 0 0.0000 -1.0000 -1.0000 -1.0000 -1.0000 1.8700 1.6854 4.5271 73.4042 -4.4670 1.9014 1.5491 0.3159
Cyclist 0.0000 0 0.0000 -1.0000 -1.0000 -1.0000 -1.0000 0.7341 1.4265 1.7580 -8.4876 3.1957 0.6315 0.0261 0.4909
Cyclist 0.0000 0 0.0000 -1.0000 -1.0000 -1.0000 -1.0000 0.7583 1.5297 1.7567 20.3614 1.7636 0.9268 0.0651 0.4903
Cyclist 0.0000 0 0.0000 -1.0000 -1.0000 -1.0000 -1.0000 0.7525 1.5434 1.6755 17.6290 0.5646 0.9667 -3.0682 0.4294
Cyclist 0.0000 0 0.0000 -1.0000 -1.0000 -1.0000 -1.0000 0.7066 1.3452 1.7062 -14.6841 6.0750 0.8023 -0.0208 0.4180
Cyclist 0.0000 0 0.0000 -1.0000 -1.0000 -1.0000 -1.0000 0.7084 1.4638 1.6497 -9.8783 -1.2350 0.6830 -3.0071 0.4160
Cyclist 0.0000 0 0.0000 -1.0000 -1.0000 -1.0000 -1.0000 0.7537 1.5117 1.7192 -19.8630 -5.4451 0.7760 -3.0814 0.3841
Cyclist 0.0000 0 0.0000 -1.0000 -1.0000 -1.0000 -1.0000 0.7359 1.3876 1.7013 -9.2627 0.6405 0.6670 -3.0379 0.3810
Cyclist 0.0000 0 0.0000 -1.0000 -1.0000 -1.0000 -1.0000 0.6353 1.0493 1.6145 4.5422 9.9077 0.7858 3.1325 0.3730
Cyclist 0.0000 0 0.0000 -1.0000 -1.0000 -1.0000 -1.0000 0.6813 1.2156 1.6379 4.7861 -6.7539 0.9470 -2.6804 0.3332
Cyclist 0.0000 0 0.0000 -1.0000 -1.0000 -1.0000 -1.0000 0.8381 1.6144 1.7827 63.2883 6.0860 1.3027 -3.1170 0.3169
Cyclist 0.0000 0 0.0000 -1.0000 -1.0000 -1.0000 -1.0000 0.6961 1.4542 1.6479 16.5612 -2.9271 0.9734 0.0762 0.3158
Pedestrian 0.0000 0 0.0000 -1.0000 -1.0000 -1.0000 -1.0000 0.6850 1.6494 0.6479 8.6336 8.8092 1.1080 0.0129 0.5671
Pedestrian 0.0000 0 0.0000 -1.0000 -1.0000 -1.0000 -1.0000 0.6845 1.6436 0.6249 8.7226 7.0866 0.9538 0.0663 0.4918
Pedestrian 0.0000 0 0.0000 -1.0000 -1.0000 -1.0000 -1.0000 0.6431 1.4874 0.5882 -46.7617 4.4286 0.8615 -2.1989 0.4452
Pedestrian 0.0000 0 0.0000 -1.0000 -1.0000 -1.0000 -1.0000 0.7092 1.6387 0.6936 4.0319 -4.4757 1.0813 0.1568 0.3608
Pedestrian 0.0000 0 0.0000 -1.0000 -1.0000 -1.0000 -1.0000 0.6921 1.6391 0.6094 -6.2354 -5.2403 0.9460 -3.1213 0.3589
Pedestrian 0.0000 0 0.0000 -1.0000 -1.0000 -1.0000 -1.0000 0.7105 1.7021 0.6472 48.7859 0.7892 1.2204 2.6437 0.3259
