Car 0.0000 0 0.0000 -1.0000 -1.0000 -1.0000 -1.0000 1.9932 1.9187 4.5029 18.4852 2.8337 1.1678 -0.0116 0.7460
Car 0.0000 0 0.0000 -1.0000 -1.0000 -1.0000 -1.0000 2.0756 1.5829 4.6745 -31.8903 0.2617 0.7075 -3.1272 0.6659
Car 0.0000 0 0.0000 -1.0000 -1.0000 -1.0000 -1.0000 1.9438 1.5244 4.6254 0.6510 20.3152 0.5741 -1.4398 0.6480
Car 0.0000 0 0.0000 -1.0000 -1.0000 -1.0000 -1.0000 1.9407 1.5001 4.5942 -17.0012 -9.3439 0.3240 -1.6084 0.5986
Car 0.0000 0 0.0000 -1.0000 -1.0000 -1.0000 -1.0000 1.9838 1.7278 4.7481 -56.4857 9.8543 0.4406 -3.1406 0.5981
Car 0.0000 0 0.0000 -1.0000 -1.0000 -1.0000 -1.0000 1.8949 1.7890 4.4700 -8.7851 17.5189 0.7817 -0.0073 0.5013
Car 0.0000 0 0.0000 -1.0000 -1.0000 -1.0000 -1.0000 1.9804 2.0074 4.6584 21.8402 9.8902 1.2242 3.0763 0.4814
Car 0.0000 0 0.0000 -1.0000 -1.0000 -1.0000 -1.0000 1.8843 1.5411 4.4672 -39.3516 -9.8660 0.1278 -1.7666 0.3645
Car 0.0000 0 0.0000 -1.0000 -1.0000 -1.0000 -1.0000 1.9657 1.5931 4.6867 -11.7466 -9.6678 0.2876 -1.6306 0.3592
Car 0.0000 0 0.0000 -1.0000 -1.0000 -1.0000 -1.0000 2.0046 2.1454 4.7265 9.2755 17.3801 1.0792 -3.0938 0.3212
Truck 0.0000 0 0.0000 -1.0000 -1.0000 -1.0000 -1.0000 2.6020 2.5488 6.9738 -20.4182 10.1280 1.2083 -0.0228 0.5782
Truck 0.0000 0 0.0000 -1.0000 -1.0000 -1.0000 -1.0000 2.0719 2.0526 5.3119 -8.2108 3.2433 1.0162 3.1364 0.5474
Truck 0.0000 0 0.0000 -1.0000 -1.0000 -1.0000 -1.0000 2.1759 2.0895 5.5295 29.6019 -0.1580 1.3006 3.1032 0.4632
Tricar 0.0000 0 0.0000 -1.0000 -1.0000 -1.0000 -1.0000 1.5362 1.7957 3.2444 54.9366 18.4783 1.0787 3.0809 0.3393
