Car 0.0000 0 0.0000 -1.0000 -1.0000 -1.0000 -1.0000 1.8875 1.4481 4.4614 13.7276 6.6887 0.6705 0.0042 0.7107
Car 0.0000 0 0.0000 -1.0000 -1.0000 -1.0000 -1.0000 1.9681 1.4866 4.5500 -12.3604 3.7108 0.6785 -3.1327 0.6891
Car 0.0000 0 0.0000 -1.0000 -1.0000 -1.0000 -1.0000 2.0332 1.7137 4.6918 0.9405 3.5215 0.7946 0.0054 0.6808
Car 0.0000 0 0.0000 -1.0000 -1.0000 -1.0000 -1.0000 1.9634 1.4649 4.5796 -33.7839 5.9550 0.5779 0.0140 0.6358
Car 0.0000 0 0.0000 -1.0000 -1.0000 -1.0000 -1.0000 2.0046 1.4548 4.6286 9.8814 0.2931 0.7483 0.0068 0.6015
Car 0.0000 0 0.0000 -1.0000 -1.0000 -1.0000 -1.0000 1.9432 1.5522 4.5920 73.1075 5.3867 0.9915 3.0792 0.5236
Car 0.0000 0 0.0000 -1.0000 -1.0000 -1.0000 -1.0000 2.0581 1.4632 4.6918 -10.2648 -0.0627 0.7155 -3.1167 0.5223
Car 0.0000 0 0.0000 -1.0000 -1.0000 -1.0000 -1.0000 1.9621 1.5531 4.5561 17.3146 3.7299 0.7790 0.0055 0.4801
Car 0.0000 0 0.0000 -1.0000 -1.0000 -1.0000 -1.0000 1.9100 1.6100 4.5669 66.0494 3.0885 0.9768 3.0574 0.4112
Car 0.0000 0 0.0000 -1.0000 -1.0000 -1.0000 -1.0000 1.9943 1.5856 4.6953 30.0328 3.3935 0.7767 3.1314 0.4087
Car 0.0000 0 0.0000 -1.0000 -1.0000 -1.0000 -1.0000 1.9993 1.8236 4.6010 18.1983 0.0789 0.9500 0.0169 0.3933
Car 0.0000 0 0.0000 -1.0000 -1.0000 -1.0000 -1.0000 1.9972 1.5047 4.6769 -21.7248 0.1738 0.7479 -0.0148 0.3928
Car 0.0000 0 0.0000 -1.0000 -1.0000 -1.0000 -1.0000 1.9373 1.4941 4.5444 -42.3786 10.3085 0.4715 -1.7170 0.3835
Car 0.0000 0 0.0000 -1.0000 -1.0000 -1.0000 -1.0000 1.8817 1.5540 4.5410 39.7002 6.1521 0.7227 3.1342 0.3477
Car 0.0000 0 0.0000 -1.0000 -1.0000 -1.0000 -1.0000 1.9900 1.6848 4.6132 -31.0912 0.3793 0.8096 -3.1298 0.3256
Car 0.0000 0 0.0000 -1.0000 -1.0000 -1.0000 -1.0000 1.9841 1.8697 4.7112 -34.0932 3.1615 0.8787 0.0179 0.3197
Truck 0.0000 0 0.0000 -1.0000 -1.0000 -1.0000 -1.0000 2.9709 3.4366 11.0976 -32.0107 11.9701 1.6200 0.0119 0.6879
Truck 0.0000 0 0.0000 -1.0000 -1.0000 -1.0000 -1.0000 2.9150 3.2177 11.8810 35.7723 11.7863 1.5647 0.0529 0.5524
Truck 0.0000 0 0.0000 -1.0000 -1.0000 -1.0000 -1.0000 3.0238 3.2015 11.7079 -17.6534 11.5747 1.4692 -3.1304 0.4772
Tricar 0.0000 0 0.0000 -1.0000 -1.0000 -1.0000 -1.0000 1.2160 1.7451 2.4781 40.9128 -12.3320 1.1651 -0.0299 0.3860
Cyclist 0.0000 0 0.0000 -1.0000 -1.0000 -1.0000 -1.0000 0.6778 1.2769 1.6683 -4.0035 -14.0640 0.8618 -2.0543 0.4513
Cyclist 0.0000 0 0.0000 -1.0000 -1.0000 -1.0000 -1.0000 0.7478 1.5662 1.6914 -6.6261 15.6577 0.3203 0.1001 0.4407
Cyclist 0.0000 0 0.0000 -1.0000 -1.0000 -1.0000 -1.0000 0.8251 1.5439 1.8277 -12.5382 17.9736 0.2356 -3.1212 0.4344
Cyclist 0.0000 0 0.0000 -1.0000 -1.0000 -1.0000 -1.0000 0.7266 1.4775 1.7245 -2.2034 16.9968 0.2293 0.0597 0.4270
Cyclist 0.0000 0 0.0000 -1.0000 -1.0000 -1.0000 -1.0000 0.7428 1.5708 1.7027 1.6343 17.1359 0.2814 0.0217 0.4180
Cyclist 0.0000 0 0.0000 -1.0000 -1.0000 -1.0000 -1.0000 0.7299 1.5236 1.6973 30.2170 -11.9037 0.9137 -3.1316 0.3982
Cyclist 0.0000 0 0.0000 -1.0000 -1.0000 -1.0000 -1.0000 0.7892 1.5987 1.7600 -5.4765 -11.4446 0.9620 3.0898 0.3913
Cyclist 0.0000 0 0.0000 -1.0000 -1.0000 -1.0000 -1.0000 0.6802 1.2944 1.6995 -0.4078 -14.5774 0.9099 1.4827 0.3823
Cyclist 0.0000 0 0.0000 -1.0000 -1.0000 -1.0000 -1.0000 0.7563 1.5256 1.7223 -30.8023 -12.1285 0.8956 -3.1170 0.3724
Cyclist 0.0000 0 0.0000 -1.0000 -1.0000 -1.0000 -1.0000 0.6869 1.2423 1.7186 24.9929 -14.4301 0.8904 1.9227 0.3639
Cyclist 0.0000 0 0.0000 -1.0000 -1.0000 -1.0000 -1.0000 0.7225 1.5480 1.6811 50.7810 -11.5395 0.9273 3.1072 0.3624
Cyclist 0.0000 0 0.0000 -1.0000 -1.0000 -1.0000 -1.0000 0.7145 1.5279 1.6843 27.8298 16.4133 0.5163 -3.0987 0.3597
Cyclist 0.0000 0 0.0000 -1.0000 -1.0000 -1.0000 -1.0000 0.7385 1.4593 1.7766 -12.8924 -38.4805 1.3701 1.7887 0.3532
Cyclist 0.0000 0 0.0000 -1.0000 -1.0000 -1.0000 -1.0000 0.9890 1.6828 1.9685 40.7906 -12.3128 1.1822 3.1064 0.3351
Cyclist 0.0000 0 0.0000 -1.0000 -1.0000 -1.0000 -1.0000 0.7070 1.2631 1.7045 32.6444 -14.4225 0.8658 -0.5362 0.3346
Cyclist 0.0000 0 0.0000 -1.0000 -1.0000 -1.0000 -1.0000 0.7625 1.4662 1.7963 -4.0256 18.6139 0.1647 0.0492 0.3328
Cyclist 0.0000 0 0.0000 -1.0000 -1.0000 -1.0000 -1.0000 0.6964 1.2981 1.7352 0.4262 -14.7144 0.9018 -1.7111 0.3248
Cyclist 0.0000 0 0.0000 -1.0000 -1.0000 -1.0000 -1.0000 0.7788 1.4950 1.7885 25.1664 18.0529 0.4778 -3.1356 0.3207
Cyclist 0.0000 0 0.0000 -1.0000 -1.0000 -1.0000 -1.0000 0.6335 1.1223 1.6771 3.5065 -14.7262 0.8967 1.5648 0.3150
Pedestrian 0.0000 0 0.0000 -1.0000 -1.0000 -1.0000 -1.0000 0.6811 1.6307 0.6582 -5.0389 -17.9350 1.1567 3.1197 0.6460
Pedestrian 0.0000 0 0.0000 -1.0000 -1.0000 -1.0000 -1.0000 0.6997 1.6679 0.6501 43.2416 22.1268 0.4016 -3.0503 0.4212
Pedestrian 0.0000 0 0.0000 -1.0000 -1.0000 -1.0000 -1.0000 0.6867 1.7014 0.5947 34.7518 -16.3530 1.2134 3.1388 0.3370
Pedestrian 0.0000 0 0.0000 -1.0000 -1.0000 -1.0000 -1.0000 0.6665 1.6138 0.5633 31.5580 21.9788 0.5189 0.1264 0.3186
Pedestrian 0.0000 0 0.0000 -1.0000 -1.0000 -1.0000 -1.0000 0.6958 1.7182 0.6117 33.5068 23.5244 0.7089 0.0245 0.3152
