Car 0.0000 0 0.0000 -1.0000 -1.0000 -1.0000 -1.0000 1.9458 1.4142 4.5761 5.2294 -4.3894 0.6232 0.0052 0.7539
Car 0.0000 0 0.0000 -1.0000 -1.0000 -1.0000 -1.0000 1.9457 1.4361 4.5189 6.8662 5.2782 0.7151 -3.1384 0.6630
Car 0.0000 0 0.0000 -1.0000 -1.0000 -1.0000 -1.0000 1.8829 1.4561 4.4947 11.2588 -4.3341 0.6372 0.0262 0.5660
Car 0.0000 0 0.0000 -1.0000 -1.0000 -1.0000 -1.0000 1.9519 1.4873 4.4949 -5.7350 -4.3838 0.6849 -3.1184 0.4897
Car 0.0000 0 0.0000 -1.0000 -1.0000 -1.0000 -1.0000 1.9245 1.4413 4.5843 -1.7143 12.4948 0.6334 -1.4481 0.4543
Car 0.0000 0 0.0000 -1.0000 -1.0000 -1.0000 -1.0000 1.8948 1.5258 4.4768 -70.3580 -4.5797 0.6133 -3.0747 0.4418
Car 0.0000 0 0.0000 -1.0000 -1.0000 -1.0000 -1.0000 1.8927 1.6110 4.5636 -78.9500 4.7274 0.5782 -3.1207 0.4375
Car 0.0000 0 0.0000 -1.0000 -1.0000 -1.0000 -1.0000 1.9240 1.6933 4.5690 13.6682 12.6841 0.8903 1.5715 0.3998
Car 0.0000 0 0.0000 -1.0000 -1.0000 -1.0000 -1.0000 1.8934 1.6825 4.5089 35.7336 13.8098 0.9666 1.4204 0.3837
Car 0.0000 0 0.0000 -1.0000 -1.0000 -1.0000 -1.0000 1.9407 1.6731 4.5846 4.0583 13.1837 0.8447 1.6321 0.3826
Cyclist 0.0000 0 0.0000 -1.0000 -1.0000 -1.0000 -1.0000 0.7323 1.4455 1.7480 33.5155 -4.4743 0.6441 -2.0164 0.4714
Cyclist 0.0000 0 0.0000 -1.0000 -1.0000 -1.0000 -1.0000 0.6827 1.1744 1.6883 37.0595 -4.3168 0.5325 1.2751 0.3340
Cyclist 0.0000 0 0.0000 -1.0000 -1.0000 -1.0000 -1.0000 0.7173 1.2735 1.7852 63.6274 -4.8008 0.4738 1.4846 0.3007
Pedestrian 0.0000 0 0.0000 -1.0000 -1.0000 -1.0000 -1.0000 0.6935 1.6966 0.6467 1.3628 6.6001 0.9483 0.0408 0.5860
Pedestrian 0.0000 0 0.0000 -1.0000 -1.0000 -1.0000 -1.0000 0.6947 1.6788 0.6709 -11.1502 8.5244 0.8688 -2.2351 0.4167
Pedestrian 0.0000 0 0.0000 -1.0000 -1.0000 -1.0000 -1.0000 0.7070 1.6729 0.6382 -4.8413 16.9388 0.7083 0.1296 0.3957
Pedestrian 0.0000 0 0.0000 -1.0000 -1.0000 -1.0000 -1.0000 0.7033 1.7225 0.6578 2.9863 6.4588 0.9589 3.1415 0.3664
