Car 0.0000 0 0.0000 -1.0000 -1.0000 -1.0000 -1.0000 1.9191 1.5218 4.4507 -42.7722 1.6896 0.1700 -3.1173 0.6782
Car 0.0000 0 0.0000 -1.0000 -1.0000 -1.0000 -1.0000 2.0005 1.5047 4.5598 30.4912 -4.8504 1.1714 3.0981 0.6672
Car 0.0000 0 0.0000 -1.0000 -1.0000 -1.0000 -1.0000 2.0064 1.4322 4.5104 -17.0493 -1.4394 0.5690 -0.0096 0.6493
Car 0.0000 0 0.0000 -1.0000 -1.0000 -1.0000 -1.0000 1.9392 1.5004 4.5623 -33.3881 -37.7458 0.3940 -1.7047 0.6462
Car 0.0000 0 0.0000 -1.0000 -1.0000 -1.0000 -1.0000 1.8980 1.5060 4.4075 1.6870 10.8003 0.5961 3.0391 0.6341
Car 0.0000 0 0.0000 -1.0000 -1.0000 -1.0000 -1.0000 1.9965 1.5260 4.6851 62.4049 -5.3383 1.4620 3.1056 0.6088
Car 0.0000 0 0.0000 -1.0000 -1.0000 -1.0000 -1.0000 1.9260 1.7506 4.4295 24.4538 -0.9786 1.1801 3.1399 0.6075
Car 0.0000 0 0.0000 -1.0000 -1.0000 -1.0000 -1.0000 1.9355 1.4396 4.4715 17.5437 -0.2513 0.9416 -3.1165 0.5948
Car 0.0000 0 0.0000 -1.0000 -1.0000 -1.0000 -1.0000 1.9955 1.4708 4.5477 23.9299 9.4667 0.8658 3.1223 0.5841
Car 0.0000 0 0.0000 -1.0000 -1.0000 -1.0000 -1.0000 1.9200 1.4811 4.4923 -28.4221 -1.3178 0.3680 -3.0123 0.5622
Car 0.0000 0 0.0000 -1.0000 -1.0000 -1.0000 -1.0000 1.9539 1.6407 4.4701 53.1885 -6.0193 1.4757 3.1306 0.5492
Car 0.0000 0 0.0000 -1.0000 -1.0000 -1.0000 -1.0000 1.9163 1.4711 4.5392 -49.3464 1.4726 0.0837 -3.1056 0.5437
Car 0.0000 0 0.0000 -1.0000 -1.0000 -1.0000 -1.0000 1.9404 1.6598 4.5145 -46.7176 -2.1812 0.2691 -3.0611 0.4824
Car 0.0000 0 0.0000 -1.0000 -1.0000 -1.0000 -1.0000 1.9609 1.5038 4.5648 44.2428 7.7235 1.0359 3.0505 0.4565
Car 0.0000 0 0.0000 -1.0000 -1.0000 -1.0000 -1.0000 1.9385 1.7590 4.5798 50.8553 21.0065 1.2062 2.9882 0.4528
Car 0.0000 0 0.0000 -1.0000 -1.0000 -1.0000 -1.0000 1.9378 1.6032 4.5038 51.0418 -2.9719 1.3946 0.0094 0.3902
Car 0.0000 0 0.0000 -1.0000 -1.0000 -1.0000 -1.0000 1.9584 1.6184 4.7122 -58.1388 0.6817 0.0969 -2.9812 0.3595
Car 0.0000 0 0.0000 -1.0000 -1.0000 -1.0000 -1.0000 1.9560 1.5110 4.5814 40.7481 -5.2173 1.2048 -0.0504 0.3482
Car 0.0000 0 0.0000 -1.0000 -1.0000 -1.0000 -1.0000 1.8945 1.7489 4.5580 66.5918 2.8653 1.3780 2.9456 0.3415
Car 0.0000 0 0.0000 -1.0000 -1.0000 -1.0000 -1.0000 1.9479 1.8989 4.6296 32.7155 33.9261 0.9808 2.5545 0.3063
Truck 0.0000 0 0.0000 -1.0000 -1.0000 -1.0000 -1.0000 2.9593 3.1541 11.7239 4.4855 -6.6101 1.6199 3.0862 0.7717
Truck 0.0000 0 0.0000 -1.0000 -1.0000 -1.0000 -1.0000 2.9854 3.1473 10.6705 -6.6133 7.1104 1.4130 3.0542 0.7635
Truck 0.0000 0 0.0000 -1.0000 -1.0000 -1.0000 -1.0000 2.9692 3.3020 11.2425 -39.8460 10.6899 0.9938 -0.0024 0.7184
Truck 0.0000 0 0.0000 -1.0000 -1.0000 -1.0000 -1.0000 2.9736 3.2147 11.7545 -38.5487 -6.8058 1.1230 -3.0979 0.7059
Truck 0.0000 0 0.0000 -1.0000 -1.0000 -1.0000 -1.0000 2.6329 2.8498 6.9934 12.3898 9.9812 1.3912 3.1403 0.5095
Tricar 0.0000 0 0.0000 -1.0000 -1.0000 -1.0000 -1.0000 1.3986 1.6767 3.0180 75.0869 15.1514 1.3864 3.0103 0.3227
Cyclist 0.0000 0 0.0000 -1.0000 -1.0000 -1.0000 -1.0000 0.7852 1.5452 1.7542 35.0951 -13.6440 1.2684 3.1390 0.6610
Cyclist 0.0000 0 0.0000 -1.0000 -1.0000 -1.0000 -1.0000 0.7339 1.5473 1.6819 -13.7924 -16.9118 0.8014 -3.0771 0.6240
Cyclist 0.0000 0 0.0000 -1.0000 -1.0000 -1.0000 -1.0000 0.7909 1.5578 1.7860 -18.6546 -14.3797 0.6139 1.1677 0.5784
Cyclist 0.0000 0 0.0000 -1.0000 -1.0000 -1.0000 -1.0000 0.7719 1.5393 1.7418 40.7602 -13.0951 1.2510 3.0523 0.5707
Cyclist 0.0000 0 0.0000 -1.0000 -1.0000 -1.0000 -1.0000 0.7251 1.3868 1.7112 -38.5949 15.6401 -0.1877 0.1197 0.5682
Cyclist 0.0000 0 0.0000 -1.0000 -1.0000 -1.0000 -1.0000 0.7978 1.5782 1.7643 43.0390 18.0494 0.9302 3.1059 0.5024
Cyclist 0.0000 0 0.0000 -1.0000 -1.0000 -1.0000 -1.0000 0.8116 1.5029 1.8458 -32.9747 -12.6861 0.2667 -0.1249 0.4693
Cyclist 0.0000 0 0.0000 -1.0000 -1.0000 -1.0000 -1.0000 0.7722 1.5342 1.7884 -39.4954 18.9835 -0.1413 0.0597 0.4552
Cyclist 0.0000 0 0.0000 -1.0000 -1.0000 -1.0000 -1.0000 0.7693 1.4995 1.7784 -29.9848 -21.2076 0.2981 -1.2199 0.4552
Cyclist 0.0000 0 0.0000 -1.0000 -1.0000 -1.0000 -1.0000 0.7085 1.5016 1.6736 56.8991 17.9644 1.0751 2.9940 0.4254
Cyclist 0.0000 0 0.0000 -1.0000 -1.0000 -1.0000 -1.0000 0.7254 1.4752 1.7366 -35.4024 -16.1326 0.3111 1.0989 0.4082
Cyclist 0.0000 0 0.0000 -1.0000 -1.0000 -1.0000 -1.0000 0.8160 1.5582 1.8121 -38.1268 -10.9803 0.2687 -0.0269 0.3804
Pedestrian 0.0000 0 0.0000 -1.0000 -1.0000 -1.0000 -1.0000 0.6908 1.6936 0.6135 -41.1373 -20.5833 0.5349 -0.6036 0.4789
Pedestrian 0.0000 0 0.0000 -1.0000 -1.0000 -1.0000 -1.0000 0.6866 1.7062 0.6116 -45.3053 -16.5793 0.3748 -0.0802 0.4196
Pedestrian 0.0000 0 0.0000 -1.0000 -1.0000 -1.0000 -1.0000 0.6874 1.6167 0.6062 -39.6527 -23.8288 0.4524 -0.4553 0.4164
Pedestrian 0.0000 0 0.0000 -1.0000 -1.0000 -1.0000 -1.0000 0.6787 1.5695 0.5977 -35.3841 -16.1055 0.3562 1.0843 0.3225
