Car 0.0000 0 0.0000 -1.0000 -1.0000 -1.0000 -1.0000 1.9649 1.4518 4.5939 22.5304 10.7003 0.6406 3.1381 0.7749
Car 0.0000 0 0.0000 -1.0000 -1.0000 -1.0000 -1.0000 1.9955 1.6017 4.6337 29.2959 10.2485 0.7515 0.0072 0.7316
Car 0.0000 0 0.0000 -1.0000 -1.0000 -1.0000 -1.0000 1.9234 1.7326 4.4913 -29.4716 -22.1098 1.1365 1.5455 0.6956
Car 0.0000 0 0.0000 -1.0000 -1.0000 -1.0000 -1.0000 1.9403 1.4321 4.5216 -11.1815 10.8800 0.6797 3.1275 0.6589
Car 0.0000 0 0.0000 -1.0000 -1.0000 -1.0000 -1.0000 1.9663 1.4805 4.5558 -5.7910 6.8088 0.7247 3.1376 0.6457
Car 0.0000 0 0.0000 -1.0000 -1.0000 -1.0000 -1.0000 1.9470 1.5448 4.5800 -56.0070 0.5535 0.6994 3.0198 0.6107
Car 0.0000 0 0.0000 -1.0000 -1.0000 -1.0000 -1.0000 1.9154 1.4349 4.4814 15.5475 13.7871 0.5086 3.1208 0.5948
Car 0.0000 0 0.0000 -1.0000 -1.0000 -1.0000 -1.0000 1.9347 1.4952 4.5734 -34.6865 35.4371 0.0583 -1.5784 0.5615
Car 0.0000 0 0.0000 -1.0000 -1.0000 -1.0000 -1.0000 1.9422 1.5350 4.5632 -38.6364 34.0562 0.0483 -1.6277 0.5533
Car 0.0000 0 0.0000 -1.0000 -1.0000 -1.0000 -1.0000 1.8856 1.5769 4.5027 -56.0912 -2.6522 0.6844 -0.0895 0.4109
Car 0.0000 0 0.0000 -1.0000 -1.0000 -1.0000 -1.0000 1.8850 1.5844 4.5182 37.2109 14.1952 0.8718 -3.1062 0.4019
Car 0.0000 0 0.0000 -1.0000 -1.0000 -1.0000 -1.0000 1.9772 2.0017 4.7896 -30.1383 -31.3895 1.4501 1.4917 0.3994
Car 0.0000 0 0.0000 -1.0000 -1.0000 -1.0000 -1.0000 1.9830 1.5387 4.6059 37.7265 10.3723 0.8133 -3.1201 0.3558
Car 0.0000 0 0.0000 -1.0000 -1.0000 -1.0000 -1.0000 2.2245 2.3607 5.2609 8.9829 14.0112 0.9619 3.0922 0.3220
Car 0.0000 0 0.0000 -1.0000 -1.0000 -1.0000 -1.0000 1.9409 1.7590 4.6669 78.6884 9.9590 1.3221 0.1532 0.3194
Truck 0.0000 0 0.0000 -1.0000 -1.0000 -1.0000 -1.0000 3.1033 4.0141 9.7945 0.4938 10.5482 1.8510 3.1180 0.6756
Truck 0.0000 0 0.0000 -1.0000 -1.0000 -1.0000 -1.0000 2.8817 3.1956 9.3052 -4.8190 14.7296 1.4539 0.0318 0.6021
Truck 0.0000 0 0.0000 -1.0000 -1.0000 -1.0000 -1.0000 2.3078 2.2190 6.0210 42.6199 -3.0226 1.1927 3.1394 0.5474
Truck 0.0000 0 0.0000 -1.0000 -1.0000 -1.0000 -1.0000 2.1122 2.3073 5.4549 -19.5113 2.0914 1.1794 -0.5599 0.4436
Truck 0.0000 0 0.0000 -1.0000 -1.0000 -1.0000 -1.0000 2.0684 2.1556 5.2114 15.7166 10.3327 1.0254 3.0969 0.4090
Truck 0.0000 0 0.0000 -1.0000 -1.0000 -1.0000 -1.0000 1.9060 1.8927 4.7922 12.8357 -2.6981 0.9472 3.1117 0.3928
Truck 0.0000 0 0.0000 -1.0000 -1.0000 -1.0000 -1.0000 2.1826 2.2205 5.6686 8.9844 13.9391 0.9265 -0.0337 0.3309
Truck 0.0000 0 0.0000 -1.0000 -1.0000 -1.0000 -1.0000 2.4689 2.4896 6.6830 76.6179 -0.8195 1.2815 -0.0804 0.3044
Tricar 0.0000 0 0.0000 -1.0000 -1.0000 -1.0000 -1.0000 1.2347 1.6060 3.1963 -28.7825 6.1761 0.7624 2.3503 0.5728
Tricar 0.0000 0 0.0000 -1.0000 -1.0000 -1.0000 -1.0000 1.3869 1.7623 3.2558 -61.4256 20.5159 0.2214 -0.0191 0.5625
Tricar 0.0000 0 0.0000 -1.0000 -1.0000 -1.0000 -1.0000 1.1763 1.6973 2.7515 -19.8992 -20.8671 1.0878 0.8210 0.4353
Tricar 0.0000 0 0.0000 -1.0000 -1.0000 -1.0000 -1.0000 1.2899 1.6746 2.9125 -46.4323 28.6709 0.2645 -2.7965 0.4138
Cyclist 0.0000 0 0.0000 -1.0000 -1.0000 -1.0000 -1.0000 0.7107 1.4862 1.6953 -56.0186 -9.3519 0.6528 0.0189 0.5017
Cyclist 0.0000 0 0.0000 -1.0000 -1.0000 -1.0000 -1.0000 0.7219 1.5248 1.7179 -14.8756 20.5847 0.5143 -3.0781 0.4813
Cyclist 0.0000 0 0.0000 -1.0000 -1.0000 -1.0000 -1.0000 0.8032 1.5004 1.7978 -62.0420 -6.5357 0.4545 -0.9269 0.3026
