Car 0.0000 0 0.0000 -1.0000 -1.0000 -1.0000 -1.0000 2.0120 1.5339 4.6499 -29.3119 2.1702 0.5795 -3.1150 0.7976
Car 0.0000 0 0.0000 -1.0000 -1.0000 -1.0000 -1.0000 1.9287 1.4720 4.5203 -18.2735 8.6701 0.4600 3.1324 0.7889
Car 0.0000 0 0.0000 -1.0000 -1.0000 -1.0000 -1.0000 2.0110 1.4925 4.5927 43.3809 6.4252 0.7842 3.1310 0.7641
Car 0.0000 0 0.0000 -1.0000 -1.0000 -1.0000 -1.0000 2.0599 1.6217 4.6650 50.0892 4.4562 0.8558 3.1379 0.7525
Car 0.0000 0 0.0000 -1.0000 -1.0000 -1.0000 -1.0000 2.0164 1.4885 4.5515 -12.9442 -0.3484 0.7238 0.0058 0.7392
Car 0.0000 0 0.0000 -1.0000 -1.0000 -1.0000 -1.0000 2.0800 1.5943 4.6703 21.2055 6.1045 0.7808 -3.1336 0.6765
Car 0.0000 0 0.0000 -1.0000 -1.0000 -1.0000 -1.0000 1.9589 1.4481 4.5101 7.9889 -0.4762 0.7565 0.0192 0.6639
Car 0.0000 0 0.0000 -1.0000 -1.0000 -1.0000 -1.0000 1.8844 1.4801 4.4130 -3.3998 8.5903 0.5819 -3.1273 0.6089
Car 0.0000 0 0.0000 -1.0000 -1.0000 -1.0000 -1.0000 2.0641 1.8489 4.7182 29.8304 8.5923 0.8489 -0.0102 0.6031
Car 0.0000 0 0.0000 -1.0000 -1.0000 -1.0000 -1.0000 2.0661 1.7539 4.6591 4.6510 5.7717 0.8172 -3.1339 0.5996
Car 0.0000 0 0.0000 -1.0000 -1.0000 -1.0000 -1.0000 1.9563 1.6404 4.5250 33.7368 11.2369 0.7170 3.1322 0.5839
Car 0.0000 0 0.0000 -1.0000 -1.0000 -1.0000 -1.0000 1.9841 1.4817 4.5790 -6.1213 5.8664 0.6070 0.0054 0.5778
Car 0.0000 0 0.0000 -1.0000 -1.0000 -1.0000 -1.0000 2.0186 1.7226 4.6298 -26.1204 6.3512 0.6486 -3.1310 0.5748
Car 0.0000 0 0.0000 -1.0000 -1.0000 -1.0000 -1.0000 1.9874 1.8010 4.6329 -25.6207 8.7271 0.7006 3.1282 0.5425
Car 0.0000 0 0.0000 -1.0000 -1.0000 -1.0000 -1.0000 1.9332 1.4573 4.5636 -15.5864 11.7673 0.3491 -0.0327 0.5328
Car 0.0000 0 0.0000 -1.0000 -1.0000 -1.0000 -1.0000 2.0058 1.5595 4.7279 -72.8487 -0.4996 0.3890 -3.0810 0.4905
Car 0.0000 0 0.0000 -1.0000 -1.0000 -1.0000 -1.0000 1.9534 1.6500 4.5743 60.8690 7.1493 0.8382 0.0107 0.4729
Car 0.0000 0 0.0000 -1.0000 -1.0000 -1.0000 -1.0000 1.8140 1.4895 4.3997 12.9240 8.7786 0.6464 -0.0107 0.4587
Car 0.0000 0 0.0000 -1.0000 -1.0000 -1.0000 -1.0000 2.0352 1.6836 4.6694 15.4482 0.2526 0.9521 0.0043 0.4170
Car 0.0000 0 0.0000 -1.0000 -1.0000 -1.0000 -1.0000 1.9295 1.5722 4.5117 68.6838 -4.0109 1.0972 0.0063 0.3767
Car 0.0000 0 0.0000 -1.0000 -1.0000 -1.0000 -1.0000 1.8698 1.4649 4.5395 57.6939 10.3703 0.6952 0.0644 0.3741
Truck 0.0000 0 0.0000 -1.0000 -1.0000 -1.0000 -1.0000 2.9593 3.1483 10.5866 -26.1284 12.2536 1.2739 -0.0077 0.7457
Truck 0.0000 0 0.0000 -1.0000 -1.0000 -1.0000 -1.0000 2.9424 2.9865 9.5553 -7.3361 11.9617 1.3146 -3.1182 0.6657
Truck 0.0000 0 0.0000 -1.0000 -1.0000 -1.0000 -1.0000 3.0372 3.8802 12.0436 -79.3659 23.5587 1.8439 -3.1129 0.4699
Cyclist 0.0000 0 0.0000 -1.0000 -1.0000 -1.0000 -1.0000 0.7117 1.3091 1.7206 8.1081 17.5538 0.1948 -0.0730 0.4742
Cyclist 0.0000 0 0.0000 -1.0000 -1.0000 -1.0000 -1.0000 0.6827 1.1795 1.7583 -13.1075 -14.0384 0.8689 1.5110 0.3827
Cyclist 0.0000 0 0.0000 -1.0000 -1.0000 -1.0000 -1.0000 0.6641 1.1518 1.7184 -22.1901 -13.9591 0.8260 1.8009 0.3750
Cyclist 0.0000 0 0.0000 -1.0000 -1.0000 -1.0000 -1.0000 0.7143 1.2815 1.7714 1.5850 -13.7245 1.0199 1.3631 0.3601
Cyclist 0.0000 0 0.0000 -1.0000 -1.0000 -1.0000 -1.0000 0.7679 1.5654 1.7881 -42.8236 31.3162 -0.0962 -1.7177 0.3424
Cyclist 0.0000 0 0.0000 -1.0000 -1.0000 -1.0000 -1.0000 0.6326 1.0884 1.6585 -2.0915 -13.8477 0.8990 1.3824 0.3395
Cyclist 0.0000 0 0.0000 -1.0000 -1.0000 -1.0000 -1.0000 0.7112 1.2715 1.7692 4.1367 -13.6249 0.9928 1.5143 0.3331
Pedestrian 0.0000 0 0.0000 -1.0000 -1.0000 -1.0000 -1.0000 0.6712 1.6044 0.6023 10.2128 21.6840 0.3784 -3.0934 0.4477
Pedestrian 0.0000 0 0.0000 -1.0000 -1.0000 -1.0000 -1.0000 0.6890 1.6494 0.6155 -65.4768 -8.5519 0.4277 -2.9364 0.3987
Pedestrian 0.0000 0 0.0000 -1.0000 -1.0000 -1.0000 -1.0000 0.6893 1.6081 0.6412 6.4366 23.2737 0.3850 3.1344 0.3777
Pedestrian 0.0000 0 0.0000 -1.0000 -1.0000 -1.0000 -1.0000 0.6862 1.5674 0.6745 2.2086 -6.7138 0.8392 -3.1087 0.3725
Pedestrian 0.0000 0 0.0000 -1.0000 -1.0000 -1.0000 -1.0000 0.6892 1.6466 0.6253 -31.6862 -7.9213 0.7451 0.6136 0.3422
Pedestrian 0.0000 0 0.0000 -1.0000 -1.0000 -1.0000 -1.0000 0.6935 1.6762 0.6045 -34.9898 -20.1421 0.9970 -2.8749 0.3151
Pedestrian 0.0000 0 0.0000 -1.0000 -1.0000 -1.0000 -1.0000 0.7121 1.6995 0.6568 -30.0817 -7.8272 0.7697 -2.4619 0.3132
Pedestrian 0.0000 0 0.0000 -1.0000 -1.0000 -1.0000 -1.0000 0.6872 1.6951 0.5956 44.5670 21.9604 0.5091 0.0712 0.3076
