Car 0.0000 0 0.0000 -1.0000 -1.0000 -1.0000 -1.0000 1.9718 1.4331 4.5119 34.7874 -6.9479 0.7706 0.0363 0.8099
Car 0.0000 0 0.0000 -1.0000 -1.0000 -1.0000 -1.0000 2.0515 1.4865 4.6043 -8.9066 -3.4720 0.7430 -3.1103 0.8074
Car 0.0000 0 0.0000 -1.0000 -1.0000 -1.0000 -1.0000 2.0186 1.4953 4.6201 -12.4642 -6.8320 0.7258 -3.1168 0.8065
Car 0.0000 0 0.0000 -1.0000 -1.0000 -1.0000 -1.0000 2.0209 1.7536 4.6318 -19.6484 6.8495 0.8008 -3.1101 0.7228
Car 0.0000 0 0.0000 -1.0000 -1.0000 -1.0000 -1.0000 1.9089 1.4604 4.4087 44.2278 -3.1804 0.7951 0.0349 0.7211
Car 0.0000 0 0.0000 -1.0000 -1.0000 -1.0000 -1.0000 2.0382 1.5620 4.6908 7.3311 14.0347 0.5620 -3.1354 0.6768
Car 0.0000 0 0.0000 -1.0000 -1.0000 -1.0000 -1.0000 1.9936 1.6656 4.6772 -57.9154 9.9453 0.6439 -0.0181 0.6343
Car 0.0000 0 0.0000 -1.0000 -1.0000 -1.0000 -1.0000 1.9523 1.5254 4.5976 62.4762 -6.2258 0.8034 0.0153 0.5907
Car 0.0000 0 0.0000 -1.0000 -1.0000 -1.0000 -1.0000 2.0101 1.4546 4.6303 17.0746 10.0961 0.5656 -0.0028 0.5833
Car 0.0000 0 0.0000 -1.0000 -1.0000 -1.0000 -1.0000 2.0277 1.8218 4.7835 -73.1495 -6.9794 0.8656 0.0014 0.5157
Car 0.0000 0 0.0000 -1.0000 -1.0000 -1.0000 -1.0000 1.8905 1.4712 4.4334 -42.5726 9.4638 0.5395 -3.1356 0.4972
Car 0.0000 0 0.0000 -1.0000 -1.0000 -1.0000 -1.0000 2.0350 1.4808 4.6647 -59.4227 -0.2728 0.7136 -3.1339 0.4047
Car 0.0000 0 0.0000 -1.0000 -1.0000 -1.0000 -1.0000 2.0227 1.7297 4.5987 55.2799 0.1119 0.9300 3.1393 0.3423
