Car 0.0000 0 0.0000 -1.0000 -1.0000 -1.0000 -1.0000 1.9891 1.5127 4.5726 27.7339 6.1694 0.7945 0.0705 0.8056
Car 0.0000 0 0.0000 -1.0000 -1.0000 -1.0000 -1.0000 1.9871 1.4536 4.5663 -12.5908 5.1180 0.5540 3.1411 0.7910
Car 0.0000 0 0.0000 -1.0000 -1.0000 -1.0000 -1.0000 1.9651 1.5152 4.5516 -27.1557 0.2610 0.4922 3.1069 0.7451
Car 0.0000 0 0.0000 -1.0000 -1.0000 -1.0000 -1.0000 1.9024 1.5472 4.4958 -46.7025 6.6962 0.1996 3.0860 0.7244
Car 0.0000 0 0.0000 -1.0000 -1.0000 -1.0000 -1.0000 2.0497 1.5506 4.6480 37.9044 4.5249 0.9279 -3.0514 0.7169
Car 0.0000 0 0.0000 -1.0000 -1.0000 -1.0000 -1.0000 1.9776 1.4502 4.5580 23.1996 0.8488 0.8749 0.0493 0.6849
Car 0.0000 0 0.0000 -1.0000 -1.0000 -1.0000 -1.0000 1.9307 1.5083 4.5048 45.1855 7.9756 0.9041 -2.9501 0.6822
Car 0.0000 0 0.0000 -1.0000 -1.0000 -1.0000 -1.0000 1.8825 1.5303 4.4131 -53.0178 7.1101 0.1235 -0.1362 0.6201
Car 0.0000 0 0.0000 -1.0000 -1.0000 -1.0000 -1.0000 1.9265 1.4761 4.6014 -52.5595 1.3808 0.1509 3.1058 0.5691
Car 0.0000 0 0.0000 -1.0000 -1.0000 -1.0000 -1.0000 2.0064 1.5460 4.7113 -57.8830 4.3792 0.0610 -0.0854 0.5428
Car 0.0000 0 0.0000 -1.0000 -1.0000 -1.0000 -1.0000 1.9983 1.4937 4.6620 -32.5213 6.0327 0.3148 -0.0415 0.4936
Car 0.0000 0 0.0000 -1.0000 -1.0000 -1.0000 -1.0000 1.9076 1.7378 4.4571 58.3971 14.8062 0.7861 -2.9923 0.4477
Car 0.0000 0 0.0000 -1.0000 -1.0000 -1.0000 -1.0000 1.8457 1.5313 4.5330 -73.2127 8.4998 -0.2249 -0.1881 0.3396
Truck 0.0000 0 0.0000 -1.0000 -1.0000 -1.0000 -1.0000 2.9796 3.2231 11.0763 6.4984 10.6489 1.4181 0.0081 0.7857
Truck 0.0000 0 0.0000 -1.0000 -1.0000 -1.0000 -1.0000 2.9553 3.1986 11.8270 -6.0986 10.5833 1.3492 0.0376 0.7418
Truck 0.0000 0 0.0000 -1.0000 -1.0000 -1.0000 -1.0000 2.9586 3.2796 12.2230 -19.7885 10.8919 1.3445 -0.0303 0.6516
Truck 0.0000 0 0.0000 -1.0000 -1.0000 -1.0000 -1.0000 2.9646 3.0989 10.3508 -40.2253 12.2165 0.9135 -0.0180 0.6468
Truck 0.0000 0 0.0000 -1.0000 -1.0000 -1.0000 -1.0000 2.8616 3.1596 9.7761 -54.2861 -3.0172 1.0389 -0.0204 0.3003
Cyclist 0.0000 0 0.0000 -1.0000 -1.0000 -1.0000 -1.0000 0.7923 1.5320 1.7865 -4.8104 -11.7448 0.7953 3.0914 0.6397
Cyclist 0.0000 0 0.0000 -1.0000 -1.0000 -1.0000 -1.0000 0.8215 1.5989 1.7999 -26.2651 -11.1528 0.5660 -0.0521 0.4855
Cyclist 0.0000 0 0.0000 -1.0000 -1.0000 -1.0000 -1.0000 0.7514 1.4893 1.7192 28.1750 11.1928 0.7026 1.0610 0.3189
Pedestrian 0.0000 0 0.0000 -1.0000 -1.0000 -1.0000 -1.0000 0.6798 1.6212 0.5959 29.5902 -0.5594 0.9662 -2.2094 0.3014
