Car 0.0000 0 0.0000 -1.0000 -1.0000 -1.0000 -1.0000 1.9759 1.4397 4.5336 16.7815 -3.0726 0.7894 0.0339 0.8134
Car 0.0000 0 0.0000 -1.0000 -1.0000 -1.0000 -1.0000 2.1396 1.9516 4.7905 -18.6045 -6.6591 0.9736 -0.0255 0.8094
Car 0.0000 0 0.0000 -1.0000 -1.0000 -1.0000 -1.0000 1.9788 1.4856 4.5465 -41.6799 -6.7156 0.6139 -3.1289 0.7665
Car 0.0000 0 0.0000 -1.0000 -1.0000 -1.0000 -1.0000 2.0088 1.5214 4.6296 -9.1974 -6.9386 0.7669 0.0094 0.7467
Car 0.0000 0 0.0000 -1.0000 -1.0000 -1.0000 -1.0000 1.9205 1.4863 4.4693 -14.6929 10.4772 0.3671 -3.1201 0.7314
Car 0.0000 0 0.0000 -1.0000 -1.0000 -1.0000 -1.0000 1.9779 1.5776 4.5724 -26.9073 -6.7886 0.8014 3.1396 0.7292
Car 0.0000 0 0.0000 -1.0000 -1.0000 -1.0000 -1.0000 1.9679 1.5249 4.5729 -33.1642 -7.1789 0.7342 -3.1249 0.7186
Car 0.0000 0 0.0000 -1.0000 -1.0000 -1.0000 -1.0000 1.9901 1.7561 4.5595 -1.6237 -6.7487 0.9262 3.1330 0.7124
Car 0.0000 0 0.0000 -1.0000 -1.0000 -1.0000 -1.0000 2.0193 1.7061 4.6376 18.7921 8.4732 0.6665 -0.0390 0.7097
Car 0.0000 0 0.0000 -1.0000 -1.0000 -1.0000 -1.0000 1.9960 1.5264 4.5768 23.1831 -3.3303 0.8548 -3.1306 0.6809
Car 0.0000 0 0.0000 -1.0000 -1.0000 -1.0000 -1.0000 1.9762 1.4632 4.6026 5.6304 -6.6138 0.8135 0.0044 0.6643
Car 0.0000 0 0.0000 -1.0000 -1.0000 -1.0000 -1.0000 2.0626 1.7942 4.8447 -18.3018 -10.2503 0.8765 -0.0154 0.6391
Car 0.0000 0 0.0000 -1.0000 -1.0000 -1.0000 -1.0000 1.9167 1.4780 4.5187 -50.4356 -7.0314 0.5838 0.0188 0.6362
Car 0.0000 0 0.0000 -1.0000 -1.0000 -1.0000 -1.0000 1.8815 1.5616 4.3968 -60.7024 -7.3860 0.5887 0.0707 0.5603
Car 0.0000 0 0.0000 -1.0000 -1.0000 -1.0000 -1.0000 1.9550 1.5277 4.5522 4.0148 -10.2131 0.8026 0.0099 0.5593
Car 0.0000 0 0.0000 -1.0000 -1.0000 -1.0000 -1.0000 1.9063 1.6188 4.4942 51.0892 5.0615 0.8289 2.1739 0.5385
Car 0.0000 0 0.0000 -1.0000 -1.0000 -1.0000 -1.0000 1.9370 1.5037 4.5371 18.8374 -10.0761 0.7967 0.0125 0.5320
Car 0.0000 0 0.0000 -1.0000 -1.0000 -1.0000 -1.0000 1.9071 1.5212 4.5010 11.1496 -10.2329 0.7739 0.0279 0.5019
Car 0.0000 0 0.0000 -1.0000 -1.0000 -1.0000 -1.0000 2.0096 1.9460 4.7207 -3.2597 -10.6185 0.9753 0.0271 0.4977
Car 0.0000 0 0.0000 -1.0000 -1.0000 -1.0000 -1.0000 2.0000 1.4729 4.5823 -9.4982 -0.2160 0.7543 3.1263 0.4792
Car 0.0000 0 0.0000 -1.0000 -1.0000 -1.0000 -1.0000 2.1092 1.7425 4.8120 10.6911 -0.0614 0.9344 -0.0047 0.4313
Car 0.0000 0 0.0000 -1.0000 -1.0000 -1.0000 -1.0000 1.9136 1.8611 4.4706 54.4794 -4.3263 1.1672 1.8724 0.4132
Truck 0.0000 0 0.0000 -1.0000 -1.0000 -1.0000 -1.0000 2.9324 3.5162 11.9859 20.6273 -6.5976 1.8524 0.0576 0.7336
Truck 0.0000 0 0.0000 -1.0000 -1.0000 -1.0000 -1.0000 2.2946 2.2988 6.0090 -10.1379 -11.0378 1.1983 0.0310 0.5261
Truck 0.0000 0 0.0000 -1.0000 -1.0000 -1.0000 -1.0000 2.3836 2.3397 6.1400 -23.5607 -10.0845 1.1716 -0.0037 0.4262
Cyclist 0.0000 0 0.0000 -1.0000 -1.0000 -1.0000 -1.0000 0.7903 1.5726 1.7769 -1.8239 25.0459 -0.1796 0.0400 0.4228
Pedestrian 0.0000 0 0.0000 -1.0000 -1.0000 -1.0000 -1.0000 0.6891 1.6489 0.6375 33.3060 10.7026 0.5484 -2.7324 0.5771
Pedestrian 0.0000 0 0.0000 -1.0000 -1.0000 -1.0000 -1.0000 0.7266 1.6550 0.7061 -17.4990 29.5979 -0.0470 -0.1224 0.3676
Pedestrian 0.0000 0 0.0000 -1.0000 -1.0000 -1.0000 -1.0000 0.7115 1.6923 0.6769 -18.7104 30.9553 0.0221 -0.0964 0.3024
