Car 0.0000 0 0.0000 -1.0000 -1.0000 -1.0000 -1.0000 1.9213 1.4406 4.5237 -19.5487 -1.1084 0.5821 0.1837 0.8134
Car 0.0000 0 0.0000 -1.0000 -1.0000 -1.0000 -1.0000 1.9596 1.4679 4.5904 -29.2190 8.5101 0.6064 0.2305 0.8072
Car 0.0000 0 0.0000 -1.0000 -1.0000 -1.0000 -1.0000 2.0023 1.4804 4.5897 -32.9845 -5.3964 0.5252 -2.7101 0.7824
Car 0.0000 0 0.0000 -1.0000 -1.0000 -1.0000 -1.0000 2.0039 1.5514 4.5660 10.8042 -0.3161 0.7473 -3.1338 0.7741
Car 0.0000 0 0.0000 -1.0000 -1.0000 -1.0000 -1.0000 1.9497 1.4317 4.5358 -33.9272 2.3471 0.5678 0.2282 0.7728
Car 0.0000 0 0.0000 -1.0000 -1.0000 -1.0000 -1.0000 1.9736 1.4553 4.5505 -4.2862 3.1897 0.7157 -0.0224 0.7237
Car 0.0000 0 0.0000 -1.0000 -1.0000 -1.0000 -1.0000 2.0132 1.6191 4.5473 24.4538 1.4946 0.4694 3.1148 0.7123
Car 0.0000 0 0.0000 -1.0000 -1.0000 -1.0000 -1.0000 1.9797 1.5056 4.5857 2.2070 10.2115 0.6902 3.1282 0.7036
Car 0.0000 0 0.0000 -1.0000 -1.0000 -1.0000 -1.0000 1.9416 1.4859 4.5184 -37.6757 14.8127 0.4843 -2.6582 0.6906
Car 0.0000 0 0.0000 -1.0000 -1.0000 -1.0000 -1.0000 1.9564 1.5271 4.5196 -0.7886 13.6817 0.7226 3.1351 0.6766
Car 0.0000 0 0.0000 -1.0000 -1.0000 -1.0000 -1.0000 2.0841 1.6863 4.6370 -39.1633 -10.3618 0.6230 -2.4695 0.6734
Car 0.0000 0 0.0000 -1.0000 -1.0000 -1.0000 -1.0000 1.9592 1.6413 4.5388 -12.6860 13.7297 0.7127 -3.1267 0.6721
Car 0.0000 0 0.0000 -1.0000 -1.0000 -1.0000 -1.0000 1.9234 1.4220 4.5310 -22.2562 13.7922 0.5810 -3.1142 0.6535
Car 0.0000 0 0.0000 -1.0000 -1.0000 -1.0000 -1.0000 1.9727 1.5581 4.5831 -4.0473 10.3719 0.7414 3.1116 0.6512
Car 0.0000 0 0.0000 -1.0000 -1.0000 -1.0000 -1.0000 1.9306 1.6990 4.5150 -12.9570 10.1707 0.7261 0.0239 0.6392
Car 0.0000 0 0.0000 -1.0000 -1.0000 -1.0000 -1.0000 1.9579 1.5060 4.5830 9.9943 10.6211 0.5709 0.0006 0.6323
Car 0.0000 0 0.0000 -1.0000 -1.0000 -1.0000 -1.0000 2.0605 1.9208 4.7932 -25.9712 -0.4314 0.8231 0.2274 0.6264
Car 0.0000 0 0.0000 -1.0000 -1.0000 -1.0000 -1.0000 1.9735 1.5973 4.5297 8.0246 13.7623 0.6334 -3.1358 0.6191
Car 0.0000 0 0.0000 -1.0000 -1.0000 -1.0000 -1.0000 1.8628 1.5285 4.4453 -37.0112 -2.9733 0.4821 0.3329 0.6040
Car 0.0000 0 0.0000 -1.0000 -1.0000 -1.0000 -1.0000 1.9649 1.5064 4.5785 -42.5120 -6.2106 0.5732 0.5531 0.5397
Car 0.0000 0 0.0000 -1.0000 -1.0000 -1.0000 -1.0000 1.9659 1.8059 4.5784 -20.6031 9.6243 0.8393 0.0064 0.5048
Car 0.0000 0 0.0000 -1.0000 -1.0000 -1.0000 -1.0000 1.9200 1.7435 4.6203 -73.9471 -10.6536 1.3883 1.0520 0.4868
Car 0.0000 0 0.0000 -1.0000 -1.0000 -1.0000 -1.0000 2.0139 1.8816 4.7823 -46.4176 -2.1119 0.8971 0.2702 0.4859
Car 0.0000 0 0.0000 -1.0000 -1.0000 -1.0000 -1.0000 1.8930 1.6045 4.5147 -31.0651 26.3710 0.3106 3.0821 0.4732
Car 0.0000 0 0.0000 -1.0000 -1.0000 -1.0000 -1.0000 1.9585 1.5531 4.5450 -38.5322 7.7857 0.6094 -2.8881 0.4713
Car 0.0000 0 0.0000 -1.0000 -1.0000 -1.0000 -1.0000 2.0196 1.4730 4.6519 -13.7088 1.8433 0.6641 -3.1326 0.4507
Car 0.0000 0 0.0000 -1.0000 -1.0000 -1.0000 -1.0000 1.9181 1.5742 4.5387 16.8311 10.6630 0.5243 3.1322 0.4379
Car 0.0000 0 0.0000 -1.0000 -1.0000 -1.0000 -1.0000 1.9039 1.6149 4.5196 2.9312 17.3938 0.6871 -3.1308 0.4121
Car 0.0000 0 0.0000 -1.0000 -1.0000 -1.0000 -1.0000 1.9042 1.5040 4.5732 -44.8069 -19.4741 0.6848 -1.8191 0.4011
Car 0.0000 0 0.0000 -1.0000 -1.0000 -1.0000 -1.0000 1.9654 1.8253 4.7879 -55.0045 3.3234 1.0026 0.4623 0.3951
Car 0.0000 0 0.0000 -1.0000 -1.0000 -1.0000 -1.0000 1.8799 1.4911 4.3760 -24.0190 3.4531 0.6519 0.1809 0.3745
Car 0.0000 0 0.0000 -1.0000 -1.0000 -1.0000 -1.0000 1.8998 1.6389 4.5573 -68.7848 24.0274 1.2822 -1.3429 0.3589
Car 0.0000 0 0.0000 -1.0000 -1.0000 -1.0000 -1.0000 1.9812 1.7040 4.8381 -65.5683 3.0149 1.1687 -2.5109 0.3550
Truck 0.0000 0 0.0000 -1.0000 -1.0000 -1.0000 -1.0000 3.0540 4.0580 14.4362 -10.5284 17.6424 1.9854 3.1150 0.5897
Truck 0.0000 0 0.0000 -1.0000 -1.0000 -1.0000 -1.0000 2.5235 2.9721 6.1934 -75.0727 0.7126 2.0110 0.6251 0.4173
Truck 0.0000 0 0.0000 -1.0000 -1.0000 -1.0000 -1.0000 2.5300 2.5692 6.5787 -52.9750 -24.8811 1.6256 1.6646 0.3527
Tricar 0.0000 0 0.0000 -1.0000 -1.0000 -1.0000 -1.0000 1.4989 1.8427 3.0927 -33.0208 23.6508 0.4922 -3.0812 0.3798
Tricar 0.0000 0 0.0000 -1.0000 -1.0000 -1.0000 -1.0000 1.3589 1.7146 3.2720 37.5044 3.5277 0.1749 3.1037 0.3081
Cyclist 0.0000 0 0.0000 -1.0000 -1.0000 -1.0000 -1.0000 0.7952 1.5523 1.8054 -2.4224 -6.2764 0.7783 -0.0020 0.5675
Cyclist 0.0000 0 0.0000 -1.0000 -1.0000 -1.0000 -1.0000 0.7258 1.5540 1.6885 -17.6829 -6.0674 0.6305 0.0079 0.5179
Cyclist 0.0000 0 0.0000 -1.0000 -1.0000 -1.0000 -1.0000 0.7576 1.5685 1.7451 17.2915 -7.9063 0.4935 3.1340 0.5160
Cyclist 0.0000 0 0.0000 -1.0000 -1.0000 -1.0000 -1.0000 0.7658 1.4651 1.7989 -27.8557 -11.6313 0.4827 -2.4844 0.4792
Cyclist 0.0000 0 0.0000 -1.0000 -1.0000 -1.0000 -1.0000 0.7224 1.5423 1.6896 3.9300 -7.8823 0.7206 -3.1393 0.4731
