Car 0.0000 0 0.0000 -1.0000 -1.0000 -1.0000 -1.0000 2.0265 1.7083 4.6186 -10.5605 -2.8603 0.8549 3.1245 0.7803
Car 0.0000 0 0.0000 -1.0000 -1.0000 -1.0000 -1.0000 1.9786 1.4682 4.6065 -1.5738 -2.7154 0.7475 -0.0019 0.6305
Car 0.0000 0 0.0000 -1.0000 -1.0000 -1.0000 -1.0000 1.9342 1.4584 4.4345 -7.9722 -0.1956 0.7097 3.0982 0.4907
Car 0.0000 0 0.0000 -1.0000 -1.0000 -1.0000 -1.0000 1.9429 1.5885 4.6522 65.2541 10.6197 0.6292 -3.0773 0.4165
Car 0.0000 0 0.0000 -1.0000 -1.0000 -1.0000 -1.0000 1.8968 1.5607 4.5115 -68.2499 -34.7072 0.6315 3.1014 0.3451
Car 0.0000 0 0.0000 -1.0000 -1.0000 -1.0000 -1.0000 2.0554 1.8525 4.8594 -74.3146 -1.7925 0.7408 2.9668 0.3097
Truck 0.0000 0 0.0000 -1.0000 -1.0000 -1.0000 -1.0000 2.9002 2.9935 10.4858 -3.7891 -6.2239 1.5279 0.0273 0.6882
Truck 0.0000 0 0.0000 -1.0000 -1.0000 -1.0000 -1.0000 2.8381 3.3093 9.1912 75.0694 7.9233 1.7123 0.0840 0.5709
Truck 0.0000 0 0.0000 -1.0000 -1.0000 -1.0000 -1.0000 2.9238 3.2010 11.9529 57.4151 13.7006 1.3207 -3.0965 0.4967
Truck 0.0000 0 0.0000 -1.0000 -1.0000 -1.0000 -1.0000 2.3037 2.2079 5.9894 -35.3704 -3.6052 1.0045 0.0267 0.4730
Truck 0.0000 0 0.0000 -1.0000 -1.0000 -1.0000 -1.0000 2.0590 2.1402 5.3276 55.0465 7.3812 0.9785 3.1215 0.3210
Tricar 0.0000 0 0.0000 -1.0000 -1.0000 -1.0000 -1.0000 1.3578 1.6924 3.1321 66.1860 24.3826 0.0290 0.0541 0.4174
Cyclist 0.0000 0 0.0000 -1.0000 -1.0000 -1.0000 -1.0000 0.7452 1.5258 1.7442 39.5959 -23.5511 0.7863 0.8304 0.5176
Cyclist 0.0000 0 0.0000 -1.0000 -1.0000 -1.0000 -1.0000 0.7735 1.6109 1.7143 45.4430 -17.3477 0.9081 -2.5175 0.4713
