Car 0.0000 0 0.0000 -1.0000 -1.0000 -1.0000 -1.0000 2.0282 1.4453 4.5802 12.1881 0.8112 0.7708 3.1117 0.8669
Car 0.0000 0 0.0000 -1.0000 -1.0000 -1.0000 -1.0000 1.9499 1.6181 4.4847 -2.6434 4.7288 0.8084 3.1347 0.7399
Car 0.0000 0 0.0000 -1.0000 -1.0000 -1.0000 -1.0000 1.9705 1.5033 4.4771 0.3949 -3.4506 0.7313 -3.1196 0.6513
Car 0.0000 0 0.0000 -1.0000 -1.0000 -1.0000 -1.0000 2.0241 1.7728 4.6751 -41.0055 5.0306 0.8902 -0.0080 0.5929
Car 0.0000 0 0.0000 -1.0000 -1.0000 -1.0000 -1.0000 1.9709 1.5803 4.6596 -44.2427 -17.8454 0.8650 -0.0970 0.3977
Car 0.0000 0 0.0000 -1.0000 -1.0000 -1.0000 -1.0000 2.0015 1.7320 4.7106 -43.3562 -11.7479 0.9563 -0.2181 0.3942
Car 0.0000 0 0.0000 -1.0000 -1.0000 -1.0000 -1.0000 1.6592 1.4964 4.0564 20.0132 8.5235 0.6719 3.0969 0.3647
Truck 0.0000 0 0.0000 -1.0000 -1.0000 -1.0000 -1.0000 2.1491 2.0869 5.4888 -19.3710 0.4570 1.0806 3.1358 0.5197
Truck 0.0000 0 0.0000 -1.0000 -1.0000 -1.0000 -1.0000 2.4254 2.4749 6.2905 21.5783 -0.7721 1.2753 0.0333 0.4711
Truck 0.0000 0 0.0000 -1.0000 -1.0000 -1.0000 -1.0000 2.3814 2.3004 6.3010 -26.1854 -20.6883 1.1878 1.5700 0.3098
Tricar 0.0000 0 0.0000 -1.0000 -1.0000 -1.0000 -1.0000 1.2127 1.4400 3.2111 19.8316 8.4538 0.6398 3.1038 0.6026
Tricar 0.0000 0 0.0000 -1.0000 -1.0000 -1.0000 -1.0000 1.3951 1.6970 3.6905 -40.2391 8.9783 0.7990 3.0907 0.5953
Cyclist 0.0000 0 0.0000 -1.0000 -1.0000 -1.0000 -1.0000 0.8567 1.6186 1.8139 47.1013 8.1612 0.7394 -3.1347 0.3455
Cyclist 0.0000 0 0.0000 -1.0000 -1.0000 -1.0000 -1.0000 0.7107 1.5814 1.6667 38.8836 -5.4996 0.7623 -3.0424 0.3308
