Car 0.0000 0 0.0000 -1.0000 -1.0000 -1.0000 -1.0000 2.0502 1.6677 4.6467 22.4288 7.0320 0.8216 3.1399 0.7874
Car 0.0000 0 0.0000 -1.0000 -1.0000 -1.0000 -1.0000 2.0587 1.5230 4.6656 -13.7482 -0.5657 0.7048 -3.1378 0.7449
Car 0.0000 0 0.0000 -1.0000 -1.0000 -1.0000 -1.0000 2.0031 1.7199 4.6037 5.1750 -9.2860 0.8566 -0.0026 0.7248
Car 0.0000 0 0.0000 -1.0000 -1.0000 -1.0000 -1.0000 1.8900 1.5263 4.4670 12.5919 -9.1405 0.7299 0.0720 0.7215
Car 0.0000 0 0.0000 -1.0000 -1.0000 -1.0000 -1.0000 1.9441 1.4977 4.5120 52.3385 3.2394 0.9333 0.0361 0.7142
Car 0.0000 0 0.0000 -1.0000 -1.0000 -1.0000 -1.0000 1.9220 1.5268 4.5135 44.4492 -8.0368 0.8275 0.0596 0.6702
Car 0.0000 0 0.0000 -1.0000 -1.0000 -1.0000 -1.0000 2.0936 1.7787 4.8000 -38.5910 -0.5811 0.7816 -0.0230 0.6466
Car 0.0000 0 0.0000 -1.0000 -1.0000 -1.0000 -1.0000 1.8999 1.4290 4.4753 5.3040 12.7024 0.4302 -3.1221 0.6396
Car 0.0000 0 0.0000 -1.0000 -1.0000 -1.0000 -1.0000 1.9403 1.4649 4.5022 -11.6531 -9.0524 0.5957 -3.1052 0.6318
Car 0.0000 0 0.0000 -1.0000 -1.0000 -1.0000 -1.0000 1.8575 1.4441 4.3501 30.7536 -8.6951 0.8035 -0.0800 0.5107
Car 0.0000 0 0.0000 -1.0000 -1.0000 -1.0000 -1.0000 1.9069 1.6716 4.4808 -3.4527 -6.2814 0.7941 -0.0112 0.4945
Car 0.0000 0 0.0000 -1.0000 -1.0000 -1.0000 -1.0000 1.8991 1.6308 4.5375 -45.4137 -9.0584 0.6996 -3.0937 0.4376
Car 0.0000 0 0.0000 -1.0000 -1.0000 -1.0000 -1.0000 1.8623 1.4760 4.4334 -0.5524 -9.1741 0.7045 -0.0170 0.4326
Car 0.0000 0 0.0000 -1.0000 -1.0000 -1.0000 -1.0000 1.9878 2.0394 4.5490 12.8873 6.9874 0.9207 2.1099 0.4287
Car 0.0000 0 0.0000 -1.0000 -1.0000 -1.0000 -1.0000 1.9378 1.5845 4.5398 60.3254 0.0977 1.0541 0.0219 0.4252
Car 0.0000 0 0.0000 -1.0000 -1.0000 -1.0000 -1.0000 2.4403 2.7040 5.6561 19.9792 3.2760 1.3579 0.0075 0.4133
Car 0.0000 0 0.0000 -1.0000 -1.0000 -1.0000 -1.0000 1.9603 1.6146 4.6698 -62.7207 3.3504 0.4944 0.0191 0.4020
Car 0.0000 0 0.0000 -1.0000 -1.0000 -1.0000 -1.0000 2.0104 1.9609 4.7440 34.5897 3.4772 1.0816 0.0422 0.3918
Car 0.0000 0 0.0000 -1.0000 -1.0000 -1.0000 -1.0000 1.9104 1.6049 4.4881 -15.4434 20.8458 0.4794 -1.6441 0.3776
Car 0.0000 0 0.0000 -1.0000 -1.0000 -1.0000 -1.0000 1.9065 1.4625 4.4772 -16.8873 -9.1843 0.5977 -3.0790 0.3576
Car 0.0000 0 0.0000 -1.0000 -1.0000 -1.0000 -1.0000 1.8411 1.5615 4.4460 16.5155 -16.1077 1.0688 -1.4267 0.3052
Truck 0.0000 0 0.0000 -1.0000 -1.0000 -1.0000 -1.0000 2.9083 3.0567 11.2130 -14.3641 3.8294 1.5023 3.1214 0.5272
Cyclist 0.0000 0 0.0000 -1.0000 -1.0000 -1.0000 -1.0000 0.8249 1.5981 1.7959 -31.5982 -6.7051 0.6588 0.1162 0.5340
Cyclist 0.0000 0 0.0000 -1.0000 -1.0000 -1.0000 -1.0000 0.7398 1.5307 1.6809 -9.2472 -6.6060 0.7071 0.0367 0.4728
Cyclist 0.0000 0 0.0000 -1.0000 -1.0000 -1.0000 -1.0000 0.7086 1.5230 1.6859 56.1103 13.0655 0.5817 3.1099 0.4227
Cyclist 0.0000 0 0.0000 -1.0000 -1.0000 -1.0000 -1.0000 0.7292 1.5570 1.6948 -13.5962 9.9633 0.5139 0.0254 0.4067
Cyclist 0.0000 0 0.0000 -1.0000 -1.0000 -1.0000 -1.0000 0.8394 1.5108 1.8935 -34.0254 3.1583 0.6298 -1.4109 0.3887
Cyclist 0.0000 0 0.0000 -1.0000 -1.0000 -1.0000 -1.0000 0.7147 1.5555 1.6708 -17.5368 -5.8685 0.7395 0.0069 0.3874
Cyclist 0.0000 0 0.0000 -1.0000 -1.0000 -1.0000 -1.0000 0.7216 1.5358 1.6795 -20.5295 -5.6126 0.6514 -3.0725 0.3178
Cyclist 0.0000 0 0.0000 -1.0000 -1.0000 -1.0000 -1.0000 0.7479 1.5127 1.7158 -43.3457 -6.2848 0.6333 0.0012 0.3172
Cyclist 0.0000 0 0.0000 -1.0000 -1.0000 -1.0000 -1.0000 0.8097 1.5813 1.7595 -64.5417 -6.9483 0.5701 3.1374 0.3015
Pedestrian 0.0000 0 0.0000 -1.0000 -1.0000 -1.0000 -1.0000 0.7125 1.6750 0.6692 4.3802 15.7452 0.6885 -3.1138 0.4466
Pedestrian 0.0000 0 0.0000 -1.0000 -1.0000 -1.0000 -1.0000 0.6643 1.6296 0.5630 -16.5894 -12.1401 0.9158 0.1180 0.3541
Pedestrian 0.0000 0 0.0000 -1.0000 -1.0000 -1.0000 -1.0000 0.6925 1.6192 0.6339 20.5533 -8.0577 0.7420 0.0261 0.3364
Pedestrian 0.0000 0 0.0000 -1.0000 -1.0000 -1.0000 -1.0000 0.6894 1.6660 0.5940 36.9010 -12.0829 1.1256 3.1226 0.3040
