Car 0.0000 0 0.0000 -1.0000 -1.0000 -1.0000 -1.0000 2.0018 1.5173 4.5985 -12.2417 2.6766 0.7623 0.0250 0.8209
Car 0.0000 0 0.0000 -1.0000 -1.0000 -1.0000 -1.0000 1.9676 1.5876 4.5933 55.8124 2.8236 0.8911 0.0376 0.6624
Car 0.0000 0 0.0000 -1.0000 -1.0000 -1.0000 -1.0000 1.9375 1.4915 4.5954 22.4532 20.1696 0.9001 -1.5624 0.5946
Car 0.0000 0 0.0000 -1.0000 -1.0000 -1.0000 -1.0000 1.9556 1.5780 4.5890 15.7114 19.8937 0.8758 -1.5821 0.4694
Car 0.0000 0 0.0000 -1.0000 -1.0000 -1.0000 -1.0000 1.8953 1.4947 4.5645 46.9620 -10.5440 0.6938 -1.5594 0.4546
Car 0.0000 0 0.0000 -1.0000 -1.0000 -1.0000 -1.0000 1.9263 1.5667 4.6008 40.4276 -10.2233 0.7079 -1.4980 0.4511
Car 0.0000 0 0.0000 -1.0000 -1.0000 -1.0000 -1.0000 1.9950 1.4857 4.6192 21.1032 -0.2363 0.7885 -3.1169 0.4225
Car 0.0000 0 0.0000 -1.0000 -1.0000 -1.0000 -1.0000 1.9213 1.5628 4.6351 35.2278 -10.6755 0.7381 -1.4908 0.4133
Car 0.0000 0 0.0000 -1.0000 -1.0000 -1.0000 -1.0000 1.9461 1.7989 4.6447 31.1127 -11.2350 0.7958 1.6368 0.3659
Car 0.0000 0 0.0000 -1.0000 -1.0000 -1.0000 -1.0000 1.8698 1.4732 4.4815 45.1056 -10.1996 0.6440 1.5593 0.3583
Car 0.0000 0 0.0000 -1.0000 -1.0000 -1.0000 -1.0000 1.9693 1.8336 4.6908 -9.4008 19.2387 1.1132 -1.5565 0.3357
Car 0.0000 0 0.0000 -1.0000 -1.0000 -1.0000 -1.0000 1.8738 1.4583 4.4592 -0.4447 18.7394 0.7477 1.6279 0.3047
Truck 0.0000 0 0.0000 -1.0000 -1.0000 -1.0000 -1.0000 2.9632 3.2433 12.1082 -47.0724 -1.1840 1.7551 3.0101 0.6377
Truck 0.0000 0 0.0000 -1.0000 -1.0000 -1.0000 -1.0000 1.9746 1.9637 4.9161 -19.4516 7.0496 1.0112 3.1380 0.5058
Truck 0.0000 0 0.0000 -1.0000 -1.0000 -1.0000 -1.0000 2.1613 2.1611 5.5462 -8.7281 6.6525 1.0953 3.1336 0.5039
Truck 0.0000 0 0.0000 -1.0000 -1.0000 -1.0000 -1.0000 2.2484 2.1759 5.7142 -25.4484 -0.7473 1.1008 0.1469 0.4852
Truck 0.0000 0 0.0000 -1.0000 -1.0000 -1.0000 -1.0000 2.9219 3.3573 9.4742 -37.0451 -17.9540 2.0671 1.6443 0.4731
Truck 0.0000 0 0.0000 -1.0000 -1.0000 -1.0000 -1.0000 2.4294 2.5133 6.4586 7.1603 2.6250 1.2828 0.0012 0.4543
Truck 0.0000 0 0.0000 -1.0000 -1.0000 -1.0000 -1.0000 2.1928 2.2837 5.6714 -39.0702 1.7968 1.1886 -3.0769 0.4001
Truck 0.0000 0 0.0000 -1.0000 -1.0000 -1.0000 -1.0000 2.9975 4.0507 11.9229 -35.2794 6.0873 2.1691 0.1087 0.3385
Cyclist 0.0000 0 0.0000 -1.0000 -1.0000 -1.0000 -1.0000 0.7327 1.5479 1.7119 8.0035 -5.5599 0.7159 -3.1238 0.6275
Cyclist 0.0000 0 0.0000 -1.0000 -1.0000 -1.0000 -1.0000 0.7389 1.5187 1.7305 22.0138 -5.6136 0.7395 -3.0831 0.6063
Cyclist 0.0000 0 0.0000 -1.0000 -1.0000 -1.0000 -1.0000 0.7464 1.5767 1.6976 -16.9884 -5.6268 0.7928 3.1277 0.5529
Cyclist 0.0000 0 0.0000 -1.0000 -1.0000 -1.0000 -1.0000 0.6981 1.2503 1.7590 -2.5075 20.0483 0.7854 1.4940 0.3463
