Car 0.0000 0 0.0000 -1.0000 -1.0000 -1.0000 -1.0000 2.1065 1.7039 4.7460 -21.4502 -1.1557 0.8926 -3.1398 0.7858
Car 0.0000 0 0.0000 -1.0000 -1.0000 -1.0000 -1.0000 1.9769 1.7346 4.5275 -21.4117 4.6818 0.8227 -0.0160 0.7240
Car 0.0000 0 0.0000 -1.0000 -1.0000 -1.0000 -1.0000 1.9394 1.4885 4.5529 1.4375 8.4333 0.5243 3.1318 0.7217
Car 0.0000 0 0.0000 -1.0000 -1.0000 -1.0000 -1.0000 1.9720 1.4638 4.5640 14.6531 5.3719 0.6962 -0.0219 0.6802
Car 0.0000 0 0.0000 -1.0000 -1.0000 -1.0000 -1.0000 2.0409 1.9055 4.7039 49.1247 6.4876 0.8898 0.0057 0.6218
Car 0.0000 0 0.0000 -1.0000 -1.0000 -1.0000 -1.0000 2.0458 1.4994 4.6382 35.2151 0.0899 0.7692 -3.0855 0.5719
Car 0.0000 0 0.0000 -1.0000 -1.0000 -1.0000 -1.0000 2.0015 1.5499 4.7065 -55.6085 6.5286 0.6056 -0.0107 0.5389
Car 0.0000 0 0.0000 -1.0000 -1.0000 -1.0000 -1.0000 1.9507 1.5188 4.6254 -66.1630 10.9819 0.5203 -0.1023 0.4319
Car 0.0000 0 0.0000 -1.0000 -1.0000 -1.0000 -1.0000 1.9800 1.6017 4.7437 80.3954 -2.1984 0.8123 3.1214 0.3837
Truck 0.0000 0 0.0000 -1.0000 -1.0000 -1.0000 -1.0000 3.1029 4.1344 19.1607 -6.7605 -4.3423 1.9476 -0.0372 0.5314
Truck 0.0000 0 0.0000 -1.0000 -1.0000 -1.0000 -1.0000 2.3103 2.2273 6.0961 -33.4749 -0.2345 1.1836 -3.1356 0.4585
