Car 0.0000 0 0.0000 -1.0000 -1.0000 -1.0000 -1.0000 2.0042 1.4402 4.5839 -6.4741 -3.0433 0.6923 -3.1262 0.8013
Car 0.0000 0 0.0000 -1.0000 -1.0000 -1.0000 -1.0000 2.0139 1.4934 4.6161 -33.0073 -3.3813 0.4797 3.1290 0.7996
Car 0.0000 0 0.0000 -1.0000 -1.0000 -1.0000 -1.0000 1.9907 1.4235 4.5026 18.3297 -3.2385 0.8917 0.0471 0.7966
Car 0.0000 0 0.0000 -1.0000 -1.0000 -1.0000 -1.0000 1.9413 1.5091 4.4840 15.5161 -6.7035 0.8745 0.0485 0.7615
Car 0.0000 0 0.0000 -1.0000 -1.0000 -1.0000 -1.0000 1.9813 1.8817 4.5763 17.7277 3.5519 1.1490 0.0161 0.6365
Car 0.0000 0 0.0000 -1.0000 -1.0000 -1.0000 -1.0000 1.9128 1.5724 4.5016 -29.9201 3.4759 0.5565 -0.0059 0.5670
Car 0.0000 0 0.0000 -1.0000 -1.0000 -1.0000 -1.0000 2.0505 1.8191 4.6820 10.4617 0.1223 1.0508 -3.1193 0.5483
Car 0.0000 0 0.0000 -1.0000 -1.0000 -1.0000 -1.0000 1.9806 1.4628 4.5794 -16.9685 -0.0099 0.6347 -0.0155 0.4409
Car 0.0000 0 0.0000 -1.0000 -1.0000 -1.0000 -1.0000 1.8754 1.6166 4.4899 -49.1307 2.4977 0.3731 3.1272 0.4302
Car 0.0000 0 0.0000 -1.0000 -1.0000 -1.0000 -1.0000 1.9474 1.7100 4.5722 61.7204 -6.7652 1.1524 2.4642 0.4157
Truck 0.0000 0 0.0000 -1.0000 -1.0000 -1.0000 -1.0000 3.0818 4.1853 16.6737 -6.1824 3.5845 2.0694 0.0110 0.5862
Truck 0.0000 0 0.0000 -1.0000 -1.0000 -1.0000 -1.0000 2.6414 2.5178 7.3327 -20.4079 3.6129 1.1712 -0.0157 0.4541
Truck 0.0000 0 0.0000 -1.0000 -1.0000 -1.0000 -1.0000 2.7401 3.3075 8.9151 27.8766 4.4345 1.9877 0.1474 0.4458
Truck 0.0000 0 0.0000 -1.0000 -1.0000 -1.0000 -1.0000 2.4252 2.7308 6.1726 8.0303 3.9934 1.4289 -3.1165 0.3011
Tricar 0.0000 0 0.0000 -1.0000 -1.0000 -1.0000 -1.0000 1.3620 1.7340 3.1194 35.1467 -11.0914 1.1354 0.4030 0.4268
Cyclist 0.0000 0 0.0000 -1.0000 -1.0000 -1.0000 -1.0000 0.7657 1.5697 1.7581 -39.2064 -15.7084 0.4634 -0.0402 0.6820
Cyclist 0.0000 0 0.0000 -1.0000 -1.0000 -1.0000 -1.0000 0.7232 1.4627 1.7062 29.5495 -13.8104 0.8486 0.1171 0.4212
Cyclist 0.0000 0 0.0000 -1.0000 -1.0000 -1.0000 -1.0000 0.6620 1.1767 1.7075 -16.8605 -18.0870 0.5775 1.5933 0.3934
Pedestrian 0.0000 0 0.0000 -1.0000 -1.0000 -1.0000 -1.0000 0.7095 1.6272 0.6652 -31.1823 -25.0385 0.7051 0.3062 0.3173
