Car 0.0000 0 0.0000 -1.0000 -1.0000 -1.0000 -1.0000 1.9963 1.6513 4.6447 -41.0933 -0.9161 0.9555 0.1334 0.7051
Car 0.0000 0 0.0000 -1.0000 -1.0000 -1.0000 -1.0000 1.9630 1.4758 4.6163 -0.6075 -18.6753 0.9283 -1.5631 0.6905
Car 0.0000 0 0.0000 -1.0000 -1.0000 -1.0000 -1.0000 1.9690 1.4863 4.6016 12.5277 17.9384 0.6296 -1.5077 0.6422
Car 0.0000 0 0.0000 -1.0000 -1.0000 -1.0000 -1.0000 1.9532 1.4923 4.5779 40.5769 -16.9416 0.9766 -1.5226 0.6371
Car 0.0000 0 0.0000 -1.0000 -1.0000 -1.0000 -1.0000 1.9124 1.4326 4.4764 36.0957 0.6696 0.7038 0.1004 0.5580
Car 0.0000 0 0.0000 -1.0000 -1.0000 -1.0000 -1.0000 1.9042 1.5316 4.5494 43.4597 -22.4955 1.0052 1.5883 0.5396
Car 0.0000 0 0.0000 -1.0000 -1.0000 -1.0000 -1.0000 1.8762 1.5272 4.5136 4.8764 -22.2567 1.0450 -1.6141 0.5091
Car 0.0000 0 0.0000 -1.0000 -1.0000 -1.0000 -1.0000 1.8919 1.5203 4.5574 4.8328 -32.3272 1.1097 1.5789 0.4919
Car 0.0000 0 0.0000 -1.0000 -1.0000 -1.0000 -1.0000 1.8901 1.4985 4.5038 42.6022 -32.6497 1.3313 1.6547 0.4766
Car 0.0000 0 0.0000 -1.0000 -1.0000 -1.0000 -1.0000 1.8828 1.5137 4.5527 18.6624 22.0115 0.6774 -1.5445 0.4747
Car 0.0000 0 0.0000 -1.0000 -1.0000 -1.0000 -1.0000 1.8990 1.4661 4.5364 10.4974 -22.5282 0.9975 1.5960 0.4625
Car 0.0000 0 0.0000 -1.0000 -1.0000 -1.0000 -1.0000 1.8821 1.5012 4.4947 50.3173 -32.1880 1.1427 1.5541 0.4124
Car 0.0000 0 0.0000 -1.0000 -1.0000 -1.0000 -1.0000 1.9711 1.8673 4.6791 46.4367 -22.1149 1.2463 1.6126 0.4000
Car 0.0000 0 0.0000 -1.0000 -1.0000 -1.0000 -1.0000 1.9348 1.8463 4.5415 15.5823 22.4393 0.8791 1.6690 0.3942
Car 0.0000 0 0.0000 -1.0000 -1.0000 -1.0000 -1.0000 1.8872 1.5101 4.5151 1.8474 -31.9200 1.1773 1.5365 0.3675
Car 0.0000 0 0.0000 -1.0000 -1.0000 -1.0000 -1.0000 1.9500 1.7212 4.6344 50.2176 -17.6247 1.1002 1.6520 0.3672
Car 0.0000 0 0.0000 -1.0000 -1.0000 -1.0000 -1.0000 1.8694 1.5849 4.5018 6.7621 -22.4047 1.0792 1.5464 0.3618
Car 0.0000 0 0.0000 -1.0000 -1.0000 -1.0000 -1.0000 1.9481 1.7598 4.5976 -66.5420 23.0614 0.5837 -1.3327 0.3575
Car 0.0000 0 0.0000 -1.0000 -1.0000 -1.0000 -1.0000 1.8677 1.6874 4.4809 10.4554 -32.8683 1.1371 1.5359 0.3414
Truck 0.0000 0 0.0000 -1.0000 -1.0000 -1.0000 -1.0000 2.5485 2.8718 6.6424 5.0282 3.8668 1.5120 3.1349 0.3176
Cyclist 0.0000 0 0.0000 -1.0000 -1.0000 -1.0000 -1.0000 0.8321 1.4676 1.9210 40.2924 -3.5779 0.7394 0.1259 0.4365
Cyclist 0.0000 0 0.0000 -1.0000 -1.0000 -1.0000 -1.0000 0.8167 1.5289 1.8532 54.2726 8.6632 0.6756 3.0076 0.4315
Cyclist 0.0000 0 0.0000 -1.0000 -1.0000 -1.0000 -1.0000 0.7433 1.3564 1.7575 -47.1681 -5.0546 0.8591 0.4136 0.3822
Pedestrian 0.0000 0 0.0000 -1.0000 -1.0000 -1.0000 -1.0000 0.7163 1.6491 0.7134 -4.6141 14.0656 0.7999 0.0401 0.5373
