Car 0.0000 0 0.0000 -1.0000 -1.0000 -1.0000 -1.0000 2.0240 1.4595 4.6536 -29.0638 -0.6944 0.7168 0.0167 0.7680
Car 0.0000 0 0.0000 -1.0000 -1.0000 -1.0000 -1.0000 2.0014 1.6667 4.6165 -8.0729 5.2029 0.8508 -0.0062 0.7373
Car 0.0000 0 0.0000 -1.0000 -1.0000 -1.0000 -1.0000 1.9158 1.5689 4.4576 -33.1172 6.9732 0.7887 -3.0993 0.7148
Car 0.0000 0 0.0000 -1.0000 -1.0000 -1.0000 -1.0000 2.0084 1.4443 4.5877 37.6266 5.5667 0.8674 -0.0026 0.5713
Car 0.0000 0 0.0000 -1.0000 -1.0000 -1.0000 -1.0000 2.0652 1.5127 4.7890 -42.2631 3.2881 0.7311 0.0503 0.5057
Car 0.0000 0 0.0000 -1.0000 -1.0000 -1.0000 -1.0000 1.9735 1.7641 4.6578 2.4420 -32.7785 1.2043 1.6135 0.5016
Car 0.0000 0 0.0000 -1.0000 -1.0000 -1.0000 -1.0000 1.9346 1.6820 4.6653 -18.2095 -31.9490 1.0309 1.5932 0.4888
Car 0.0000 0 0.0000 -1.0000 -1.0000 -1.0000 -1.0000 1.9636 1.6443 4.7518 8.3371 -31.4936 1.0766 1.6105 0.4866
Car 0.0000 0 0.0000 -1.0000 -1.0000 -1.0000 -1.0000 1.9083 1.5999 4.6029 -8.2552 -31.4290 0.6363 1.5941 0.4231
Car 0.0000 0 0.0000 -1.0000 -1.0000 -1.0000 -1.0000 1.9199 1.5481 4.6186 -8.2074 -18.2362 0.9275 -1.4267 0.4220
Car 0.0000 0 0.0000 -1.0000 -1.0000 -1.0000 -1.0000 1.8851 1.5695 4.5084 -3.1380 -18.5158 0.9069 1.6077 0.4074
Car 0.0000 0 0.0000 -1.0000 -1.0000 -1.0000 -1.0000 1.9269 1.7029 4.5880 -15.6389 -18.5871 1.1153 1.6443 0.3813
Car 0.0000 0 0.0000 -1.0000 -1.0000 -1.0000 -1.0000 1.9375 1.5879 4.6684 -10.2307 -31.8404 0.6153 1.6217 0.3380
Car 0.0000 0 0.0000 -1.0000 -1.0000 -1.0000 -1.0000 1.9184 1.5371 4.6300 -12.1821 -18.5227 0.9761 1.6063 0.3356
Car 0.0000 0 0.0000 -1.0000 -1.0000 -1.0000 -1.0000 1.9126 1.5979 4.6330 -28.9672 -18.4745 1.0248 -1.4733 0.3120
Car 0.0000 0 0.0000 -1.0000 -1.0000 -1.0000 -1.0000 1.9441 1.5187 4.7261 4.7891 -31.6075 1.0398 1.6275 0.3015
Cyclist 0.0000 0 0.0000 -1.0000 -1.0000 -1.0000 -1.0000 0.7504 1.5416 1.7216 35.9137 -4.1296 0.8695 0.0552 0.6893
Cyclist 0.0000 0 0.0000 -1.0000 -1.0000 -1.0000 -1.0000 0.7553 1.5694 1.7037 51.3802 -4.0559 0.9362 -3.1216 0.4743
Cyclist 0.0000 0 0.0000 -1.0000 -1.0000 -1.0000 -1.0000 0.7306 1.4705 1.7308 -33.5025 13.0042 0.7972 1.6959 0.4642
Cyclist 0.0000 0 0.0000 -1.0000 -1.0000 -1.0000 -1.0000 0.7167 1.4825 1.7088 -28.4269 12.6052 0.7385 -0.1876 0.4528
