Car 0.0000 0 0.0000 -1.0000 -1.0000 -1.0000 -1.0000 2.0364 1.6117 4.7021 -8.6909 -10.1976 0.6974 -0.0097 0.7445
Car 0.0000 0 0.0000 -1.0000 -1.0000 -1.0000 -1.0000 1.9668 1.5325 4.5988 -19.3456 12.0531 0.3998 -0.0109 0.7205
Car 0.0000 0 0.0000 -1.0000 -1.0000 -1.0000 -1.0000 1.9054 1.6106 4.4213 -2.8870 -10.2095 0.7864 -0.0024 0.7002
Car 0.0000 0 0.0000 -1.0000 -1.0000 -1.0000 -1.0000 2.0026 1.4726 4.6058 11.1540 5.2023 0.7046 -0.0385 0.6752
Car 0.0000 0 0.0000 -1.0000 -1.0000 -1.0000 -1.0000 1.9268 1.5153 4.4223 7.4688 -2.9666 0.8412 -0.0377 0.6739
Car 0.0000 0 0.0000 -1.0000 -1.0000 -1.0000 -1.0000 1.9780 1.7366 4.5800 52.5252 -1.2425 0.9828 3.1336 0.6562
Car 0.0000 0 0.0000 -1.0000 -1.0000 -1.0000 -1.0000 1.9871 1.4995 4.5034 -7.9179 11.7193 0.4053 -3.1397 0.6545
Car 0.0000 0 0.0000 -1.0000 -1.0000 -1.0000 -1.0000 1.9948 1.9299 4.6011 4.1510 -10.2648 1.0079 -0.0585 0.6489
Car 0.0000 0 0.0000 -1.0000 -1.0000 -1.0000 -1.0000 2.0049 1.5425 4.5830 -22.6226 -0.1392 0.6489 -0.0042 0.5804
Car 0.0000 0 0.0000 -1.0000 -1.0000 -1.0000 -1.0000 1.8685 1.5866 4.4043 -24.9941 12.0568 0.4414 3.1328 0.4447
Car 0.0000 0 0.0000 -1.0000 -1.0000 -1.0000 -1.0000 1.9357 1.4235 4.5778 -1.7760 11.1052 0.4682 3.1203 0.4175
Car 0.0000 0 0.0000 -1.0000 -1.0000 -1.0000 -1.0000 2.0479 1.7768 4.8621 63.8265 -1.3823 1.3461 3.1341 0.3088
Truck 0.0000 0 0.0000 -1.0000 -1.0000 -1.0000 -1.0000 2.8452 3.2007 10.5275 42.7171 -2.9909 1.7822 3.1260 0.5779
Cyclist 0.0000 0 0.0000 -1.0000 -1.0000 -1.0000 -1.0000 0.8133 1.5834 1.8128 -29.2118 -7.9099 0.5885 -0.0248 0.6773
Cyclist 0.0000 0 0.0000 -1.0000 -1.0000 -1.0000 -1.0000 0.7262 1.5440 1.6934 43.1604 8.9310 0.7958 3.0986 0.4429
Cyclist 0.0000 0 0.0000 -1.0000 -1.0000 -1.0000 -1.0000 0.7151 1.3719 1.7090 41.4943 12.6175 0.6347 3.0868 0.3753
Cyclist 0.0000 0 0.0000 -1.0000 -1.0000 -1.0000 -1.0000 0.7359 1.5597 1.6863 34.5424 -10.4689 0.9673 3.1098 0.3144
Pedestrian 0.0000 0 0.0000 -1.0000 -1.0000 -1.0000 -1.0000 0.6902 1.6775 0.6411 4.3011 13.9426 0.7647 3.1144 0.5149
