Car 0.0000 0 0.0000 -1.0000 -1.0000 -1.0000 -1.0000 1.8532 1.4584 4.5220 6.7383 6.4639 0.6371 3.0071 0.7143
Car 0.0000 0 0.0000 -1.0000 -1.0000 -1.0000 -1.0000 1.8963 1.6381 4.4285 41.1930 -4.7179 0.9538 3.1359 0.6848
Car 0.0000 0 0.0000 -1.0000 -1.0000 -1.0000 -1.0000 1.8503 1.4712 4.4774 12.6156 6.4124 0.6726 0.0240 0.6271
Car 0.0000 0 0.0000 -1.0000 -1.0000 -1.0000 -1.0000 1.9535 1.6126 4.5217 16.4756 -4.2883 0.8664 -3.0942 0.5981
Car 0.0000 0 0.0000 -1.0000 -1.0000 -1.0000 -1.0000 1.9219 1.4251 4.5282 -25.1931 -3.7272 0.6950 -0.0856 0.3456
Car 0.0000 0 0.0000 -1.0000 -1.0000 -1.0000 -1.0000 1.8414 1.6461 4.3614 -71.9239 12.6987 0.3177 -1.2125 0.3298
Car 0.0000 0 0.0000 -1.0000 -1.0000 -1.0000 -1.0000 1.8180 1.6928 4.2752 -5.2801 -8.7350 1.0468 -0.1221 0.3142
Car 0.0000 0 0.0000 -1.0000 -1.0000 -1.0000 -1.0000 1.6288 1.4119 4.0648 -12.1586 -4.7190 0.6393 0.0877 0.3093
Tricar 0.0000 0 0.0000 -1.0000 -1.0000 -1.0000 -1.0000 1.1117 1.1613 2.8891 -12.0737 -4.7886 0.5801 -3.0143 0.5984
Tricar 0.0000 0 0.0000 -1.0000 -1.0000 -1.0000 -1.0000 1.1071 1.5329 2.7787 -36.8902 3.1095 0.6330 -0.0009 0.5203
Tricar 0.0000 0 0.0000 -1.0000 -1.0000 -1.0000 -1.0000 1.1789 1.7557 2.5926 -0.6107 6.8173 0.7126 -0.0981 0.4755
Tricar 0.0000 0 0.0000 -1.0000 -1.0000 -1.0000 -1.0000 1.2836 1.6409 3.0469 -34.0041 -3.4294 0.7855 -3.0957 0.3754
Cyclist 0.0000 0 0.0000 -1.0000 -1.0000 -1.0000 -1.0000 0.7791 1.5407 1.7788 15.9817 4.1082 0.6852 3.1268 0.7020
Cyclist 0.0000 0 0.0000 -1.0000 -1.0000 -1.0000 -1.0000 0.7719 1.4903 1.7872 45.3173 -2.8029 0.8141 3.1173 0.5641
Cyclist 0.0000 0 0.0000 -1.0000 -1.0000 -1.0000 -1.0000 0.6922 1.2265 1.7433 19.4088 6.4217 0.5056 -1.4574 0.5117
Cyclist 0.0000 0 0.0000 -1.0000 -1.0000 -1.0000 -1.0000 0.7232 1.4673 1.7524 2.9577 10.9866 0.6480 1.6985 0.5109
Cyclist 0.0000 0 0.0000 -1.0000 -1.0000 -1.0000 -1.0000 0.7819 1.5436 1.7751 -50.9772 5.3764 0.5839 0.0696 0.4743
Cyclist 0.0000 0 0.0000 -1.0000 -1.0000 -1.0000 -1.0000 0.7373 1.5426 1.7296 -44.7078 1.3113 0.5742 0.0287 0.4647
Cyclist 0.0000 0 0.0000 -1.0000 -1.0000 -1.0000 -1.0000 0.7422 1.5412 1.6903 15.7301 -2.1201 0.8368 -3.0965 0.4465
Cyclist 0.0000 0 0.0000 -1.0000 -1.0000 -1.0000 -1.0000 0.9169 1.6363 1.8959 -41.8066 4.9354 0.6836 0.0002 0.4439
Cyclist 0.0000 0 0.0000 -1.0000 -1.0000 -1.0000 -1.0000 0.7763 1.4782 1.8191 -7.0130 7.0268 0.5802 -1.4333 0.4120
Cyclist 0.0000 0 0.0000 -1.0000 -1.0000 -1.0000 -1.0000 0.6703 1.0538 1.7041 -19.8790 -4.1926 0.6344 1.3322 0.3510
Cyclist 0.0000 0 0.0000 -1.0000 -1.0000 -1.0000 -1.0000 0.6797 1.2927 1.6765 -41.1918 14.0502 0.3072 -0.1240 0.3495
Cyclist 0.0000 0 0.0000 -1.0000 -1.0000 -1.0000 -1.0000 0.7232 1.4089 1.7047 -40.6191 -2.6089 0.5555 -2.7660 0.3461
Cyclist 0.0000 0 0.0000 -1.0000 -1.0000 -1.0000 -1.0000 0.6837 1.1363 1.6957 -12.7233 7.1588 0.4864 1.7445 0.3379
Cyclist 0.0000 0 0.0000 -1.0000 -1.0000 -1.0000 -1.0000 0.7186 1.2716 1.7438 -8.4586 7.0094 0.5282 1.5966 0.3351
Cyclist 0.0000 0 0.0000 -1.0000 -1.0000 -1.0000 -1.0000 0.6839 1.1116 1.6742 35.2025 6.6615 0.4627 -1.3666 0.3263
Cyclist 0.0000 0 0.0000 -1.0000 -1.0000 -1.0000 -1.0000 0.8542 1.6378 1.7954 66.6651 2.0108 0.8885 -3.1211 0.3253
Cyclist 0.0000 0 0.0000 -1.0000 -1.0000 -1.0000 -1.0000 0.6917 1.1428 1.7346 -23.5487 11.6597 0.4700 1.4303 0.3202
Cyclist 0.0000 0 0.0000 -1.0000 -1.0000 -1.0000 -1.0000 0.7450 1.2070 1.7822 -14.7956 6.8468 0.5221 -1.4703 0.3171
Cyclist 0.0000 0 0.0000 -1.0000 -1.0000 -1.0000 -1.0000 0.7638 1.4451 1.7854 46.3262 7.0327 0.7196 -1.1645 0.3065
Cyclist 0.0000 0 0.0000 -1.0000 -1.0000 -1.0000 -1.0000 0.6938 1.4523 1.6773 -42.7247 12.3006 0.4103 3.0306 0.3053
Pedestrian 0.0000 0 0.0000 -1.0000 -1.0000 -1.0000 -1.0000 0.6568 1.6166 0.5664 4.7446 8.7344 0.7381 -1.9618 0.4702
Pedestrian 0.0000 0 0.0000 -1.0000 -1.0000 -1.0000 -1.0000 0.6752 1.6332 0.5930 -4.5555 3.1461 0.6930 0.0041 0.4697
Pedestrian 0.0000 0 0.0000 -1.0000 -1.0000 -1.0000 -1.0000 0.6697 1.5834 0.5997 -27.4424 -6.5716 0.8437 -3.1386 0.4532
Pedestrian 0.0000 0 0.0000 -1.0000 -1.0000 -1.0000 -1.0000 0.6736 1.5822 0.5999 -31.1564 12.9215 0.6402 2.9239 0.3509
Pedestrian 0.0000 0 0.0000 -1.0000 -1.0000 -1.0000 -1.0000 0.6833 1.6700 0.6110 -37.8117 13.8974 0.6025 -0.4371 0.3280
