Car 0.0000 0 0.0000 -1.0000 -1.0000 -1.0000 -1.0000 1.9577 1.4188 4.5167 -25.7717 3.5014 0.6188 -0.0735 0.7783
Car 0.0000 0 0.0000 -1.0000 -1.0000 -1.0000 -1.0000 2.0059 1.6825 4.7193 8.4034 14.7763 0.4302 3.0875 0.7031
Car 0.0000 0 0.0000 -1.0000 -1.0000 -1.0000 -1.0000 2.0287 1.7154 4.5905 11.1511 0.5676 0.9824 2.9842 0.6734
Car 0.0000 0 0.0000 -1.0000 -1.0000 -1.0000 -1.0000 1.9243 1.5394 4.5445 12.3615 11.0293 0.5726 3.0664 0.5616
Car 0.0000 0 0.0000 -1.0000 -1.0000 -1.0000 -1.0000 1.9965 1.8400 4.6683 39.6462 4.0812 1.7168 -0.0485 0.5598
Car 0.0000 0 0.0000 -1.0000 -1.0000 -1.0000 -1.0000 1.9800 1.6314 4.5872 43.6328 9.2999 1.4161 -0.1131 0.5473
Car 0.0000 0 0.0000 -1.0000 -1.0000 -1.0000 -1.0000 2.0459 1.5466 4.7558 -36.8315 1.7543 0.4078 -0.0149 0.4858
Car 0.0000 0 0.0000 -1.0000 -1.0000 -1.0000 -1.0000 1.9578 1.5650 4.6135 -48.1577 10.4131 -0.2269 -3.0812 0.4854
Car 0.0000 0 0.0000 -1.0000 -1.0000 -1.0000 -1.0000 1.9445 1.4982 4.5901 61.5937 15.0299 1.5951 -3.0843 0.4505
Car 0.0000 0 0.0000 -1.0000 -1.0000 -1.0000 -1.0000 1.8499 1.4914 4.4039 -38.6530 14.8928 -0.2194 3.0892 0.4347
Car 0.0000 0 0.0000 -1.0000 -1.0000 -1.0000 -1.0000 1.9220 1.6087 4.5755 68.3744 8.6101 1.9981 3.0745 0.3908
Car 0.0000 0 0.0000 -1.0000 -1.0000 -1.0000 -1.0000 1.8936 1.4691 4.4606 -13.4175 7.4542 0.6591 3.1003 0.3803
Truck 0.0000 0 0.0000 -1.0000 -1.0000 -1.0000 -1.0000 3.0137 3.6259 10.8724 -31.0971 18.0425 1.1514 -0.0479 0.6171
Truck 0.0000 0 0.0000 -1.0000 -1.0000 -1.0000 -1.0000 2.2703 2.2711 6.0788 -18.4190 -0.4597 1.2949 3.0667 0.5070
Truck 0.0000 0 0.0000 -1.0000 -1.0000 -1.0000 -1.0000 2.7324 3.2560 8.7213 45.3153 -1.2736 2.8860 0.0035 0.4879
Truck 0.0000 0 0.0000 -1.0000 -1.0000 -1.0000 -1.0000 2.8567 3.4247 7.3903 11.1621 -3.6191 1.8243 -0.1355 0.3282
