Car 0.0000 0 0.0000 -1.0000 -1.0000 -1.0000 -1.0000 2.0069 1.5220 4.5723 38.9077 6.2895 0.7675 -3.1318 0.7859
Car 0.0000 0 0.0000 -1.0000 -1.0000 -1.0000 -1.0000 2.0178 1.7076 4.5902 35.8232 10.5719 0.7863 -0.0237 0.7749
Car 0.0000 0 0.0000 -1.0000 -1.0000 -1.0000 -1.0000 1.9306 1.4438 4.3842 27.2879 -3.4708 0.7684 0.0661 0.7745
Car 0.0000 0 0.0000 -1.0000 -1.0000 -1.0000 -1.0000 1.9503 1.4030 4.4793 -22.4047 -3.2954 0.6744 0.0013 0.7658
Car 0.0000 0 0.0000 -1.0000 -1.0000 -1.0000 -1.0000 2.0725 1.5853 4.6599 -18.7710 -7.4931 0.8066 -0.0073 0.7551
Car 0.0000 0 0.0000 -1.0000 -1.0000 -1.0000 -1.0000 1.9126 1.7166 4.3577 -5.2907 6.8556 0.7731 -3.1204 0.6333
Car 0.0000 0 0.0000 -1.0000 -1.0000 -1.0000 -1.0000 1.8587 1.4439 4.4104 6.5461 14.0540 0.3867 0.0848 0.6116
Car 0.0000 0 0.0000 -1.0000 -1.0000 -1.0000 -1.0000 1.8844 1.5843 4.3967 -22.0005 6.6410 0.6490 -3.0938 0.5919
Car 0.0000 0 0.0000 -1.0000 -1.0000 -1.0000 -1.0000 1.9644 1.5841 4.7308 -58.2343 6.6505 0.5626 3.1301 0.5817
Car 0.0000 0 0.0000 -1.0000 -1.0000 -1.0000 -1.0000 1.9135 1.4675 4.5363 -37.5604 13.6241 0.3699 -3.1392 0.4604
Car 0.0000 0 0.0000 -1.0000 -1.0000 -1.0000 -1.0000 1.9959 1.5575 4.6607 -76.9864 -3.6403 0.4048 -0.0223 0.3529
Car 0.0000 0 0.0000 -1.0000 -1.0000 -1.0000 -1.0000 1.9975 1.8704 4.6210 72.7998 -0.1193 1.1589 0.0365 0.3510
Car 0.0000 0 0.0000 -1.0000 -1.0000 -1.0000 -1.0000 1.9055 1.8877 4.4680 77.7252 6.1437 1.0387 3.1029 0.3263
Truck 0.0000 0 0.0000 -1.0000 -1.0000 -1.0000 -1.0000 2.5733 2.8407 6.8421 7.2498 10.0086 1.3024 0.0263 0.5237
