Car 0.0000 0 0.0000 -1.0000 -1.0000 -1.0000 -1.0000 2.0254 1.4811 4.5823 12.1136 4.0190 0.6961 -0.0000 0.7893
Car 0.0000 0 0.0000 -1.0000 -1.0000 -1.0000 -1.0000 1.9846 1.4660 4.5658 35.6896 3.4930 0.7594 3.1122 0.7755
Car 0.0000 0 0.0000 -1.0000 -1.0000 -1.0000 -1.0000 1.9196 1.4133 4.4471 -16.6162 -9.9318 0.7768 -0.0074 0.7674
Car 0.0000 0 0.0000 -1.0000 -1.0000 -1.0000 -1.0000 1.9212 1.4274 4.5445 6.9971 13.8736 0.5788 3.0899 0.7293
Car 0.0000 0 0.0000 -1.0000 -1.0000 -1.0000 -1.0000 1.9795 1.7143 4.4857 3.5220 -9.2219 0.9571 -0.1408 0.7255
Car 0.0000 0 0.0000 -1.0000 -1.0000 -1.0000 -1.0000 1.9341 1.3985 4.5684 -10.8424 -9.8125 0.7906 0.0726 0.6825
Car 0.0000 0 0.0000 -1.0000 -1.0000 -1.0000 -1.0000 1.9499 1.7176 4.5626 -27.1727 12.9403 0.6577 -3.0964 0.6808
Car 0.0000 0 0.0000 -1.0000 -1.0000 -1.0000 -1.0000 1.9118 1.5218 4.5222 37.6101 12.6296 0.6815 3.1061 0.6488
Car 0.0000 0 0.0000 -1.0000 -1.0000 -1.0000 -1.0000 1.9057 1.4564 4.4717 -28.9199 -10.1880 0.7627 0.0205 0.6412
Car 0.0000 0 0.0000 -1.0000 -1.0000 -1.0000 -1.0000 1.9222 1.4056 4.5666 12.6016 13.4223 0.5931 3.1316 0.6317
Car 0.0000 0 0.0000 -1.0000 -1.0000 -1.0000 -1.0000 1.9061 1.7153 4.4652 33.2792 -10.0748 0.9906 -0.0169 0.6307
Car 0.0000 0 0.0000 -1.0000 -1.0000 -1.0000 -1.0000 1.9222 1.4788 4.4935 27.0775 -10.0234 0.8244 -0.0677 0.6068
Car 0.0000 0 0.0000 -1.0000 -1.0000 -1.0000 -1.0000 1.8781 1.4021 4.3749 -22.8003 -10.0865 0.7426 -3.1008 0.5899
Car 0.0000 0 0.0000 -1.0000 -1.0000 -1.0000 -1.0000 1.8730 1.4425 4.4381 8.8593 -9.9024 0.8567 -0.1679 0.5817
Car 0.0000 0 0.0000 -1.0000 -1.0000 -1.0000 -1.0000 1.9025 1.4736 4.5125 -1.2688 13.4433 0.5226 3.1188 0.5786
Car 0.0000 0 0.0000 -1.0000 -1.0000 -1.0000 -1.0000 1.9185 1.4229 4.4885 -34.7275 12.5079 0.3709 -3.1100 0.5663
Car 0.0000 0 0.0000 -1.0000 -1.0000 -1.0000 -1.0000 1.8542 1.4225 4.4106 -46.8857 12.1142 0.4100 -3.0777 0.5523
Car 0.0000 0 0.0000 -1.0000 -1.0000 -1.0000 -1.0000 1.9164 1.5108 4.5148 -4.9777 -11.1674 0.8918 1.6081 0.5516
Car 0.0000 0 0.0000 -1.0000 -1.0000 -1.0000 -1.0000 1.9050 1.5291 4.5120 32.1379 13.0445 0.7047 -0.0153 0.5387
Car 0.0000 0 0.0000 -1.0000 -1.0000 -1.0000 -1.0000 1.7958 1.4197 4.2623 -39.6938 -10.7782 0.7936 -0.0011 0.5369
Car 0.0000 0 0.0000 -1.0000 -1.0000 -1.0000 -1.0000 1.8680 1.3987 4.4743 21.4819 13.5172 0.6445 3.1314 0.5145
Car 0.0000 0 0.0000 -1.0000 -1.0000 -1.0000 -1.0000 1.8921 1.5115 4.4787 44.2593 12.4104 0.6724 0.0050 0.4860
Car 0.0000 0 0.0000 -1.0000 -1.0000 -1.0000 -1.0000 1.8834 1.5081 4.4397 20.4181 -9.9774 0.9292 -3.1354 0.4601
Car 0.0000 0 0.0000 -1.0000 -1.0000 -1.0000 -1.0000 1.8373 1.6914 4.3364 -46.3829 -10.9286 0.8960 -3.0962 0.4583
Car 0.0000 0 0.0000 -1.0000 -1.0000 -1.0000 -1.0000 1.8465 1.4242 4.4081 26.9035 13.1233 0.6593 3.0654 0.4288
Car 0.0000 0 0.0000 -1.0000 -1.0000 -1.0000 -1.0000 1.8548 1.6241 4.4821 52.5373 12.1265 0.7834 3.1315 0.4254
Car 0.0000 0 0.0000 -1.0000 -1.0000 -1.0000 -1.0000 1.8745 1.5210 4.4445 -13.7551 28.7725 0.2340 -1.4017 0.4016
Car 0.0000 0 0.0000 -1.0000 -1.0000 -1.0000 -1.0000 1.9128 1.7078 4.5236 -1.5615 -11.5333 0.9975 1.4760 0.4011
Car 0.0000 0 0.0000 -1.0000 -1.0000 -1.0000 -1.0000 1.8597 1.6181 4.4825 -70.0949 10.5594 0.3826 -3.0527 0.3628
Car 0.0000 0 0.0000 -1.0000 -1.0000 -1.0000 -1.0000 1.9328 1.5135 4.6051 -58.2619 -12.0628 0.7918 -3.0609 0.3484
Car 0.0000 0 0.0000 -1.0000 -1.0000 -1.0000 -1.0000 1.8395 1.5238 4.4643 13.6901 -9.8172 0.8958 -0.1001 0.3141
Car 0.0000 0 0.0000 -1.0000 -1.0000 -1.0000 -1.0000 1.8813 1.5685 4.5209 -9.9621 -16.8176 1.2269 -1.6079 0.3029
Cyclist 0.0000 0 0.0000 -1.0000 -1.0000 -1.0000 -1.0000 0.7781 1.5439 1.7846 6.9911 7.9335 0.6481 3.1413 0.7033
Cyclist 0.0000 0 0.0000 -1.0000 -1.0000 -1.0000 -1.0000 0.7338 1.5231 1.7006 43.1579 -4.1172 0.7914 3.0867 0.6488
Cyclist 0.0000 0 0.0000 -1.0000 -1.0000 -1.0000 -1.0000 0.7291 1.5477 1.6918 -17.7656 -3.2596 0.7952 -0.0102 0.5732
Cyclist 0.0000 0 0.0000 -1.0000 -1.0000 -1.0000 -1.0000 0.7298 1.5294 1.6973 -12.1017 12.4172 0.5037 -0.1211 0.5693
Cyclist 0.0000 0 0.0000 -1.0000 -1.0000 -1.0000 -1.0000 0.7119 1.5337 1.6697 -56.7816 -5.5541 0.7000 0.0006 0.5191
Cyclist 0.0000 0 0.0000 -1.0000 -1.0000 -1.0000 -1.0000 0.7804 1.5675 1.7368 54.0031 -4.4042 0.8795 3.1087 0.4684
Cyclist 0.0000 0 0.0000 -1.0000 -1.0000 -1.0000 -1.0000 0.6810 1.2643 1.6658 -16.9165 14.5053 0.3245 3.1337 0.3519
Cyclist 0.0000 0 0.0000 -1.0000 -1.0000 -1.0000 -1.0000 0.7189 1.5095 1.6859 -56.9802 -10.2457 0.7438 -3.1302 0.3451
Cyclist 0.0000 0 0.0000 -1.0000 -1.0000 -1.0000 -1.0000 0.6568 1.1559 1.6470 -40.4609 12.5752 0.1836 -2.3413 0.3119
Pedestrian 0.0000 0 0.0000 -1.0000 -1.0000 -1.0000 -1.0000 0.6991 1.5886 0.6933 -12.8512 14.8248 0.5278 3.0770 0.4121
