Car 0.0000 0 0.0000 -1.0000 -1.0000 -1.0000 -1.0000 1.9966 1.5327 4.6192 -52.4759 -3.1364 1.2056 -0.1024 0.7927
Car 0.0000 0 0.0000 -1.0000 -1.0000 -1.0000 -1.0000 1.9744 1.5913 4.4700 -45.4758 4.2634 1.1824 2.8160 0.7663
Car 0.0000 0 0.0000 -1.0000 -1.0000 -1.0000 -1.0000 2.1643 1.8054 4.9016 13.5226 -0.7729 1.0370 -0.6399 0.6773
Car 0.0000 0 0.0000 -1.0000 -1.0000 -1.0000 -1.0000 1.8286 1.4278 4.3986 -36.7291 12.1013 0.8662 0.0667 0.6530
Car 0.0000 0 0.0000 -1.0000 -1.0000 -1.0000 -1.0000 1.9896 1.5662 4.5807 3.9912 6.0507 0.7346 2.8034 0.6088
Car 0.0000 0 0.0000 -1.0000 -1.0000 -1.0000 -1.0000 1.9367 1.5349 4.5777 68.2490 34.6489 -0.2284 -3.1115 0.5850
Car 0.0000 0 0.0000 -1.0000 -1.0000 -1.0000 -1.0000 1.9087 1.5816 4.5600 29.8281 -37.7079 2.0325 1.4180 0.5294
Car 0.0000 0 0.0000 -1.0000 -1.0000 -1.0000 -1.0000 1.8719 1.4139 4.4084 -28.5379 11.9812 0.7554 0.0266 0.5096
Car 0.0000 0 0.0000 -1.0000 -1.0000 -1.0000 -1.0000 1.9049 1.4832 4.5101 71.7661 28.4875 -0.0219 -1.7855 0.4885
Car 0.0000 0 0.0000 -1.0000 -1.0000 -1.0000 -1.0000 1.9130 1.4918 4.4992 -63.2541 11.9469 1.1741 -0.0208 0.4409
Car 0.0000 0 0.0000 -1.0000 -1.0000 -1.0000 -1.0000 1.8999 1.5034 4.5565 -36.5658 -14.3556 1.3291 -1.7101 0.3875
Car 0.0000 0 0.0000 -1.0000 -1.0000 -1.0000 -1.0000 1.9221 1.5469 4.6146 79.0203 27.7435 0.0098 1.4032 0.3814
Car 0.0000 0 0.0000 -1.0000 -1.0000 -1.0000 -1.0000 1.9264 1.5005 4.5765 -57.4557 11.5422 1.1513 -0.0139 0.3791
Car 0.0000 0 0.0000 -1.0000 -1.0000 -1.0000 -1.0000 1.9497 1.6373 4.6613 74.8014 41.6109 -0.0651 -2.0324 0.3125
Car 0.0000 0 0.0000 -1.0000 -1.0000 -1.0000 -1.0000 1.8983 1.6966 4.4434 69.2080 29.7952 0.0462 -1.7159 0.3071
Cyclist 0.0000 0 0.0000 -1.0000 -1.0000 -1.0000 -1.0000 0.6967 1.2420 1.7295 -14.5843 16.3333 0.4360 1.6231 0.4485
Cyclist 0.0000 0 0.0000 -1.0000 -1.0000 -1.0000 -1.0000 0.7308 1.3427 1.7422 -17.4260 13.7304 0.5320 -0.4011 0.4441
Cyclist 0.0000 0 0.0000 -1.0000 -1.0000 -1.0000 -1.0000 0.6732 1.1970 1.7420 -12.8568 16.1645 0.4268 1.5986 0.3728
Cyclist 0.0000 0 0.0000 -1.0000 -1.0000 -1.0000 -1.0000 0.6843 1.1707 1.6783 -15.4679 16.3940 0.4761 -1.6377 0.3684
Cyclist 0.0000 0 0.0000 -1.0000 -1.0000 -1.0000 -1.0000 0.7061 1.5224 1.6729 -38.0517 20.5671 0.8868 -3.1262 0.3171
Pedestrian 0.0000 0 0.0000 -1.0000 -1.0000 -1.0000 -1.0000 0.7066 1.7029 0.6599 3.3300 17.9661 0.5686 -0.7501 0.4538
