Car 0.0000 0 0.0000 -1.0000 -1.0000 -1.0000 -1.0000 2.0008 1.4628 4.5212 -16.7786 -6.9504 0.7326 -0.0196 0.8558
Car 0.0000 0 0.0000 -1.0000 -1.0000 -1.0000 -1.0000 2.0353 1.7526 4.7148 -4.9875 -6.8655 0.8701 -0.0044 0.8067
Car 0.0000 0 0.0000 -1.0000 -1.0000 -1.0000 -1.0000 2.0666 1.6886 4.6681 26.0192 2.1012 0.8997 -0.0157 0.7587
Car 0.0000 0 0.0000 -1.0000 -1.0000 -1.0000 -1.0000 1.9080 1.4727 4.4584 -10.9109 -7.0788 0.7212 3.0883 0.7570
Car 0.0000 0 0.0000 -1.0000 -1.0000 -1.0000 -1.0000 2.0739 1.6602 4.6755 -24.2429 2.0133 0.6967 -3.1328 0.7109
Car 0.0000 0 0.0000 -1.0000 -1.0000 -1.0000 -1.0000 1.9664 1.4457 4.5511 0.5148 -7.1068 0.7531 -3.1389 0.7104
Car 0.0000 0 0.0000 -1.0000 -1.0000 -1.0000 -1.0000 1.9832 1.5491 4.5304 9.8389 5.3142 0.7149 -0.0015 0.7085
Car 0.0000 0 0.0000 -1.0000 -1.0000 -1.0000 -1.0000 1.9534 1.5139 4.5717 38.6601 12.2212 0.4328 0.0445 0.6812
Car 0.0000 0 0.0000 -1.0000 -1.0000 -1.0000 -1.0000 1.8839 1.4216 4.4716 -35.4062 5.3921 0.4170 3.1167 0.6760
Car 0.0000 0 0.0000 -1.0000 -1.0000 -1.0000 -1.0000 1.9501 1.4883 4.5357 -2.2150 5.4517 0.6735 3.1275 0.6305
Car 0.0000 0 0.0000 -1.0000 -1.0000 -1.0000 -1.0000 1.8984 1.4600 4.5147 -46.5254 -7.0384 0.5773 -0.0163 0.6243
Car 0.0000 0 0.0000 -1.0000 -1.0000 -1.0000 -1.0000 1.9594 1.7032 4.5510 -15.4629 5.1915 0.7250 -3.1347 0.6152
Car 0.0000 0 0.0000 -1.0000 -1.0000 -1.0000 -1.0000 1.9525 1.7829 4.5524 -34.8667 -7.3142 0.8460 -3.1376 0.6117
Car 0.0000 0 0.0000 -1.0000 -1.0000 -1.0000 -1.0000 1.9106 1.5944 4.4150 6.0513 -7.3028 0.8470 -0.0014 0.6030
Car 0.0000 0 0.0000 -1.0000 -1.0000 -1.0000 -1.0000 1.9623 1.6541 4.6089 -40.4421 -7.2497 0.7104 -3.1338 0.5964
Car 0.0000 0 0.0000 -1.0000 -1.0000 -1.0000 -1.0000 1.8942 1.5793 4.4701 -30.0475 -6.9697 0.7418 -0.0245 0.5881
Car 0.0000 0 0.0000 -1.0000 -1.0000 -1.0000 -1.0000 2.0599 1.6957 4.7220 -41.6061 2.0834 0.6090 -0.0074 0.5859
Car 0.0000 0 0.0000 -1.0000 -1.0000 -1.0000 -1.0000 1.9203 1.6965 4.4211 21.9013 -7.2671 0.9942 -3.1219 0.5787
Car 0.0000 0 0.0000 -1.0000 -1.0000 -1.0000 -1.0000 1.8929 1.6328 4.4766 -65.3414 8.5405 0.4635 3.1224 0.5527
Car 0.0000 0 0.0000 -1.0000 -1.0000 -1.0000 -1.0000 1.9234 1.5374 4.4338 12.6173 -7.2330 0.8601 -0.0078 0.5469
Car 0.0000 0 0.0000 -1.0000 -1.0000 -1.0000 -1.0000 1.8945 1.7745 4.4358 55.8024 -7.2148 1.1280 3.1271 0.5418
Car 0.0000 0 0.0000 -1.0000 -1.0000 -1.0000 -1.0000 2.0315 1.7448 4.7497 -51.8207 -6.9949 0.8031 -0.0289 0.5376
Car 0.0000 0 0.0000 -1.0000 -1.0000 -1.0000 -1.0000 1.9361 1.4972 4.5554 62.3552 1.7171 0.8412 0.0094 0.4839
Car 0.0000 0 0.0000 -1.0000 -1.0000 -1.0000 -1.0000 2.0559 1.5412 4.7229 -24.9830 -7.2870 0.7390 -0.0103 0.4504
Car 0.0000 0 0.0000 -1.0000 -1.0000 -1.0000 -1.0000 1.8778 1.4922 4.4800 49.0687 -7.1285 0.9069 0.0052 0.4390
Car 0.0000 0 0.0000 -1.0000 -1.0000 -1.0000 -1.0000 1.8944 1.5855 4.5042 78.7126 1.4814 0.9892 0.1082 0.4068
Car 0.0000 0 0.0000 -1.0000 -1.0000 -1.0000 -1.0000 1.8709 1.8515 4.4412 8.3212 21.5744 0.5115 -3.1303 0.3917
Car 0.0000 0 0.0000 -1.0000 -1.0000 -1.0000 -1.0000 1.9073 1.5152 4.5370 -59.5039 -6.5324 0.5120 -0.0254 0.3901
Car 0.0000 0 0.0000 -1.0000 -1.0000 -1.0000 -1.0000 1.8741 1.4697 4.4720 17.0331 -7.3113 0.8537 -3.1399 0.3444
Cyclist 0.0000 0 0.0000 -1.0000 -1.0000 -1.0000 -1.0000 0.7311 1.4960 1.7787 33.6318 6.2039 0.7094 1.5991 0.5072
Cyclist 0.0000 0 0.0000 -1.0000 -1.0000 -1.0000 -1.0000 0.7361 1.5265 1.7097 19.9741 12.2415 0.4739 3.1402 0.4557
Pedestrian 0.0000 0 0.0000 -1.0000 -1.0000 -1.0000 -1.0000 0.6808 1.6262 0.6261 -10.0993 20.1950 0.2973 -3.1142 0.5084
Pedestrian 0.0000 0 0.0000 -1.0000 -1.0000 -1.0000 -1.0000 0.7133 1.7071 0.6735 -18.6081 -10.6619 1.0597 0.0016 0.4392
Pedestrian 0.0000 0 0.0000 -1.0000 -1.0000 -1.0000 -1.0000 0.6993 1.6372 0.6667 47.2903 17.8347 0.6397 -3.1356 0.4195
Pedestrian 0.0000 0 0.0000 -1.0000 -1.0000 -1.0000 -1.0000 0.7046 1.7075 0.6127 33.5450 -2.2771 0.9753 3.0918 0.3621
Pedestrian 0.0000 0 0.0000 -1.0000 -1.0000 -1.0000 -1.0000 0.7055 1.6665 0.6553 54.2050 19.5594 0.5948 3.1325 0.3603
Pedestrian 0.0000 0 0.0000 -1.0000 -1.0000 -1.0000 -1.0000 0.6828 1.6402 0.6389 -9.1576 18.2072 0.3484 0.9179 0.3581
Pedestrian 0.0000 0 0.0000 -1.0000 -1.0000 -1.0000 -1.0000 0.6662 1.6340 0.5700 -14.7374 -14.4781 1.1840 0.1881 0.3161
