Car 0.0000 0 0.0000 -1.0000 -1.0000 -1.0000 -1.0000 1.9171 1.5658 4.4313 -16.5171 3.1204 0.7261 3.1267 0.8120
Car 0.0000 0 0.0000 -1.0000 -1.0000 -1.0000 -1.0000 1.9847 1.5709 4.4751 5.3005 -0.8306 0.8886 -3.1387 0.7988
Car 0.0000 0 0.0000 -1.0000 -1.0000 -1.0000 -1.0000 1.8902 1.4314 4.4338 3.4258 2.6453 0.7847 3.1136 0.7569
Car 0.0000 0 0.0000 -1.0000 -1.0000 -1.0000 -1.0000 1.8544 1.4364 4.4372 -3.0574 3.0721 0.7417 3.1263 0.7431
Car 0.0000 0 0.0000 -1.0000 -1.0000 -1.0000 -1.0000 1.9719 1.5368 4.6573 -23.0626 2.8233 0.7589 3.1405 0.6590
Car 0.0000 0 0.0000 -1.0000 -1.0000 -1.0000 -1.0000 1.9197 1.4538 4.5078 11.1803 2.8219 0.8323 3.0960 0.6540
Car 0.0000 0 0.0000 -1.0000 -1.0000 -1.0000 -1.0000 1.9117 1.4969 4.5534 -29.5071 2.6344 0.7655 3.1343 0.6224
Car 0.0000 0 0.0000 -1.0000 -1.0000 -1.0000 -1.0000 1.9272 1.4828 4.5381 31.6073 3.2833 1.0944 -3.0789 0.6103
Car 0.0000 0 0.0000 -1.0000 -1.0000 -1.0000 -1.0000 1.9372 1.7183 4.4756 -42.7956 3.0883 0.9335 -0.0082 0.5920
Car 0.0000 0 0.0000 -1.0000 -1.0000 -1.0000 -1.0000 1.8874 1.4989 4.5058 25.8340 2.9476 0.9568 0.0393 0.5622
Car 0.0000 0 0.0000 -1.0000 -1.0000 -1.0000 -1.0000 1.9740 1.4599 4.6605 -9.7278 2.9156 0.6670 3.1307 0.5580
Car 0.0000 0 0.0000 -1.0000 -1.0000 -1.0000 -1.0000 1.9225 1.5342 4.4961 13.8475 -0.2695 0.8912 3.1372 0.5388
Car 0.0000 0 0.0000 -1.0000 -1.0000 -1.0000 -1.0000 1.9192 1.4528 4.4836 -18.9079 -0.2638 0.6573 -3.1414 0.5241
Car 0.0000 0 0.0000 -1.0000 -1.0000 -1.0000 -1.0000 2.1800 2.3987 5.0304 18.8508 3.2872 1.4277 3.1207 0.4697
Car 0.0000 0 0.0000 -1.0000 -1.0000 -1.0000 -1.0000 1.9564 1.7269 4.5218 -31.1486 -0.4415 0.9317 -3.1150 0.4610
Car 0.0000 0 0.0000 -1.0000 -1.0000 -1.0000 -1.0000 1.9082 1.4591 4.5305 29.3486 -0.1249 0.9946 -3.1238 0.4070
Car 0.0000 0 0.0000 -1.0000 -1.0000 -1.0000 -1.0000 2.0081 1.4685 4.6374 -9.3839 0.2072 0.7108 0.0110 0.3743
Car 0.0000 0 0.0000 -1.0000 -1.0000 -1.0000 -1.0000 1.9469 1.5837 4.5794 -4.2855 17.0589 0.7224 -0.0118 0.3521
Truck 0.0000 0 0.0000 -1.0000 -1.0000 -1.0000 -1.0000 2.9597 3.0417 9.6471 -61.1204 -0.3603 1.7052 -0.0065 0.6310
Truck 0.0000 0 0.0000 -1.0000 -1.0000 -1.0000 -1.0000 2.0738 2.1645 5.1493 51.7527 2.8572 1.6405 0.0783 0.3053
Cyclist 0.0000 0 0.0000 -1.0000 -1.0000 -1.0000 -1.0000 0.7624 1.5466 1.7414 -22.0756 -7.2040 0.6719 3.1382 0.6588
Cyclist 0.0000 0 0.0000 -1.0000 -1.0000 -1.0000 -1.0000 0.7413 1.5835 1.6836 -51.3079 -7.4672 0.7339 -3.1155 0.3252
