Car 0.0000 0 0.0000 -1.0000 -1.0000 -1.0000 -1.0000 2.0337 1.4651 4.5649 -10.4531 -2.9087 0.6757 -0.0835 0.8563
Car 0.0000 0 0.0000 -1.0000 -1.0000 -1.0000 -1.0000 2.0442 1.8689 4.6948 -21.6381 8.5684 0.8279 -3.1372 0.7366
Car 0.0000 0 0.0000 -1.0000 -1.0000 -1.0000 -1.0000 1.9928 1.6510 4.6142 22.4273 10.1830 0.8077 3.1149 0.7090
Car 0.0000 0 0.0000 -1.0000 -1.0000 -1.0000 -1.0000 1.9641 1.6781 4.6430 4.7231 31.1606 0.4513 -1.5318 0.6827
Car 0.0000 0 0.0000 -1.0000 -1.0000 -1.0000 -1.0000 1.9797 1.7313 4.5707 -21.6917 29.0846 0.8687 -3.1200 0.6765
Car 0.0000 0 0.0000 -1.0000 -1.0000 -1.0000 -1.0000 1.9851 1.4880 4.5710 7.7831 2.4024 0.7449 3.0874 0.6745
Car 0.0000 0 0.0000 -1.0000 -1.0000 -1.0000 -1.0000 1.9680 1.4714 4.5648 8.0940 5.4483 0.7400 3.1026 0.6569
Car 0.0000 0 0.0000 -1.0000 -1.0000 -1.0000 -1.0000 1.9687 1.4673 4.5464 25.1463 -0.4501 0.7805 3.1027 0.6486
Car 0.0000 0 0.0000 -1.0000 -1.0000 -1.0000 -1.0000 1.9033 1.4971 4.4851 17.4747 -0.8470 0.7694 3.0317 0.6403
Car 0.0000 0 0.0000 -1.0000 -1.0000 -1.0000 -1.0000 1.9275 1.4333 4.5379 -48.2899 -1.7006 0.5486 -0.1023 0.6388
Car 0.0000 0 0.0000 -1.0000 -1.0000 -1.0000 -1.0000 1.9085 1.4835 4.5004 -17.0236 29.4897 0.7447 -1.7471 0.6252
Car 0.0000 0 0.0000 -1.0000 -1.0000 -1.0000 -1.0000 1.9555 1.5266 4.6272 -15.9390 -13.8745 0.8865 -1.7621 0.6170
Car 0.0000 0 0.0000 -1.0000 -1.0000 -1.0000 -1.0000 2.0196 1.6498 4.6633 -10.7426 -17.5884 0.9545 -2.5856 0.5886
Car 0.0000 0 0.0000 -1.0000 -1.0000 -1.0000 -1.0000 1.8976 1.4821 4.4801 4.4530 38.8697 0.2714 -1.5957 0.5810
Car 0.0000 0 0.0000 -1.0000 -1.0000 -1.0000 -1.0000 1.9028 1.4992 4.5337 -10.8026 32.0282 0.7240 -1.7847 0.5576
Car 0.0000 0 0.0000 -1.0000 -1.0000 -1.0000 -1.0000 1.9346 1.4921 4.6074 10.7606 29.6561 0.4356 -1.5922 0.5537
Car 0.0000 0 0.0000 -1.0000 -1.0000 -1.0000 -1.0000 1.8778 1.4705 4.3871 -36.6841 9.4178 0.5456 0.0076 0.5533
Car 0.0000 0 0.0000 -1.0000 -1.0000 -1.0000 -1.0000 2.0004 1.5429 4.5478 19.2842 2.0979 0.8373 -0.0125 0.5501
Car 0.0000 0 0.0000 -1.0000 -1.0000 -1.0000 -1.0000 1.9855 1.4962 4.5842 -5.8833 9.7317 0.6570 -0.0029 0.5473
Car 0.0000 0 0.0000 -1.0000 -1.0000 -1.0000 -1.0000 1.9310 1.4816 4.5699 -20.7198 21.9687 0.6330 -1.2878 0.5449
Car 0.0000 0 0.0000 -1.0000 -1.0000 -1.0000 -1.0000 2.0005 1.8569 4.6442 -7.2090 -22.6748 1.0249 -2.8522 0.5299
Car 0.0000 0 0.0000 -1.0000 -1.0000 -1.0000 -1.0000 2.0108 1.6982 4.5903 32.0934 1.6582 0.8429 0.0259 0.5220
Car 0.0000 0 0.0000 -1.0000 -1.0000 -1.0000 -1.0000 1.9480 1.5414 4.5371 34.1283 4.7018 0.7275 3.1034 0.4818
Car 0.0000 0 0.0000 -1.0000 -1.0000 -1.0000 -1.0000 1.9734 1.5879 4.5819 -11.9477 27.5801 0.7843 -2.4922 0.4710
Car 0.0000 0 0.0000 -1.0000 -1.0000 -1.0000 -1.0000 1.9032 1.6332 4.4920 30.9485 -15.8096 0.7421 1.6120 0.4695
Car 0.0000 0 0.0000 -1.0000 -1.0000 -1.0000 -1.0000 1.9363 1.4868 4.5708 -65.2313 8.3470 0.6267 -3.1043 0.4596
Car 0.0000 0 0.0000 -1.0000 -1.0000 -1.0000 -1.0000 1.8674 1.4254 4.4544 33.5366 -8.0709 0.7193 -1.5838 0.4589
Car 0.0000 0 0.0000 -1.0000 -1.0000 -1.0000 -1.0000 1.8617 1.5123 4.4724 39.3171 15.6734 0.5705 2.8598 0.4000
Car 0.0000 0 0.0000 -1.0000 -1.0000 -1.0000 -1.0000 1.9039 1.4858 4.5889 -36.0350 22.0536 0.6029 -1.3171 0.3858
Car 0.0000 0 0.0000 -1.0000 -1.0000 -1.0000 -1.0000 1.9123 1.5891 4.6128 -29.4518 22.1307 0.7197 -1.4212 0.3853
Car 0.0000 0 0.0000 -1.0000 -1.0000 -1.0000 -1.0000 1.8585 1.5668 4.4644 -24.0460 22.3253 0.6749 -1.3654 0.3805
Car 0.0000 0 0.0000 -1.0000 -1.0000 -1.0000 -1.0000 1.8795 1.4976 4.5235 -32.1511 21.9929 0.6602 -1.3732 0.3748
Car 0.0000 0 0.0000 -1.0000 -1.0000 -1.0000 -1.0000 1.8973 1.4427 4.5824 33.4359 31.9931 0.3187 -1.7142 0.3604
Car 0.0000 0 0.0000 -1.0000 -1.0000 -1.0000 -1.0000 1.8939 1.5280 4.6028 -39.2910 22.3480 0.6142 -1.3003 0.3542
Car 0.0000 0 0.0000 -1.0000 -1.0000 -1.0000 -1.0000 1.9255 1.5141 4.5906 6.7207 30.6842 0.3488 -1.5195 0.3318
Car 0.0000 0 0.0000 -1.0000 -1.0000 -1.0000 -1.0000 1.8696 1.5205 4.4839 33.8793 -15.9787 0.6939 1.5750 0.3067
Cyclist 0.0000 0 0.0000 -1.0000 -1.0000 -1.0000 -1.0000 0.8033 1.6147 1.7595 -2.4575 15.4925 0.7624 0.0818 0.6595
Cyclist 0.0000 0 0.0000 -1.0000 -1.0000 -1.0000 -1.0000 0.7486 1.5451 1.7499 36.0011 -3.6750 0.6982 -3.1320 0.5938
Cyclist 0.0000 0 0.0000 -1.0000 -1.0000 -1.0000 -1.0000 0.7806 1.5479 1.7644 -12.4457 -6.1310 0.7329 -0.1492 0.5650
Cyclist 0.0000 0 0.0000 -1.0000 -1.0000 -1.0000 -1.0000 0.7320 1.4971 1.7290 19.1526 -3.4830 0.7765 -3.0964 0.4711
Cyclist 0.0000 0 0.0000 -1.0000 -1.0000 -1.0000 -1.0000 0.7190 1.5269 1.6890 52.4502 -5.6041 0.6595 -3.1079 0.4482
Cyclist 0.0000 0 0.0000 -1.0000 -1.0000 -1.0000 -1.0000 0.7365 1.5234 1.7436 -6.9976 27.2824 0.5959 1.3866 0.4263
Cyclist 0.0000 0 0.0000 -1.0000 -1.0000 -1.0000 -1.0000 0.7544 1.5012 1.7850 -2.6753 22.0071 0.5735 -1.3145 0.4261
Cyclist 0.0000 0 0.0000 -1.0000 -1.0000 -1.0000 -1.0000 0.7193 1.5004 1.6951 39.4275 -5.1607 0.6848 3.1112 0.4062
Cyclist 0.0000 0 0.0000 -1.0000 -1.0000 -1.0000 -1.0000 0.7508 1.4928 1.7489 45.2821 -17.7750 0.8201 -1.3236 0.3855
Cyclist 0.0000 0 0.0000 -1.0000 -1.0000 -1.0000 -1.0000 0.7453 1.5348 1.7256 46.3959 -15.0123 0.7850 2.0107 0.3525
Cyclist 0.0000 0 0.0000 -1.0000 -1.0000 -1.0000 -1.0000 0.7207 1.4696 1.7206 41.3486 -5.1903 0.6320 3.1029 0.3491
Cyclist 0.0000 0 0.0000 -1.0000 -1.0000 -1.0000 -1.0000 0.8007 1.5147 1.8089 -5.1160 21.2802 0.5640 -1.4002 0.3431
Cyclist 0.0000 0 0.0000 -1.0000 -1.0000 -1.0000 -1.0000 0.7275 1.5277 1.6981 -43.6412 -5.5761 0.6433 -0.0331 0.3394
Cyclist 0.0000 0 0.0000 -1.0000 -1.0000 -1.0000 -1.0000 0.6946 1.4673 1.6509 42.7001 -4.3090 0.6004 3.1143 0.3369
Cyclist 0.0000 0 0.0000 -1.0000 -1.0000 -1.0000 -1.0000 0.7249 1.5073 1.7519 -2.0516 27.8384 0.4918 -1.5160 0.3063
Pedestrian 0.0000 0 0.0000 -1.0000 -1.0000 -1.0000 -1.0000 0.6874 1.6309 0.6309 -10.5234 20.0419 0.6374 0.0384 0.5475
Pedestrian 0.0000 0 0.0000 -1.0000 -1.0000 -1.0000 -1.0000 0.6888 1.6510 0.6253 -15.9245 -6.6181 0.8262 3.0345 0.5269
Pedestrian 0.0000 0 0.0000 -1.0000 -1.0000 -1.0000 -1.0000 0.6935 1.6961 0.6102 -23.9287 -10.2852 0.9437 3.0959 0.4492
Pedestrian 0.0000 0 0.0000 -1.0000 -1.0000 -1.0000 -1.0000 0.6914 1.6767 0.6401 30.9119 20.3824 0.6586 0.1020 0.4396
Pedestrian 0.0000 0 0.0000 -1.0000 -1.0000 -1.0000 -1.0000 0.7113 1.7028 0.6530 -11.9968 -30.9144 1.0103 -2.5864 0.3555
Pedestrian 0.0000 0 0.0000 -1.0000 -1.0000 -1.0000 -1.0000 0.7305 1.6639 0.7308 -9.8998 -9.7334 0.8505 2.9075 0.3364
