Car 0.0000 0 0.0000 -1.0000 -1.0000 -1.0000 -1.0000 2.0300 1.5148 4.6299 -16.0757 -5.2754 0.7154 2.8929 0.8504
Car 0.0000 0 0.0000 -1.0000 -1.0000 -1.0000 -1.0000 2.0213 1.6192 4.6128 -0.4025 -8.7414 0.7937 2.9070 0.8371
Car 0.0000 0 0.0000 -1.0000 -1.0000 -1.0000 -1.0000 1.9348 1.4498 4.5119 -33.6274 -0.5419 0.6389 2.9060 0.7702
Car 0.0000 0 0.0000 -1.0000 -1.0000 -1.0000 -1.0000 2.1272 1.7615 4.7264 21.2726 -12.9788 0.7401 -0.1314 0.7636
Car 0.0000 0 0.0000 -1.0000 -1.0000 -1.0000 -1.0000 2.0057 1.7608 4.7063 -33.7360 3.1228 0.8538 2.9062 0.6858
Car 0.0000 0 0.0000 -1.0000 -1.0000 -1.0000 -1.0000 1.9235 1.4379 4.4908 -4.0354 3.2190 0.7244 2.9914 0.6738
Car 0.0000 0 0.0000 -1.0000 -1.0000 -1.0000 -1.0000 1.9842 1.4692 4.5900 45.6538 -17.7337 0.4028 2.9052 0.6651
Car 0.0000 0 0.0000 -1.0000 -1.0000 -1.0000 -1.0000 1.9437 1.4498 4.4841 -14.7885 9.3779 0.6628 3.1371 0.6430
Car 0.0000 0 0.0000 -1.0000 -1.0000 -1.0000 -1.0000 1.9584 1.5327 4.5560 55.1772 -16.3346 0.4790 2.8383 0.6399
Car 0.0000 0 0.0000 -1.0000 -1.0000 -1.0000 -1.0000 1.9362 1.6386 4.5032 8.7243 31.2644 0.5794 -1.8761 0.6395
Car 0.0000 0 0.0000 -1.0000 -1.0000 -1.0000 -1.0000 1.9896 1.5053 4.5786 -57.9674 7.8702 0.6986 -0.2526 0.6102
Car 0.0000 0 0.0000 -1.0000 -1.0000 -1.0000 -1.0000 1.9378 1.5022 4.5758 -57.5309 1.4675 0.5464 -0.2173 0.5922
Car 0.0000 0 0.0000 -1.0000 -1.0000 -1.0000 -1.0000 1.9750 1.5177 4.6540 7.0839 24.4432 0.5995 -1.7877 0.5637
Car 0.0000 0 0.0000 -1.0000 -1.0000 -1.0000 -1.0000 1.9910 1.4627 4.5841 -26.4067 7.7915 0.6939 2.9566 0.5474
Car 0.0000 0 0.0000 -1.0000 -1.0000 -1.0000 -1.0000 1.9471 1.4779 4.4836 -43.7607 -1.5272 0.4836 -0.3149 0.5312
Car 0.0000 0 0.0000 -1.0000 -1.0000 -1.0000 -1.0000 1.9788 1.5577 4.7233 -69.3263 18.0446 0.7221 -0.3220 0.5212
Car 0.0000 0 0.0000 -1.0000 -1.0000 -1.0000 -1.0000 1.9461 1.7102 4.5270 -5.0186 -3.8651 0.8519 2.9111 0.4612
Car 0.0000 0 0.0000 -1.0000 -1.0000 -1.0000 -1.0000 1.9154 1.5425 4.5613 0.2860 -35.8612 0.3332 -1.7592 0.4378
Car 0.0000 0 0.0000 -1.0000 -1.0000 -1.0000 -1.0000 1.9534 1.4807 4.5859 -64.0714 3.5091 0.4734 -0.2649 0.3974
Car 0.0000 0 0.0000 -1.0000 -1.0000 -1.0000 -1.0000 1.9521 1.6003 4.6817 -79.1004 8.7013 0.6023 -0.0583 0.3803
Car 0.0000 0 0.0000 -1.0000 -1.0000 -1.0000 -1.0000 1.8898 1.5812 4.5672 82.8938 -26.3572 0.2369 3.0872 0.3202
Pedestrian 0.0000 0 0.0000 -1.0000 -1.0000 -1.0000 -1.0000 0.6946 1.6906 0.6655 -15.8390 -18.5481 0.5330 1.0200 0.4606
