Car 0.0000 0 0.0000 -1.0000 -1.0000 -1.0000 -1.0000 1.9073 1.4566 4.5008 -18.4360 -8.9230 0.6162 -3.1169 0.6507
Car 0.0000 0 0.0000 -1.0000 -1.0000 -1.0000 -1.0000 1.9534 1.4877 4.5138 50.0694 -1.5439 1.1936 -0.0040 0.5981
Car 0.0000 0 0.0000 -1.0000 -1.0000 -1.0000 -1.0000 2.0056 1.4729 4.5842 -13.1043 -0.0550 0.6293 0.0023 0.5617
Car 0.0000 0 0.0000 -1.0000 -1.0000 -1.0000 -1.0000 2.0059 1.4910 4.5623 37.8767 0.0770 1.1055 0.0172 0.4807
Car 0.0000 0 0.0000 -1.0000 -1.0000 -1.0000 -1.0000 1.9145 1.5288 4.4428 2.1373 -8.9765 0.7677 -0.0079 0.3955
Truck 0.0000 0 0.0000 -1.0000 -1.0000 -1.0000 -1.0000 3.0715 3.8807 11.8275 -31.6155 2.9257 1.7397 0.0043 0.6596
Tricar 0.0000 0 0.0000 -1.0000 -1.0000 -1.0000 -1.0000 1.2856 1.6785 2.9641 44.2964 11.5897 1.0155 3.0716 0.5306
Cyclist 0.0000 0 0.0000 -1.0000 -1.0000 -1.0000 -1.0000 0.7482 1.5170 1.7436 -15.8692 -6.7295 0.6210 -0.0365 0.6466
Cyclist 0.0000 0 0.0000 -1.0000 -1.0000 -1.0000 -1.0000 0.7754 1.5722 1.7231 28.2739 -8.0795 1.0343 0.0801 0.6058
Cyclist 0.0000 0 0.0000 -1.0000 -1.0000 -1.0000 -1.0000 0.7604 1.5936 1.7156 12.9051 -7.7399 0.8472 0.0005 0.5414
Cyclist 0.0000 0 0.0000 -1.0000 -1.0000 -1.0000 -1.0000 0.7756 1.5991 1.7167 63.2580 -5.4545 1.2694 3.0783 0.5016
Cyclist 0.0000 0 0.0000 -1.0000 -1.0000 -1.0000 -1.0000 0.7116 1.5056 1.6676 2.4550 -6.5417 0.7739 0.0362 0.4869
Cyclist 0.0000 0 0.0000 -1.0000 -1.0000 -1.0000 -1.0000 0.7352 1.5482 1.6826 42.8411 -8.0420 1.0965 -0.1135 0.4368
Cyclist 0.0000 0 0.0000 -1.0000 -1.0000 -1.0000 -1.0000 0.6932 1.2356 1.6750 -19.4335 -13.2303 0.6249 -0.2733 0.3655
Cyclist 0.0000 0 0.0000 -1.0000 -1.0000 -1.0000 -1.0000 0.7087 1.3903 1.7289 48.6508 20.4258 0.5380 1.3749 0.3621
Cyclist 0.0000 0 0.0000 -1.0000 -1.0000 -1.0000 -1.0000 0.7369 1.5371 1.7321 52.7423 -10.8275 1.0854 1.9453 0.3602
Cyclist 0.0000 0 0.0000 -1.0000 -1.0000 -1.0000 -1.0000 0.7559 1.5225 1.7339 -48.3764 13.7155 -0.0643 -0.2289 0.3405
Cyclist 0.0000 0 0.0000 -1.0000 -1.0000 -1.0000 -1.0000 0.7691 1.5281 1.7773 -48.5633 -6.8037 0.2554 -0.0545 0.3313
Cyclist 0.0000 0 0.0000 -1.0000 -1.0000 -1.0000 -1.0000 0.7081 1.4068 1.6993 -14.9981 13.6672 0.1999 0.0633 0.3213
Pedestrian 0.0000 0 0.0000 -1.0000 -1.0000 -1.0000 -1.0000 0.7081 1.6695 0.6854 25.8353 10.1513 0.8993 0.0148 0.5305
Pedestrian 0.0000 0 0.0000 -1.0000 -1.0000 -1.0000 -1.0000 0.6828 1.6776 0.5975 -13.9614 8.7223 0.5569 -3.0502 0.5100
Pedestrian 0.0000 0 0.0000 -1.0000 -1.0000 -1.0000 -1.0000 0.6817 1.6516 0.6143 0.8998 -12.4427 0.9883 0.0593 0.5099
Pedestrian 0.0000 0 0.0000 -1.0000 -1.0000 -1.0000 -1.0000 0.7034 1.6853 0.6475 8.5386 8.3127 0.6849 3.1163 0.4755
Pedestrian 0.0000 0 0.0000 -1.0000 -1.0000 -1.0000 -1.0000 0.6798 1.6440 0.6089 4.6420 20.3115 0.7585 0.4722 0.4704
Pedestrian 0.0000 0 0.0000 -1.0000 -1.0000 -1.0000 -1.0000 0.7256 1.6713 0.6969 5.3042 11.7404 0.5254 -2.9636 0.4383
Pedestrian 0.0000 0 0.0000 -1.0000 -1.0000 -1.0000 -1.0000 0.6793 1.6426 0.5899 14.0405 16.3454 0.5563 -0.3933 0.4334
Pedestrian 0.0000 0 0.0000 -1.0000 -1.0000 -1.0000 -1.0000 0.6732 1.6328 0.6058 -12.2578 8.3172 0.4928 -2.1367 0.4209
Pedestrian 0.0000 0 0.0000 -1.0000 -1.0000 -1.0000 -1.0000 0.6824 1.7018 0.5930 -15.7841 8.4722 0.6254 0.0219 0.3440
Pedestrian 0.0000 0 0.0000 -1.0000 -1.0000 -1.0000 -1.0000 0.6632 1.6677 0.5645 35.5615 -10.4328 1.2288 0.0561 0.3436
Pedestrian 0.0000 0 0.0000 -1.0000 -1.0000 -1.0000 -1.0000 0.7122 1.7039 0.6420 -29.4884 17.7598 0.4810 -0.0900 0.3372
Pedestrian 0.0000 0 0.0000 -1.0000 -1.0000 -1.0000 -1.0000 0.6935 1.7006 0.6392 3.3962 18.1088 0.7467 -1.9088 0.3102
Pedestrian 0.0000 0 0.0000 -1.0000 -1.0000 -1.0000 -1.0000 0.6560 1.5115 0.5852 12.5842 14.3691 0.4894 -2.0635 0.3070
