Car 0.0000 0 0.0000 -1.0000 -1.0000 -1.0000 -1.0000 1.9036 1.4838 4.4786 4.4933 2.7417 0.6742 -0.0391 0.7220
Car 0.0000 0 0.0000 -1.0000 -1.0000 -1.0000 -1.0000 1.8945 1.5313 4.4851 44.8313 2.3184 0.7366 3.1272 0.6384
Car 0.0000 0 0.0000 -1.0000 -1.0000 -1.0000 -1.0000 2.0298 1.5051 4.4810 23.5483 0.2721 0.7744 -0.0406 0.5964
Car 0.0000 0 0.0000 -1.0000 -1.0000 -1.0000 -1.0000 1.9634 1.7691 4.5828 38.7056 3.5923 0.8428 3.0880 0.5767
Car 0.0000 0 0.0000 -1.0000 -1.0000 -1.0000 -1.0000 1.8125 1.5749 4.3326 -38.7952 3.0434 0.6461 -0.0177 0.5483
Car 0.0000 0 0.0000 -1.0000 -1.0000 -1.0000 -1.0000 1.9215 1.5846 4.5691 -8.2446 3.2870 0.7201 3.1306 0.5473
Car 0.0000 0 0.0000 -1.0000 -1.0000 -1.0000 -1.0000 2.0196 1.6611 4.7592 -17.7008 0.0487 0.7961 -3.0758 0.5033
Car 0.0000 0 0.0000 -1.0000 -1.0000 -1.0000 -1.0000 1.9772 1.5225 4.6690 -65.2925 3.0143 0.7347 -0.0305 0.4221
Car 0.0000 0 0.0000 -1.0000 -1.0000 -1.0000 -1.0000 1.9439 1.7111 4.6322 -50.8618 3.4559 0.6718 3.1172 0.4173
Car 0.0000 0 0.0000 -1.0000 -1.0000 -1.0000 -1.0000 1.9745 1.8012 4.7209 -21.2152 2.9548 0.7578 0.0934 0.3424
Truck 0.0000 0 0.0000 -1.0000 -1.0000 -1.0000 -1.0000 2.9674 3.4225 11.2269 62.1908 5.2704 1.6867 -3.1273 0.4685
Truck 0.0000 0 0.0000 -1.0000 -1.0000 -1.0000 -1.0000 2.3556 2.4546 6.0803 -59.1116 0.5820 1.2827 -0.0321 0.3817
Cyclist 0.0000 0 0.0000 -1.0000 -1.0000 -1.0000 -1.0000 0.8090 1.5773 1.7702 20.3155 -1.5723 0.8422 3.0732 0.6632
Cyclist 0.0000 0 0.0000 -1.0000 -1.0000 -1.0000 -1.0000 0.7693 1.5243 1.7595 3.5881 5.2509 0.7352 -0.0170 0.5647
Cyclist 0.0000 0 0.0000 -1.0000 -1.0000 -1.0000 -1.0000 0.7081 1.4811 1.6936 -21.9957 5.2203 0.6375 0.0653 0.5613
Cyclist 0.0000 0 0.0000 -1.0000 -1.0000 -1.0000 -1.0000 0.7836 1.5835 1.7070 35.0503 -1.4082 0.8232 3.0873 0.4947
Cyclist 0.0000 0 0.0000 -1.0000 -1.0000 -1.0000 -1.0000 0.7596 1.5224 1.7187 -1.3147 5.9724 0.7209 -0.0937 0.4500
Cyclist 0.0000 0 0.0000 -1.0000 -1.0000 -1.0000 -1.0000 0.7444 1.5221 1.6889 -6.8297 5.5097 0.7170 -3.1291 0.3441
Cyclist 0.0000 0 0.0000 -1.0000 -1.0000 -1.0000 -1.0000 0.7460 1.5533 1.7085 -25.1420 5.3766 0.6388 0.0493 0.3436
Cyclist 0.0000 0 0.0000 -1.0000 -1.0000 -1.0000 -1.0000 0.8548 1.6062 1.7971 -4.0254 4.7974 0.8080 3.1178 0.3201
Pedestrian 0.0000 0 0.0000 -1.0000 -1.0000 -1.0000 -1.0000 0.7160 1.7082 0.7270 -7.1501 -2.8063 0.9282 3.1154 0.5685
Pedestrian 0.0000 0 0.0000 -1.0000 -1.0000 -1.0000 -1.0000 0.6819 1.6615 0.6103 -27.3729 -2.4511 0.7888 0.0659 0.5577
Pedestrian 0.0000 0 0.0000 -1.0000 -1.0000 -1.0000 -1.0000 0.6998 1.6679 0.6620 4.6914 -3.1375 0.8619 3.1178 0.5568
Pedestrian 0.0000 0 0.0000 -1.0000 -1.0000 -1.0000 -1.0000 0.6598 1.6204 0.5714 -19.8716 -2.6112 0.8113 -3.0945 0.4579
Pedestrian 0.0000 0 0.0000 -1.0000 -1.0000 -1.0000 -1.0000 0.6757 1.6406 0.5755 42.7843 -0.8215 0.8863 3.1308 0.4126
Pedestrian 0.0000 0 0.0000 -1.0000 -1.0000 -1.0000 -1.0000 0.6882 1.6716 0.6114 12.5656 -2.9593 0.9279 3.1084 0.4107
Pedestrian 0.0000 0 0.0000 -1.0000 -1.0000 -1.0000 -1.0000 0.7207 1.6599 0.7138 22.6075 -2.7929 0.9554 -0.0952 0.3984
Pedestrian 0.0000 0 0.0000 -1.0000 -1.0000 -1.0000 -1.0000 0.6951 1.6314 0.6319 -15.7531 -2.6084 0.8661 -3.0885 0.3661
Pedestrian 0.0000 0 0.0000 -1.0000 -1.0000 -1.0000 -1.0000 0.6796 1.6632 0.5968 10.7780 -3.1712 0.9110 3.1401 0.3452
