Car 0.0000 0 0.0000 -1.0000 -1.0000 -1.0000 -1.0000 2.0037 1.4738 4.5602 -37.3496 7.1601 0.7695 2.7389 0.8156
Car 0.0000 0 0.0000 -1.0000 -1.0000 -1.0000 -1.0000 1.9317 1.5694 4.5199 -21.8739 14.6200 0.7142 -0.0511 0.6351
Car 0.0000 0 0.0000 -1.0000 -1.0000 -1.0000 -1.0000 1.9694 1.7140 4.6583 -2.3711 21.8779 0.4724 -3.1202 0.6164
Car 0.0000 0 0.0000 -1.0000 -1.0000 -1.0000 -1.0000 1.9225 1.5985 4.5642 -50.8164 -3.9751 1.2123 1.7473 0.5497
Car 0.0000 0 0.0000 -1.0000 -1.0000 -1.0000 -1.0000 1.9722 1.4875 4.6341 -1.3601 14.7637 0.5561 -3.1308 0.4898
Car 0.0000 0 0.0000 -1.0000 -1.0000 -1.0000 -1.0000 1.9068 1.9983 4.4211 6.1581 14.3170 0.8479 0.0084 0.4245
Car 0.0000 0 0.0000 -1.0000 -1.0000 -1.0000 -1.0000 1.8336 1.6180 4.3362 -8.8904 21.5694 0.4029 -3.1073 0.4166
Car 0.0000 0 0.0000 -1.0000 -1.0000 -1.0000 -1.0000 1.8714 1.5520 4.5976 -83.1344 2.7130 0.6957 -0.1510 0.3083
Car 0.0000 0 0.0000 -1.0000 -1.0000 -1.0000 -1.0000 1.9673 2.1741 4.5839 21.5904 26.0569 0.4348 0.1017 0.3017
Truck 0.0000 0 0.0000 -1.0000 -1.0000 -1.0000 -1.0000 2.9696 3.2535 11.6228 -25.5057 2.5587 1.7426 2.9998 0.7118
Truck 0.0000 0 0.0000 -1.0000 -1.0000 -1.0000 -1.0000 2.9514 3.2835 9.0037 -10.8974 14.3845 1.5611 -0.0025 0.6818
Truck 0.0000 0 0.0000 -1.0000 -1.0000 -1.0000 -1.0000 2.8571 3.1515 8.8479 8.5656 22.3827 1.0468 -3.0557 0.6570
Truck 0.0000 0 0.0000 -1.0000 -1.0000 -1.0000 -1.0000 3.0072 3.7697 8.6397 64.1906 27.4577 1.1377 -2.9757 0.6491
Truck 0.0000 0 0.0000 -1.0000 -1.0000 -1.0000 -1.0000 2.8353 3.1535 11.2307 27.3277 0.4804 1.5281 0.0501 0.6172
Truck 0.0000 0 0.0000 -1.0000 -1.0000 -1.0000 -1.0000 3.0580 3.4000 13.0078 -1.9460 25.8553 1.1141 -3.0766 0.6037
Truck 0.0000 0 0.0000 -1.0000 -1.0000 -1.0000 -1.0000 2.8647 3.4305 7.9938 21.1826 29.4546 0.8572 -3.0313 0.5595
Truck 0.0000 0 0.0000 -1.0000 -1.0000 -1.0000 -1.0000 2.8691 3.4448 8.5062 30.3627 22.6597 1.0963 -3.0510 0.4236
Truck 0.0000 0 0.0000 -1.0000 -1.0000 -1.0000 -1.0000 2.8973 3.3708 10.0543 -48.2045 -29.0012 2.4140 1.6247 0.3630
Truck 0.0000 0 0.0000 -1.0000 -1.0000 -1.0000 -1.0000 2.0004 2.1586 4.9991 21.7271 26.3720 0.3933 0.0747 0.3577
Cyclist 0.0000 0 0.0000 -1.0000 -1.0000 -1.0000 -1.0000 0.7398 1.5300 1.7301 -77.2056 -14.1073 0.9600 -0.3705 0.3648
Cyclist 0.0000 0 0.0000 -1.0000 -1.0000 -1.0000 -1.0000 0.8821 1.5665 1.9231 -50.7157 12.8208 0.6865 -0.9234 0.3559
