Car 0.0000 0 0.0000 -1.0000 -1.0000 -1.0000 -1.0000 1.9244 1.4388 4.5027 -12.3413 -10.4727 0.7584 -0.0031 0.7502
Car 0.0000 0 0.0000 -1.0000 -1.0000 -1.0000 -1.0000 1.9228 1.4709 4.5387 -19.8358 -10.6138 0.7812 -3.1078 0.6503
Car 0.0000 0 0.0000 -1.0000 -1.0000 -1.0000 -1.0000 1.9485 1.4572 4.5481 31.7075 11.2268 0.6457 -0.0431 0.6420
Car 0.0000 0 0.0000 -1.0000 -1.0000 -1.0000 -1.0000 1.9486 1.4328 4.4734 41.4975 -12.5099 0.7074 -0.0637 0.6346
Car 0.0000 0 0.0000 -1.0000 -1.0000 -1.0000 -1.0000 1.9303 1.5862 4.6059 14.1924 -11.3521 0.8048 3.0941 0.6127
Car 0.0000 0 0.0000 -1.0000 -1.0000 -1.0000 -1.0000 1.9217 1.4647 4.4898 20.7031 -11.6877 0.7407 -0.0556 0.5967
Car 0.0000 0 0.0000 -1.0000 -1.0000 -1.0000 -1.0000 1.8989 1.5134 4.4354 -13.1106 12.6277 0.6880 -0.0190 0.5813
Car 0.0000 0 0.0000 -1.0000 -1.0000 -1.0000 -1.0000 1.8620 1.4557 4.4405 -2.7816 11.8778 0.6300 -0.0734 0.5746
Car 0.0000 0 0.0000 -1.0000 -1.0000 -1.0000 -1.0000 1.9036 1.5547 4.5903 -39.3102 14.1904 0.8289 3.0978 0.5581
Car 0.0000 0 0.0000 -1.0000 -1.0000 -1.0000 -1.0000 1.9035 1.5163 4.5641 -6.6566 -23.5771 0.9287 -1.5459 0.5499
Car 0.0000 0 0.0000 -1.0000 -1.0000 -1.0000 -1.0000 1.8684 1.4669 4.5003 -0.7989 -19.7392 0.9602 -1.6557 0.5351
Car 0.0000 0 0.0000 -1.0000 -1.0000 -1.0000 -1.0000 1.9466 1.6644 4.4912 53.7587 -13.0984 0.7526 3.0371 0.5348
Car 0.0000 0 0.0000 -1.0000 -1.0000 -1.0000 -1.0000 1.9513 1.5057 4.5887 67.3763 9.1100 0.4494 -0.0661 0.5323
Car 0.0000 0 0.0000 -1.0000 -1.0000 -1.0000 -1.0000 1.9902 1.6282 4.6694 -81.5323 -8.1870 0.9934 -0.1015 0.5129
Car 0.0000 0 0.0000 -1.0000 -1.0000 -1.0000 -1.0000 1.9177 1.5452 4.5590 -6.1354 -15.1221 0.8775 -1.5532 0.4988
Car 0.0000 0 0.0000 -1.0000 -1.0000 -1.0000 -1.0000 1.8539 1.4842 4.4520 -50.6595 14.0565 0.7241 -0.0055 0.4673
Car 0.0000 0 0.0000 -1.0000 -1.0000 -1.0000 -1.0000 1.9942 1.6560 4.7389 -29.0823 13.3707 0.8591 -3.1409 0.4192
Car 0.0000 0 0.0000 -1.0000 -1.0000 -1.0000 -1.0000 1.9157 1.4892 4.5396 -48.1626 -9.5814 0.8370 -0.0481 0.4028
Car 0.0000 0 0.0000 -1.0000 -1.0000 -1.0000 -1.0000 1.8800 1.7993 4.5013 -22.6063 12.9803 0.8014 0.0129 0.4013
Car 0.0000 0 0.0000 -1.0000 -1.0000 -1.0000 -1.0000 1.9015 1.6077 4.5828 71.0820 -14.7638 0.6296 2.9311 0.3950
Car 0.0000 0 0.0000 -1.0000 -1.0000 -1.0000 -1.0000 1.8599 1.4691 4.4854 -0.4862 -25.7817 0.9720 -1.6140 0.3900
Car 0.0000 0 0.0000 -1.0000 -1.0000 -1.0000 -1.0000 1.8679 1.6998 4.4673 74.8696 8.2112 0.6535 3.0905 0.3628
Car 0.0000 0 0.0000 -1.0000 -1.0000 -1.0000 -1.0000 1.8105 1.5421 4.4522 -60.5794 14.2502 0.6174 -0.0222 0.3575
Car 0.0000 0 0.0000 -1.0000 -1.0000 -1.0000 -1.0000 1.9247 1.6472 4.5975 -64.4938 -9.0763 0.8704 -3.1027 0.3219
Car 0.0000 0 0.0000 -1.0000 -1.0000 -1.0000 -1.0000 1.8471 1.5427 4.4968 55.2411 9.7149 0.5285 3.0936 0.3126
Cyclist 0.0000 0 0.0000 -1.0000 -1.0000 -1.0000 -1.0000 0.7546 1.5597 1.7415 21.6013 -4.0960 0.7384 3.0642 0.7157
Cyclist 0.0000 0 0.0000 -1.0000 -1.0000 -1.0000 -1.0000 0.7422 1.5497 1.7009 -9.7927 -4.1482 0.7322 -0.0342 0.6909
Cyclist 0.0000 0 0.0000 -1.0000 -1.0000 -1.0000 -1.0000 0.7324 1.5139 1.6924 9.9934 -4.9542 0.7214 3.1137 0.6788
Cyclist 0.0000 0 0.0000 -1.0000 -1.0000 -1.0000 -1.0000 0.7595 1.5178 1.7514 -26.4420 10.7046 0.6934 -0.0194 0.5323
Cyclist 0.0000 0 0.0000 -1.0000 -1.0000 -1.0000 -1.0000 0.7355 1.3183 1.7581 16.7589 12.2918 0.5004 0.1479 0.5135
Cyclist 0.0000 0 0.0000 -1.0000 -1.0000 -1.0000 -1.0000 0.7876 1.5771 1.7644 3.7270 -8.7232 0.8014 3.0213 0.4883
Cyclist 0.0000 0 0.0000 -1.0000 -1.0000 -1.0000 -1.0000 0.7806 1.4332 1.8034 3.0518 -11.8829 0.6879 2.9585 0.4844
Cyclist 0.0000 0 0.0000 -1.0000 -1.0000 -1.0000 -1.0000 0.7917 1.5339 1.7794 -33.5470 13.0263 0.7277 3.1412 0.4476
Cyclist 0.0000 0 0.0000 -1.0000 -1.0000 -1.0000 -1.0000 0.7715 1.5607 1.7443 62.6376 -6.7007 0.6438 3.0796 0.4444
Cyclist 0.0000 0 0.0000 -1.0000 -1.0000 -1.0000 -1.0000 0.7453 1.2960 1.7729 20.5548 11.6408 0.5091 -0.5200 0.4426
Cyclist 0.0000 0 0.0000 -1.0000 -1.0000 -1.0000 -1.0000 0.7309 1.2467 1.7516 3.9454 12.6716 0.5169 3.0674 0.4213
Cyclist 0.0000 0 0.0000 -1.0000 -1.0000 -1.0000 -1.0000 0.7067 1.1312 1.7263 -27.8775 -10.4649 0.6626 1.7638 0.3811
Cyclist 0.0000 0 0.0000 -1.0000 -1.0000 -1.0000 -1.0000 0.7105 1.2037 1.6970 12.0953 -14.3173 0.7741 0.0080 0.3779
Cyclist 0.0000 0 0.0000 -1.0000 -1.0000 -1.0000 -1.0000 0.6969 1.2992 1.6844 -18.6444 12.6776 0.5241 -0.0142 0.3779
Cyclist 0.0000 0 0.0000 -1.0000 -1.0000 -1.0000 -1.0000 0.7018 0.9958 1.6925 -6.8907 12.4127 0.4788 0.4889 0.3595
Cyclist 0.0000 0 0.0000 -1.0000 -1.0000 -1.0000 -1.0000 0.6575 1.1410 1.6532 -35.0192 -10.4735 0.7365 -2.3614 0.3535
Cyclist 0.0000 0 0.0000 -1.0000 -1.0000 -1.0000 -1.0000 0.6341 1.0519 1.6368 -6.9486 15.7116 0.7391 2.9987 0.3255
Cyclist 0.0000 0 0.0000 -1.0000 -1.0000 -1.0000 -1.0000 0.6966 1.3736 1.7002 43.4436 11.2618 0.3749 3.0846 0.3059
Cyclist 0.0000 0 0.0000 -1.0000 -1.0000 -1.0000 -1.0000 0.6528 1.0425 1.6467 24.9251 11.8288 0.4308 -1.8840 0.3048
Pedestrian 0.0000 0 0.0000 -1.0000 -1.0000 -1.0000 -1.0000 0.6714 1.6288 0.5800 -20.3846 14.8577 0.8401 2.9040 0.3278
Pedestrian 0.0000 0 0.0000 -1.0000 -1.0000 -1.0000 -1.0000 0.6960 1.6864 0.6230 -40.7317 -11.8717 1.1224 3.0667 0.3178
