Car 0.0000 0 0.0000 -1.0000 -1.0000 -1.0000 -1.0000 2.0373 1.6444 4.6523 7.0589 -0.2939 0.8956 -0.1775 0.7372
Car 0.0000 0 0.0000 -1.0000 -1.0000 -1.0000 -1.0000 2.1211 1.9027 4.8517 7.2984 -5.0881 1.0652 -0.2583 0.7160
Car 0.0000 0 0.0000 -1.0000 -1.0000 -1.0000 -1.0000 1.8918 1.4366 4.4235 -25.9907 -16.1181 0.2046 -1.1958 0.6588
Car 0.0000 0 0.0000 -1.0000 -1.0000 -1.0000 -1.0000 1.9294 1.5530 4.5454 -34.2742 -2.5422 0.4182 -1.2300 0.6038
Car 0.0000 0 0.0000 -1.0000 -1.0000 -1.0000 -1.0000 1.9571 1.5764 4.6478 4.8800 20.2654 0.9687 2.0213 0.5977
Car 0.0000 0 0.0000 -1.0000 -1.0000 -1.0000 -1.0000 1.9474 1.5039 4.5926 -21.6850 13.6991 0.6240 -1.1724 0.5805
Car 0.0000 0 0.0000 -1.0000 -1.0000 -1.0000 -1.0000 1.9525 1.7348 4.5465 -31.5787 -8.2753 0.4595 -1.1956 0.5511
Car 0.0000 0 0.0000 -1.0000 -1.0000 -1.0000 -1.0000 1.8912 1.4669 4.4839 -27.2150 -5.8367 0.3844 -1.1205 0.5349
Car 0.0000 0 0.0000 -1.0000 -1.0000 -1.0000 -1.0000 1.9269 1.8451 4.4960 -30.9868 -23.8383 0.6533 -1.2573 0.4887
Car 0.0000 0 0.0000 -1.0000 -1.0000 -1.0000 -1.0000 2.0141 1.7684 4.7235 -32.7526 4.2676 0.6074 -0.9811 0.4672
Car 0.0000 0 0.0000 -1.0000 -1.0000 -1.0000 -1.0000 1.8942 1.7431 4.4790 -34.0784 -17.7899 0.5394 -2.8037 0.4485
Car 0.0000 0 0.0000 -1.0000 -1.0000 -1.0000 -1.0000 1.9116 1.5188 4.5867 -16.7275 16.0677 0.6606 -1.1039 0.4289
Car 0.0000 0 0.0000 -1.0000 -1.0000 -1.0000 -1.0000 1.9089 1.6304 4.5810 22.5939 -20.2212 1.3480 2.1509 0.4130
Car 0.0000 0 0.0000 -1.0000 -1.0000 -1.0000 -1.0000 1.9481 1.4333 4.5405 -40.4502 23.2762 0.5155 -0.9110 0.4099
Car 0.0000 0 0.0000 -1.0000 -1.0000 -1.0000 -1.0000 1.9855 1.6354 4.5592 -13.1951 -1.9354 0.7625 -3.0695 0.3716
Car 0.0000 0 0.0000 -1.0000 -1.0000 -1.0000 -1.0000 1.8904 1.5347 4.5593 -45.0224 33.6927 0.7334 -0.9218 0.3381
Car 0.0000 0 0.0000 -1.0000 -1.0000 -1.0000 -1.0000 1.8631 1.5217 4.5193 2.2823 16.5039 0.8519 -1.1621 0.3352
Car 0.0000 0 0.0000 -1.0000 -1.0000 -1.0000 -1.0000 1.9131 1.5528 4.6140 14.0455 28.0771 0.6788 -1.2225 0.3070
Car 0.0000 0 0.0000 -1.0000 -1.0000 -1.0000 -1.0000 1.7771 1.5557 4.2680 18.5847 -14.5550 1.1303 -0.7367 0.3050
Tricar 0.0000 0 0.0000 -1.0000 -1.0000 -1.0000 -1.0000 1.1065 1.6043 2.5345 -4.4256 -2.8662 0.8584 -0.1006 0.4748
Cyclist 0.0000 0 0.0000 -1.0000 -1.0000 -1.0000 -1.0000 0.7499 1.5136 1.7378 -30.7277 13.9020 0.4717 -1.0319 0.5231
Cyclist 0.0000 0 0.0000 -1.0000 -1.0000 -1.0000 -1.0000 0.8055 1.5311 1.8500 -26.0645 1.3193 0.5303 -1.1356 0.4880
Cyclist 0.0000 0 0.0000 -1.0000 -1.0000 -1.0000 -1.0000 0.7253 1.5426 1.6672 -6.9668 1.3715 0.7958 3.0849 0.4575
Cyclist 0.0000 0 0.0000 -1.0000 -1.0000 -1.0000 -1.0000 1.0015 1.6119 2.0691 -4.3405 -2.8411 0.8739 3.0312 0.4253
Cyclist 0.0000 0 0.0000 -1.0000 -1.0000 -1.0000 -1.0000 0.7583 1.5761 1.7382 -35.2845 1.5088 0.5060 -0.8843 0.4225
Cyclist 0.0000 0 0.0000 -1.0000 -1.0000 -1.0000 -1.0000 0.7585 1.5585 1.7463 -29.3393 -12.6326 0.3526 0.6684 0.3184
Cyclist 0.0000 0 0.0000 -1.0000 -1.0000 -1.0000 -1.0000 0.7054 1.5208 1.6869 -35.9730 15.6590 0.4617 -0.6671 0.3153
Cyclist 0.0000 0 0.0000 -1.0000 -1.0000 -1.0000 -1.0000 0.8364 1.5842 1.8176 16.0210 2.1277 0.9271 3.0379 0.3096
Pedestrian 0.0000 0 0.0000 -1.0000 -1.0000 -1.0000 -1.0000 0.6899 1.6186 0.6231 -31.7112 -14.6041 0.4135 0.4613 0.4694
Pedestrian 0.0000 0 0.0000 -1.0000 -1.0000 -1.0000 -1.0000 0.7068 1.6737 0.6426 -39.2519 12.9659 0.5494 -0.3098 0.4489
Pedestrian 0.0000 0 0.0000 -1.0000 -1.0000 -1.0000 -1.0000 0.7032 1.6210 0.6380 -29.2308 -12.4979 0.3665 0.6090 0.4179
