Car 0.0000 0 0.0000 -1.0000 -1.0000 -1.0000 -1.0000 1.9718 1.4427 4.6227 10.2938 -5.1404 0.7719 -1.4664 0.7292
Car 0.0000 0 0.0000 -1.0000 -1.0000 -1.0000 -1.0000 1.9799 1.7185 4.4927 32.1209 -1.1463 1.0204 -0.0273 0.6134
Car 0.0000 0 0.0000 -1.0000 -1.0000 -1.0000 -1.0000 1.8711 1.4524 4.4279 -13.7378 0.2519 0.7039 3.1311 0.5868
Car 0.0000 0 0.0000 -1.0000 -1.0000 -1.0000 -1.0000 1.9294 1.4607 4.5064 -2.4193 -3.7536 0.7771 3.1173 0.5175
Car 0.0000 0 0.0000 -1.0000 -1.0000 -1.0000 -1.0000 2.0367 1.6709 4.7514 27.5052 9.5805 0.7497 3.0149 0.4585
Car 0.0000 0 0.0000 -1.0000 -1.0000 -1.0000 -1.0000 2.0305 1.6466 4.8694 -62.4676 -1.3090 0.9279 -0.2034 0.4076
Car 0.0000 0 0.0000 -1.0000 -1.0000 -1.0000 -1.0000 1.9026 1.6636 4.5372 -48.4543 -10.0188 0.9768 -1.4853 0.3874
Car 0.0000 0 0.0000 -1.0000 -1.0000 -1.0000 -1.0000 1.8695 1.5666 4.5558 -52.1340 -8.4529 1.0136 1.4656 0.3233
Car 0.0000 0 0.0000 -1.0000 -1.0000 -1.0000 -1.0000 1.9791 1.7750 4.9801 -6.6610 12.5887 0.6555 3.1253 0.3017
Truck 0.0000 0 0.0000 -1.0000 -1.0000 -1.0000 -1.0000 2.6535 2.7061 7.3682 -27.7649 0.6491 1.4426 3.1411 0.6005
Truck 0.0000 0 0.0000 -1.0000 -1.0000 -1.0000 -1.0000 2.5549 3.1115 6.2614 9.9983 10.9002 1.5441 3.0664 0.4514
Tricar 0.0000 0 0.0000 -1.0000 -1.0000 -1.0000 -1.0000 1.2298 1.7036 3.0345 20.4838 2.7092 0.9373 2.6586 0.6756
Tricar 0.0000 0 0.0000 -1.0000 -1.0000 -1.0000 -1.0000 1.3962 1.8436 3.2340 -20.1831 -1.7182 0.9151 0.0479 0.5907
Tricar 0.0000 0 0.0000 -1.0000 -1.0000 -1.0000 -1.0000 1.3241 1.7876 3.1614 4.2994 3.5446 0.8713 0.8953 0.3926
Cyclist 0.0000 0 0.0000 -1.0000 -1.0000 -1.0000 -1.0000 0.7318 1.5242 1.7020 66.5493 -6.0177 0.9297 -3.1147 0.4641
