Car 0.0000 0 0.0000 -1.0000 -1.0000 -1.0000 -1.0000 1.9910 1.4754 4.6616 -0.6414 -2.9867 0.8109 0.0140 0.7085
Car 0.0000 0 0.0000 -1.0000 -1.0000 -1.0000 -1.0000 1.9712 1.6202 4.6598 26.0947 -5.0941 1.0231 1.5490 0.6659
Car 0.0000 0 0.0000 -1.0000 -1.0000 -1.0000 -1.0000 1.9787 1.4895 4.5945 5.0511 -40.2433 0.8019 -0.1310 0.5899
Car 0.0000 0 0.0000 -1.0000 -1.0000 -1.0000 -1.0000 2.0030 1.8321 4.7357 35.2864 -29.1616 1.0813 1.2556 0.5806
Car 0.0000 0 0.0000 -1.0000 -1.0000 -1.0000 -1.0000 2.0589 1.6473 4.7738 -7.7841 -3.2140 0.9019 -3.1109 0.5405
Car 0.0000 0 0.0000 -1.0000 -1.0000 -1.0000 -1.0000 1.9199 1.4817 4.5543 37.6169 4.8428 0.8942 -1.0262 0.5331
Car 0.0000 0 0.0000 -1.0000 -1.0000 -1.0000 -1.0000 1.9507 1.4616 4.5980 28.7448 4.9326 0.8563 -1.6717 0.4787
Car 0.0000 0 0.0000 -1.0000 -1.0000 -1.0000 -1.0000 1.9246 1.5934 4.5951 -18.5701 -31.7745 0.6593 1.6218 0.4609
Car 0.0000 0 0.0000 -1.0000 -1.0000 -1.0000 -1.0000 2.1211 2.2424 4.9201 42.1720 -16.5243 1.3170 -3.0527 0.4323
Car 0.0000 0 0.0000 -1.0000 -1.0000 -1.0000 -1.0000 1.8340 1.4530 4.3879 51.3141 19.6812 0.4914 3.0018 0.3901
Car 0.0000 0 0.0000 -1.0000 -1.0000 -1.0000 -1.0000 1.9108 1.5437 4.6022 -29.8605 -31.8267 0.6187 1.5541 0.3863
Car 0.0000 0 0.0000 -1.0000 -1.0000 -1.0000 -1.0000 1.9422 1.5635 4.6633 -4.7852 -31.7254 0.8066 -1.4640 0.3773
Car 0.0000 0 0.0000 -1.0000 -1.0000 -1.0000 -1.0000 1.9026 1.5123 4.5445 0.4462 -32.1815 0.8833 -1.6046 0.3649
Car 0.0000 0 0.0000 -1.0000 -1.0000 -1.0000 -1.0000 1.9116 1.6081 4.6178 -21.8975 -32.0968 0.6317 1.6271 0.3442
Car 0.0000 0 0.0000 -1.0000 -1.0000 -1.0000 -1.0000 1.8922 1.5427 4.5801 -41.0813 -32.0050 0.6931 1.5199 0.3441
Car 0.0000 0 0.0000 -1.0000 -1.0000 -1.0000 -1.0000 1.8942 1.6450 4.5347 -10.5086 -32.0698 0.7584 1.6564 0.3392
Car 0.0000 0 0.0000 -1.0000 -1.0000 -1.0000 -1.0000 1.9055 1.5524 4.6093 -33.0270 -32.1159 0.6303 1.5596 0.3140
Truck 0.0000 0 0.0000 -1.0000 -1.0000 -1.0000 -1.0000 2.5755 3.0003 6.3390 31.1556 -5.9692 1.7087 1.4085 0.4937
Truck 0.0000 0 0.0000 -1.0000 -1.0000 -1.0000 -1.0000 2.9401 3.2880 10.2474 -13.5782 0.2293 1.6606 -3.1123 0.4091
Cyclist 0.0000 0 0.0000 -1.0000 -1.0000 -1.0000 -1.0000 0.7210 1.5509 1.6866 -57.8352 -15.6810 0.3832 -0.0232 0.5678
Cyclist 0.0000 0 0.0000 -1.0000 -1.0000 -1.0000 -1.0000 0.7895 1.5539 1.8167 33.6182 22.3428 0.4288 3.0441 0.5412
Cyclist 0.0000 0 0.0000 -1.0000 -1.0000 -1.0000 -1.0000 0.7484 1.5538 1.7334 22.9325 -13.7255 0.7875 1.4925 0.4136
