Car 0.0000 0 0.0000 -1.0000 -1.0000 -1.0000 -1.0000 1.9496 1.4333 4.5316 -21.9416 2.9007 0.6906 0.0163 0.8256
Car 0.0000 0 0.0000 -1.0000 -1.0000 -1.0000 -1.0000 2.0150 1.4269 4.6374 -17.8323 -0.3339 0.7013 -3.1152 0.7903
Car 0.0000 0 0.0000 -1.0000 -1.0000 -1.0000 -1.0000 1.9880 1.4488 4.5474 -13.1396 3.0687 0.7284 3.1382 0.7267
Car 0.0000 0 0.0000 -1.0000 -1.0000 -1.0000 -1.0000 1.9749 1.6769 4.6036 7.0222 -0.2709 0.8708 -0.0171 0.7005
Car 0.0000 0 0.0000 -1.0000 -1.0000 -1.0000 -1.0000 1.9543 1.4230 4.4654 7.7518 3.5067 0.7773 3.1013 0.6586
Car 0.0000 0 0.0000 -1.0000 -1.0000 -1.0000 -1.0000 1.9030 1.4277 4.4335 -3.4122 3.3401 0.7408 -0.0079 0.6498
Car 0.0000 0 0.0000 -1.0000 -1.0000 -1.0000 -1.0000 2.0061 1.4571 4.5466 22.7503 2.3373 0.7965 -0.0743 0.6489
Car 0.0000 0 0.0000 -1.0000 -1.0000 -1.0000 -1.0000 1.9418 1.4656 4.5317 34.8139 1.5660 0.8140 0.0256 0.6425
Car 0.0000 0 0.0000 -1.0000 -1.0000 -1.0000 -1.0000 1.9658 1.4611 4.5736 -33.5105 4.0637 0.7237 -3.1384 0.5966
Car 0.0000 0 0.0000 -1.0000 -1.0000 -1.0000 -1.0000 2.0105 1.7273 4.5550 -26.5286 0.5061 0.9012 0.0306 0.5698
Car 0.0000 0 0.0000 -1.0000 -1.0000 -1.0000 -1.0000 1.8559 1.5584 4.4415 20.0283 15.5452 0.6273 0.0095 0.4486
Car 0.0000 0 0.0000 -1.0000 -1.0000 -1.0000 -1.0000 1.9040 1.5179 4.6197 5.2659 -23.6352 1.1629 -2.0709 0.4415
Car 0.0000 0 0.0000 -1.0000 -1.0000 -1.0000 -1.0000 2.0090 1.4379 4.6304 -39.8125 3.9310 0.6789 -3.1244 0.3753
Car 0.0000 0 0.0000 -1.0000 -1.0000 -1.0000 -1.0000 1.9363 1.4533 4.5953 -46.6646 4.2246 0.7148 -3.0759 0.3718
Car 0.0000 0 0.0000 -1.0000 -1.0000 -1.0000 -1.0000 1.9140 1.5215 4.5822 42.8437 2.6290 0.8790 3.1228 0.3705
Car 0.0000 0 0.0000 -1.0000 -1.0000 -1.0000 -1.0000 1.9379 1.7275 4.7030 1.1433 -23.4152 1.3193 1.0986 0.3681
Car 0.0000 0 0.0000 -1.0000 -1.0000 -1.0000 -1.0000 1.9248 1.5366 4.6013 -53.0325 3.4056 0.7161 -3.1037 0.3608
Car 0.0000 0 0.0000 -1.0000 -1.0000 -1.0000 -1.0000 1.8994 1.8727 4.5114 50.4504 3.0340 1.3273 0.0373 0.3398
Car 0.0000 0 0.0000 -1.0000 -1.0000 -1.0000 -1.0000 1.8740 1.5111 4.4138 20.5870 -0.8134 0.8410 3.0571 0.3312
Truck 0.0000 0 0.0000 -1.0000 -1.0000 -1.0000 -1.0000 2.8244 3.3365 9.8303 47.8624 15.9534 1.8026 3.1055 0.5515
Truck 0.0000 0 0.0000 -1.0000 -1.0000 -1.0000 -1.0000 2.6130 2.6475 8.3240 47.3886 12.8022 1.5155 -0.0106 0.5028
Truck 0.0000 0 0.0000 -1.0000 -1.0000 -1.0000 -1.0000 2.9525 3.2754 11.3713 69.4789 10.9147 1.2815 -0.0777 0.4733
Truck 0.0000 0 0.0000 -1.0000 -1.0000 -1.0000 -1.0000 2.8548 2.8996 9.1092 -42.5473 -0.0282 1.4873 -3.1031 0.3701
Pedestrian 0.0000 0 0.0000 -1.0000 -1.0000 -1.0000 -1.0000 0.6917 1.6773 0.6117 6.7218 -3.4296 0.9987 3.0738 0.5227
Pedestrian 0.0000 0 0.0000 -1.0000 -1.0000 -1.0000 -1.0000 0.6736 1.6457 0.5974 5.1346 -3.3152 0.9955 3.0981 0.4896
Pedestrian 0.0000 0 0.0000 -1.0000 -1.0000 -1.0000 -1.0000 0.6596 1.5381 0.5940 4.5458 -5.2808 0.8584 -2.9925 0.4510
