Car 0.0000 0 0.0000 -1.0000 -1.0000 -1.0000 -1.0000 1.9771 1.4695 4.5675 5.0607 -6.3202 0.7962 0.0362 0.8295
Car 0.0000 0 0.0000 -1.0000 -1.0000 -1.0000 -1.0000 2.0248 1.5498 4.6166 -28.2396 -6.6903 0.6903 -0.0338 0.8038
Car 0.0000 0 0.0000 -1.0000 -1.0000 -1.0000 -1.0000 2.0401 1.5157 4.7278 10.9292 10.1603 0.4714 3.1276 0.7806
Car 0.0000 0 0.0000 -1.0000 -1.0000 -1.0000 -1.0000 1.9875 1.6469 4.5585 -16.5491 -6.7591 0.8506 0.0055 0.7750
Car 0.0000 0 0.0000 -1.0000 -1.0000 -1.0000 -1.0000 2.0507 1.7304 4.7121 33.0941 10.7975 0.7396 -3.1408 0.7612
Car 0.0000 0 0.0000 -1.0000 -1.0000 -1.0000 -1.0000 1.9371 1.4372 4.4714 9.8238 -3.2557 0.7726 -3.1029 0.7513
Car 0.0000 0 0.0000 -1.0000 -1.0000 -1.0000 -1.0000 1.9543 1.6828 4.4585 15.9266 -6.3523 0.9743 0.0266 0.7406
Car 0.0000 0 0.0000 -1.0000 -1.0000 -1.0000 -1.0000 2.0788 2.0035 4.7738 -6.2197 -6.3000 1.0257 0.0127 0.7255
Car 0.0000 0 0.0000 -1.0000 -1.0000 -1.0000 -1.0000 2.0666 1.7217 4.6408 11.9953 0.3178 0.8980 -3.1312 0.6991
Car 0.0000 0 0.0000 -1.0000 -1.0000 -1.0000 -1.0000 1.9975 1.5195 4.6233 14.8518 15.6072 0.2446 -3.1107 0.6935
Car 0.0000 0 0.0000 -1.0000 -1.0000 -1.0000 -1.0000 1.9239 1.4999 4.5041 26.3782 -6.8225 0.9352 0.0076 0.6619
Car 0.0000 0 0.0000 -1.0000 -1.0000 -1.0000 -1.0000 1.9831 1.9404 4.7203 -6.4071 14.3749 0.4698 3.1275 0.6552
Car 0.0000 0 0.0000 -1.0000 -1.0000 -1.0000 -1.0000 1.9694 1.7500 4.6136 -0.9069 -10.0074 0.9226 3.1269 0.6502
Car 0.0000 0 0.0000 -1.0000 -1.0000 -1.0000 -1.0000 1.9637 1.5289 4.5670 -50.5647 -6.1399 0.4952 -0.0357 0.6408
Car 0.0000 0 0.0000 -1.0000 -1.0000 -1.0000 -1.0000 1.9315 1.5473 4.5068 -71.5489 -6.5647 0.4711 -3.0644 0.6335
Car 0.0000 0 0.0000 -1.0000 -1.0000 -1.0000 -1.0000 1.9526 1.6839 4.5595 56.7263 14.8394 0.6903 0.0259 0.6301
Car 0.0000 0 0.0000 -1.0000 -1.0000 -1.0000 -1.0000 2.0120 1.4945 4.6440 -36.4531 -9.8825 0.5739 3.1358 0.5726
Car 0.0000 0 0.0000 -1.0000 -1.0000 -1.0000 -1.0000 1.9489 1.4730 4.5387 64.3344 7.2801 0.7646 3.0551 0.5560
Car 0.0000 0 0.0000 -1.0000 -1.0000 -1.0000 -1.0000 1.9190 1.9461 4.4403 21.9763 -9.9098 1.1116 0.0004 0.5430
Car 0.0000 0 0.0000 -1.0000 -1.0000 -1.0000 -1.0000 1.9444 1.5482 4.6123 -59.8182 14.4247 -0.1073 -0.1016 0.5301
Car 0.0000 0 0.0000 -1.0000 -1.0000 -1.0000 -1.0000 2.0084 1.4311 4.5676 -18.8707 -2.7318 0.6714 -0.6498 0.4847
Car 0.0000 0 0.0000 -1.0000 -1.0000 -1.0000 -1.0000 1.8996 1.5908 4.4859 -9.8655 7.7792 0.5050 3.0829 0.4319
Car 0.0000 0 0.0000 -1.0000 -1.0000 -1.0000 -1.0000 2.0588 1.6610 4.7031 44.0389 9.4162 0.8744 -0.0243 0.4275
Car 0.0000 0 0.0000 -1.0000 -1.0000 -1.0000 -1.0000 1.9392 1.5212 4.5924 -62.7289 -6.3842 0.4573 -3.1080 0.4189
Car 0.0000 0 0.0000 -1.0000 -1.0000 -1.0000 -1.0000 1.9748 1.4944 4.6138 68.1455 11.2058 0.6416 3.0657 0.4087
Car 0.0000 0 0.0000 -1.0000 -1.0000 -1.0000 -1.0000 1.9351 1.7115 4.7257 14.5580 -39.1085 1.8214 0.8478 0.3313
Car 0.0000 0 0.0000 -1.0000 -1.0000 -1.0000 -1.0000 1.9291 1.6357 4.5236 41.3250 -10.8243 1.0741 -0.0632 0.3125
Car 0.0000 0 0.0000 -1.0000 -1.0000 -1.0000 -1.0000 1.9394 1.5860 4.5141 77.9576 -3.6866 1.0725 0.0361 0.3015
Truck 0.0000 0 0.0000 -1.0000 -1.0000 -1.0000 -1.0000 2.8997 3.2932 11.6209 46.8608 -6.7147 1.9233 0.0379 0.7074
Truck 0.0000 0 0.0000 -1.0000 -1.0000 -1.0000 -1.0000 2.4412 2.3081 6.5555 11.5547 -9.9701 1.2854 0.0407 0.5438
Truck 0.0000 0 0.0000 -1.0000 -1.0000 -1.0000 -1.0000 2.2994 2.4061 5.8784 -12.7221 -9.9379 1.3198 3.1269 0.5008
Truck 0.0000 0 0.0000 -1.0000 -1.0000 -1.0000 -1.0000 2.9478 3.5483 8.6840 34.3431 15.1224 1.5613 -3.1290 0.4056
Pedestrian 0.0000 0 0.0000 -1.0000 -1.0000 -1.0000 -1.0000 0.7009 1.6792 0.6453 -2.9033 29.1968 -0.0554 -0.0076 0.5160
Pedestrian 0.0000 0 0.0000 -1.0000 -1.0000 -1.0000 -1.0000 0.7211 1.6939 0.6785 -3.0742 28.2693 -0.1100 0.0112 0.3957
