Car 0.0000 0 0.0000 -1.0000 -1.0000 -1.0000 -1.0000 2.0243 1.4596 4.6263 -21.5241 -1.1633 0.6824 -0.0143 0.8259
Car 0.0000 0 0.0000 -1.0000 -1.0000 -1.0000 -1.0000 1.9393 1.4557 4.5608 5.4619 14.2807 0.3575 3.1377 0.7228
Car 0.0000 0 0.0000 -1.0000 -1.0000 -1.0000 -1.0000 1.9091 1.7219 4.4858 -25.1779 10.3923 0.4269 -0.0261 0.5219
Car 0.0000 0 0.0000 -1.0000 -1.0000 -1.0000 -1.0000 1.9212 1.5126 4.5450 -19.4872 7.4567 0.4962 -0.0034 0.4810
Car 0.0000 0 0.0000 -1.0000 -1.0000 -1.0000 -1.0000 1.8619 1.5175 4.4481 -32.1529 10.2366 0.2153 -3.0811 0.3311
Car 0.0000 0 0.0000 -1.0000 -1.0000 -1.0000 -1.0000 1.9814 1.5965 4.6313 -73.9916 4.2150 -0.8159 2.6607 0.3097
Truck 0.0000 0 0.0000 -1.0000 -1.0000 -1.0000 -1.0000 2.1361 2.1507 5.5297 -65.5197 -17.4816 0.4726 -1.3496 0.4676
Tricar 0.0000 0 0.0000 -1.0000 -1.0000 -1.0000 -1.0000 1.2411 1.8027 2.6316 18.6158 21.6566 0.3512 -3.1407 0.3469
Cyclist 0.0000 0 0.0000 -1.0000 -1.0000 -1.0000 -1.0000 0.7402 1.5704 1.7058 -50.8161 -26.9274 0.6824 -0.1950 0.4340
Cyclist 0.0000 0 0.0000 -1.0000 -1.0000 -1.0000 -1.0000 0.8290 1.6016 1.8193 -50.7898 -31.5327 0.7345 -0.1712 0.3092
Pedestrian 0.0000 0 0.0000 -1.0000 -1.0000 -1.0000 -1.0000 0.7140 1.7241 0.6590 -29.4636 -13.7957 0.9682 -2.9781 0.4285
