Car 0.0000 0 0.0000 -1.0000 -1.0000 -1.0000 -1.0000 2.0064 1.4650 4.5404 25.8776 3.0679 0.8438 -0.0245 0.8482
Car 0.0000 0 0.0000 -1.0000 -1.0000 -1.0000 -1.0000 2.1349 1.6371 4.7903 -12.0931 -3.1316 0.8171 -3.1193 0.8282
Car 0.0000 0 0.0000 -1.0000 -1.0000 -1.0000 -1.0000 2.0152 1.4382 4.5438 -39.7816 0.3733 0.5336 -3.0968 0.7186
Car 0.0000 0 0.0000 -1.0000 -1.0000 -1.0000 -1.0000 1.9697 1.8047 4.5743 -4.3388 12.4675 0.9157 3.1202 0.6479
Car 0.0000 0 0.0000 -1.0000 -1.0000 -1.0000 -1.0000 1.9162 1.5487 4.5234 -31.1101 12.3393 0.6138 0.1078 0.5648
Car 0.0000 0 0.0000 -1.0000 -1.0000 -1.0000 -1.0000 2.1449 2.3266 4.9861 62.7640 -0.4195 1.3529 3.0775 0.4920
Car 0.0000 0 0.0000 -1.0000 -1.0000 -1.0000 -1.0000 1.8828 1.4974 4.4249 -19.4713 8.6293 0.6943 -3.0668 0.4378
Car 0.0000 0 0.0000 -1.0000 -1.0000 -1.0000 -1.0000 1.9076 1.4997 4.4442 -60.4497 1.8321 0.4055 -3.1182 0.4294
Car 0.0000 0 0.0000 -1.0000 -1.0000 -1.0000 -1.0000 2.0111 1.8865 4.7197 66.5606 10.3336 1.0087 3.1121 0.4029
Car 0.0000 0 0.0000 -1.0000 -1.0000 -1.0000 -1.0000 1.9840 1.5404 4.6431 -82.9684 -0.8569 0.0604 -3.1129 0.3951
Car 0.0000 0 0.0000 -1.0000 -1.0000 -1.0000 -1.0000 2.0126 1.7536 4.6408 18.9921 9.6340 0.9449 0.0025 0.3543
