Car 0.0000 0 0.0000 -1.0000 -1.0000 -1.0000 -1.0000 2.0169 1.4495 4.6551 -20.1352 -1.3762 0.6873 -2.8168 0.8002
Car 0.0000 0 0.0000 -1.0000 -1.0000 -1.0000 -1.0000 1.9785 1.4456 4.5289 -4.8688 3.0273 0.6633 -3.1410 0.7810
Car 0.0000 0 0.0000 -1.0000 -1.0000 -1.0000 -1.0000 1.9037 1.4571 4.5363 -29.2022 12.1241 0.2849 -3.1374 0.6995
Car 0.0000 0 0.0000 -1.0000 -1.0000 -1.0000 -1.0000 1.9449 1.4543 4.5057 -34.7772 12.2329 0.2263 -3.1410 0.6742
Car 0.0000 0 0.0000 -1.0000 -1.0000 -1.0000 -1.0000 1.9310 1.4526 4.4329 13.9534 -9.9904 0.8222 -0.0320 0.6734
Car 0.0000 0 0.0000 -1.0000 -1.0000 -1.0000 -1.0000 1.9226 1.4699 4.5437 -8.3404 -9.7808 0.7167 -0.0456 0.6497
Car 0.0000 0 0.0000 -1.0000 -1.0000 -1.0000 -1.0000 1.9659 1.5002 4.6269 7.9685 11.6520 0.3082 3.1334 0.6450
Car 0.0000 0 0.0000 -1.0000 -1.0000 -1.0000 -1.0000 1.8805 1.4647 4.4958 -2.7783 -9.8898 0.7582 -0.0921 0.6261
Car 0.0000 0 0.0000 -1.0000 -1.0000 -1.0000 -1.0000 1.9330 1.5723 4.6096 -25.8165 -13.7069 0.8622 -1.7475 0.5412
Car 0.0000 0 0.0000 -1.0000 -1.0000 -1.0000 -1.0000 1.8083 1.4891 4.4561 2.7300 -10.0237 0.7850 -3.1311 0.4908
Car 0.0000 0 0.0000 -1.0000 -1.0000 -1.0000 -1.0000 1.8435 1.5496 4.3830 -3.5247 11.7134 0.3848 -3.1222 0.4691
Car 0.0000 0 0.0000 -1.0000 -1.0000 -1.0000 -1.0000 1.9589 1.4811 4.4806 -27.6226 -7.4407 0.7196 -2.5382 0.4618
Car 0.0000 0 0.0000 -1.0000 -1.0000 -1.0000 -1.0000 1.7782 1.4591 4.3212 24.2154 11.1259 0.2833 -3.1393 0.4248
Car 0.0000 0 0.0000 -1.0000 -1.0000 -1.0000 -1.0000 1.8207 1.6209 4.4692 -48.2032 12.1537 0.3000 -0.0384 0.3739
Car 0.0000 0 0.0000 -1.0000 -1.0000 -1.0000 -1.0000 1.8745 1.4780 4.5033 -22.7338 -16.3167 0.8206 -1.7192 0.3374
Cyclist 0.0000 0 0.0000 -1.0000 -1.0000 -1.0000 -1.0000 0.7337 1.5358 1.6922 -17.6654 7.8148 0.4957 0.1366 0.5503
Cyclist 0.0000 0 0.0000 -1.0000 -1.0000 -1.0000 -1.0000 0.8052 1.5812 1.7912 52.0547 13.8455 0.2665 3.1284 0.3375
Pedestrian 0.0000 0 0.0000 -1.0000 -1.0000 -1.0000 -1.0000 0.7026 1.6606 0.6833 31.8869 -10.8112 0.9337 3.0193 0.5523
Pedestrian 0.0000 0 0.0000 -1.0000 -1.0000 -1.0000 -1.0000 0.7082 1.7120 0.6366 60.0735 -14.1155 1.2752 3.0699 0.3675
Pedestrian 0.0000 0 0.0000 -1.0000 -1.0000 -1.0000 -1.0000 0.7101 1.6798 0.6893 19.3902 10.5055 0.3939 0.0050 0.3632
Pedestrian 0.0000 0 0.0000 -1.0000 -1.0000 -1.0000 -1.0000 0.6979 1.6651 0.6156 27.5056 10.1476 0.3935 0.0450 0.3605
Pedestrian 0.0000 0 0.0000 -1.0000 -1.0000 -1.0000 -1.0000 0.6834 1.6596 0.6258 4.7225 17.9708 0.4846 1.7084 0.3277
Pedestrian 0.0000 0 0.0000 -1.0000 -1.0000 -1.0000 -1.0000 0.6790 1.6638 0.5977 6.8662 22.5433 0.4605 -2.6828 0.3208
Pedestrian 0.0000 0 0.0000 -1.0000 -1.0000 -1.0000 -1.0000 0.7151 1.6766 0.6645 27.4648 9.2481 0.5227 0.0634 0.3092
