Car 0.0000 0 0.0000 -1.0000 -1.0000 -1.0000 -1.0000 1.9030 1.4732 4.5328 -8.2534 -11.1655 0.8577 1.6099 0.5899
Car 0.0000 0 0.0000 -1.0000 -1.0000 -1.0000 -1.0000 1.8974 1.4914 4.5456 33.2805 -10.6027 0.7463 -1.3843 0.5738
Car 0.0000 0 0.0000 -1.0000 -1.0000 -1.0000 -1.0000 1.9906 1.9740 4.6350 -3.5212 3.2025 0.9956 3.1255 0.5612
Car 0.0000 0 0.0000 -1.0000 -1.0000 -1.0000 -1.0000 1.9681 1.4604 4.4666 -28.4374 0.2311 0.8911 -3.1202 0.5504
Car 0.0000 0 0.0000 -1.0000 -1.0000 -1.0000 -1.0000 1.9561 1.8381 4.6067 29.6387 -11.1794 0.9308 -1.5409 0.5362
Car 0.0000 0 0.0000 -1.0000 -1.0000 -1.0000 -1.0000 1.8884 1.5144 4.4916 26.2744 -10.9539 0.7597 -1.5452 0.5288
Car 0.0000 0 0.0000 -1.0000 -1.0000 -1.0000 -1.0000 1.9408 1.6751 4.5935 -11.5963 -11.3476 1.0026 1.5954 0.4586
Car 0.0000 0 0.0000 -1.0000 -1.0000 -1.0000 -1.0000 1.8489 1.8042 4.4021 -5.2466 -10.9463 1.0116 1.6307 0.3669
Car 0.0000 0 0.0000 -1.0000 -1.0000 -1.0000 -1.0000 1.9027 1.7568 4.5412 -24.0744 14.2180 1.0134 0.0239 0.3091
Truck 0.0000 0 0.0000 -1.0000 -1.0000 -1.0000 -1.0000 2.2775 2.2194 5.9848 53.5424 3.3903 0.8872 0.0243 0.5312
Tricar 0.0000 0 0.0000 -1.0000 -1.0000 -1.0000 -1.0000 1.3431 1.7276 3.0834 -5.0716 -10.8124 1.0182 1.7728 0.3155
Cyclist 0.0000 0 0.0000 -1.0000 -1.0000 -1.0000 -1.0000 0.8121 1.5503 1.8240 -1.8615 -6.7023 0.7784 3.0906 0.5269
Pedestrian 0.0000 0 0.0000 -1.0000 -1.0000 -1.0000 -1.0000 0.6918 1.7197 0.6144 21.5306 -10.1706 1.0144 -3.1350 0.3204
