Car 0.0000 0 0.0000 -1.0000 -1.0000 -1.0000 -1.0000 2.0366 1.5884 4.5691 24.3841 4.1815 1.0231 -2.9969 0.7832
Car 0.0000 0 0.0000 -1.0000 -1.0000 -1.0000 -1.0000 2.2487 2.3728 5.1047 12.0943 -1.6344 1.3148 2.9353 0.7391
Car 0.0000 0 0.0000 -1.0000 -1.0000 -1.0000 -1.0000 1.9860 1.4677 4.5926 -40.3235 3.4606 0.3582 -0.0470 0.6757
Car 0.0000 0 0.0000 -1.0000 -1.0000 -1.0000 -1.0000 1.9683 1.7051 4.6307 20.7114 -14.9977 1.2682 -1.4053 0.6006
Car 0.0000 0 0.0000 -1.0000 -1.0000 -1.0000 -1.0000 1.9248 1.4460 4.4873 5.6963 2.9989 0.7505 3.0979 0.5988
Car 0.0000 0 0.0000 -1.0000 -1.0000 -1.0000 -1.0000 1.9849 1.8930 4.6916 -20.1037 3.0226 0.7671 0.0020 0.5759
Car 0.0000 0 0.0000 -1.0000 -1.0000 -1.0000 -1.0000 2.0022 1.4967 4.6301 -13.0928 -0.1234 0.6706 -0.0074 0.5743
Car 0.0000 0 0.0000 -1.0000 -1.0000 -1.0000 -1.0000 1.9439 1.5410 4.5498 70.8940 6.4458 1.3188 0.1174 0.5609
Car 0.0000 0 0.0000 -1.0000 -1.0000 -1.0000 -1.0000 1.9855 1.9641 4.7703 52.1121 6.6626 1.4239 0.1219 0.5340
Car 0.0000 0 0.0000 -1.0000 -1.0000 -1.0000 -1.0000 1.9537 1.5051 4.5769 68.5567 1.4653 1.3720 0.1975 0.5188
Car 0.0000 0 0.0000 -1.0000 -1.0000 -1.0000 -1.0000 1.8001 1.4710 4.3644 -12.0883 12.1272 0.4005 0.0190 0.4776
Car 0.0000 0 0.0000 -1.0000 -1.0000 -1.0000 -1.0000 1.8761 1.5108 4.6045 0.4938 11.9014 0.5088 0.0121 0.4768
Car 0.0000 0 0.0000 -1.0000 -1.0000 -1.0000 -1.0000 1.8919 1.6351 4.5582 -71.3174 -8.6399 0.2119 -0.0337 0.4532
Car 0.0000 0 0.0000 -1.0000 -1.0000 -1.0000 -1.0000 1.9124 1.7212 4.5496 25.0868 -20.5631 1.4303 1.5852 0.4521
Car 0.0000 0 0.0000 -1.0000 -1.0000 -1.0000 -1.0000 1.8444 1.4614 4.3924 -6.1642 14.3479 0.4477 -1.5263 0.4359
Cyclist 0.0000 0 0.0000 -1.0000 -1.0000 -1.0000 -1.0000 0.7809 1.5574 1.7587 20.5631 0.9092 0.9515 -2.8698 0.7350
Cyclist 0.0000 0 0.0000 -1.0000 -1.0000 -1.0000 -1.0000 0.7684 1.5573 1.7658 -7.3549 9.0296 0.5918 3.1406 0.5209
Cyclist 0.0000 0 0.0000 -1.0000 -1.0000 -1.0000 -1.0000 0.7986 1.5581 1.7391 47.4650 10.2550 1.0809 3.1090 0.4829
Cyclist 0.0000 0 0.0000 -1.0000 -1.0000 -1.0000 -1.0000 0.7397 1.3976 1.7474 -14.7675 -11.6877 0.7104 -0.9251 0.4655
Cyclist 0.0000 0 0.0000 -1.0000 -1.0000 -1.0000 -1.0000 0.7323 1.5463 1.6945 -29.0268 10.2477 0.3131 -3.1065 0.4521
Cyclist 0.0000 0 0.0000 -1.0000 -1.0000 -1.0000 -1.0000 0.7538 1.5658 1.7224 -32.2906 -5.9346 0.5208 3.1232 0.4459
Cyclist 0.0000 0 0.0000 -1.0000 -1.0000 -1.0000 -1.0000 0.7375 1.4282 1.7357 -10.4318 14.4146 0.4231 -3.1320 0.3565
Cyclist 0.0000 0 0.0000 -1.0000 -1.0000 -1.0000 -1.0000 0.6685 1.2202 1.6675 -18.4467 18.2777 0.2539 0.0750 0.3386
Cyclist 0.0000 0 0.0000 -1.0000 -1.0000 -1.0000 -1.0000 0.7050 1.1327 1.7360 -7.2758 -12.0817 0.7294 -1.3861 0.3198
Pedestrian 0.0000 0 0.0000 -1.0000 -1.0000 -1.0000 -1.0000 0.6821 1.6565 0.6390 37.2179 10.6269 1.0466 3.0088 0.6388
Pedestrian 0.0000 0 0.0000 -1.0000 -1.0000 -1.0000 -1.0000 0.6960 1.6985 0.6495 -28.0845 15.8702 0.5025 -3.0650 0.6204
Pedestrian 0.0000 0 0.0000 -1.0000 -1.0000 -1.0000 -1.0000 0.6986 1.6567 0.6636 -20.4471 -11.0925 0.7681 -2.0751 0.4874
Pedestrian 0.0000 0 0.0000 -1.0000 -1.0000 -1.0000 -1.0000 0.6937 1.5942 0.6450 14.5447 -13.0272 1.0236 -2.9444 0.4799
Pedestrian 0.0000 0 0.0000 -1.0000 -1.0000 -1.0000 -1.0000 0.6972 1.6760 0.6406 -46.2797 17.9469 0.4935 -0.1691 0.4747
Pedestrian 0.0000 0 0.0000 -1.0000 -1.0000 -1.0000 -1.0000 0.7386 1.7534 0.7267 29.3031 -8.4871 1.2904 0.8193 0.4645
Pedestrian 0.0000 0 0.0000 -1.0000 -1.0000 -1.0000 -1.0000 0.6858 1.6328 0.6111 -13.7618 17.8757 0.4923 2.9926 0.3821
