Car 0.0000 0 0.0000 -1.0000 -1.0000 -1.0000 -1.0000 2.0688 1.4591 4.6808 -13.9779 4.6170 0.5783 -3.1254 0.8222
Car 0.0000 0 0.0000 -1.0000 -1.0000 -1.0000 -1.0000 1.9465 1.5026 4.5074 -16.1328 15.5188 0.3034 -3.1069 0.7029
Car 0.0000 0 0.0000 -1.0000 -1.0000 -1.0000 -1.0000 2.0051 1.6083 4.6352 -17.2939 1.3272 0.6416 0.0665 0.6172
Car 0.0000 0 0.0000 -1.0000 -1.0000 -1.0000 -1.0000 2.0026 1.9139 4.7812 -2.4919 9.0484 0.9114 3.1402 0.5993
Car 0.0000 0 0.0000 -1.0000 -1.0000 -1.0000 -1.0000 2.0407 1.6534 4.6130 18.8733 5.6445 1.2090 0.0243 0.5627
Car 0.0000 0 0.0000 -1.0000 -1.0000 -1.0000 -1.0000 1.9331 1.5615 4.5429 46.2776 17.4843 1.1489 -3.0581 0.5122
Car 0.0000 0 0.0000 -1.0000 -1.0000 -1.0000 -1.0000 1.9378 1.6802 4.5783 13.6943 25.2771 0.8044 -1.5530 0.5062
Car 0.0000 0 0.0000 -1.0000 -1.0000 -1.0000 -1.0000 1.9372 1.8431 4.5366 35.8297 17.0146 1.3044 3.1297 0.4066
Car 0.0000 0 0.0000 -1.0000 -1.0000 -1.0000 -1.0000 1.9934 1.8789 4.7660 15.5404 35.4298 0.8790 -1.6674 0.4051
Car 0.0000 0 0.0000 -1.0000 -1.0000 -1.0000 -1.0000 1.9180 1.4924 4.5595 3.3728 23.1164 0.5789 -1.5891 0.3954
Car 0.0000 0 0.0000 -1.0000 -1.0000 -1.0000 -1.0000 1.9992 1.6262 4.7254 -82.8447 -1.0212 -0.3207 -0.0232 0.3416
Car 0.0000 0 0.0000 -1.0000 -1.0000 -1.0000 -1.0000 2.0678 2.1197 5.0287 50.6682 23.8471 1.7378 1.6435 0.3369
Car 0.0000 0 0.0000 -1.0000 -1.0000 -1.0000 -1.0000 1.9085 1.5273 4.5985 20.2922 25.2222 0.7239 -1.4807 0.3017
Car 0.0000 0 0.0000 -1.0000 -1.0000 -1.0000 -1.0000 1.8684 1.5689 4.3784 37.2331 12.4672 1.1928 0.0381 0.3015
Truck 0.0000 0 0.0000 -1.0000 -1.0000 -1.0000 -1.0000 2.7751 3.0366 10.2284 20.6313 0.5712 1.9093 0.0448 0.6644
Truck 0.0000 0 0.0000 -1.0000 -1.0000 -1.0000 -1.0000 2.4251 2.7005 6.0552 -49.5196 2.5527 0.7228 -3.0668 0.4646
Cyclist 0.0000 0 0.0000 -1.0000 -1.0000 -1.0000 -1.0000 0.7875 1.5050 1.7933 9.4022 14.2267 0.7175 3.0903 0.6000
Cyclist 0.0000 0 0.0000 -1.0000 -1.0000 -1.0000 -1.0000 0.7506 1.5401 1.7503 -23.7992 11.9079 0.2528 0.0789 0.5378
Cyclist 0.0000 0 0.0000 -1.0000 -1.0000 -1.0000 -1.0000 0.7136 1.4847 1.7116 -64.3720 -3.7078 -0.1458 -0.0294 0.4606
Cyclist 0.0000 0 0.0000 -1.0000 -1.0000 -1.0000 -1.0000 0.6578 1.2469 1.6645 18.5366 19.4247 0.6723 0.1979 0.3483
Pedestrian 0.0000 0 0.0000 -1.0000 -1.0000 -1.0000 -1.0000 0.7237 1.6493 0.6923 -25.6559 -5.2973 0.6257 0.0757 0.4397
Pedestrian 0.0000 0 0.0000 -1.0000 -1.0000 -1.0000 -1.0000 0.6847 1.6266 0.6093 29.1918 -2.4141 1.3660 0.0162 0.3050
