Car 0.0000 0 0.0000 -1.0000 -1.0000 -1.0000 -1.0000 2.0298 1.6161 4.6656 -27.2740 -3.3613 0.8733 -0.0045 0.8380
Car 0.0000 0 0.0000 -1.0000 -1.0000 -1.0000 -1.0000 1.9474 1.5054 4.5543 -4.4935 2.8051 0.6735 3.1351 0.7288
Car 0.0000 0 0.0000 -1.0000 -1.0000 -1.0000 -1.0000 1.9250 1.4450 4.4805 10.8274 -3.4458 0.7561 -0.0158 0.7218
Car 0.0000 0 0.0000 -1.0000 -1.0000 -1.0000 -1.0000 1.8833 1.4753 4.4335 -38.9181 -3.3696 0.7463 -3.1264 0.7149
Car 0.0000 0 0.0000 -1.0000 -1.0000 -1.0000 -1.0000 1.9679 1.5635 4.6000 -27.5065 4.0686 0.7511 -3.1316 0.6975
Car 0.0000 0 0.0000 -1.0000 -1.0000 -1.0000 -1.0000 1.9370 1.5020 4.5103 5.3530 -3.5520 0.8130 -0.0068 0.6763
Car 0.0000 0 0.0000 -1.0000 -1.0000 -1.0000 -1.0000 2.0660 1.5381 4.7421 -31.9093 -0.1273 0.8017 -0.0011 0.6695
Car 0.0000 0 0.0000 -1.0000 -1.0000 -1.0000 -1.0000 1.9281 1.5926 4.5051 56.1240 3.5553 0.5258 0.0938 0.5811
Car 0.0000 0 0.0000 -1.0000 -1.0000 -1.0000 -1.0000 2.0388 1.9044 4.7373 16.7253 -3.5105 0.9946 -3.1412 0.5377
Car 0.0000 0 0.0000 -1.0000 -1.0000 -1.0000 -1.0000 1.8973 1.5495 4.4720 32.7018 -3.0701 0.7623 -3.1314 0.5140
Car 0.0000 0 0.0000 -1.0000 -1.0000 -1.0000 -1.0000 1.8989 1.5331 4.5639 50.3098 -2.4670 0.6753 0.0042 0.4985
Car 0.0000 0 0.0000 -1.0000 -1.0000 -1.0000 -1.0000 1.9364 1.5417 4.5261 27.0952 -2.9529 0.7664 -3.1356 0.4977
Car 0.0000 0 0.0000 -1.0000 -1.0000 -1.0000 -1.0000 1.9289 1.5204 4.5617 0.1924 -3.5811 0.8014 3.1378 0.4917
Car 0.0000 0 0.0000 -1.0000 -1.0000 -1.0000 -1.0000 1.9708 1.4679 4.5905 42.6279 3.5897 0.5384 0.0309 0.4768
Car 0.0000 0 0.0000 -1.0000 -1.0000 -1.0000 -1.0000 1.8826 1.4735 4.4719 -33.7740 -3.2888 0.7347 -3.1396 0.4747
Car 0.0000 0 0.0000 -1.0000 -1.0000 -1.0000 -1.0000 1.8416 1.4775 4.4174 -44.6485 -3.3290 0.6536 -3.1241 0.4518
Car 0.0000 0 0.0000 -1.0000 -1.0000 -1.0000 -1.0000 2.3536 2.6758 5.4515 -5.6077 -3.3614 1.3673 0.0220 0.3276
Car 0.0000 0 0.0000 -1.0000 -1.0000 -1.0000 -1.0000 2.0235 1.8317 4.6434 21.8662 -3.1724 0.9493 -3.1368 0.3057
Cyclist 0.0000 0 0.0000 -1.0000 -1.0000 -1.0000 -1.0000 0.7886 1.6065 1.7393 -50.5039 -1.8209 0.8160 -0.0015 0.4057
Pedestrian 0.0000 0 0.0000 -1.0000 -1.0000 -1.0000 -1.0000 0.6962 1.6781 0.6306 61.9957 10.3339 0.4887 0.0483 0.4556
