Car 0.0000 0 0.0000 -1.0000 -1.0000 -1.0000 -1.0000 2.0351 1.5964 4.6471 38.7658 5.8541 0.9306 -0.0219 0.6819
Car 0.0000 0 0.0000 -1.0000 -1.0000 -1.0000 -1.0000 2.0870 1.6168 4.6581 34.6327 0.4496 1.0434 -0.0056 0.6179
Car 0.0000 0 0.0000 -1.0000 -1.0000 -1.0000 -1.0000 1.8961 1.4198 4.4852 -19.9203 6.1835 0.5770 -3.0403 0.6035
Car 0.0000 0 0.0000 -1.0000 -1.0000 -1.0000 -1.0000 1.9241 1.6012 4.5238 69.6293 -0.6837 1.3278 3.1156 0.5961
Car 0.0000 0 0.0000 -1.0000 -1.0000 -1.0000 -1.0000 1.9399 1.4304 4.5524 -14.4739 5.9504 0.6697 3.1193 0.5934
Car 0.0000 0 0.0000 -1.0000 -1.0000 -1.0000 -1.0000 1.9132 1.4604 4.5243 28.3814 6.0938 0.8040 -3.1017 0.5927
Car 0.0000 0 0.0000 -1.0000 -1.0000 -1.0000 -1.0000 1.9320 1.4771 4.5461 -17.9926 3.1804 0.6635 3.1358 0.5744
Car 0.0000 0 0.0000 -1.0000 -1.0000 -1.0000 -1.0000 2.0342 1.5022 4.6143 51.6156 4.5202 1.0822 3.0496 0.5600
Car 0.0000 0 0.0000 -1.0000 -1.0000 -1.0000 -1.0000 2.0225 1.5598 4.7273 -72.6424 -3.1611 0.6107 -0.0778 0.5283
Car 0.0000 0 0.0000 -1.0000 -1.0000 -1.0000 -1.0000 2.0754 1.6819 4.7415 -15.6967 0.5549 0.8124 -0.0020 0.4644
Car 0.0000 0 0.0000 -1.0000 -1.0000 -1.0000 -1.0000 1.8445 1.4078 4.3986 1.8043 5.9501 0.6515 -3.0830 0.4238
Car 0.0000 0 0.0000 -1.0000 -1.0000 -1.0000 -1.0000 1.8881 1.8758 4.5502 -53.6639 6.0595 0.5327 3.1189 0.4187
Car 0.0000 0 0.0000 -1.0000 -1.0000 -1.0000 -1.0000 1.8207 1.4669 4.4107 -35.7258 6.0919 0.4181 -3.1002 0.3970
Car 0.0000 0 0.0000 -1.0000 -1.0000 -1.0000 -1.0000 1.8870 1.4018 4.4769 8.2091 5.6111 0.7026 0.0196 0.3599
Car 0.0000 0 0.0000 -1.0000 -1.0000 -1.0000 -1.0000 1.8850 1.4676 4.4706 -45.6384 11.1479 0.2125 -1.7005 0.3550
Car 0.0000 0 0.0000 -1.0000 -1.0000 -1.0000 -1.0000 1.8992 1.8685 4.4233 20.3974 -9.4855 1.2182 1.5995 0.3547
Car 0.0000 0 0.0000 -1.0000 -1.0000 -1.0000 -1.0000 1.9410 1.5650 4.5964 22.7500 6.1065 0.7501 -3.0911 0.3509
Car 0.0000 0 0.0000 -1.0000 -1.0000 -1.0000 -1.0000 1.9240 1.6632 4.6416 73.0695 6.4740 1.7058 -0.0437 0.3454
Tricar 0.0000 0 0.0000 -1.0000 -1.0000 -1.0000 -1.0000 1.1112 1.5601 2.4721 -33.5785 3.5447 0.5525 -3.0747 0.3449
Cyclist 0.0000 0 0.0000 -1.0000 -1.0000 -1.0000 -1.0000 0.7176 1.5028 1.7049 -4.9633 3.0577 0.6816 3.1315 0.5633
Cyclist 0.0000 0 0.0000 -1.0000 -1.0000 -1.0000 -1.0000 0.7584 1.5129 1.7523 -16.1807 -2.4780 0.7253 -0.0245 0.5605
Cyclist 0.0000 0 0.0000 -1.0000 -1.0000 -1.0000 -1.0000 0.7246 1.4595 1.7330 14.9514 -4.7907 0.9309 -1.0967 0.5428
Cyclist 0.0000 0 0.0000 -1.0000 -1.0000 -1.0000 -1.0000 0.7344 1.4758 1.7302 -11.3483 3.0214 0.6729 3.1391 0.5257
Cyclist 0.0000 0 0.0000 -1.0000 -1.0000 -1.0000 -1.0000 0.7081 1.5352 1.6600 5.6014 3.0782 0.7562 0.0033 0.4974
Cyclist 0.0000 0 0.0000 -1.0000 -1.0000 -1.0000 -1.0000 0.7908 1.5726 1.7305 34.9776 -2.4364 1.0516 0.0248 0.4722
Cyclist 0.0000 0 0.0000 -1.0000 -1.0000 -1.0000 -1.0000 0.9279 1.5758 1.9838 -33.5002 3.4677 0.5409 0.0752 0.4689
Cyclist 0.0000 0 0.0000 -1.0000 -1.0000 -1.0000 -1.0000 0.7944 1.6757 1.7330 -30.0057 -3.0497 0.7503 0.0081 0.4266
Cyclist 0.0000 0 0.0000 -1.0000 -1.0000 -1.0000 -1.0000 0.6926 1.1377 1.6854 6.1846 8.7261 0.5982 -3.0404 0.4266
Cyclist 0.0000 0 0.0000 -1.0000 -1.0000 -1.0000 -1.0000 0.6681 1.1796 1.6320 8.1826 -4.5391 0.7409 2.1451 0.3868
Cyclist 0.0000 0 0.0000 -1.0000 -1.0000 -1.0000 -1.0000 0.7160 1.1499 1.7372 17.9301 6.9955 0.5800 1.1924 0.3480
Cyclist 0.0000 0 0.0000 -1.0000 -1.0000 -1.0000 -1.0000 0.7056 1.5208 1.6883 -31.5317 8.0391 0.4200 -0.0097 0.3452
Cyclist 0.0000 0 0.0000 -1.0000 -1.0000 -1.0000 -1.0000 0.7712 1.2707 1.8362 -22.3903 -4.5620 0.6016 -0.0836 0.3368
Cyclist 0.0000 0 0.0000 -1.0000 -1.0000 -1.0000 -1.0000 0.6884 1.0978 1.6928 11.7397 -5.0243 0.7611 -1.0040 0.3367
Cyclist 0.0000 0 0.0000 -1.0000 -1.0000 -1.0000 -1.0000 0.6945 1.0907 1.6984 -18.7077 10.9512 0.5302 1.8171 0.3310
Cyclist 0.0000 0 0.0000 -1.0000 -1.0000 -1.0000 -1.0000 0.6751 1.0636 1.6714 3.3167 10.7473 0.5594 -0.1228 0.3284
Cyclist 0.0000 0 0.0000 -1.0000 -1.0000 -1.0000 -1.0000 0.6616 1.1712 1.6175 31.7952 -4.1114 0.8273 2.2794 0.3069
Cyclist 0.0000 0 0.0000 -1.0000 -1.0000 -1.0000 -1.0000 0.7754 1.5693 1.7465 -37.7247 -3.1443 0.6673 3.0834 0.3008
Pedestrian 0.0000 0 0.0000 -1.0000 -1.0000 -1.0000 -1.0000 0.6722 1.6666 0.6046 19.6353 5.1087 0.8860 3.0828 0.6392
Pedestrian 0.0000 0 0.0000 -1.0000 -1.0000 -1.0000 -1.0000 0.6837 1.6075 0.6355 8.1686 -6.8645 1.0196 2.6678 0.5535
Pedestrian 0.0000 0 0.0000 -1.0000 -1.0000 -1.0000 -1.0000 0.7026 1.6774 0.6486 -40.4496 -2.7805 0.7157 3.1103 0.4579
Pedestrian 0.0000 0 0.0000 -1.0000 -1.0000 -1.0000 -1.0000 0.7020 1.6271 0.6507 -37.6275 -3.1960 0.6823 -3.1343 0.3392
Pedestrian 0.0000 0 0.0000 -1.0000 -1.0000 -1.0000 -1.0000 0.6590 1.6582 0.5679 12.2921 14.5028 1.1656 0.8178 0.3031
