Car 0.0000 0 0.0000 -1.0000 -1.0000 -1.0000 -1.0000 1.9737 1.4930 4.5509 33.7927 -8.3510 0.7341 0.0342 0.7742
Car 0.0000 0 0.0000 -1.0000 -1.0000 -1.0000 -1.0000 2.0935 1.5467 4.6774 -31.0027 -0.5581 0.8638 -0.0182 0.7647
Car 0.0000 0 0.0000 -1.0000 -1.0000 -1.0000 -1.0000 2.0346 1.6869 4.6005 -4.2451 -3.2950 0.8744 -0.0115 0.7517
Car 0.0000 0 0.0000 -1.0000 -1.0000 -1.0000 -1.0000 1.9847 1.4752 4.5758 20.6235 10.3374 0.5908 0.0080 0.7420
Car 0.0000 0 0.0000 -1.0000 -1.0000 -1.0000 -1.0000 1.9204 1.4817 4.5293 -2.4812 10.2955 0.5996 0.0285 0.7316
Car 0.0000 0 0.0000 -1.0000 -1.0000 -1.0000 -1.0000 1.9697 1.4823 4.5363 41.4957 -5.2704 0.7611 3.1309 0.6758
Car 0.0000 0 0.0000 -1.0000 -1.0000 -1.0000 -1.0000 1.9535 1.4673 4.5461 39.3513 12.9563 0.5115 3.1313 0.6698
Car 0.0000 0 0.0000 -1.0000 -1.0000 -1.0000 -1.0000 1.9763 1.5994 4.5874 57.5642 0.5787 0.8993 3.1189 0.6615
Car 0.0000 0 0.0000 -1.0000 -1.0000 -1.0000 -1.0000 1.9399 1.5438 4.5992 -31.6077 17.9795 0.5010 -0.0911 0.6537
Car 0.0000 0 0.0000 -1.0000 -1.0000 -1.0000 -1.0000 1.9970 1.6047 4.7144 58.5236 -5.3912 0.8603 3.1374 0.6046
Car 0.0000 0 0.0000 -1.0000 -1.0000 -1.0000 -1.0000 1.9593 1.4530 4.5904 24.5832 15.4618 0.4076 3.1083 0.5700
Car 0.0000 0 0.0000 -1.0000 -1.0000 -1.0000 -1.0000 1.9356 1.5305 4.5440 69.6931 -2.4873 0.8443 3.1322 0.5632
Car 0.0000 0 0.0000 -1.0000 -1.0000 -1.0000 -1.0000 1.9558 1.5851 4.5550 15.5083 17.1007 0.4855 0.0006 0.4861
Car 0.0000 0 0.0000 -1.0000 -1.0000 -1.0000 -1.0000 1.8900 1.4883 4.4632 0.4167 13.4663 0.5428 0.0185 0.4375
Car 0.0000 0 0.0000 -1.0000 -1.0000 -1.0000 -1.0000 1.8569 1.6187 4.4613 -0.8982 16.7636 0.5531 0.0079 0.4253
Car 0.0000 0 0.0000 -1.0000 -1.0000 -1.0000 -1.0000 1.9678 1.6278 4.6826 41.0650 9.2381 0.7237 3.1176 0.3968
Car 0.0000 0 0.0000 -1.0000 -1.0000 -1.0000 -1.0000 1.9690 1.4839 4.6622 -62.2306 -6.1649 0.8094 -0.0231 0.3633
Car 0.0000 0 0.0000 -1.0000 -1.0000 -1.0000 -1.0000 1.8059 1.4994 4.3225 -28.5440 14.4287 0.5585 -0.0158 0.3175
Truck 0.0000 0 0.0000 -1.0000 -1.0000 -1.0000 -1.0000 1.9062 1.9238 4.7952 27.6364 -4.7555 1.0064 0.0071 0.4461
Truck 0.0000 0 0.0000 -1.0000 -1.0000 -1.0000 -1.0000 2.3844 2.2627 6.5445 7.4552 -5.5765 1.1193 3.0419 0.4015
Truck 0.0000 0 0.0000 -1.0000 -1.0000 -1.0000 -1.0000 2.7043 3.0016 8.1286 71.3162 -10.3231 2.0110 0.0003 0.3413
Truck 0.0000 0 0.0000 -1.0000 -1.0000 -1.0000 -1.0000 2.0601 2.1511 5.0942 72.1331 -6.2162 1.2980 3.1290 0.3288
