Car 0.0000 0 0.0000 -1.0000 -1.0000 -1.0000 -1.0000 1.9906 1.4622 4.5682 2.9871 -5.0375 0.7910 -0.0557 0.8190
Car 0.0000 0 0.0000 -1.0000 -1.0000 -1.0000 -1.0000 1.9565 1.4172 4.5430 -25.4160 -4.7367 0.7478 3.1325 0.8174
Car 0.0000 0 0.0000 -1.0000 -1.0000 -1.0000 -1.0000 1.9665 1.4238 4.5411 -8.9291 -4.8376 0.7560 3.1411 0.8107
Car 0.0000 0 0.0000 -1.0000 -1.0000 -1.0000 -1.0000 1.9713 1.4460 4.5178 44.8444 13.8887 0.5751 3.0708 0.7986
Car 0.0000 0 0.0000 -1.0000 -1.0000 -1.0000 -1.0000 1.9815 1.4402 4.5672 23.9243 15.6530 0.4592 3.0978 0.7698
Car 0.0000 0 0.0000 -1.0000 -1.0000 -1.0000 -1.0000 1.9328 1.4496 4.5514 -14.0960 16.0689 0.3912 -0.0500 0.7249
Car 0.0000 0 0.0000 -1.0000 -1.0000 -1.0000 -1.0000 1.9557 1.4981 4.5778 4.4110 16.0078 0.4545 3.0957 0.7184
Car 0.0000 0 0.0000 -1.0000 -1.0000 -1.0000 -1.0000 1.8970 1.4314 4.4808 -44.1949 16.2138 0.4253 3.1184 0.7083
Car 0.0000 0 0.0000 -1.0000 -1.0000 -1.0000 -1.0000 2.0346 1.4748 4.6614 -50.5723 -4.0296 0.8612 -0.0354 0.7065
Car 0.0000 0 0.0000 -1.0000 -1.0000 -1.0000 -1.0000 1.8613 1.4448 4.4225 -23.6470 16.2289 0.3462 -0.0227 0.6922
Car 0.0000 0 0.0000 -1.0000 -1.0000 -1.0000 -1.0000 2.0037 1.5835 4.7179 57.4364 -2.7304 0.9915 3.0192 0.6494
Car 0.0000 0 0.0000 -1.0000 -1.0000 -1.0000 -1.0000 1.9441 1.4422 4.4802 39.7860 -3.9459 0.8245 -3.0274 0.6285
Car 0.0000 0 0.0000 -1.0000 -1.0000 -1.0000 -1.0000 1.9506 1.5123 4.5090 -51.3969 16.4902 0.5051 -3.1339 0.6280
Car 0.0000 0 0.0000 -1.0000 -1.0000 -1.0000 -1.0000 1.9049 1.4584 4.4302 -32.2128 -4.5121 0.7626 0.0180 0.6015
Car 0.0000 0 0.0000 -1.0000 -1.0000 -1.0000 -1.0000 1.9386 1.4888 4.5715 -80.7893 17.0113 0.8771 -0.0195 0.5301
Car 0.0000 0 0.0000 -1.0000 -1.0000 -1.0000 -1.0000 1.8829 1.4878 4.5090 70.9794 12.9107 0.6883 3.0362 0.4419
