Car 0.0000 0 0.0000 -1.0000 -1.0000 -1.0000 -1.0000 1.9211 1.4839 4.5031 29.1716 -6.7010 0.6965 0.0532 0.7793
Car 0.0000 0 0.0000 -1.0000 -1.0000 -1.0000 -1.0000 2.0749 1.8950 4.6747 -3.2319 -6.5149 0.9368 -0.2360 0.7787
Car 0.0000 0 0.0000 -1.0000 -1.0000 -1.0000 -1.0000 2.0160 1.4515 4.6016 -40.6084 -3.2775 0.9307 -3.1386 0.7573
Car 0.0000 0 0.0000 -1.0000 -1.0000 -1.0000 -1.0000 1.9585 1.7132 4.5330 -16.4191 11.0927 0.7428 -0.0008 0.6357
Car 0.0000 0 0.0000 -1.0000 -1.0000 -1.0000 -1.0000 1.9967 1.4532 4.6091 -11.5627 -2.6743 0.7428 3.1205 0.5940
Car 0.0000 0 0.0000 -1.0000 -1.0000 -1.0000 -1.0000 1.9695 1.4970 4.4923 23.8940 -7.3864 0.7612 2.4126 0.4958
Car 0.0000 0 0.0000 -1.0000 -1.0000 -1.0000 -1.0000 2.1054 1.6930 4.7129 -32.1969 0.1995 0.9784 -0.0044 0.4464
Car 0.0000 0 0.0000 -1.0000 -1.0000 -1.0000 -1.0000 1.9100 1.5571 4.5999 66.2137 -0.5487 0.8166 0.0961 0.4129
Car 0.0000 0 0.0000 -1.0000 -1.0000 -1.0000 -1.0000 1.9243 1.6399 4.6404 -50.2185 29.3805 0.5524 -1.4958 0.3098
Truck 0.0000 0 0.0000 -1.0000 -1.0000 -1.0000 -1.0000 2.5048 2.5132 6.4858 23.8333 -22.5752 1.4108 1.1036 0.6050
Truck 0.0000 0 0.0000 -1.0000 -1.0000 -1.0000 -1.0000 3.0217 3.8036 12.9878 16.5280 -30.2567 2.3295 1.7329 0.5551
Truck 0.0000 0 0.0000 -1.0000 -1.0000 -1.0000 -1.0000 2.6145 2.9360 6.7268 30.9244 -13.1419 1.4221 -2.9869 0.4042
Tricar 0.0000 0 0.0000 -1.0000 -1.0000 -1.0000 -1.0000 1.3777 1.6803 3.5478 23.2962 19.7368 0.3806 -3.0926 0.6414
Cyclist 0.0000 0 0.0000 -1.0000 -1.0000 -1.0000 -1.0000 0.6990 1.5030 1.6729 10.9631 -9.9300 0.7648 2.8780 0.6562
Cyclist 0.0000 0 0.0000 -1.0000 -1.0000 -1.0000 -1.0000 0.7164 1.5085 1.7012 17.9051 10.9651 0.5735 -2.2897 0.5971
Cyclist 0.0000 0 0.0000 -1.0000 -1.0000 -1.0000 -1.0000 0.7809 1.5358 1.7878 -13.1556 -12.0769 0.7279 -0.0977 0.4237
Cyclist 0.0000 0 0.0000 -1.0000 -1.0000 -1.0000 -1.0000 0.7334 1.5171 1.7061 0.6563 -11.4027 0.7940 -0.2143 0.4179
Cyclist 0.0000 0 0.0000 -1.0000 -1.0000 -1.0000 -1.0000 0.7684 1.6032 1.7584 24.3171 -14.1247 0.8468 2.1506 0.3664
Cyclist 0.0000 0 0.0000 -1.0000 -1.0000 -1.0000 -1.0000 0.7662 1.5788 1.7227 52.9200 14.4636 0.4475 3.1302 0.3523
