Car 0.0000 0 0.0000 -1.0000 -1.0000 -1.0000 -1.0000 1.9581 1.4776 4.5729 0.8605 6.4596 0.6817 0.1003 0.8326
Car 0.0000 0 0.0000 -1.0000 -1.0000 -1.0000 -1.0000 1.9722 1.4601 4.5807 -6.6079 6.5876 0.6612 -0.0130 0.8121
Car 0.0000 0 0.0000 -1.0000 -1.0000 -1.0000 -1.0000 2.0176 1.5795 4.6595 -6.1282 3.1929 0.7427 0.0289 0.7890
Car 0.0000 0 0.0000 -1.0000 -1.0000 -1.0000 -1.0000 2.0034 1.4629 4.5750 -10.2126 0.6731 0.6596 -0.1628 0.7789
Car 0.0000 0 0.0000 -1.0000 -1.0000 -1.0000 -1.0000 1.9503 1.4173 4.4859 -1.5341 -5.2732 0.6845 0.3894 0.7778
Car 0.0000 0 0.0000 -1.0000 -1.0000 -1.0000 -1.0000 1.9690 1.5067 4.5413 4.5813 3.5541 0.7439 0.1542 0.6992
Car 0.0000 0 0.0000 -1.0000 -1.0000 -1.0000 -1.0000 1.9660 1.4336 4.5650 13.5865 4.8751 0.6229 0.2416 0.6383
Car 0.0000 0 0.0000 -1.0000 -1.0000 -1.0000 -1.0000 1.9095 1.5662 4.4424 33.5885 10.8898 0.4874 3.0766 0.6373
Car 0.0000 0 0.0000 -1.0000 -1.0000 -1.0000 -1.0000 1.9053 1.6565 4.4522 30.7549 7.4907 0.5619 3.1416 0.5485
Car 0.0000 0 0.0000 -1.0000 -1.0000 -1.0000 -1.0000 1.8900 1.4276 4.4414 11.3665 -4.1556 0.6807 0.2723 0.4540
Car 0.0000 0 0.0000 -1.0000 -1.0000 -1.0000 -1.0000 1.9437 1.5086 4.5878 -29.2610 -34.1945 0.6590 0.6386 0.4275
Car 0.0000 0 0.0000 -1.0000 -1.0000 -1.0000 -1.0000 2.3999 2.5368 5.5045 -26.1785 5.5008 1.2307 -0.4317 0.4151
Car 0.0000 0 0.0000 -1.0000 -1.0000 -1.0000 -1.0000 1.9654 1.4704 4.5630 24.6420 10.6539 0.4296 -3.0395 0.4124
Car 0.0000 0 0.0000 -1.0000 -1.0000 -1.0000 -1.0000 1.9664 1.7319 4.7509 -19.6140 2.6626 0.7906 -0.3157 0.3746
Car 0.0000 0 0.0000 -1.0000 -1.0000 -1.0000 -1.0000 1.9439 2.0435 4.5142 7.1237 8.1211 0.8652 0.0792 0.3558
Car 0.0000 0 0.0000 -1.0000 -1.0000 -1.0000 -1.0000 1.8750 1.4609 4.4642 -0.3591 9.2144 0.6695 -2.9973 0.3539
Car 0.0000 0 0.0000 -1.0000 -1.0000 -1.0000 -1.0000 1.9058 1.3984 4.4475 7.4806 0.0089 0.6972 0.2218 0.3354
Car 0.0000 0 0.0000 -1.0000 -1.0000 -1.0000 -1.0000 1.8989 1.5663 4.4800 15.1789 9.4143 0.5685 0.1738 0.3027
Truck 0.0000 0 0.0000 -1.0000 -1.0000 -1.0000 -1.0000 2.9649 4.0310 11.6693 16.7348 1.0663 2.0146 0.2834 0.6032
Truck 0.0000 0 0.0000 -1.0000 -1.0000 -1.0000 -1.0000 3.0064 3.5582 9.7700 -18.4279 6.2486 1.8052 -0.3914 0.5144
Truck 0.0000 0 0.0000 -1.0000 -1.0000 -1.0000 -1.0000 1.9130 1.9565 4.7034 7.2909 8.2878 0.7577 0.1213 0.3168
