Car 0.0000 0 0.0000 -1.0000 -1.0000 -1.0000 -1.0000 2.0372 1.4659 4.6011 29.4298 2.4322 0.8803 3.1093 0.8235
Car 0.0000 0 0.0000 -1.0000 -1.0000 -1.0000 -1.0000 2.0512 1.6857 4.6698 -43.1740 -4.3589 0.8373 0.0029 0.7685
Car 0.0000 0 0.0000 -1.0000 -1.0000 -1.0000 -1.0000 1.8942 1.5059 4.4396 20.3932 17.5946 -0.2565 3.1386 0.6968
Car 0.0000 0 0.0000 -1.0000 -1.0000 -1.0000 -1.0000 1.9858 1.4638 4.5825 -15.4397 3.2720 0.7120 3.1257 0.6743
Car 0.0000 0 0.0000 -1.0000 -1.0000 -1.0000 -1.0000 2.1208 1.7055 4.7902 -13.4854 -4.4703 0.8704 -0.0104 0.6611
Car 0.0000 0 0.0000 -1.0000 -1.0000 -1.0000 -1.0000 2.0425 1.6007 4.6078 7.7306 2.9493 0.8341 -0.0181 0.5662
Car 0.0000 0 0.0000 -1.0000 -1.0000 -1.0000 -1.0000 1.9174 1.5362 4.5255 -22.5958 17.9434 -0.4800 3.1147 0.4987
Car 0.0000 0 0.0000 -1.0000 -1.0000 -1.0000 -1.0000 2.0060 1.6388 4.7077 78.4147 -0.9051 1.1423 0.0015 0.4859
Car 0.0000 0 0.0000 -1.0000 -1.0000 -1.0000 -1.0000 2.0083 1.7370 4.7239 -30.8311 21.3021 -0.3373 3.1231 0.4776
Car 0.0000 0 0.0000 -1.0000 -1.0000 -1.0000 -1.0000 2.0740 1.5595 4.7049 68.6720 -4.1475 1.2012 -3.1237 0.4660
Car 0.0000 0 0.0000 -1.0000 -1.0000 -1.0000 -1.0000 2.0781 1.7001 4.7826 -55.2855 3.7277 0.7986 -3.1200 0.3851
Car 0.0000 0 0.0000 -1.0000 -1.0000 -1.0000 -1.0000 2.0083 1.7318 4.7368 -69.4750 0.2623 0.8896 0.0538 0.3693
Car 0.0000 0 0.0000 -1.0000 -1.0000 -1.0000 -1.0000 2.1808 2.0508 5.1339 -31.2016 37.0535 -0.0631 3.1242 0.3298
Truck 0.0000 0 0.0000 -1.0000 -1.0000 -1.0000 -1.0000 2.9596 3.1897 11.5599 -20.1275 33.6335 0.3650 -0.0262 0.5957
Truck 0.0000 0 0.0000 -1.0000 -1.0000 -1.0000 -1.0000 2.4448 2.4059 6.7940 -58.1169 21.6726 -0.3506 -0.0241 0.3138
Truck 0.0000 0 0.0000 -1.0000 -1.0000 -1.0000 -1.0000 2.2273 2.2920 5.8643 20.8912 21.2301 0.0443 -0.0136 0.3053
