Car 0.0000 0 0.0000 -1.0000 -1.0000 -1.0000 -1.0000 2.0402 1.6772 4.6452 -14.7963 3.2857 0.8315 -3.1020 0.7604
Car 0.0000 0 0.0000 -1.0000 -1.0000 -1.0000 -1.0000 1.9677 1.5426 4.5819 65.7304 -4.6505 0.9986 2.9543 0.7479
Car 0.0000 0 0.0000 -1.0000 -1.0000 -1.0000 -1.0000 1.9640 1.6980 4.5658 -13.7494 12.7039 0.7530 -0.0144 0.4962
Car 0.0000 0 0.0000 -1.0000 -1.0000 -1.0000 -1.0000 1.9478 1.6680 4.5211 30.8533 10.4262 0.8662 3.0844 0.4741
Car 0.0000 0 0.0000 -1.0000 -1.0000 -1.0000 -1.0000 1.9652 1.5450 4.5768 4.6107 9.2297 0.7289 -0.0117 0.4236
Car 0.0000 0 0.0000 -1.0000 -1.0000 -1.0000 -1.0000 1.8871 1.5216 4.4797 -31.5511 8.5726 0.6276 -3.0599 0.3700
Car 0.0000 0 0.0000 -1.0000 -1.0000 -1.0000 -1.0000 1.9245 1.4953 4.5144 -11.8365 9.4725 0.6553 0.0220 0.3272
Truck 0.0000 0 0.0000 -1.0000 -1.0000 -1.0000 -1.0000 2.2308 2.1629 5.8047 -51.2321 -1.5171 1.0611 -3.0152 0.4987
Truck 0.0000 0 0.0000 -1.0000 -1.0000 -1.0000 -1.0000 2.9989 3.6335 9.8345 -42.3879 11.6076 1.7225 -3.1085 0.4662
Cyclist 0.0000 0 0.0000 -1.0000 -1.0000 -1.0000 -1.0000 0.8228 1.5319 1.8538 17.9113 14.7485 0.7663 3.0839 0.5173
