Car 0.0000 0 0.0000 -1.0000 -1.0000 -1.0000 -1.0000 2.0258 1.6048 4.6140 -16.6387 6.7544 0.8563 -3.1329 0.8258
Car 0.0000 0 0.0000 -1.0000 -1.0000 -1.0000 -1.0000 2.0882 1.5111 4.7144 26.3399 0.4293 0.7897 0.0147 0.7521
Car 0.0000 0 0.0000 -1.0000 -1.0000 -1.0000 -1.0000 2.0239 1.5067 4.6799 -15.8871 1.6138 0.7821 3.1380 0.7488
Car 0.0000 0 0.0000 -1.0000 -1.0000 -1.0000 -1.0000 1.9758 1.6402 4.6449 23.9156 18.3415 0.7060 0.0500 0.6643
Car 0.0000 0 0.0000 -1.0000 -1.0000 -1.0000 -1.0000 1.9397 1.4912 4.5625 33.4183 -10.7597 0.6714 -0.0713 0.6556
Car 0.0000 0 0.0000 -1.0000 -1.0000 -1.0000 -1.0000 1.9155 1.5692 4.6087 -43.3531 -10.8960 0.8461 -1.6038 0.5243
Car 0.0000 0 0.0000 -1.0000 -1.0000 -1.0000 -1.0000 1.9096 1.4698 4.5709 -36.7924 -10.2940 0.7303 -1.5535 0.4685
Car 0.0000 0 0.0000 -1.0000 -1.0000 -1.0000 -1.0000 1.8707 1.4975 4.4592 35.4609 18.7663 0.6764 3.1144 0.4465
Car 0.0000 0 0.0000 -1.0000 -1.0000 -1.0000 -1.0000 1.9259 1.8145 4.6227 -37.6358 21.6586 1.0765 1.4887 0.4373
Car 0.0000 0 0.0000 -1.0000 -1.0000 -1.0000 -1.0000 1.8690 1.4966 4.5365 54.3676 10.0039 0.7690 3.1237 0.3985
Car 0.0000 0 0.0000 -1.0000 -1.0000 -1.0000 -1.0000 1.9224 1.7168 4.6090 42.6039 21.9534 0.8980 1.4295 0.3847
Car 0.0000 0 0.0000 -1.0000 -1.0000 -1.0000 -1.0000 1.8760 1.4359 4.4989 -2.1195 -10.6339 0.6673 -1.5494 0.3795
Car 0.0000 0 0.0000 -1.0000 -1.0000 -1.0000 -1.0000 1.8935 1.5233 4.6182 -52.3622 -10.4503 0.9972 1.4268 0.3715
Car 0.0000 0 0.0000 -1.0000 -1.0000 -1.0000 -1.0000 1.8805 1.6497 4.5588 35.2596 -2.9071 0.8909 3.0597 0.3171
Car 0.0000 0 0.0000 -1.0000 -1.0000 -1.0000 -1.0000 1.8999 1.5283 4.5263 41.5372 17.7059 0.6377 -0.0047 0.3154
Car 0.0000 0 0.0000 -1.0000 -1.0000 -1.0000 -1.0000 1.8627 1.5156 4.5587 -48.4851 -10.9168 0.8794 1.5469 0.3055
Car 0.0000 0 0.0000 -1.0000 -1.0000 -1.0000 -1.0000 1.9555 1.8284 4.6637 38.5081 22.7697 1.0207 1.3106 0.3031
Truck 0.0000 0 0.0000 -1.0000 -1.0000 -1.0000 -1.0000 2.2749 2.2368 5.9570 -24.8559 -0.3593 1.1674 -0.0092 0.5259
Truck 0.0000 0 0.0000 -1.0000 -1.0000 -1.0000 -1.0000 2.4721 2.4161 6.6684 -3.0716 3.3222 1.2884 0.0077 0.4997
Truck 0.0000 0 0.0000 -1.0000 -1.0000 -1.0000 -1.0000 2.5507 3.1728 6.1893 58.8657 6.4730 1.7359 3.1109 0.4746
Truck 0.0000 0 0.0000 -1.0000 -1.0000 -1.0000 -1.0000 2.4757 2.4019 7.1040 -42.7001 1.2236 1.2562 0.0271 0.3769
Tricar 0.0000 0 0.0000 -1.0000 -1.0000 -1.0000 -1.0000 1.4252 1.7248 3.3521 -44.0540 14.4603 0.9177 3.0174 0.4410
Tricar 0.0000 0 0.0000 -1.0000 -1.0000 -1.0000 -1.0000 1.2801 1.6055 3.0258 -25.8230 -12.8337 0.8390 -2.9711 0.3574
Cyclist 0.0000 0 0.0000 -1.0000 -1.0000 -1.0000 -1.0000 0.7498 1.5426 1.7314 -9.1510 -5.2243 0.7228 3.1131 0.6179
Cyclist 0.0000 0 0.0000 -1.0000 -1.0000 -1.0000 -1.0000 0.7428 1.5316 1.7133 -20.0823 -5.4890 0.7531 0.0167 0.6098
Cyclist 0.0000 0 0.0000 -1.0000 -1.0000 -1.0000 -1.0000 0.7234 1.5097 1.7438 1.2002 -12.4292 0.7664 -1.6443 0.3720
Cyclist 0.0000 0 0.0000 -1.0000 -1.0000 -1.0000 -1.0000 0.6624 1.3067 1.6445 -10.4632 -13.5323 0.7445 -0.3870 0.3413
Cyclist 0.0000 0 0.0000 -1.0000 -1.0000 -1.0000 -1.0000 0.7031 1.4250 1.7266 -16.4809 -10.2361 0.7075 1.4612 0.3211
Cyclist 0.0000 0 0.0000 -1.0000 -1.0000 -1.0000 -1.0000 0.7208 1.4501 1.7779 -14.1807 -10.6999 0.7075 -1.6808 0.3152
