Car 0.0000 0 0.0000 -1.0000 -1.0000 -1.0000 -1.0000 2.1428 1.7594 4.8116 -20.1436 1.3188 0.8960 -0.0103 0.8159
Car 0.0000 0 0.0000 -1.0000 -1.0000 -1.0000 -1.0000 2.0161 1.4616 4.6099 19.6315 10.1468 0.5225 -0.0116 0.7942
Car 0.0000 0 0.0000 -1.0000 -1.0000 -1.0000 -1.0000 2.0002 1.4442 4.6130 40.8464 6.2327 0.6914 0.0082 0.7859
Car 0.0000 0 0.0000 -1.0000 -1.0000 -1.0000 -1.0000 1.9844 1.4787 4.6099 -28.2217 7.3677 0.7258 3.1387 0.7058
Car 0.0000 0 0.0000 -1.0000 -1.0000 -1.0000 -1.0000 2.0101 1.6982 4.6060 -33.8085 0.8561 0.9273 3.0381 0.6860
Car 0.0000 0 0.0000 -1.0000 -1.0000 -1.0000 -1.0000 1.9558 1.6849 4.5794 -47.1442 0.4783 0.9734 3.0343 0.5833
Car 0.0000 0 0.0000 -1.0000 -1.0000 -1.0000 -1.0000 2.0334 1.5041 4.6223 22.7733 0.0683 0.7867 -0.0052 0.5384
Car 0.0000 0 0.0000 -1.0000 -1.0000 -1.0000 -1.0000 1.9421 1.5782 4.6291 69.9093 -0.3900 0.9340 3.1138 0.3326
Cyclist 0.0000 0 0.0000 -1.0000 -1.0000 -1.0000 -1.0000 0.8269 1.6017 1.7771 -8.5196 -8.8102 0.7951 3.1282 0.5492
Cyclist 0.0000 0 0.0000 -1.0000 -1.0000 -1.0000 -1.0000 0.7617 1.5832 1.7169 37.8818 -10.0706 0.8288 -3.1339 0.5456
