Car 0.0000 0 0.0000 -1.0000 -1.0000 -1.0000 -1.0000 1.9762 1.4213 4.4937 -6.9645 3.0092 0.7459 -3.0989 0.8332
Car 0.0000 0 0.0000 -1.0000 -1.0000 -1.0000 -1.0000 2.0036 1.4578 4.6396 -29.6361 -0.4265 0.7157 0.0125 0.7559
Car 0.0000 0 0.0000 -1.0000 -1.0000 -1.0000 -1.0000 1.9725 1.4411 4.5360 20.7678 3.2754 0.8890 -0.0047 0.6839
Car 0.0000 0 0.0000 -1.0000 -1.0000 -1.0000 -1.0000 1.9762 1.6692 4.5246 11.1334 -0.4645 0.9269 0.0210 0.6766
Car 0.0000 0 0.0000 -1.0000 -1.0000 -1.0000 -1.0000 1.9347 1.4309 4.4891 -18.8042 1.4614 0.6829 0.0194 0.6708
Car 0.0000 0 0.0000 -1.0000 -1.0000 -1.0000 -1.0000 1.8904 1.4439 4.5134 -29.9199 3.4099 0.6979 0.0494 0.6570
Car 0.0000 0 0.0000 -1.0000 -1.0000 -1.0000 -1.0000 1.9576 1.4323 4.5454 10.4820 5.7728 0.8325 0.0548 0.6104
Car 0.0000 0 0.0000 -1.0000 -1.0000 -1.0000 -1.0000 1.9033 1.5876 4.5759 12.1058 17.6029 0.4123 0.0335 0.5738
Car 0.0000 0 0.0000 -1.0000 -1.0000 -1.0000 -1.0000 1.9151 1.5063 4.5383 4.6318 -17.4600 1.1182 1.5589 0.5352
Car 0.0000 0 0.0000 -1.0000 -1.0000 -1.0000 -1.0000 1.9682 1.5389 4.6428 44.0769 2.6273 0.9450 0.0411 0.5055
Car 0.0000 0 0.0000 -1.0000 -1.0000 -1.0000 -1.0000 1.9341 1.5232 4.5580 -42.9844 3.2697 0.6232 -0.0023 0.4678
Car 0.0000 0 0.0000 -1.0000 -1.0000 -1.0000 -1.0000 1.9008 1.4953 4.6109 -1.1685 -33.3429 1.5654 -1.4234 0.4673
Car 0.0000 0 0.0000 -1.0000 -1.0000 -1.0000 -1.0000 1.8734 1.5437 4.4307 25.7775 -0.1626 0.9496 0.0066 0.4437
Car 0.0000 0 0.0000 -1.0000 -1.0000 -1.0000 -1.0000 1.9567 1.4913 4.5785 36.4189 3.5172 0.9260 0.0248 0.4405
Car 0.0000 0 0.0000 -1.0000 -1.0000 -1.0000 -1.0000 1.9232 1.7157 4.5968 -40.9491 0.0870 0.7716 0.0511 0.4052
Car 0.0000 0 0.0000 -1.0000 -1.0000 -1.0000 -1.0000 1.8745 1.7126 4.5791 58.2561 3.0293 1.7227 0.0357 0.3017
Truck 0.0000 0 0.0000 -1.0000 -1.0000 -1.0000 -1.0000 2.8647 3.1829 10.4285 78.1332 12.1214 1.8106 3.0249 0.3016
