Car 0.0000 0 0.0000 -1.0000 -1.0000 -1.0000 -1.0000 1.9781 1.5489 4.5495 25.5222 3.3035 0.8967 3.1317 0.7385
Car 0.0000 0 0.0000 -1.0000 -1.0000 -1.0000 -1.0000 2.0001 1.4691 4.5566 8.8308 0.2517 0.8062 -0.0019 0.7013
Car 0.0000 0 0.0000 -1.0000 -1.0000 -1.0000 -1.0000 1.9472 1.4922 4.5383 21.0477 -3.3476 0.8263 3.1248 0.5624
Car 0.0000 0 0.0000 -1.0000 -1.0000 -1.0000 -1.0000 1.9158 1.7283 4.5383 52.5432 37.0681 0.6911 1.4295 0.5575
Car 0.0000 0 0.0000 -1.0000 -1.0000 -1.0000 -1.0000 1.9311 1.5328 4.6100 56.1754 37.4206 0.6629 1.4144 0.5457
Car 0.0000 0 0.0000 -1.0000 -1.0000 -1.0000 -1.0000 2.0055 1.5025 4.5280 -9.3813 0.1290 0.7791 -3.1269 0.4997
Car 0.0000 0 0.0000 -1.0000 -1.0000 -1.0000 -1.0000 1.9896 1.6715 4.4887 -62.7714 -3.3496 0.9537 -3.1071 0.4757
Car 0.0000 0 0.0000 -1.0000 -1.0000 -1.0000 -1.0000 1.9858 1.7383 4.6959 -24.9806 -18.3588 0.9552 -1.4703 0.4707
Car 0.0000 0 0.0000 -1.0000 -1.0000 -1.0000 -1.0000 1.9760 1.5536 4.4754 16.0681 -0.2630 0.8526 3.0937 0.4438
Car 0.0000 0 0.0000 -1.0000 -1.0000 -1.0000 -1.0000 1.9537 1.8365 4.6108 27.3061 0.4806 1.0462 3.1175 0.3812
Car 0.0000 0 0.0000 -1.0000 -1.0000 -1.0000 -1.0000 1.9422 1.7371 4.7023 -27.4273 -27.4071 1.1873 1.7092 0.3709
Car 0.0000 0 0.0000 -1.0000 -1.0000 -1.0000 -1.0000 1.8735 1.7214 4.4812 58.3901 -25.1000 1.4091 1.4498 0.3111
Truck 0.0000 0 0.0000 -1.0000 -1.0000 -1.0000 -1.0000 2.9420 3.6154 9.3865 60.7012 19.1762 2.0115 2.0328 0.5363
Truck 0.0000 0 0.0000 -1.0000 -1.0000 -1.0000 -1.0000 2.6792 3.1579 6.6160 43.5798 22.2614 1.6702 1.0170 0.4742
Truck 0.0000 0 0.0000 -1.0000 -1.0000 -1.0000 -1.0000 2.0863 2.1015 5.2566 13.6187 -3.6864 1.0850 3.0608 0.4391
Cyclist 0.0000 0 0.0000 -1.0000 -1.0000 -1.0000 -1.0000 0.7198 1.4950 1.7327 38.0596 -16.9196 0.9969 -1.5998 0.3786
