Car 0.0000 0 0.0000 -1.0000 -1.0000 -1.0000 -1.0000 1.9267 1.4617 4.5640 -25.5737 0.6248 0.5346 3.0761 0.7457
Car 0.0000 0 0.0000 -1.0000 -1.0000 -1.0000 -1.0000 1.9020 1.4503 4.4715 -7.1560 -10.6393 0.4847 -0.1484 0.7347
Car 0.0000 0 0.0000 -1.0000 -1.0000 -1.0000 -1.0000 2.0351 1.7054 4.6760 -12.0432 -0.3962 0.7877 0.0166 0.7095
Car 0.0000 0 0.0000 -1.0000 -1.0000 -1.0000 -1.0000 2.1784 1.9939 5.0518 4.4258 -2.9483 1.0022 0.1713 0.6641
Car 0.0000 0 0.0000 -1.0000 -1.0000 -1.0000 -1.0000 1.8513 1.4490 4.4946 -44.9863 7.9142 0.4362 3.0290 0.6372
Car 0.0000 0 0.0000 -1.0000 -1.0000 -1.0000 -1.0000 1.8731 1.4698 4.4728 -19.2594 -8.6623 0.3718 -0.2085 0.5420
Car 0.0000 0 0.0000 -1.0000 -1.0000 -1.0000 -1.0000 1.9227 1.5882 4.5363 -30.3058 6.5869 0.6008 -0.0413 0.5246
Car 0.0000 0 0.0000 -1.0000 -1.0000 -1.0000 -1.0000 1.9084 1.5728 4.5315 -36.4559 2.5780 0.4962 -0.1195 0.5084
Car 0.0000 0 0.0000 -1.0000 -1.0000 -1.0000 -1.0000 1.8836 1.6035 4.5297 -50.6899 8.9286 0.4953 -0.1508 0.4614
Car 0.0000 0 0.0000 -1.0000 -1.0000 -1.0000 -1.0000 1.8304 1.4916 4.4704 -4.1979 4.0930 0.8099 3.0844 0.4194
Car 0.0000 0 0.0000 -1.0000 -1.0000 -1.0000 -1.0000 1.9111 1.6839 4.5470 -55.8949 9.2468 0.4744 -0.1522 0.4161
Car 0.0000 0 0.0000 -1.0000 -1.0000 -1.0000 -1.0000 1.9161 1.7446 4.6210 27.7051 14.7133 1.1368 1.4665 0.3580
Truck 0.0000 0 0.0000 -1.0000 -1.0000 -1.0000 -1.0000 3.0386 3.2725 10.5905 -55.5837 -2.6441 0.9986 -0.0737 0.7134
Truck 0.0000 0 0.0000 -1.0000 -1.0000 -1.0000 -1.0000 2.8715 3.4324 8.7460 13.1956 -0.6710 1.7351 0.1102 0.6107
Tricar 0.0000 0 0.0000 -1.0000 -1.0000 -1.0000 -1.0000 1.3238 1.7054 3.1379 20.1019 6.6473 0.9510 3.0812 0.5979
Tricar 0.0000 0 0.0000 -1.0000 -1.0000 -1.0000 -1.0000 1.2163 1.7624 2.6633 6.3719 1.8155 0.9416 3.1271 0.5676
Tricar 0.0000 0 0.0000 -1.0000 -1.0000 -1.0000 -1.0000 1.0841 1.3570 2.6236 -15.6887 5.7020 0.6127 -0.0388 0.3289
Cyclist 0.0000 0 0.0000 -1.0000 -1.0000 -1.0000 -1.0000 0.7577 1.5618 1.7399 -12.9713 -5.5197 0.6362 3.0886 0.6634
Cyclist 0.0000 0 0.0000 -1.0000 -1.0000 -1.0000 -1.0000 0.7378 1.5321 1.7268 -33.1249 4.7408 0.4733 -0.1260 0.6619
Cyclist 0.0000 0 0.0000 -1.0000 -1.0000 -1.0000 -1.0000 0.7417 1.5246 1.7440 -35.2635 -3.4432 0.3422 -0.0760 0.6212
Cyclist 0.0000 0 0.0000 -1.0000 -1.0000 -1.0000 -1.0000 0.8081 1.5660 1.8346 -25.3604 -5.8267 0.4670 -0.1448 0.5779
Cyclist 0.0000 0 0.0000 -1.0000 -1.0000 -1.0000 -1.0000 0.7283 1.4748 1.7376 -39.5919 4.6494 0.3705 -0.1655 0.5303
Cyclist 0.0000 0 0.0000 -1.0000 -1.0000 -1.0000 -1.0000 0.8276 1.5739 1.8084 30.1835 2.2065 0.6937 3.1106 0.4621
Cyclist 0.0000 0 0.0000 -1.0000 -1.0000 -1.0000 -1.0000 0.8159 1.5744 1.7350 10.8600 1.6355 0.7898 -3.0647 0.4442
Cyclist 0.0000 0 0.0000 -1.0000 -1.0000 -1.0000 -1.0000 0.7025 1.4975 1.6501 -1.1505 2.3003 0.8329 -3.0925 0.4335
Cyclist 0.0000 0 0.0000 -1.0000 -1.0000 -1.0000 -1.0000 0.6805 1.1537 1.6633 4.7271 -16.4071 0.5789 -0.2930 0.4168
Cyclist 0.0000 0 0.0000 -1.0000 -1.0000 -1.0000 -1.0000 0.6932 1.2047 1.7217 -19.7796 -12.2550 0.2585 -1.6625 0.3870
Cyclist 0.0000 0 0.0000 -1.0000 -1.0000 -1.0000 -1.0000 0.7087 1.2174 1.7259 -12.9011 -13.7960 0.3902 -1.6568 0.3842
Cyclist 0.0000 0 0.0000 -1.0000 -1.0000 -1.0000 -1.0000 0.7398 1.3805 1.7653 11.7399 -16.9509 0.7947 -0.4123 0.3627
Cyclist 0.0000 0 0.0000 -1.0000 -1.0000 -1.0000 -1.0000 0.7935 1.5100 1.7957 -3.3284 -5.2669 0.6641 -3.0692 0.3626
Cyclist 0.0000 0 0.0000 -1.0000 -1.0000 -1.0000 -1.0000 0.6979 1.3472 1.7552 -24.1667 8.6850 0.7745 1.4068 0.3560
Cyclist 0.0000 0 0.0000 -1.0000 -1.0000 -1.0000 -1.0000 0.6833 1.2711 1.7296 -11.1942 7.3890 0.7173 1.5946 0.3494
Cyclist 0.0000 0 0.0000 -1.0000 -1.0000 -1.0000 -1.0000 0.7595 1.5445 1.6952 2.2325 -4.9268 0.7861 0.0032 0.3341
Cyclist 0.0000 0 0.0000 -1.0000 -1.0000 -1.0000 -1.0000 0.7098 1.2887 1.6952 -12.4787 -15.5960 0.4733 1.2686 0.3332
Cyclist 0.0000 0 0.0000 -1.0000 -1.0000 -1.0000 -1.0000 0.6960 1.3731 1.7250 -27.1557 8.8337 0.6778 -1.5654 0.3249
Cyclist 0.0000 0 0.0000 -1.0000 -1.0000 -1.0000 -1.0000 0.8009 1.5384 1.7911 -1.0408 -4.8879 0.7339 -3.0469 0.3221
Cyclist 0.0000 0 0.0000 -1.0000 -1.0000 -1.0000 -1.0000 0.6690 1.1716 1.7019 8.4644 -14.9222 0.5759 1.8017 0.3167
Cyclist 0.0000 0 0.0000 -1.0000 -1.0000 -1.0000 -1.0000 0.6563 1.2402 1.6142 13.1988 6.3097 0.8062 3.1340 0.3116
Pedestrian 0.0000 0 0.0000 -1.0000 -1.0000 -1.0000 -1.0000 0.6956 1.6168 0.6578 -31.9898 -8.8820 0.3328 -0.0361 0.4892
Pedestrian 0.0000 0 0.0000 -1.0000 -1.0000 -1.0000 -1.0000 0.6781 1.6426 0.6174 -33.8382 -10.4544 0.3490 -0.0465 0.4516
Pedestrian 0.0000 0 0.0000 -1.0000 -1.0000 -1.0000 -1.0000 0.6874 1.6806 0.6247 8.2363 -11.1029 0.8691 3.0998 0.4410
Pedestrian 0.0000 0 0.0000 -1.0000 -1.0000 -1.0000 -1.0000 0.7050 1.6658 0.6541 -34.6050 -10.3744 0.3080 -0.0049 0.3496
Pedestrian 0.0000 0 0.0000 -1.0000 -1.0000 -1.0000 -1.0000 0.6949 1.6922 0.6258 -40.5853 -10.9559 0.3145 -0.0177 0.3030
