Car 0.0000 0 0.0000 -1.0000 -1.0000 -1.0000 -1.0000 1.9729 1.5484 4.5027 17.7673 3.1592 0.7697 -0.1104 0.7511
Car 0.0000 0 0.0000 -1.0000 -1.0000 -1.0000 -1.0000 1.9979 1.5827 4.6340 -25.1127 -5.0148 0.6024 -3.1101 0.6607
Car 0.0000 0 0.0000 -1.0000 -1.0000 -1.0000 -1.0000 1.9306 1.8036 4.5002 -27.5191 3.2659 0.6722 -3.1309 0.6516
Car 0.0000 0 0.0000 -1.0000 -1.0000 -1.0000 -1.0000 1.9080 1.6014 4.3898 66.5345 0.4807 0.9119 0.0642 0.6173
Car 0.0000 0 0.0000 -1.0000 -1.0000 -1.0000 -1.0000 1.8980 1.4573 4.5324 -0.5499 6.4061 0.7609 1.6602 0.5302
Car 0.0000 0 0.0000 -1.0000 -1.0000 -1.0000 -1.0000 1.8860 1.4511 4.4578 -32.8867 2.9204 0.4285 -3.0991 0.4250
Car 0.0000 0 0.0000 -1.0000 -1.0000 -1.0000 -1.0000 1.9410 1.6720 4.5291 -25.6769 -0.1128 0.7069 0.0929 0.4216
Car 0.0000 0 0.0000 -1.0000 -1.0000 -1.0000 -1.0000 1.8823 1.5730 4.4732 -47.2839 -11.8079 0.4839 -1.4961 0.3435
Car 0.0000 0 0.0000 -1.0000 -1.0000 -1.0000 -1.0000 1.8305 1.5013 4.3164 -45.4559 -6.8176 0.4632 1.4803 0.3008
Tricar 0.0000 0 0.0000 -1.0000 -1.0000 -1.0000 -1.0000 1.3001 1.7338 2.9488 -21.3922 -1.7358 0.7274 0.0999 0.5788
Tricar 0.0000 0 0.0000 -1.0000 -1.0000 -1.0000 -1.0000 1.3513 1.7599 3.0650 46.8007 4.3112 0.8513 -0.2489 0.4632
Tricar 0.0000 0 0.0000 -1.0000 -1.0000 -1.0000 -1.0000 1.1955 1.4538 2.9189 -45.4747 -6.5643 0.3844 1.6178 0.3155
Cyclist 0.0000 0 0.0000 -1.0000 -1.0000 -1.0000 -1.0000 0.7372 1.5438 1.6814 30.2366 2.1756 0.7231 -3.1298 0.6335
Cyclist 0.0000 0 0.0000 -1.0000 -1.0000 -1.0000 -1.0000 0.8012 1.5940 1.7727 -11.1781 -3.3079 0.7976 0.0084 0.5618
Cyclist 0.0000 0 0.0000 -1.0000 -1.0000 -1.0000 -1.0000 0.7783 1.5593 1.7727 26.9144 -2.0264 0.7624 -3.1175 0.5378
Cyclist 0.0000 0 0.0000 -1.0000 -1.0000 -1.0000 -1.0000 0.8065 1.5441 1.7705 4.5342 -3.2287 0.7608 -3.0742 0.4537
Cyclist 0.0000 0 0.0000 -1.0000 -1.0000 -1.0000 -1.0000 0.6943 1.1623 1.6799 -4.3003 -7.3756 0.6536 -0.0367 0.4344
Cyclist 0.0000 0 0.0000 -1.0000 -1.0000 -1.0000 -1.0000 0.7191 1.5692 1.6719 2.8033 -1.9940 0.7296 -3.0476 0.4241
Cyclist 0.0000 0 0.0000 -1.0000 -1.0000 -1.0000 -1.0000 0.6724 1.4399 1.6534 -15.5046 -4.4352 0.5739 2.2787 0.3881
Cyclist 0.0000 0 0.0000 -1.0000 -1.0000 -1.0000 -1.0000 0.6782 1.2690 1.6925 -1.5226 -8.8906 0.8100 -1.5051 0.3840
Cyclist 0.0000 0 0.0000 -1.0000 -1.0000 -1.0000 -1.0000 0.7939 1.3987 1.8348 7.1243 -4.1573 0.6765 -3.0566 0.3775
Cyclist 0.0000 0 0.0000 -1.0000 -1.0000 -1.0000 -1.0000 0.6426 1.1930 1.6630 -3.6440 4.8880 0.6478 -1.2479 0.3498
Cyclist 0.0000 0 0.0000 -1.0000 -1.0000 -1.0000 -1.0000 0.7581 1.5566 1.7259 62.2769 2.7662 0.9147 0.0446 0.3371
Cyclist 0.0000 0 0.0000 -1.0000 -1.0000 -1.0000 -1.0000 0.6740 1.2134 1.6642 4.1040 3.4287 0.6528 1.6682 0.3364
Cyclist 0.0000 0 0.0000 -1.0000 -1.0000 -1.0000 -1.0000 0.6598 1.3065 1.6623 18.5544 -6.7290 0.7396 -0.5514 0.3299
Cyclist 0.0000 0 0.0000 -1.0000 -1.0000 -1.0000 -1.0000 0.7039 1.1086 1.7366 40.4184 4.2871 0.5056 3.0227 0.3213
Cyclist 0.0000 0 0.0000 -1.0000 -1.0000 -1.0000 -1.0000 0.6549 1.0977 1.6183 7.3804 3.3967 0.6243 2.2042 0.3203
Cyclist 0.0000 0 0.0000 -1.0000 -1.0000 -1.0000 -1.0000 0.7234 1.4548 1.6394 1.9997 -4.7308 0.7671 0.4057 0.3114
Cyclist 0.0000 0 0.0000 -1.0000 -1.0000 -1.0000 -1.0000 0.7431 1.5667 1.6996 53.9079 -3.3753 0.7497 3.1335 0.3104
Cyclist 0.0000 0 0.0000 -1.0000 -1.0000 -1.0000 -1.0000 0.6932 1.2933 1.6865 22.2205 -6.9316 0.7796 -2.3580 0.3102
Cyclist 0.0000 0 0.0000 -1.0000 -1.0000 -1.0000 -1.0000 0.6382 1.0389 1.6295 8.7379 -7.0690 0.6363 -0.0032 0.3067
Cyclist 0.0000 0 0.0000 -1.0000 -1.0000 -1.0000 -1.0000 0.6688 1.1907 1.6442 10.1536 6.6637 0.6825 -0.0843 0.3010
Pedestrian 0.0000 0 0.0000 -1.0000 -1.0000 -1.0000 -1.0000 0.6745 1.6462 0.6038 -12.9235 -8.4176 1.0065 0.2769 0.3513
