Car 0.0000 0 0.0000 -1.0000 -1.0000 -1.0000 -1.0000 1.9773 1.4303 4.5234 29.4091 0.9133 0.7715 0.0450 0.8080
Car 0.0000 0 0.0000 -1.0000 -1.0000 -1.0000 -1.0000 2.0249 1.4732 4.6053 19.7102 5.1428 0.7057 -3.1357 0.7828
Car 0.0000 0 0.0000 -1.0000 -1.0000 -1.0000 -1.0000 1.8978 1.4436 4.4744 -2.8411 5.1019 0.6650 3.1303 0.6911
Car 0.0000 0 0.0000 -1.0000 -1.0000 -1.0000 -1.0000 1.9560 1.5027 4.5447 57.7219 8.6524 0.5628 -3.0669 0.6899
Car 0.0000 0 0.0000 -1.0000 -1.0000 -1.0000 -1.0000 1.9268 1.5357 4.4829 -26.2583 5.4730 0.5956 3.1204 0.6500
Car 0.0000 0 0.0000 -1.0000 -1.0000 -1.0000 -1.0000 1.9725 1.4918 4.5972 -28.2792 0.2673 0.5437 -0.0234 0.6417
Car 0.0000 0 0.0000 -1.0000 -1.0000 -1.0000 -1.0000 1.9664 1.4942 4.6108 -23.1644 2.6068 0.5980 3.1227 0.5646
Car 0.0000 0 0.0000 -1.0000 -1.0000 -1.0000 -1.0000 1.9068 1.5660 4.4846 -49.0616 6.6331 0.4171 -0.0724 0.4993
Car 0.0000 0 0.0000 -1.0000 -1.0000 -1.0000 -1.0000 1.9029 1.4915 4.5137 -55.0379 6.7016 0.3490 3.0348 0.4417
Car 0.0000 0 0.0000 -1.0000 -1.0000 -1.0000 -1.0000 1.9582 1.5782 4.5257 -34.0092 5.5988 0.5234 3.1376 0.4344
Car 0.0000 0 0.0000 -1.0000 -1.0000 -1.0000 -1.0000 1.8604 1.5451 4.4337 -41.3619 6.2329 0.4121 -0.0152 0.3835
Car 0.0000 0 0.0000 -1.0000 -1.0000 -1.0000 -1.0000 1.8755 1.5388 4.5454 -63.5424 6.9060 0.3199 -0.1211 0.3276
Car 0.0000 0 0.0000 -1.0000 -1.0000 -1.0000 -1.0000 1.9227 1.5608 4.6424 -83.3449 4.1201 0.1908 -0.0299 0.3134
Truck 0.0000 0 0.0000 -1.0000 -1.0000 -1.0000 -1.0000 2.9322 3.2310 11.4340 11.4104 10.6249 1.4201 0.0349 0.7518
Truck 0.0000 0 0.0000 -1.0000 -1.0000 -1.0000 -1.0000 2.9432 3.2345 11.9372 -1.8965 10.7217 1.3832 0.0087 0.7017
Truck 0.0000 0 0.0000 -1.0000 -1.0000 -1.0000 -1.0000 2.9176 3.0792 11.0820 -16.2850 10.9541 1.3658 -3.1292 0.6917
Truck 0.0000 0 0.0000 -1.0000 -1.0000 -1.0000 -1.0000 2.9673 3.1951 11.3440 28.0410 11.3023 1.4917 -3.0648 0.6441
Truck 0.0000 0 0.0000 -1.0000 -1.0000 -1.0000 -1.0000 2.9977 3.3903 12.5704 -56.8923 -3.4991 1.4825 -0.0723 0.3978
Cyclist 0.0000 0 0.0000 -1.0000 -1.0000 -1.0000 -1.0000 0.7965 1.5345 1.8085 -1.5508 -11.7179 0.8132 -3.1299 0.6244
Cyclist 0.0000 0 0.0000 -1.0000 -1.0000 -1.0000 -1.0000 0.7840 1.5927 1.7396 -27.4984 -11.1638 0.6980 -0.0466 0.6066
Cyclist 0.0000 0 0.0000 -1.0000 -1.0000 -1.0000 -1.0000 0.7770 1.5065 1.7547 47.2728 5.6093 0.7163 -2.0258 0.3290
