Car 0.0000 0 0.0000 -1.0000 -1.0000 -1.0000 -1.0000 2.0531 1.6821 4.6144 19.5222 2.5593 0.9962 0.3935 0.8568
Car 0.0000 0 0.0000 -1.0000 -1.0000 -1.0000 -1.0000 1.9515 1.4724 4.4833 27.7322 6.0639 0.9071 0.4593 0.7737
Car 0.0000 0 0.0000 -1.0000 -1.0000 -1.0000 -1.0000 1.9654 1.4533 4.5342 6.6946 -0.1688 0.7831 0.0485 0.5184
Car 0.0000 0 0.0000 -1.0000 -1.0000 -1.0000 -1.0000 1.9452 1.5173 4.5129 -19.6330 -0.2813 0.7493 -0.0075 0.4966
Car 0.0000 0 0.0000 -1.0000 -1.0000 -1.0000 -1.0000 1.8910 1.5261 4.5047 -68.4129 2.8680 0.7220 -2.2596 0.4547
Car 0.0000 0 0.0000 -1.0000 -1.0000 -1.0000 -1.0000 1.9805 1.7614 4.5524 13.2056 -0.2424 0.9933 -2.8967 0.4297
Car 0.0000 0 0.0000 -1.0000 -1.0000 -1.0000 -1.0000 1.9772 1.7401 4.7180 46.1476 15.0935 0.6992 0.9174 0.3895
Car 0.0000 0 0.0000 -1.0000 -1.0000 -1.0000 -1.0000 2.0176 1.6231 4.6011 -10.7318 -0.0190 0.8515 0.0083 0.3773
Car 0.0000 0 0.0000 -1.0000 -1.0000 -1.0000 -1.0000 2.0080 1.4846 4.6409 -30.6863 7.7142 0.5884 -3.1314 0.3526
Car 0.0000 0 0.0000 -1.0000 -1.0000 -1.0000 -1.0000 1.9786 1.7010 4.6331 -31.0475 -0.3565 0.9006 0.0224 0.3491
Car 0.0000 0 0.0000 -1.0000 -1.0000 -1.0000 -1.0000 1.9414 1.5485 4.5508 55.1550 20.7513 0.2503 0.1181 0.3020
Truck 0.0000 0 0.0000 -1.0000 -1.0000 -1.0000 -1.0000 2.4537 2.3419 6.5364 37.7636 -2.3235 1.4853 1.6178 0.4819
Truck 0.0000 0 0.0000 -1.0000 -1.0000 -1.0000 -1.0000 3.0113 3.6433 9.3767 -3.2164 7.6118 1.7677 -3.0984 0.4004
Cyclist 0.0000 0 0.0000 -1.0000 -1.0000 -1.0000 -1.0000 0.7237 1.5386 1.6917 -8.1021 -13.2220 0.7426 -3.1286 0.5358
Cyclist 0.0000 0 0.0000 -1.0000 -1.0000 -1.0000 -1.0000 0.8114 1.5524 1.8336 29.2048 20.9045 0.8000 -2.8496 0.5112
Cyclist 0.0000 0 0.0000 -1.0000 -1.0000 -1.0000 -1.0000 0.7318 1.5576 1.6659 24.6135 29.3243 0.7285 -2.6446 0.5099
Cyclist 0.0000 0 0.0000 -1.0000 -1.0000 -1.0000 -1.0000 0.7547 1.5569 1.7233 53.0496 26.9380 0.3026 0.3601 0.4397
Cyclist 0.0000 0 0.0000 -1.0000 -1.0000 -1.0000 -1.0000 0.7466 1.5391 1.7341 -52.5036 -14.1423 0.7661 -0.0186 0.4203
