Car 0.0000 0 0.0000 -1.0000 -1.0000 -1.0000 -1.0000 1.9486 1.4486 4.5260 -2.3810 2.7483 0.7441 3.1386 0.8001
Car 0.0000 0 0.0000 -1.0000 -1.0000 -1.0000 -1.0000 1.9415 1.4311 4.4820 4.2195 3.2212 0.7139 3.1358 0.7715
Car 0.0000 0 0.0000 -1.0000 -1.0000 -1.0000 -1.0000 1.8865 1.3980 4.4315 9.9768 3.0488 0.6684 3.1380 0.7516
Car 0.0000 0 0.0000 -1.0000 -1.0000 -1.0000 -1.0000 1.9885 1.4312 4.5831 16.9089 2.5680 0.6744 0.0031 0.7496
Car 0.0000 0 0.0000 -1.0000 -1.0000 -1.0000 -1.0000 1.9446 1.4524 4.5523 -8.8812 0.4153 0.7469 0.0183 0.7349
Car 0.0000 0 0.0000 -1.0000 -1.0000 -1.0000 -1.0000 1.9955 1.6243 4.6390 -15.5635 3.3725 0.8547 0.0112 0.6922
Car 0.0000 0 0.0000 -1.0000 -1.0000 -1.0000 -1.0000 1.9222 1.4491 4.5349 -9.0472 3.3416 0.7837 0.0250 0.6351
Car 0.0000 0 0.0000 -1.0000 -1.0000 -1.0000 -1.0000 1.9605 1.6282 4.5813 -21.9147 3.4378 0.9290 0.0274 0.5991
Car 0.0000 0 0.0000 -1.0000 -1.0000 -1.0000 -1.0000 1.9741 1.6258 4.5382 9.3903 -0.5698 0.8426 0.0110 0.5725
Car 0.0000 0 0.0000 -1.0000 -1.0000 -1.0000 -1.0000 1.9922 1.6167 4.5997 -34.1338 3.1994 1.1339 3.1302 0.5474
Car 0.0000 0 0.0000 -1.0000 -1.0000 -1.0000 -1.0000 1.9275 1.5060 4.5432 23.7710 3.5813 0.6749 0.0148 0.5414
Car 0.0000 0 0.0000 -1.0000 -1.0000 -1.0000 -1.0000 1.9413 1.4153 4.5732 -14.6112 -0.0693 0.7301 0.0160 0.5183
Car 0.0000 0 0.0000 -1.0000 -1.0000 -1.0000 -1.0000 2.2362 2.5697 5.1072 30.8248 2.7007 1.1410 -3.1342 0.4971
Car 0.0000 0 0.0000 -1.0000 -1.0000 -1.0000 -1.0000 2.0069 1.8112 4.6271 -21.9783 0.2249 1.0210 0.0127 0.3890
Car 0.0000 0 0.0000 -1.0000 -1.0000 -1.0000 -1.0000 1.8665 1.6518 4.4091 -28.1118 3.5682 1.0323 0.0380 0.3648
Car 0.0000 0 0.0000 -1.0000 -1.0000 -1.0000 -1.0000 1.8874 1.5061 4.5151 45.6545 2.4097 0.6991 0.0068 0.3626
Truck 0.0000 0 0.0000 -1.0000 -1.0000 -1.0000 -1.0000 2.8863 2.9542 9.2375 -36.1618 -0.0511 1.9380 -3.1341 0.4196
