Car 0.0000 0 0.0000 -1.0000 -1.0000 -1.0000 -1.0000 2.0073 1.4173 4.5841 -14.3565 -4.3191 0.6445 0.0568 0.8498
Car 0.0000 0 0.0000 -1.0000 -1.0000 -1.0000 -1.0000 1.9947 1.4870 4.5737 -11.0620 -0.4692 0.7120 0.0404 0.7491
Car 0.0000 0 0.0000 -1.0000 -1.0000 -1.0000 -1.0000 1.9263 1.4903 4.4626 -8.3405 3.5760 0.6941 0.0268 0.7206
Car 0.0000 0 0.0000 -1.0000 -1.0000 -1.0000 -1.0000 1.9154 1.4533 4.4844 -19.9579 -0.5758 0.5862 0.0767 0.5978
Car 0.0000 0 0.0000 -1.0000 -1.0000 -1.0000 -1.0000 1.9845 1.5805 4.6551 -29.3851 6.3922 0.5337 -3.0397 0.5925
Car 0.0000 0 0.0000 -1.0000 -1.0000 -1.0000 -1.0000 1.9658 1.5570 4.5246 12.9880 3.6119 0.8586 0.0082 0.5831
Car 0.0000 0 0.0000 -1.0000 -1.0000 -1.0000 -1.0000 2.0207 1.6166 4.6850 -32.7844 -0.7103 0.6554 -3.1276 0.5811
Car 0.0000 0 0.0000 -1.0000 -1.0000 -1.0000 -1.0000 2.0766 1.7186 4.6867 9.9757 -0.1138 0.9719 -3.1080 0.5502
Car 0.0000 0 0.0000 -1.0000 -1.0000 -1.0000 -1.0000 1.9161 1.5583 4.5180 18.6002 4.3869 0.8644 0.0440 0.5472
Car 0.0000 0 0.0000 -1.0000 -1.0000 -1.0000 -1.0000 1.8920 1.5322 4.5596 -43.1848 -35.4525 0.8148 1.4706 0.5389
Car 0.0000 0 0.0000 -1.0000 -1.0000 -1.0000 -1.0000 2.0514 1.5395 4.7856 -74.7393 -6.7448 0.4020 -3.0356 0.4898
Car 0.0000 0 0.0000 -1.0000 -1.0000 -1.0000 -1.0000 1.8958 1.5758 4.5264 -42.7952 -28.2039 0.7987 1.3008 0.4597
Car 0.0000 0 0.0000 -1.0000 -1.0000 -1.0000 -1.0000 1.9413 1.6324 4.5215 25.1342 7.1262 0.9092 3.1404 0.4543
Car 0.0000 0 0.0000 -1.0000 -1.0000 -1.0000 -1.0000 1.9227 1.6450 4.5544 24.1896 3.5271 1.0081 0.0091 0.4447
Car 0.0000 0 0.0000 -1.0000 -1.0000 -1.0000 -1.0000 1.9013 1.4932 4.6048 -37.6150 -30.8794 0.7878 -1.6786 0.4201
Car 0.0000 0 0.0000 -1.0000 -1.0000 -1.0000 -1.0000 1.9621 1.5087 4.5609 -2.2873 3.7490 0.7058 0.0224 0.4193
Car 0.0000 0 0.0000 -1.0000 -1.0000 -1.0000 -1.0000 1.9522 1.5591 4.6808 -63.4809 5.3359 0.4425 -3.0338 0.4140
Car 0.0000 0 0.0000 -1.0000 -1.0000 -1.0000 -1.0000 1.9834 1.4680 4.6089 10.3757 7.3406 0.7013 3.1322 0.4106
Car 0.0000 0 0.0000 -1.0000 -1.0000 -1.0000 -1.0000 1.9621 1.7150 4.6420 -15.1112 3.5226 0.7884 0.0554 0.3936
Car 0.0000 0 0.0000 -1.0000 -1.0000 -1.0000 -1.0000 1.9620 1.6005 4.5997 42.5092 4.3597 1.0303 -3.0137 0.3927
Car 0.0000 0 0.0000 -1.0000 -1.0000 -1.0000 -1.0000 2.0894 1.9770 4.8833 5.0465 3.4416 1.0426 0.0209 0.3890
Car 0.0000 0 0.0000 -1.0000 -1.0000 -1.0000 -1.0000 1.9353 1.6639 4.6331 -75.8729 -21.7147 0.5543 -1.9421 0.3722
Car 0.0000 0 0.0000 -1.0000 -1.0000 -1.0000 -1.0000 1.9350 1.5613 4.5625 -61.6684 -3.0994 0.5000 0.0244 0.3653
Car 0.0000 0 0.0000 -1.0000 -1.0000 -1.0000 -1.0000 1.9565 1.6780 4.6621 -55.1614 -19.1850 0.6467 -1.1359 0.3649
Car 0.0000 0 0.0000 -1.0000 -1.0000 -1.0000 -1.0000 1.8939 1.5702 4.5917 -58.3454 -34.9890 0.4013 -1.7289 0.3432
Car 0.0000 0 0.0000 -1.0000 -1.0000 -1.0000 -1.0000 1.9637 1.5766 4.6572 65.2987 11.2412 1.1426 -3.0786 0.3357
Car 0.0000 0 0.0000 -1.0000 -1.0000 -1.0000 -1.0000 1.9088 1.5291 4.5951 -46.2377 -29.5037 0.7416 1.2206 0.3144
Car 0.0000 0 0.0000 -1.0000 -1.0000 -1.0000 -1.0000 1.9218 1.5335 4.6333 69.5077 14.7556 1.1215 0.0076 0.3109
Truck 0.0000 0 0.0000 -1.0000 -1.0000 -1.0000 -1.0000 2.8978 3.1196 8.8250 11.6045 12.0830 1.4140 0.0165 0.6797
Tricar 0.0000 0 0.0000 -1.0000 -1.0000 -1.0000 -1.0000 1.1719 1.6553 2.6848 -18.7084 -8.5617 0.7648 0.0559 0.3922
Cyclist 0.0000 0 0.0000 -1.0000 -1.0000 -1.0000 -1.0000 0.7365 1.5026 1.6965 12.7395 -9.8903 0.8422 3.1355 0.6562
Cyclist 0.0000 0 0.0000 -1.0000 -1.0000 -1.0000 -1.0000 0.7530 1.5348 1.7544 -45.4278 -9.9524 0.5922 -0.0965 0.6325
Cyclist 0.0000 0 0.0000 -1.0000 -1.0000 -1.0000 -1.0000 0.7702 1.5995 1.7247 -53.7605 -9.1141 0.6032 -0.0294 0.6233
Cyclist 0.0000 0 0.0000 -1.0000 -1.0000 -1.0000 -1.0000 0.7486 1.5886 1.7106 -25.1940 -10.0927 0.7013 -3.0924 0.5384
Cyclist 0.0000 0 0.0000 -1.0000 -1.0000 -1.0000 -1.0000 0.8029 1.5534 1.7476 -19.6913 -10.5115 0.7044 -3.0609 0.5280
Cyclist 0.0000 0 0.0000 -1.0000 -1.0000 -1.0000 -1.0000 0.7724 1.5876 1.7423 -4.2848 -9.4794 0.8533 -3.0926 0.5235
Cyclist 0.0000 0 0.0000 -1.0000 -1.0000 -1.0000 -1.0000 0.8538 1.6007 1.7909 -20.1910 -13.0922 0.8120 0.2052 0.4715
Cyclist 0.0000 0 0.0000 -1.0000 -1.0000 -1.0000 -1.0000 0.7356 1.5281 1.6955 -10.5080 17.4340 0.3569 3.1379 0.4287
Cyclist 0.0000 0 0.0000 -1.0000 -1.0000 -1.0000 -1.0000 0.7154 1.4900 1.7013 -11.0568 16.1502 0.3460 -0.0030 0.4145
Cyclist 0.0000 0 0.0000 -1.0000 -1.0000 -1.0000 -1.0000 0.7168 1.4920 1.7100 -13.8127 16.6910 0.3711 -3.1348 0.3983
Cyclist 0.0000 0 0.0000 -1.0000 -1.0000 -1.0000 -1.0000 0.7386 1.4965 1.7645 -18.3913 20.1626 0.3207 -0.3238 0.3718
Cyclist 0.0000 0 0.0000 -1.0000 -1.0000 -1.0000 -1.0000 0.9318 1.5970 1.9259 -18.5715 -8.6129 0.7495 -3.0962 0.3688
Cyclist 0.0000 0 0.0000 -1.0000 -1.0000 -1.0000 -1.0000 0.7019 1.5076 1.6876 1.7355 16.9079 0.4421 0.0262 0.3261
Cyclist 0.0000 0 0.0000 -1.0000 -1.0000 -1.0000 -1.0000 0.7650 1.5093 1.7497 -25.9831 15.4929 0.3450 -3.1346 0.3247
Cyclist 0.0000 0 0.0000 -1.0000 -1.0000 -1.0000 -1.0000 0.7314 1.5333 1.6612 14.8862 -8.5063 0.9310 0.0172 0.3063
Cyclist 0.0000 0 0.0000 -1.0000 -1.0000 -1.0000 -1.0000 0.7055 1.5069 1.6627 -12.1754 17.1957 0.3376 -3.0826 0.3021
Cyclist 0.0000 0 0.0000 -1.0000 -1.0000 -1.0000 -1.0000 0.7690 1.5176 1.7617 21.3272 -10.5793 1.0245 -0.7891 0.3016
Pedestrian 0.0000 0 0.0000 -1.0000 -1.0000 -1.0000 -1.0000 0.6847 1.6222 0.6102 -37.3124 25.2761 0.2823 3.0100 0.4696
Pedestrian 0.0000 0 0.0000 -1.0000 -1.0000 -1.0000 -1.0000 0.7300 1.7074 0.7454 3.5847 22.0801 0.4944 -3.1011 0.4611
Pedestrian 0.0000 0 0.0000 -1.0000 -1.0000 -1.0000 -1.0000 0.7135 1.6863 0.6867 4.3921 28.2180 0.4232 1.0672 0.4587
Pedestrian 0.0000 0 0.0000 -1.0000 -1.0000 -1.0000 -1.0000 0.7067 1.6605 0.6838 -13.7779 -20.1852 1.0811 -2.7746 0.4554
Pedestrian 0.0000 0 0.0000 -1.0000 -1.0000 -1.0000 -1.0000 0.6865 1.6633 0.6082 -18.3360 27.5960 0.2234 -2.1978 0.4400
Pedestrian 0.0000 0 0.0000 -1.0000 -1.0000 -1.0000 -1.0000 0.6827 1.6694 0.6228 11.7862 19.8920 0.6054 3.0915 0.4291
Pedestrian 0.0000 0 0.0000 -1.0000 -1.0000 -1.0000 -1.0000 0.6947 1.6608 0.6125 -20.0894 29.0012 0.1338 0.7749 0.4257
Pedestrian 0.0000 0 0.0000 -1.0000 -1.0000 -1.0000 -1.0000 0.6744 1.6393 0.5723 -20.1936 26.2318 0.2070 -0.4704 0.4187
Pedestrian 0.0000 0 0.0000 -1.0000 -1.0000 -1.0000 -1.0000 0.7015 1.6609 0.6551 29.4253 -19.3645 1.4154 3.0960 0.4140
Pedestrian 0.0000 0 0.0000 -1.0000 -1.0000 -1.0000 -1.0000 0.6869 1.6407 0.6201 -38.6305 23.5900 0.3157 3.1030 0.4074
Pedestrian 0.0000 0 0.0000 -1.0000 -1.0000 -1.0000 -1.0000 0.7142 1.6969 0.6650 -40.5081 20.5032 0.3389 -3.1264 0.3850
Pedestrian 0.0000 0 0.0000 -1.0000 -1.0000 -1.0000 -1.0000 0.6814 1.6552 0.5890 -35.4288 29.5191 0.2013 -3.0595 0.3783
Pedestrian 0.0000 0 0.0000 -1.0000 -1.0000 -1.0000 -1.0000 0.7318 1.7265 0.7264 -30.2079 2.2331 0.7552 0.0511 0.3778
Pedestrian 0.0000 0 0.0000 -1.0000 -1.0000 -1.0000 -1.0000 0.6873 1.6297 0.6229 -39.4349 22.3480 0.2963 -0.0097 0.3712
Pedestrian 0.0000 0 0.0000 -1.0000 -1.0000 -1.0000 -1.0000 0.7144 1.7136 0.6453 -20.5156 -27.1899 1.2488 0.4671 0.3471
Pedestrian 0.0000 0 0.0000 -1.0000 -1.0000 -1.0000 -1.0000 0.7317 1.7055 0.7435 -22.6538 -25.5526 1.1957 0.4196 0.3397
Pedestrian 0.0000 0 0.0000 -1.0000 -1.0000 -1.0000 -1.0000 0.7092 1.6720 0.6466 -17.6617 -20.6208 1.0912 0.3255 0.3397
Pedestrian 0.0000 0 0.0000 -1.0000 -1.0000 -1.0000 -1.0000 0.7183 1.6591 0.6865 -7.0468 18.6773 0.4849 0.0352 0.3235
Pedestrian 0.0000 0 0.0000 -1.0000 -1.0000 -1.0000 -1.0000 0.7200 1.6792 0.6817 -35.9546 18.8116 0.3943 0.0664 0.3144
Pedestrian 0.0000 0 0.0000 -1.0000 -1.0000 -1.0000 -1.0000 0.6998 1.6489 0.6290 -18.1316 -21.4316 1.0787 0.3625 0.3036
Pedestrian 0.0000 0 0.0000 -1.0000 -1.0000 -1.0000 -1.0000 0.7191 1.6815 0.6549 -27.3190 30.3087 0.1371 -0.2320 0.3025
