Car 0.0000 0 0.0000 -1.0000 -1.0000 -1.0000 -1.0000 1.8765 1.5447 4.4343 -39.0525 4.0616 1.1997 0.0675 0.6423
Car 0.0000 0 0.0000 -1.0000 -1.0000 -1.0000 -1.0000 1.8456 1.4483 4.3924 33.3353 5.4631 -0.0982 3.0158 0.5591
Car 0.0000 0 0.0000 -1.0000 -1.0000 -1.0000 -1.0000 1.8554 1.4340 4.4423 24.3161 -8.8017 0.2607 -1.4859 0.3994
Car 0.0000 0 0.0000 -1.0000 -1.0000 -1.0000 -1.0000 1.9223 1.5041 4.5250 23.1950 8.2693 -0.0326 -1.5288 0.3926
Car 0.0000 0 0.0000 -1.0000 -1.0000 -1.0000 -1.0000 1.8607 1.5343 4.4229 20.4889 -34.9905 0.5506 1.5217 0.3784
Car 0.0000 0 0.0000 -1.0000 -1.0000 -1.0000 -1.0000 1.8334 1.4206 4.4353 38.5367 5.5663 -0.1636 3.1277 0.3454
Car 0.0000 0 0.0000 -1.0000 -1.0000 -1.0000 -1.0000 2.0675 1.6346 4.6926 -13.4619 0.0213 0.9383 -0.0920 0.3286
Truck 0.0000 0 0.0000 -1.0000 -1.0000 -1.0000 -1.0000 2.0298 2.0888 5.1764 -43.7277 -0.4463 1.6330 0.0635 0.3328
Tricar 0.0000 0 0.0000 -1.0000 -1.0000 -1.0000 -1.0000 1.2587 1.7838 2.8352 -10.4803 4.5532 0.8185 -0.2468 0.5279
Tricar 0.0000 0 0.0000 -1.0000 -1.0000 -1.0000 -1.0000 1.2299 1.7717 2.9561 -16.7129 -2.4057 1.1703 -0.1302 0.4893
Tricar 0.0000 0 0.0000 -1.0000 -1.0000 -1.0000 -1.0000 1.0147 1.2271 2.5738 37.4049 -4.5758 -0.0331 0.0265 0.3198
Cyclist 0.0000 0 0.0000 -1.0000 -1.0000 -1.0000 -1.0000 0.7243 1.5658 1.6582 9.8245 -1.1608 0.6877 3.1098 0.6262
Cyclist 0.0000 0 0.0000 -1.0000 -1.0000 -1.0000 -1.0000 0.7648 1.2817 1.7793 -25.4904 4.9792 0.8214 -2.8722 0.5294
Cyclist 0.0000 0 0.0000 -1.0000 -1.0000 -1.0000 -1.0000 0.7288 1.3132 1.7491 -16.7593 4.8984 0.6651 0.0244 0.5262
Cyclist 0.0000 0 0.0000 -1.0000 -1.0000 -1.0000 -1.0000 0.7023 1.2844 1.7059 18.3567 -5.0702 0.2865 -0.8930 0.4521
Cyclist 0.0000 0 0.0000 -1.0000 -1.0000 -1.0000 -1.0000 0.6747 1.3105 1.6553 2.1355 6.4749 0.3585 -3.0554 0.3559
Cyclist 0.0000 0 0.0000 -1.0000 -1.0000 -1.0000 -1.0000 0.7941 1.5969 1.7433 -33.3258 -2.6797 1.3609 0.0810 0.3541
Cyclist 0.0000 0 0.0000 -1.0000 -1.0000 -1.0000 -1.0000 0.7444 1.6150 1.7234 51.7926 -2.7052 -0.0886 -0.0454 0.3437
Cyclist 0.0000 0 0.0000 -1.0000 -1.0000 -1.0000 -1.0000 0.6752 1.2719 1.7022 -3.6074 5.2469 0.4781 3.1093 0.3234
Cyclist 0.0000 0 0.0000 -1.0000 -1.0000 -1.0000 -1.0000 0.7859 1.2840 1.7783 -13.1095 4.5533 0.5665 0.3621 0.3205
Cyclist 0.0000 0 0.0000 -1.0000 -1.0000 -1.0000 -1.0000 0.7319 1.2647 1.7556 0.3772 -3.1913 0.6072 -0.1534 0.3019
Cyclist 0.0000 0 0.0000 -1.0000 -1.0000 -1.0000 -1.0000 0.7143 1.1993 1.7676 -8.8466 8.0362 0.4859 -1.5954 0.3014
Pedestrian 0.0000 0 0.0000 -1.0000 -1.0000 -1.0000 -1.0000 0.6930 1.7002 0.5999 20.1166 -8.1741 0.4697 -1.6588 0.3471
Pedestrian 0.0000 0 0.0000 -1.0000 -1.0000 -1.0000 -1.0000 0.7053 1.6279 0.6558 56.1051 -2.4149 -0.1953 -3.1142 0.3333
