Car 0.0000 0 0.0000 -1.0000 -1.0000 -1.0000 -1.0000 1.9812 1.4509 4.5926 33.6462 -3.1656 0.7759 0.0031 0.7400
Car 0.0000 0 0.0000 -1.0000 -1.0000 -1.0000 -1.0000 2.0727 1.9508 4.8160 28.1787 10.7135 0.9874 0.0214 0.6982
Car 0.0000 0 0.0000 -1.0000 -1.0000 -1.0000 -1.0000 1.9232 1.4304 4.4761 -8.3279 13.5720 0.5173 0.0053 0.6862
Car 0.0000 0 0.0000 -1.0000 -1.0000 -1.0000 -1.0000 2.1437 1.8336 4.9452 -27.4963 -4.0246 0.9472 3.1360 0.6350
Car 0.0000 0 0.0000 -1.0000 -1.0000 -1.0000 -1.0000 1.9451 1.4978 4.5837 4.6769 32.7366 0.3304 -1.4865 0.5116
Car 0.0000 0 0.0000 -1.0000 -1.0000 -1.0000 -1.0000 2.0380 1.5032 4.7244 24.8304 -0.1761 0.8037 -0.0431 0.4444
Car 0.0000 0 0.0000 -1.0000 -1.0000 -1.0000 -1.0000 1.8591 1.5465 4.4251 -26.2579 9.8264 0.6128 0.0230 0.3843
Truck 0.0000 0 0.0000 -1.0000 -1.0000 -1.0000 -1.0000 2.9606 3.3542 12.0385 12.8417 10.6100 1.6825 3.1387 0.7982
Truck 0.0000 0 0.0000 -1.0000 -1.0000 -1.0000 -1.0000 3.0970 3.8738 10.5754 -10.9872 -4.1390 2.0080 0.0158 0.5234
Truck 0.0000 0 0.0000 -1.0000 -1.0000 -1.0000 -1.0000 2.5045 2.8766 6.3736 39.2715 14.1439 1.4116 -0.0018 0.4214
Truck 0.0000 0 0.0000 -1.0000 -1.0000 -1.0000 -1.0000 2.0658 2.1066 5.2537 40.2286 10.3793 1.0451 -0.0453 0.3828
Truck 0.0000 0 0.0000 -1.0000 -1.0000 -1.0000 -1.0000 1.9420 1.9042 4.8695 -26.5815 14.0579 0.6934 -3.1386 0.3689
Tricar 0.0000 0 0.0000 -1.0000 -1.0000 -1.0000 -1.0000 1.3009 1.7882 3.2344 10.1070 -17.3645 0.9717 1.5525 0.4587
Tricar 0.0000 0 0.0000 -1.0000 -1.0000 -1.0000 -1.0000 1.2763 1.6383 2.6501 54.1352 -3.6474 1.0149 0.0128 0.3128
Cyclist 0.0000 0 0.0000 -1.0000 -1.0000 -1.0000 -1.0000 0.7629 1.5632 1.7202 -1.0623 -9.0883 0.7047 -0.2678 0.4492
Pedestrian 0.0000 0 0.0000 -1.0000 -1.0000 -1.0000 -1.0000 0.6868 1.5248 0.6819 -0.7283 -14.0343 0.6712 1.6589 0.3416
