Car 0.0000 0 0.0000 -1.0000 -1.0000 -1.0000 -1.0000 2.0699 1.6560 4.6762 -11.1017 -3.1049 0.8495 -3.1370 0.7956
Car 0.0000 0 0.0000 -1.0000 -1.0000 -1.0000 -1.0000 1.9933 1.4668 4.5121 22.7806 3.1673 0.8025 -0.0709 0.6846
Car 0.0000 0 0.0000 -1.0000 -1.0000 -1.0000 -1.0000 1.9893 1.4429 4.5588 -33.2301 2.0611 0.5695 -3.0968 0.6637
Car 0.0000 0 0.0000 -1.0000 -1.0000 -1.0000 -1.0000 2.0232 1.9670 4.6446 -13.7569 12.5029 0.8400 -3.1253 0.6477
Car 0.0000 0 0.0000 -1.0000 -1.0000 -1.0000 -1.0000 1.9186 1.5329 4.5217 -56.8738 2.3263 0.4181 0.0333 0.6235
Car 0.0000 0 0.0000 -1.0000 -1.0000 -1.0000 -1.0000 2.1714 2.2707 4.9925 60.9152 -1.1825 1.2866 3.0757 0.5761
Car 0.0000 0 0.0000 -1.0000 -1.0000 -1.0000 -1.0000 1.9482 1.5684 4.5513 31.3200 8.9324 0.8208 3.0929 0.5569
Car 0.0000 0 0.0000 -1.0000 -1.0000 -1.0000 -1.0000 1.9634 1.5378 4.5999 -73.9455 -1.3801 0.3373 -3.0749 0.4910
Car 0.0000 0 0.0000 -1.0000 -1.0000 -1.0000 -1.0000 1.9763 1.5879 4.6936 53.7328 12.2134 0.7226 3.0930 0.4403
Car 0.0000 0 0.0000 -1.0000 -1.0000 -1.0000 -1.0000 1.9516 1.5415 4.6342 -59.4309 8.1413 0.3266 0.1749 0.4341
