Car 0.0000 0 0.0000 -1.0000 -1.0000 -1.0000 -1.0000 1.9607 1.4313 4.5060 -37.8164 6.4854 0.7168 -3.1388 0.6930
Car 0.0000 0 0.0000 -1.0000 -1.0000 -1.0000 -1.0000 1.9129 1.6177 4.4907 -8.4358 -12.4469 0.9233 1.4860 0.6367
Car 0.0000 0 0.0000 -1.0000 -1.0000 -1.0000 -1.0000 2.0483 1.8234 4.8301 33.5540 -5.9229 0.8308 0.0998 0.5971
Car 0.0000 0 0.0000 -1.0000 -1.0000 -1.0000 -1.0000 1.9094 1.5563 4.4837 72.0411 8.8564 0.3032 -0.0779 0.5630
Car 0.0000 0 0.0000 -1.0000 -1.0000 -1.0000 -1.0000 1.9884 1.6792 4.6389 -39.0578 -5.8607 1.0008 -0.1094 0.4929
Car 0.0000 0 0.0000 -1.0000 -1.0000 -1.0000 -1.0000 1.8870 1.5222 4.5127 41.2779 -11.0362 0.4994 -1.5541 0.4894
Car 0.0000 0 0.0000 -1.0000 -1.0000 -1.0000 -1.0000 1.9655 1.4935 4.4980 -33.1370 -1.9714 0.8456 2.9520 0.4103
Car 0.0000 0 0.0000 -1.0000 -1.0000 -1.0000 -1.0000 1.8045 1.5140 4.3874 -68.1919 6.6276 0.7851 0.0100 0.4061
Car 0.0000 0 0.0000 -1.0000 -1.0000 -1.0000 -1.0000 1.8153 1.4561 4.3483 -13.8304 -10.3179 0.7576 -1.2888 0.3819
Car 0.0000 0 0.0000 -1.0000 -1.0000 -1.0000 -1.0000 1.9280 1.4366 4.5527 15.4284 -5.7872 0.7052 -0.1048 0.3792
Tricar 0.0000 0 0.0000 -1.0000 -1.0000 -1.0000 -1.0000 1.2958 1.6747 3.0288 -33.6011 -4.9815 0.9721 -0.2499 0.4026
Tricar 0.0000 0 0.0000 -1.0000 -1.0000 -1.0000 -1.0000 1.2025 1.2941 3.0349 -13.8101 -10.2586 0.7009 -1.4615 0.3130
Cyclist 0.0000 0 0.0000 -1.0000 -1.0000 -1.0000 -1.0000 0.7338 1.5372 1.6916 -7.2401 8.0335 0.6518 3.1306 0.6762
Cyclist 0.0000 0 0.0000 -1.0000 -1.0000 -1.0000 -1.0000 0.7399 1.5439 1.6832 -45.1951 9.9302 0.6726 3.1345 0.6552
Cyclist 0.0000 0 0.0000 -1.0000 -1.0000 -1.0000 -1.0000 0.7381 1.5775 1.6812 38.0601 -3.0011 0.6241 0.0796 0.5360
Cyclist 0.0000 0 0.0000 -1.0000 -1.0000 -1.0000 -1.0000 0.8402 1.5493 1.8594 -17.7993 -7.8562 0.8401 0.0138 0.5133
Cyclist 0.0000 0 0.0000 -1.0000 -1.0000 -1.0000 -1.0000 0.7313 1.5651 1.6678 50.2796 -4.5589 0.5874 3.0885 0.4339
Cyclist 0.0000 0 0.0000 -1.0000 -1.0000 -1.0000 -1.0000 0.8131 1.4430 1.8416 -57.5479 -6.1910 0.7816 -3.0711 0.3047
Cyclist 0.0000 0 0.0000 -1.0000 -1.0000 -1.0000 -1.0000 0.7751 1.2429 1.8014 -0.1655 -9.6549 0.7400 -0.1978 0.3030
Pedestrian 0.0000 0 0.0000 -1.0000 -1.0000 -1.0000 -1.0000 0.6786 1.6780 0.6175 -45.2973 -9.1098 1.1204 0.9382 0.4375
