Car 0.0000 0 0.0000 -1.0000 -1.0000 -1.0000 -1.0000 1.9905 1.6114 4.5977 23.9812 -2.4056 0.7378 0.1797 0.7837
Car 0.0000 0 0.0000 -1.0000 -1.0000 -1.0000 -1.0000 2.0877 1.7179 4.7477 20.0803 8.9026 0.6457 -2.9777 0.7830
Car 0.0000 0 0.0000 -1.0000 -1.0000 -1.0000 -1.0000 1.9301 1.4323 4.4689 -25.2716 5.2172 0.6110 -0.0319 0.7821
Car 0.0000 0 0.0000 -1.0000 -1.0000 -1.0000 -1.0000 1.9705 1.4469 4.5668 0.3972 -4.6208 0.7375 3.1380 0.7720
Car 0.0000 0 0.0000 -1.0000 -1.0000 -1.0000 -1.0000 1.9177 1.7471 4.4265 -12.0641 3.4799 0.8836 3.1012 0.6930
Car 0.0000 0 0.0000 -1.0000 -1.0000 -1.0000 -1.0000 2.0114 1.4774 4.5617 -11.1814 -3.6609 0.7672 -0.0676 0.6787
Car 0.0000 0 0.0000 -1.0000 -1.0000 -1.0000 -1.0000 1.8908 1.4219 4.4814 9.2286 6.8864 0.5699 0.0071 0.6576
Car 0.0000 0 0.0000 -1.0000 -1.0000 -1.0000 -1.0000 1.9723 1.7385 4.6382 -32.9616 5.4030 0.7132 3.0680 0.6513
Car 0.0000 0 0.0000 -1.0000 -1.0000 -1.0000 -1.0000 1.9776 1.7189 4.7037 40.3136 2.7483 0.6559 0.3813 0.6306
Car 0.0000 0 0.0000 -1.0000 -1.0000 -1.0000 -1.0000 2.0243 1.4987 4.5973 33.0177 8.0099 0.5240 -2.7698 0.6216
Car 0.0000 0 0.0000 -1.0000 -1.0000 -1.0000 -1.0000 1.8802 1.5771 4.5543 52.0802 6.9772 0.5258 0.3125 0.5943
Car 0.0000 0 0.0000 -1.0000 -1.0000 -1.0000 -1.0000 2.0716 1.9833 4.7677 2.2751 15.8256 0.7209 -1.4237 0.5871
Car 0.0000 0 0.0000 -1.0000 -1.0000 -1.0000 -1.0000 1.8582 1.4691 4.4028 35.1690 0.8564 0.5648 0.3638 0.5785
Car 0.0000 0 0.0000 -1.0000 -1.0000 -1.0000 -1.0000 1.9384 1.5982 4.5779 70.2188 18.3679 0.3204 0.3170 0.5534
Car 0.0000 0 0.0000 -1.0000 -1.0000 -1.0000 -1.0000 1.9557 1.4986 4.5950 -15.1092 0.1143 0.7238 3.1056 0.4914
Car 0.0000 0 0.0000 -1.0000 -1.0000 -1.0000 -1.0000 1.9266 1.5845 4.5965 67.5154 12.5171 0.4805 0.2778 0.4765
Car 0.0000 0 0.0000 -1.0000 -1.0000 -1.0000 -1.0000 2.0219 1.8385 4.7759 11.7245 -3.8240 0.9809 0.0872 0.4285
Car 0.0000 0 0.0000 -1.0000 -1.0000 -1.0000 -1.0000 1.8624 1.4416 4.4608 25.4677 10.1006 0.4552 -2.8645 0.4263
Car 0.0000 0 0.0000 -1.0000 -1.0000 -1.0000 -1.0000 1.9216 1.5498 4.6622 46.1143 5.1068 0.5460 0.3212 0.3618
Car 0.0000 0 0.0000 -1.0000 -1.0000 -1.0000 -1.0000 1.9388 1.9025 4.7031 -7.0285 -12.3615 0.6765 -1.6165 0.3493
Car 0.0000 0 0.0000 -1.0000 -1.0000 -1.0000 -1.0000 1.9127 1.5492 4.6286 -80.5458 8.5368 0.0647 2.9712 0.3010
Cyclist 0.0000 0 0.0000 -1.0000 -1.0000 -1.0000 -1.0000 0.7634 1.4609 1.7955 -2.9958 9.9853 0.5765 2.7550 0.6460
Cyclist 0.0000 0 0.0000 -1.0000 -1.0000 -1.0000 -1.0000 0.7465 1.5642 1.6982 37.1098 4.2358 0.5595 -2.7838 0.5813
Cyclist 0.0000 0 0.0000 -1.0000 -1.0000 -1.0000 -1.0000 0.7587 1.5933 1.7145 -37.9532 -2.0061 0.5798 -0.0383 0.4511
Cyclist 0.0000 0 0.0000 -1.0000 -1.0000 -1.0000 -1.0000 0.7481 1.5041 1.7426 9.2350 12.5159 0.6306 -2.9854 0.4399
Cyclist 0.0000 0 0.0000 -1.0000 -1.0000 -1.0000 -1.0000 0.7369 1.4320 1.7514 -8.5082 -36.8074 -0.1994 0.9781 0.4319
Cyclist 0.0000 0 0.0000 -1.0000 -1.0000 -1.0000 -1.0000 0.7057 1.4136 1.7216 1.8052 9.8017 0.5960 -1.5981 0.3773
Pedestrian 0.0000 0 0.0000 -1.0000 -1.0000 -1.0000 -1.0000 0.6811 1.6591 0.6336 32.0345 1.2300 0.6664 0.2224 0.5434
Pedestrian 0.0000 0 0.0000 -1.0000 -1.0000 -1.0000 -1.0000 0.6838 1.7198 0.5891 -1.2133 -11.9748 0.9079 0.4449 0.4879
Pedestrian 0.0000 0 0.0000 -1.0000 -1.0000 -1.0000 -1.0000 0.6869 1.6544 0.6344 14.8300 11.9834 0.7561 -3.0294 0.4843
Pedestrian 0.0000 0 0.0000 -1.0000 -1.0000 -1.0000 -1.0000 0.6817 1.6144 0.6033 7.2427 -9.0199 0.9422 3.0424 0.3253
