Car 0.0000 0 0.0000 -1.0000 -1.0000 -1.0000 -1.0000 1.9931 1.4395 4.5459 6.1144 3.3415 0.7094 3.1309 0.8206
Car 0.0000 0 0.0000 -1.0000 -1.0000 -1.0000 -1.0000 1.9922 1.6692 4.5888 6.4589 -0.7770 0.8351 0.0274 0.7992
Car 0.0000 0 0.0000 -1.0000 -1.0000 -1.0000 -1.0000 1.9210 1.4184 4.4333 -11.7779 3.2377 0.7460 -0.0190 0.7961
Car 0.0000 0 0.0000 -1.0000 -1.0000 -1.0000 -1.0000 1.9064 1.4383 4.4703 -17.8452 3.0128 0.7470 3.0907 0.7676
Car 0.0000 0 0.0000 -1.0000 -1.0000 -1.0000 -1.0000 1.9299 1.4365 4.4707 -3.3141 3.2174 0.7318 3.1279 0.7676
Car 0.0000 0 0.0000 -1.0000 -1.0000 -1.0000 -1.0000 1.9451 1.4111 4.5195 -15.0164 -0.3361 0.7572 -3.0987 0.6750
Car 0.0000 0 0.0000 -1.0000 -1.0000 -1.0000 -1.0000 1.9897 1.4669 4.5721 20.8127 2.7366 0.7285 3.1094 0.6356
Car 0.0000 0 0.0000 -1.0000 -1.0000 -1.0000 -1.0000 1.9345 1.5066 4.5494 44.1198 2.5784 0.6924 3.0718 0.5905
Car 0.0000 0 0.0000 -1.0000 -1.0000 -1.0000 -1.0000 2.0594 1.7919 4.7123 -21.1586 0.2957 0.9684 3.1262 0.5650
Car 0.0000 0 0.0000 -1.0000 -1.0000 -1.0000 -1.0000 1.9511 1.5176 4.5499 -33.2013 3.8944 0.8170 3.1340 0.4949
Car 0.0000 0 0.0000 -1.0000 -1.0000 -1.0000 -1.0000 1.8932 1.5036 4.4950 -32.8452 -17.0647 1.0508 1.5551 0.4739
Car 0.0000 0 0.0000 -1.0000 -1.0000 -1.0000 -1.0000 1.9232 1.5076 4.5325 35.5079 0.6269 0.7018 -0.0795 0.4724
Car 0.0000 0 0.0000 -1.0000 -1.0000 -1.0000 -1.0000 1.9332 1.4923 4.5906 -27.1373 4.0800 0.7374 0.0035 0.4487
Car 0.0000 0 0.0000 -1.0000 -1.0000 -1.0000 -1.0000 1.9153 1.5195 4.5024 17.4328 -0.7611 0.7313 -0.1147 0.4149
Car 0.0000 0 0.0000 -1.0000 -1.0000 -1.0000 -1.0000 2.0326 1.9446 4.8877 54.1109 -1.0100 1.2765 3.0604 0.3592
Car 0.0000 0 0.0000 -1.0000 -1.0000 -1.0000 -1.0000 1.9091 1.5365 4.6266 11.7226 -23.6886 1.0851 1.3924 0.3331
Car 0.0000 0 0.0000 -1.0000 -1.0000 -1.0000 -1.0000 1.9409 1.4836 4.5874 -46.4323 3.4699 0.8364 -3.0888 0.3185
Truck 0.0000 0 0.0000 -1.0000 -1.0000 -1.0000 -1.0000 2.9131 3.1727 9.2907 -36.1602 0.3838 1.6895 -3.1184 0.5029
Truck 0.0000 0 0.0000 -1.0000 -1.0000 -1.0000 -1.0000 2.4315 2.3816 6.4811 64.3907 11.8890 1.0981 3.0311 0.4918
Truck 0.0000 0 0.0000 -1.0000 -1.0000 -1.0000 -1.0000 2.9252 3.5522 9.9968 63.1459 1.2557 1.8688 -0.1164 0.4172
Tricar 0.0000 0 0.0000 -1.0000 -1.0000 -1.0000 -1.0000 1.3944 1.8372 3.0529 52.5547 2.8538 1.2049 3.1181 0.4086
Cyclist 0.0000 0 0.0000 -1.0000 -1.0000 -1.0000 -1.0000 0.7297 1.5352 1.7051 0.5021 -7.8483 0.7668 3.1147 0.5737
Pedestrian 0.0000 0 0.0000 -1.0000 -1.0000 -1.0000 -1.0000 0.6564 1.5792 0.5660 10.6305 -3.1587 0.8115 -2.1428 0.4723
