Car 0.0000 0 0.0000 -1.0000 -1.0000 -1.0000 -1.0000 1.8850 1.4074 4.4554 16.2877 16.5796 1.0430 -2.6646 0.7339
Car 0.0000 0 0.0000 -1.0000 -1.0000 -1.0000 -1.0000 1.9527 1.6916 4.5160 1.6786 10.4428 0.8753 -3.1319 0.7302
Car 0.0000 0 0.0000 -1.0000 -1.0000 -1.0000 -1.0000 1.9579 1.4312 4.4921 6.8809 11.8585 0.8883 -2.6382 0.7115
Car 0.0000 0 0.0000 -1.0000 -1.0000 -1.0000 -1.0000 1.8606 1.4783 4.3796 27.6717 21.9057 1.4081 -2.6755 0.6920
Car 0.0000 0 0.0000 -1.0000 -1.0000 -1.0000 -1.0000 1.9602 1.6323 4.5634 12.1539 -12.7890 0.7748 -1.0420 0.6554
Car 0.0000 0 0.0000 -1.0000 -1.0000 -1.0000 -1.0000 1.9267 1.4626 4.5093 21.8034 19.3986 1.3210 -2.6307 0.6301
Car 0.0000 0 0.0000 -1.0000 -1.0000 -1.0000 -1.0000 1.8723 1.4632 4.4609 -6.3120 10.4256 0.7243 -1.2238 0.5493
Car 0.0000 0 0.0000 -1.0000 -1.0000 -1.0000 -1.0000 1.9422 1.5177 4.6241 14.3598 27.7994 1.6401 0.4248 0.5419
Car 0.0000 0 0.0000 -1.0000 -1.0000 -1.0000 -1.0000 1.9566 1.6499 4.6236 13.8973 -17.5425 0.7085 2.0060 0.5411
Car 0.0000 0 0.0000 -1.0000 -1.0000 -1.0000 -1.0000 1.8685 1.6482 4.4665 42.3685 29.7140 1.9249 -2.6655 0.5249
Car 0.0000 0 0.0000 -1.0000 -1.0000 -1.0000 -1.0000 1.9694 1.7001 4.6466 -35.3518 11.3455 0.4001 -1.1390 0.5148
Car 0.0000 0 0.0000 -1.0000 -1.0000 -1.0000 -1.0000 1.9046 1.4405 4.5446 7.3075 -2.1574 0.7324 -1.0978 0.4994
Car 0.0000 0 0.0000 -1.0000 -1.0000 -1.0000 -1.0000 1.8742 1.6935 4.4601 9.8320 5.4167 0.9478 0.4834 0.4310
Car 0.0000 0 0.0000 -1.0000 -1.0000 -1.0000 -1.0000 1.9226 1.5758 4.6168 12.2944 31.6999 1.7181 -2.7067 0.4262
Car 0.0000 0 0.0000 -1.0000 -1.0000 -1.0000 -1.0000 1.8903 1.7615 4.4379 10.3015 -22.3080 0.6739 -1.1482 0.4161
Car 0.0000 0 0.0000 -1.0000 -1.0000 -1.0000 -1.0000 1.8640 1.5072 4.4397 16.6847 -22.5359 0.5587 -1.1723 0.4096
Car 0.0000 0 0.0000 -1.0000 -1.0000 -1.0000 -1.0000 1.8985 1.4636 4.4985 19.4509 10.6264 0.9926 0.3732 0.3960
Car 0.0000 0 0.0000 -1.0000 -1.0000 -1.0000 -1.0000 1.8843 1.4749 4.4875 9.5927 -7.1206 0.7201 -0.9859 0.3677
Car 0.0000 0 0.0000 -1.0000 -1.0000 -1.0000 -1.0000 1.8853 1.6102 4.4911 -8.3660 16.2354 0.9103 -1.0492 0.3423
Car 0.0000 0 0.0000 -1.0000 -1.0000 -1.0000 -1.0000 1.8597 1.5336 4.4898 10.7044 35.9772 1.6832 -2.5957 0.3323
Car 0.0000 0 0.0000 -1.0000 -1.0000 -1.0000 -1.0000 1.8594 1.6186 4.4346 19.0359 -27.9608 0.6134 2.1148 0.3244
Car 0.0000 0 0.0000 -1.0000 -1.0000 -1.0000 -1.0000 1.9547 1.6428 4.5128 24.7130 13.2397 1.1996 0.4753 0.3196
Cyclist 0.0000 0 0.0000 -1.0000 -1.0000 -1.0000 -1.0000 0.7935 1.5144 1.8257 -10.2610 -2.7281 0.7361 0.3258 0.6316
Cyclist 0.0000 0 0.0000 -1.0000 -1.0000 -1.0000 -1.0000 0.7286 1.5104 1.6879 22.2922 6.0350 1.1501 -2.7149 0.4883
Cyclist 0.0000 0 0.0000 -1.0000 -1.0000 -1.0000 -1.0000 0.6973 1.0722 1.6793 -35.2306 -18.7722 -0.3728 -2.6486 0.3352
Cyclist 0.0000 0 0.0000 -1.0000 -1.0000 -1.0000 -1.0000 0.7674 1.5773 1.7310 -30.1964 3.6067 0.2242 -0.6638 0.3350
Pedestrian 0.0000 0 0.0000 -1.0000 -1.0000 -1.0000 -1.0000 0.7050 1.6321 0.6936 8.7469 -10.5994 0.7483 -0.8205 0.5288
Pedestrian 0.0000 0 0.0000 -1.0000 -1.0000 -1.0000 -1.0000 0.6863 1.5888 0.5981 -25.4297 -23.4697 -0.0547 0.9479 0.3616
Pedestrian 0.0000 0 0.0000 -1.0000 -1.0000 -1.0000 -1.0000 0.7375 1.7573 0.7243 29.9376 11.1713 1.4954 0.4363 0.3254
