Car 0.0000 0 0.0000 -1.0000 -1.0000 -1.0000 -1.0000 1.9906 1.4835 4.5256 4.4014 3.3328 0.7951 3.1110 0.8302
Car 0.0000 0 0.0000 -1.0000 -1.0000 -1.0000 -1.0000 1.9794 1.5358 4.4891 10.6468 3.3241 0.8531 3.1180 0.7949
Car 0.0000 0 0.0000 -1.0000 -1.0000 -1.0000 -1.0000 1.9385 1.4768 4.4969 -37.1671 3.0534 0.6241 3.1350 0.7858
Car 0.0000 0 0.0000 -1.0000 -1.0000 -1.0000 -1.0000 2.0104 1.6966 4.6615 9.0632 17.9425 0.4484 -0.0300 0.7511
Car 0.0000 0 0.0000 -1.0000 -1.0000 -1.0000 -1.0000 2.0155 1.4331 4.6080 -13.6606 -0.4659 0.6887 -0.1403 0.7410
Car 0.0000 0 0.0000 -1.0000 -1.0000 -1.0000 -1.0000 1.8928 1.5070 4.4472 -4.5187 3.2177 0.7905 3.1187 0.7326
Car 0.0000 0 0.0000 -1.0000 -1.0000 -1.0000 -1.0000 1.9871 1.5063 4.6238 16.3513 17.8612 0.5047 -0.0293 0.7204
Car 0.0000 0 0.0000 -1.0000 -1.0000 -1.0000 -1.0000 1.9371 1.4681 4.5038 22.7476 3.4395 0.8821 -0.0371 0.7025
Car 0.0000 0 0.0000 -1.0000 -1.0000 -1.0000 -1.0000 1.9327 1.4913 4.5513 -19.7391 14.5406 0.4283 3.1097 0.6950
Car 0.0000 0 0.0000 -1.0000 -1.0000 -1.0000 -1.0000 1.9703 1.6925 4.5754 -27.1974 14.4399 0.4484 -0.0322 0.6825
Car 0.0000 0 0.0000 -1.0000 -1.0000 -1.0000 -1.0000 2.0258 1.7387 4.6780 16.8902 -2.9607 0.9841 0.0029 0.6564
Car 0.0000 0 0.0000 -1.0000 -1.0000 -1.0000 -1.0000 1.9537 1.5183 4.6086 -35.8607 14.5071 0.3046 -3.1328 0.6500
Car 0.0000 0 0.0000 -1.0000 -1.0000 -1.0000 -1.0000 1.9224 1.5779 4.4523 -9.1590 17.6489 0.4095 3.1078 0.6360
Car 0.0000 0 0.0000 -1.0000 -1.0000 -1.0000 -1.0000 1.9061 1.5219 4.5126 -12.2125 14.7565 0.4705 3.1073 0.5716
Car 0.0000 0 0.0000 -1.0000 -1.0000 -1.0000 -1.0000 1.8742 1.5221 4.4739 -2.8526 20.6987 0.3351 3.1278 0.5617
Car 0.0000 0 0.0000 -1.0000 -1.0000 -1.0000 -1.0000 1.9851 1.6705 4.6342 -2.3037 16.9281 0.5369 3.1193 0.5415
Car 0.0000 0 0.0000 -1.0000 -1.0000 -1.0000 -1.0000 1.9316 1.8650 4.5927 1.1058 13.6892 0.6989 3.1247 0.5279
Car 0.0000 0 0.0000 -1.0000 -1.0000 -1.0000 -1.0000 1.9508 1.4429 4.5553 17.2983 3.5722 0.8369 0.0262 0.5217
Car 0.0000 0 0.0000 -1.0000 -1.0000 -1.0000 -1.0000 1.9494 1.5073 4.6147 30.8517 3.6614 1.0422 0.0377 0.5013
Car 0.0000 0 0.0000 -1.0000 -1.0000 -1.0000 -1.0000 1.9651 1.5915 4.6620 -62.1484 3.4884 0.5885 -3.1135 0.5000
Car 0.0000 0 0.0000 -1.0000 -1.0000 -1.0000 -1.0000 1.9134 1.6900 4.5601 -4.8524 24.6913 0.2958 3.1227 0.4792
Car 0.0000 0 0.0000 -1.0000 -1.0000 -1.0000 -1.0000 1.9119 1.7989 4.5094 17.0834 14.1699 0.8716 0.0084 0.4406
Car 0.0000 0 0.0000 -1.0000 -1.0000 -1.0000 -1.0000 1.9559 1.4930 4.5836 20.5576 24.6326 0.2624 0.0181 0.4343
Car 0.0000 0 0.0000 -1.0000 -1.0000 -1.0000 -1.0000 1.9567 1.7508 4.6158 38.6210 5.4022 1.3074 -3.0530 0.3922
Car 0.0000 0 0.0000 -1.0000 -1.0000 -1.0000 -1.0000 2.0356 1.8832 4.8844 -40.6447 17.7366 0.3935 0.0315 0.3875
Car 0.0000 0 0.0000 -1.0000 -1.0000 -1.0000 -1.0000 1.9726 1.5602 4.6766 -31.9692 22.2054 0.2140 -0.1652 0.3315
Car 0.0000 0 0.0000 -1.0000 -1.0000 -1.0000 -1.0000 1.9721 1.4814 4.5885 -39.8943 -0.0885 0.5756 -3.1186 0.3314
Car 0.0000 0 0.0000 -1.0000 -1.0000 -1.0000 -1.0000 1.9549 1.5367 4.6235 30.3491 17.4432 0.4171 0.0030 0.3291
Car 0.0000 0 0.0000 -1.0000 -1.0000 -1.0000 -1.0000 1.9173 1.5277 4.5733 -21.7661 21.4249 0.2863 -0.0635 0.3150
Truck 0.0000 0 0.0000 -1.0000 -1.0000 -1.0000 -1.0000 2.0230 2.0214 5.1687 8.1656 -0.3419 1.1104 3.1346 0.4794
Truck 0.0000 0 0.0000 -1.0000 -1.0000 -1.0000 -1.0000 2.4967 2.6631 6.5505 18.4495 0.4769 1.4941 -0.0249 0.3629
Tricar 0.0000 0 0.0000 -1.0000 -1.0000 -1.0000 -1.0000 1.2401 1.7310 2.8144 -3.0979 -3.2484 0.9277 -0.0432 0.5089
Cyclist 0.0000 0 0.0000 -1.0000 -1.0000 -1.0000 -1.0000 0.7595 1.5144 1.7748 -19.7322 -3.7363 0.7088 3.0384 0.5576
