Car 0.0000 0 0.0000 -1.0000 -1.0000 -1.0000 -1.0000 2.0672 1.5937 4.5771 38.6601 -5.4357 0.9297 -0.2465 0.7673
Car 0.0000 0 0.0000 -1.0000 -1.0000 -1.0000 -1.0000 2.0219 1.5182 4.6370 16.9104 9.7957 0.7412 -0.1181 0.7298
Car 0.0000 0 0.0000 -1.0000 -1.0000 -1.0000 -1.0000 2.0123 1.5271 4.6690 -33.7831 7.9051 0.7859 -2.9983 0.6674
Car 0.0000 0 0.0000 -1.0000 -1.0000 -1.0000 -1.0000 1.9231 1.4550 4.4720 -63.9675 -14.4992 1.5753 -2.8524 0.6122
Car 0.0000 0 0.0000 -1.0000 -1.0000 -1.0000 -1.0000 1.9731 1.6691 4.5459 1.1122 6.9798 0.8853 -0.0218 0.5973
Car 0.0000 0 0.0000 -1.0000 -1.0000 -1.0000 -1.0000 1.9733 1.6366 4.6398 24.2508 5.4049 0.8701 2.9657 0.5833
Car 0.0000 0 0.0000 -1.0000 -1.0000 -1.0000 -1.0000 1.9718 1.7277 4.5762 54.6162 -13.0924 1.0047 2.7719 0.5809
Car 0.0000 0 0.0000 -1.0000 -1.0000 -1.0000 -1.0000 1.9033 1.4928 4.5394 -29.0034 5.2941 0.7736 0.1883 0.5541
Car 0.0000 0 0.0000 -1.0000 -1.0000 -1.0000 -1.0000 1.9664 1.8350 4.6328 65.9147 -7.4295 1.2234 2.6733 0.5127
Car 0.0000 0 0.0000 -1.0000 -1.0000 -1.0000 -1.0000 1.9418 1.6237 4.6518 -41.1331 2.8564 0.8740 0.2185 0.5016
Car 0.0000 0 0.0000 -1.0000 -1.0000 -1.0000 -1.0000 1.9851 1.4611 4.5568 14.3791 -3.7701 0.7328 3.0860 0.4695
