Car 0.0000 0 0.0000 -1.0000 -1.0000 -1.0000 -1.0000 2.0326 1.4980 4.7067 10.8724 14.7042 0.7379 -0.0120 0.7653
Car 0.0000 0 0.0000 -1.0000 -1.0000 -1.0000 -1.0000 1.9871 1.5559 4.6019 -25.3132 -0.4255 0.6332 -0.0622 0.7644
Car 0.0000 0 0.0000 -1.0000 -1.0000 -1.0000 -1.0000 1.9954 1.5295 4.5246 6.8037 3.4233 0.8202 0.0639 0.7518
Car 0.0000 0 0.0000 -1.0000 -1.0000 -1.0000 -1.0000 1.9437 1.4983 4.5896 -54.3593 4.6528 0.3717 3.0928 0.7431
Car 0.0000 0 0.0000 -1.0000 -1.0000 -1.0000 -1.0000 2.0038 1.5216 4.5748 26.5293 0.8655 0.8644 0.0604 0.6928
Car 0.0000 0 0.0000 -1.0000 -1.0000 -1.0000 -1.0000 1.9130 1.4241 4.4582 -9.3606 16.5862 0.6534 2.9769 0.6470
Car 0.0000 0 0.0000 -1.0000 -1.0000 -1.0000 -1.0000 1.9065 1.5230 4.4972 -35.3786 0.1387 0.5077 3.1153 0.5397
Car 0.0000 0 0.0000 -1.0000 -1.0000 -1.0000 -1.0000 1.9111 1.5986 4.5611 -67.7823 34.5462 0.8395 3.1055 0.5344
Car 0.0000 0 0.0000 -1.0000 -1.0000 -1.0000 -1.0000 1.9775 1.4696 4.5021 -31.5319 3.7729 0.5032 3.0867 0.5187
Car 0.0000 0 0.0000 -1.0000 -1.0000 -1.0000 -1.0000 2.0551 1.4921 4.6782 -11.7201 3.8626 0.7008 -0.0379 0.5101
Car 0.0000 0 0.0000 -1.0000 -1.0000 -1.0000 -1.0000 2.0069 1.8049 4.6023 -33.9967 20.9668 0.8960 -0.3992 0.5006
Car 0.0000 0 0.0000 -1.0000 -1.0000 -1.0000 -1.0000 1.9368 1.7703 4.6001 -28.2113 22.8813 0.8559 2.7735 0.4961
Car 0.0000 0 0.0000 -1.0000 -1.0000 -1.0000 -1.0000 1.9521 1.5341 4.5615 36.5159 14.8438 0.8310 0.0298 0.4115
Car 0.0000 0 0.0000 -1.0000 -1.0000 -1.0000 -1.0000 1.9748 1.4832 4.6595 34.6638 5.4178 0.8719 0.0606 0.4066
Truck 0.0000 0 0.0000 -1.0000 -1.0000 -1.0000 -1.0000 3.0420 3.6628 10.0566 18.8566 10.9552 1.8360 0.0102 0.7091
Truck 0.0000 0 0.0000 -1.0000 -1.0000 -1.0000 -1.0000 2.9008 3.4842 11.2483 37.5728 10.4222 1.8552 0.0879 0.6510
Truck 0.0000 0 0.0000 -1.0000 -1.0000 -1.0000 -1.0000 2.9421 3.4765 9.9846 79.5634 14.6234 2.0277 3.0615 0.5649
Truck 0.0000 0 0.0000 -1.0000 -1.0000 -1.0000 -1.0000 3.0254 3.5389 10.3133 -71.0950 1.3904 1.5499 -0.0414 0.5072
Truck 0.0000 0 0.0000 -1.0000 -1.0000 -1.0000 -1.0000 2.8160 2.9985 8.5335 -68.6705 4.9175 1.2602 -0.0490 0.4593
Truck 0.0000 0 0.0000 -1.0000 -1.0000 -1.0000 -1.0000 2.4480 2.8197 6.2394 7.6354 -1.2501 1.5188 0.0922 0.4489
Truck 0.0000 0 0.0000 -1.0000 -1.0000 -1.0000 -1.0000 2.4683 2.8317 6.2612 -0.6121 11.3610 1.4340 3.1057 0.4277
Truck 0.0000 0 0.0000 -1.0000 -1.0000 -1.0000 -1.0000 1.9209 2.0001 4.6285 13.2803 1.5334 0.9602 -3.1234 0.4212
Cyclist 0.0000 0 0.0000 -1.0000 -1.0000 -1.0000 -1.0000 0.8209 1.5376 1.8304 -24.5601 24.2804 0.6763 -0.4051 0.3728
