Car 0.0000 0 0.0000 -1.0000 -1.0000 -1.0000 -1.0000 1.9668 1.5309 4.4702 -21.6759 3.3856 0.7926 3.1357 0.7938
Car 0.0000 0 0.0000 -1.0000 -1.0000 -1.0000 -1.0000 2.0016 1.5213 4.5708 -35.4208 3.2897 0.7598 0.0082 0.7881
Car 0.0000 0 0.0000 -1.0000 -1.0000 -1.0000 -1.0000 1.9809 1.5033 4.5582 5.0595 3.5038 0.7148 0.0043 0.7503
Car 0.0000 0 0.0000 -1.0000 -1.0000 -1.0000 -1.0000 1.9578 1.6115 4.5554 -15.6956 0.2316 0.8179 0.0017 0.7282
Car 0.0000 0 0.0000 -1.0000 -1.0000 -1.0000 -1.0000 1.9748 1.5537 4.6124 43.1348 11.6919 0.5137 3.1340 0.6931
Car 0.0000 0 0.0000 -1.0000 -1.0000 -1.0000 -1.0000 2.0061 1.4671 4.5744 15.6268 3.6080 0.7243 3.1315 0.6455
Car 0.0000 0 0.0000 -1.0000 -1.0000 -1.0000 -1.0000 1.9863 1.4526 4.5771 46.7841 3.4644 0.7170 0.0077 0.6147
Car 0.0000 0 0.0000 -1.0000 -1.0000 -1.0000 -1.0000 1.8943 1.5176 4.4169 -24.5227 -0.5144 0.7306 3.1174 0.5858
Car 0.0000 0 0.0000 -1.0000 -1.0000 -1.0000 -1.0000 1.9287 1.5582 4.5439 24.0408 11.1660 0.5802 3.1222 0.5618
Car 0.0000 0 0.0000 -1.0000 -1.0000 -1.0000 -1.0000 1.9908 1.6751 4.6354 5.4272 8.7144 0.7231 3.1254 0.5147
Car 0.0000 0 0.0000 -1.0000 -1.0000 -1.0000 -1.0000 2.0614 1.9628 4.8078 -47.8529 11.8963 0.8560 -3.1257 0.5088
Car 0.0000 0 0.0000 -1.0000 -1.0000 -1.0000 -1.0000 1.9401 1.6648 4.5597 -57.9349 8.0363 0.7144 0.0271 0.4963
Car 0.0000 0 0.0000 -1.0000 -1.0000 -1.0000 -1.0000 1.8324 1.5870 4.3550 12.4161 12.0049 0.5503 0.0395 0.3760
Car 0.0000 0 0.0000 -1.0000 -1.0000 -1.0000 -1.0000 1.9173 1.5229 4.5932 -37.0259 -0.7572 0.7171 -3.0891 0.3033
Truck 0.0000 0 0.0000 -1.0000 -1.0000 -1.0000 -1.0000 2.8762 2.7889 9.0538 -4.9256 3.7746 1.4028 3.1377 0.6212
Truck 0.0000 0 0.0000 -1.0000 -1.0000 -1.0000 -1.0000 2.9961 3.1642 10.8735 -48.1272 -0.7404 1.5818 -3.1278 0.6167
Truck 0.0000 0 0.0000 -1.0000 -1.0000 -1.0000 -1.0000 2.4930 2.9306 6.3455 52.0034 8.0451 1.4927 -0.0025 0.4817
Truck 0.0000 0 0.0000 -1.0000 -1.0000 -1.0000 -1.0000 2.5742 2.8079 7.9413 18.2813 -0.5915 1.4627 0.0020 0.3690
Truck 0.0000 0 0.0000 -1.0000 -1.0000 -1.0000 -1.0000 2.8922 3.4911 9.9652 67.2118 -12.1966 2.4874 2.9280 0.3133
