Car 0.0000 0 0.0000 -1.0000 -1.0000 -1.0000 -1.0000 1.9911 1.4740 4.6663 -41.0702 6.7031 0.6033 -3.1051 0.7352
Car 0.0000 0 0.0000 -1.0000 -1.0000 -1.0000 -1.0000 2.0169 1.5653 4.5142 34.6354 2.3611 0.9401 -3.1377 0.7131
Car 0.0000 0 0.0000 -1.0000 -1.0000 -1.0000 -1.0000 1.9687 1.4558 4.5996 -43.7332 -0.4960 0.6306 0.0042 0.5960
Car 0.0000 0 0.0000 -1.0000 -1.0000 -1.0000 -1.0000 1.9857 1.5624 4.6190 -7.5234 -9.7151 0.3508 -1.5491 0.5725
Car 0.0000 0 0.0000 -1.0000 -1.0000 -1.0000 -1.0000 1.9224 1.5142 4.5883 9.0574 20.3581 0.5055 -1.4736 0.5322
Car 0.0000 0 0.0000 -1.0000 -1.0000 -1.0000 -1.0000 1.9317 1.5277 4.5736 -2.4141 -9.5790 0.4010 -1.6310 0.5111
Car 0.0000 0 0.0000 -1.0000 -1.0000 -1.0000 -1.0000 1.8807 1.4408 4.4083 -8.6490 -19.5833 -0.2981 -1.6733 0.5109
Car 0.0000 0 0.0000 -1.0000 -1.0000 -1.0000 -1.0000 1.8756 1.4889 4.5198 -12.5555 -10.2094 0.3467 -1.4289 0.3312
Car 0.0000 0 0.0000 -1.0000 -1.0000 -1.0000 -1.0000 1.9726 1.6133 4.6140 74.0817 -1.5236 0.9506 0.0093 0.3115
Car 0.0000 0 0.0000 -1.0000 -1.0000 -1.0000 -1.0000 1.8887 1.5572 4.5274 7.1748 27.2848 0.5488 1.6543 0.3038
Car 0.0000 0 0.0000 -1.0000 -1.0000 -1.0000 -1.0000 1.9545 1.5853 4.6477 61.2662 6.7587 0.9643 -3.0722 0.3033
Car 0.0000 0 0.0000 -1.0000 -1.0000 -1.0000 -1.0000 1.8627 1.4518 4.4807 -41.8693 -4.0364 0.6067 -3.0496 0.3025
Truck 0.0000 0 0.0000 -1.0000 -1.0000 -1.0000 -1.0000 3.1159 4.1478 11.2604 -15.9014 10.1187 2.0688 3.1410 0.6883
Truck 0.0000 0 0.0000 -1.0000 -1.0000 -1.0000 -1.0000 2.6813 3.1931 6.8392 -74.4780 8.6570 1.6633 -3.1123 0.5747
Truck 0.0000 0 0.0000 -1.0000 -1.0000 -1.0000 -1.0000 3.1344 4.1945 17.3038 22.2542 9.8347 2.0935 3.0985 0.5070
Truck 0.0000 0 0.0000 -1.0000 -1.0000 -1.0000 -1.0000 2.3038 2.1329 6.0834 11.1247 2.9445 1.0154 0.0102 0.4929
Cyclist 0.0000 0 0.0000 -1.0000 -1.0000 -1.0000 -1.0000 0.7527 1.5833 1.7076 14.8234 -7.1595 0.8024 -0.0208 0.3740
Pedestrian 0.0000 0 0.0000 -1.0000 -1.0000 -1.0000 -1.0000 0.6904 1.7022 0.6443 -10.9074 -3.1269 0.9334 -2.8204 0.3762
