Car 0.0000 0 0.0000 -1.0000 -1.0000 -1.0000 -1.0000 1.9475 1.4522 4.5432 -33.2399 -1.1691 0.5761 3.1059 0.7443
Car 0.0000 0 0.0000 -1.0000 -1.0000 -1.0000 -1.0000 2.0052 1.5644 4.6029 22.6430 -2.9799 1.1091 0.0226 0.6779
Car 0.0000 0 0.0000 -1.0000 -1.0000 -1.0000 -1.0000 1.9749 1.6522 4.5811 -53.8547 -0.7524 0.7024 -0.0259 0.6491
Car 0.0000 0 0.0000 -1.0000 -1.0000 -1.0000 -1.0000 1.9540 1.6503 4.5114 -15.5386 -1.1964 0.8100 3.1101 0.6171
Car 0.0000 0 0.0000 -1.0000 -1.0000 -1.0000 -1.0000 1.9428 1.6348 4.4407 -54.9239 -9.2303 0.8744 -3.1145 0.6108
Car 0.0000 0 0.0000 -1.0000 -1.0000 -1.0000 -1.0000 1.9289 1.4304 4.5576 3.5102 11.1555 0.3663 -0.0549 0.6057
Car 0.0000 0 0.0000 -1.0000 -1.0000 -1.0000 -1.0000 1.9339 1.5655 4.6226 44.4473 -5.8819 1.4240 1.6619 0.5249
Car 0.0000 0 0.0000 -1.0000 -1.0000 -1.0000 -1.0000 1.9209 1.4092 4.4925 10.1447 11.4042 0.4207 0.0195 0.4871
Car 0.0000 0 0.0000 -1.0000 -1.0000 -1.0000 -1.0000 1.8818 1.7094 4.4244 -9.4131 11.8449 0.4750 -3.1104 0.4599
Car 0.0000 0 0.0000 -1.0000 -1.0000 -1.0000 -1.0000 1.8811 1.4682 4.4265 44.8600 19.0322 0.6158 1.5394 0.4508
Car 0.0000 0 0.0000 -1.0000 -1.0000 -1.0000 -1.0000 1.8559 1.5151 4.4432 47.4826 -12.7812 1.5137 1.5385 0.4080
Car 0.0000 0 0.0000 -1.0000 -1.0000 -1.0000 -1.0000 2.0196 1.4769 4.5834 19.8538 0.1191 0.9751 -3.1123 0.3703
Car 0.0000 0 0.0000 -1.0000 -1.0000 -1.0000 -1.0000 1.8746 1.4661 4.4895 -30.7419 11.2077 0.2956 -0.0221 0.3449
Car 0.0000 0 0.0000 -1.0000 -1.0000 -1.0000 -1.0000 1.8001 1.4802 4.3678 -32.0471 -4.2379 0.6236 -3.0960 0.3137
Car 0.0000 0 0.0000 -1.0000 -1.0000 -1.0000 -1.0000 1.9299 1.7227 4.6578 77.7190 4.1755 1.0512 3.1338 0.3008
Tricar 0.0000 0 0.0000 -1.0000 -1.0000 -1.0000 -1.0000 1.2614 1.6271 3.0750 15.8466 10.9907 0.5797 0.0924 0.5022
Cyclist 0.0000 0 0.0000 -1.0000 -1.0000 -1.0000 -1.0000 0.7593 1.5549 1.7753 38.5247 8.4647 0.9555 1.9084 0.6021
Cyclist 0.0000 0 0.0000 -1.0000 -1.0000 -1.0000 -1.0000 0.7173 1.5141 1.6852 -17.4896 -8.4823 0.7782 3.0852 0.5944
Cyclist 0.0000 0 0.0000 -1.0000 -1.0000 -1.0000 -1.0000 0.7318 1.5347 1.6700 22.1166 -8.0808 1.1441 -3.0691 0.5540
Cyclist 0.0000 0 0.0000 -1.0000 -1.0000 -1.0000 -1.0000 0.7906 1.5382 1.7833 14.5679 9.0222 0.5378 3.1337 0.5331
Cyclist 0.0000 0 0.0000 -1.0000 -1.0000 -1.0000 -1.0000 0.7142 1.5266 1.6791 23.0267 8.4732 0.7011 0.0205 0.4577
Cyclist 0.0000 0 0.0000 -1.0000 -1.0000 -1.0000 -1.0000 0.7297 1.4785 1.7267 -0.1912 15.5513 0.3633 -0.1057 0.4401
Cyclist 0.0000 0 0.0000 -1.0000 -1.0000 -1.0000 -1.0000 0.6907 1.5065 1.6622 -37.8953 10.3653 0.2954 0.0181 0.4233
Cyclist 0.0000 0 0.0000 -1.0000 -1.0000 -1.0000 -1.0000 0.7745 1.5635 1.7192 25.0999 -7.3600 1.1561 -3.1402 0.3961
Cyclist 0.0000 0 0.0000 -1.0000 -1.0000 -1.0000 -1.0000 0.8018 1.4927 1.8120 15.8266 12.1392 0.4774 -3.0514 0.3832
Cyclist 0.0000 0 0.0000 -1.0000 -1.0000 -1.0000 -1.0000 0.6688 1.1535 1.7090 -28.4098 -12.5881 0.8224 -1.4864 0.3686
Cyclist 0.0000 0 0.0000 -1.0000 -1.0000 -1.0000 -1.0000 0.6589 1.1397 1.6690 -11.1787 -12.0441 0.9402 -1.4993 0.3637
Cyclist 0.0000 0 0.0000 -1.0000 -1.0000 -1.0000 -1.0000 0.7055 1.5110 1.7012 -54.0342 9.1283 0.3014 -0.0130 0.3537
Cyclist 0.0000 0 0.0000 -1.0000 -1.0000 -1.0000 -1.0000 0.7330 1.5501 1.6924 -49.4495 -7.2144 0.7287 3.1394 0.3389
Cyclist 0.0000 0 0.0000 -1.0000 -1.0000 -1.0000 -1.0000 0.6737 1.1429 1.7072 -17.6463 14.1308 0.1806 1.5541 0.3122
Cyclist 0.0000 0 0.0000 -1.0000 -1.0000 -1.0000 -1.0000 0.7139 1.2789 1.7444 -21.4559 -11.9894 0.9064 -1.5370 0.3077
Cyclist 0.0000 0 0.0000 -1.0000 -1.0000 -1.0000 -1.0000 0.8009 1.5206 1.8201 31.4198 8.0924 0.8343 -1.8017 0.3070
Pedestrian 0.0000 0 0.0000 -1.0000 -1.0000 -1.0000 -1.0000 0.6882 1.6795 0.6178 33.0583 -8.5833 1.2896 0.0151 0.5375
Pedestrian 0.0000 0 0.0000 -1.0000 -1.0000 -1.0000 -1.0000 0.6675 1.6400 0.5936 -12.6435 -14.1153 1.2568 0.4119 0.5012
Pedestrian 0.0000 0 0.0000 -1.0000 -1.0000 -1.0000 -1.0000 0.6910 1.6805 0.6164 -50.5087 -14.1701 1.1738 3.1393 0.4874
Pedestrian 0.0000 0 0.0000 -1.0000 -1.0000 -1.0000 -1.0000 0.6651 1.6523 0.5720 27.5765 14.8298 0.6958 -2.9988 0.3774
Pedestrian 0.0000 0 0.0000 -1.0000 -1.0000 -1.0000 -1.0000 0.6824 1.7366 0.5877 27.3362 16.3318 0.7970 0.2323 0.3509
