Car 0.0000 0 0.0000 -1.0000 -1.0000 -1.0000 -1.0000 2.1399 1.7398 4.8447 31.4062 0.8028 0.8916 -0.0150 0.7951
Car 0.0000 0 0.0000 -1.0000 -1.0000 -1.0000 -1.0000 1.8978 1.4615 4.4393 -12.5920 2.4437 0.7230 -3.1220 0.7246
Car 0.0000 0 0.0000 -1.0000 -1.0000 -1.0000 -1.0000 1.8732 1.4184 4.4278 -24.4231 1.1409 0.7056 0.0114 0.7137
Car 0.0000 0 0.0000 -1.0000 -1.0000 -1.0000 -1.0000 1.9038 1.4402 4.4596 -5.9667 -3.0082 0.6769 -0.0508 0.6701
Car 0.0000 0 0.0000 -1.0000 -1.0000 -1.0000 -1.0000 1.9078 1.4544 4.5442 39.2674 3.4950 0.7372 0.0118 0.6372
Car 0.0000 0 0.0000 -1.0000 -1.0000 -1.0000 -1.0000 1.8542 1.4821 4.4493 -31.1296 3.0959 0.7389 -3.0900 0.6244
Car 0.0000 0 0.0000 -1.0000 -1.0000 -1.0000 -1.0000 1.8866 1.4482 4.4569 -54.9450 -3.2939 0.7574 -0.0246 0.5187
Car 0.0000 0 0.0000 -1.0000 -1.0000 -1.0000 -1.0000 1.9358 1.5751 4.6366 17.8451 12.2146 0.9853 -1.4494 0.4943
Car 0.0000 0 0.0000 -1.0000 -1.0000 -1.0000 -1.0000 1.9367 1.8579 4.5367 41.4843 8.3348 1.0564 1.6992 0.4805
Car 0.0000 0 0.0000 -1.0000 -1.0000 -1.0000 -1.0000 1.9052 1.5460 4.4202 6.6928 -2.9019 0.7820 -3.0999 0.4378
Car 0.0000 0 0.0000 -1.0000 -1.0000 -1.0000 -1.0000 1.9018 1.5146 4.5360 37.0379 7.7338 0.8598 -1.3877 0.4056
Car 0.0000 0 0.0000 -1.0000 -1.0000 -1.0000 -1.0000 1.9100 1.7157 4.5557 22.5960 12.5533 1.0755 1.6529 0.3956
Car 0.0000 0 0.0000 -1.0000 -1.0000 -1.0000 -1.0000 1.9054 1.6342 4.4986 14.3851 6.6287 0.8344 -1.4001 0.3839
Car 0.0000 0 0.0000 -1.0000 -1.0000 -1.0000 -1.0000 1.8658 1.4805 4.4702 14.8021 11.9851 1.0196 1.6105 0.3474
Car 0.0000 0 0.0000 -1.0000 -1.0000 -1.0000 -1.0000 1.9163 1.4677 4.5058 -29.7825 6.6411 0.7761 -0.0331 0.3356
Car 0.0000 0 0.0000 -1.0000 -1.0000 -1.0000 -1.0000 1.9654 1.9917 4.5567 16.3533 6.9298 1.0200 -1.4502 0.3095
Car 0.0000 0 0.0000 -1.0000 -1.0000 -1.0000 -1.0000 1.8495 1.4332 4.4579 -25.3554 6.3470 0.7350 -0.0400 0.3067
Tricar 0.0000 0 0.0000 -1.0000 -1.0000 -1.0000 -1.0000 1.1928 1.5218 2.9741 -14.2997 6.2035 0.7215 -3.1120 0.4551
Cyclist 0.0000 0 0.0000 -1.0000 -1.0000 -1.0000 -1.0000 0.7449 1.5003 1.7124 -8.5114 4.2140 0.7105 0.0004 0.6466
Cyclist 0.0000 0 0.0000 -1.0000 -1.0000 -1.0000 -1.0000 0.8234 1.5784 1.8162 -47.2690 -0.3967 0.8027 -0.0688 0.6343
Cyclist 0.0000 0 0.0000 -1.0000 -1.0000 -1.0000 -1.0000 0.7643 1.5072 1.7398 -0.9598 4.9466 0.6843 0.1287 0.6118
Cyclist 0.0000 0 0.0000 -1.0000 -1.0000 -1.0000 -1.0000 0.8017 1.5170 1.8040 16.1989 -3.1208 0.7639 -2.9958 0.5551
Cyclist 0.0000 0 0.0000 -1.0000 -1.0000 -1.0000 -1.0000 0.7044 1.4977 1.6479 21.2418 -2.8743 0.7436 3.0925 0.5282
Cyclist 0.0000 0 0.0000 -1.0000 -1.0000 -1.0000 -1.0000 0.7548 1.5165 1.7281 -0.6091 -3.5130 0.7690 -0.1309 0.4785
Cyclist 0.0000 0 0.0000 -1.0000 -1.0000 -1.0000 -1.0000 0.7151 1.3984 1.7184 -2.4048 -8.0669 0.8466 -3.0886 0.4653
Cyclist 0.0000 0 0.0000 -1.0000 -1.0000 -1.0000 -1.0000 0.7994 1.6489 1.7262 9.1000 -0.7636 0.9049 3.0876 0.4517
Cyclist 0.0000 0 0.0000 -1.0000 -1.0000 -1.0000 -1.0000 0.7259 1.5142 1.6953 -55.6774 -1.1130 0.8214 -0.0427 0.4356
Cyclist 0.0000 0 0.0000 -1.0000 -1.0000 -1.0000 -1.0000 0.7006 1.3347 1.7241 -18.4815 -5.5312 0.6783 -0.0100 0.3989
Cyclist 0.0000 0 0.0000 -1.0000 -1.0000 -1.0000 -1.0000 0.7479 1.4899 1.8026 -25.4841 -6.7502 0.6696 1.6328 0.3989
Cyclist 0.0000 0 0.0000 -1.0000 -1.0000 -1.0000 -1.0000 0.7096 1.1568 1.7036 -6.1589 6.1730 0.5615 0.2130 0.3803
Cyclist 0.0000 0 0.0000 -1.0000 -1.0000 -1.0000 -1.0000 0.7558 1.4413 1.7073 -10.5560 -5.4481 0.7389 -3.1387 0.3666
Cyclist 0.0000 0 0.0000 -1.0000 -1.0000 -1.0000 -1.0000 0.8524 1.5805 1.8273 -13.8269 -4.2148 0.8837 -2.9900 0.3602
Cyclist 0.0000 0 0.0000 -1.0000 -1.0000 -1.0000 -1.0000 0.7161 1.3797 1.7565 -23.6241 -6.8056 0.6108 1.7485 0.3553
Cyclist 0.0000 0 0.0000 -1.0000 -1.0000 -1.0000 -1.0000 0.7141 1.3322 1.7215 3.3369 5.2973 0.6491 -1.6802 0.3534
Cyclist 0.0000 0 0.0000 -1.0000 -1.0000 -1.0000 -1.0000 0.6810 1.2180 1.6911 11.1520 9.1603 0.6485 2.9954 0.3344
Cyclist 0.0000 0 0.0000 -1.0000 -1.0000 -1.0000 -1.0000 0.8351 1.5787 1.7756 6.8172 -5.5818 0.9054 -0.0805 0.3278
Cyclist 0.0000 0 0.0000 -1.0000 -1.0000 -1.0000 -1.0000 0.7017 1.2137 1.6840 10.8287 6.0530 0.6991 1.6714 0.3197
Cyclist 0.0000 0 0.0000 -1.0000 -1.0000 -1.0000 -1.0000 0.7947 1.4371 1.8193 -15.5546 -7.8798 0.7813 -3.0882 0.3163
Cyclist 0.0000 0 0.0000 -1.0000 -1.0000 -1.0000 -1.0000 0.6896 1.1912 1.6594 8.8640 5.4030 0.6790 -1.2300 0.3159
Pedestrian 0.0000 0 0.0000 -1.0000 -1.0000 -1.0000 -1.0000 0.6712 1.6476 0.6004 22.0414 3.0744 0.8226 0.0022 0.6032
Pedestrian 0.0000 0 0.0000 -1.0000 -1.0000 -1.0000 -1.0000 0.6747 1.6578 0.6054 37.3313 -0.9547 0.8938 0.0154 0.5590
Pedestrian 0.0000 0 0.0000 -1.0000 -1.0000 -1.0000 -1.0000 0.6667 1.6227 0.5888 -11.8710 -6.7801 0.9337 -3.1016 0.5022
Pedestrian 0.0000 0 0.0000 -1.0000 -1.0000 -1.0000 -1.0000 0.7064 1.6778 0.6730 -32.9989 10.9669 1.1581 0.0542 0.5002
Pedestrian 0.0000 0 0.0000 -1.0000 -1.0000 -1.0000 -1.0000 0.6693 1.5716 0.6109 -2.6274 9.8578 0.9163 -2.7673 0.4910
Pedestrian 0.0000 0 0.0000 -1.0000 -1.0000 -1.0000 -1.0000 0.6980 1.6154 0.6708 5.0086 2.9971 0.8169 -3.1095 0.4842
Pedestrian 0.0000 0 0.0000 -1.0000 -1.0000 -1.0000 -1.0000 0.6868 1.6210 0.6362 -2.4237 7.2345 0.8372 -2.9890 0.4578
Pedestrian 0.0000 0 0.0000 -1.0000 -1.0000 -1.0000 -1.0000 0.6857 1.6700 0.6115 5.0366 -8.0237 1.0402 3.0087 0.4538
Pedestrian 0.0000 0 0.0000 -1.0000 -1.0000 -1.0000 -1.0000 0.6603 1.5939 0.5722 14.7062 -8.4887 0.9265 -3.0037 0.4500
Pedestrian 0.0000 0 0.0000 -1.0000 -1.0000 -1.0000 -1.0000 0.6624 1.6236 0.5825 29.2346 6.8954 0.8776 0.0753 0.4468
Pedestrian 0.0000 0 0.0000 -1.0000 -1.0000 -1.0000 -1.0000 0.6890 1.6634 0.6422 -30.1287 9.0141 0.9985 3.1293 0.3919
Pedestrian 0.0000 0 0.0000 -1.0000 -1.0000 -1.0000 -1.0000 0.6841 1.6869 0.5778 -37.1273 8.8814 0.9984 0.0047 0.3688
Pedestrian 0.0000 0 0.0000 -1.0000 -1.0000 -1.0000 -1.0000 0.6917 1.6221 0.6535 2.2158 -3.0345 0.8121 3.0781 0.3440
Pedestrian 0.0000 0 0.0000 -1.0000 -1.0000 -1.0000 -1.0000 0.7024 1.6399 0.6542 1.5033 -3.0053 0.8522 2.9553 0.3401
Pedestrian 0.0000 0 0.0000 -1.0000 -1.0000 -1.0000 -1.0000 0.7506 1.6574 0.7874 9.0972 -0.6802 0.8998 -0.0332 0.3132
Pedestrian 0.0000 0 0.0000 -1.0000 -1.0000 -1.0000 -1.0000 0.6671 1.6357 0.5923 -12.3373 -8.1138 1.0204 3.1340 0.3092
