Car 0.0000 0 0.0000 -1.0000 -1.0000 -1.0000 -1.0000 2.0082 1.5522 4.6008 -14.1105 2.3995 0.8255 -0.0253 0.7786
Car 0.0000 0 0.0000 -1.0000 -1.0000 -1.0000 -1.0000 1.9709 1.4966 4.5864 39.4421 2.2250 0.5446 3.1372 0.6963
Car 0.0000 0 0.0000 -1.0000 -1.0000 -1.0000 -1.0000 1.9502 1.6157 4.5611 -30.0283 32.9538 1.1027 1.6191 0.6671
Car 0.0000 0 0.0000 -1.0000 -1.0000 -1.0000 -1.0000 1.9491 1.4697 4.6118 -29.2902 26.1807 1.0097 -1.5266 0.6424
Car 0.0000 0 0.0000 -1.0000 -1.0000 -1.0000 -1.0000 1.9452 1.5313 4.6203 50.3222 0.7749 0.5048 3.1165 0.6163
Car 0.0000 0 0.0000 -1.0000 -1.0000 -1.0000 -1.0000 1.9796 1.5362 4.5298 -32.8328 3.7632 1.0123 -3.1166 0.5878
Car 0.0000 0 0.0000 -1.0000 -1.0000 -1.0000 -1.0000 2.0483 1.7282 4.7233 -23.7061 -0.0843 1.0333 -0.0269 0.5638
Car 0.0000 0 0.0000 -1.0000 -1.0000 -1.0000 -1.0000 1.9325 1.7206 4.5123 26.3290 2.6700 0.8312 3.1282 0.5456
Car 0.0000 0 0.0000 -1.0000 -1.0000 -1.0000 -1.0000 1.8977 1.4916 4.5838 -30.1038 41.4203 1.0379 -1.6070 0.4590
Car 0.0000 0 0.0000 -1.0000 -1.0000 -1.0000 -1.0000 1.9452 1.5809 4.6488 -61.6247 4.4590 1.3678 -0.1688 0.4467
Car 0.0000 0 0.0000 -1.0000 -1.0000 -1.0000 -1.0000 1.9455 1.5820 4.6471 -46.1785 3.4622 1.0406 3.0750 0.3286
Car 0.0000 0 0.0000 -1.0000 -1.0000 -1.0000 -1.0000 2.4145 2.7027 5.6249 28.8972 -0.7508 1.2805 0.0304 0.3191
Truck 0.0000 0 0.0000 -1.0000 -1.0000 -1.0000 -1.0000 2.9149 2.9827 9.2234 10.6727 2.4124 1.4758 3.0592 0.7344
Truck 0.0000 0 0.0000 -1.0000 -1.0000 -1.0000 -1.0000 2.8701 2.9612 9.0368 14.6443 12.1671 1.3250 -0.0412 0.5786
Truck 0.0000 0 0.0000 -1.0000 -1.0000 -1.0000 -1.0000 3.0525 3.5154 11.3866 -71.9478 1.1711 1.8749 -0.0130 0.4502
Truck 0.0000 0 0.0000 -1.0000 -1.0000 -1.0000 -1.0000 2.3831 2.4264 6.5173 10.6061 7.9432 1.0249 -3.1372 0.4122
Truck 0.0000 0 0.0000 -1.0000 -1.0000 -1.0000 -1.0000 2.3806 2.6776 6.0673 29.3267 -0.6750 1.2663 0.0500 0.3966
