Car 0.0000 0 0.0000 -1.0000 -1.0000 -1.0000 -1.0000 2.1038 1.8713 4.7538 -9.8210 3.4747 0.9461 -3.1376 0.7191
Car 0.0000 0 0.0000 -1.0000 -1.0000 -1.0000 -1.0000 1.9883 1.4670 4.5963 -27.1517 -0.4364 0.7535 0.0337 0.7016
Car 0.0000 0 0.0000 -1.0000 -1.0000 -1.0000 -1.0000 2.0104 1.4651 4.6220 -20.7660 3.3412 0.7087 0.0088 0.6658
Car 0.0000 0 0.0000 -1.0000 -1.0000 -1.0000 -1.0000 1.9438 1.4441 4.5099 31.1300 3.6722 0.7379 0.0160 0.6351
Car 0.0000 0 0.0000 -1.0000 -1.0000 -1.0000 -1.0000 2.0078 1.4234 4.5710 -36.0038 3.2270 0.7405 -3.1178 0.5674
Car 0.0000 0 0.0000 -1.0000 -1.0000 -1.0000 -1.0000 2.0005 1.5465 4.6833 -51.6840 12.2273 0.6477 -3.0269 0.4925
Car 0.0000 0 0.0000 -1.0000 -1.0000 -1.0000 -1.0000 1.8888 1.6434 4.4464 43.1244 3.5769 0.8365 0.0376 0.4838
Car 0.0000 0 0.0000 -1.0000 -1.0000 -1.0000 -1.0000 2.2519 2.2801 5.1321 -44.1631 3.1900 1.2249 -0.0158 0.4701
Car 0.0000 0 0.0000 -1.0000 -1.0000 -1.0000 -1.0000 2.0128 2.3235 4.6700 21.6576 0.5939 1.1538 3.1201 0.3801
Car 0.0000 0 0.0000 -1.0000 -1.0000 -1.0000 -1.0000 1.9168 1.5646 4.5410 -47.1151 -0.4154 0.8063 -3.1394 0.3177
Car 0.0000 0 0.0000 -1.0000 -1.0000 -1.0000 -1.0000 1.9155 1.6394 4.6193 -65.5655 3.0299 1.1422 -3.0925 0.3114
Car 0.0000 0 0.0000 -1.0000 -1.0000 -1.0000 -1.0000 2.0086 1.7672 4.8114 -65.0982 11.7537 0.8057 0.0612 0.3055
Truck 0.0000 0 0.0000 -1.0000 -1.0000 -1.0000 -1.0000 2.5717 3.1440 6.2931 3.8905 3.1245 1.6739 0.0087 0.4926
Truck 0.0000 0 0.0000 -1.0000 -1.0000 -1.0000 -1.0000 2.8246 3.1911 9.3981 -81.8897 13.9418 2.0625 -3.0783 0.4082
Truck 0.0000 0 0.0000 -1.0000 -1.0000 -1.0000 -1.0000 2.4665 2.7671 7.0037 -66.3268 7.0913 1.6018 0.0950 0.3592
Truck 0.0000 0 0.0000 -1.0000 -1.0000 -1.0000 -1.0000 2.7673 3.3676 6.6800 -78.4662 2.8269 2.0884 -3.1145 0.3478
Truck 0.0000 0 0.0000 -1.0000 -1.0000 -1.0000 -1.0000 1.9445 2.1330 5.0274 21.9486 0.7102 1.1115 -0.0400 0.3454
