Car 0.0000 0 0.0000 -1.0000 -1.0000 -1.0000 -1.0000 2.0140 1.5569 4.6079 19.7676 -0.9621 0.8395 0.1022 0.8262
Car 0.0000 0 0.0000 -1.0000 -1.0000 -1.0000 -1.0000 2.0012 1.4811 4.5840 10.2847 3.2935 0.7531 0.0999 0.8179
Car 0.0000 0 0.0000 -1.0000 -1.0000 -1.0000 -1.0000 2.0276 1.5009 4.6889 -18.1635 0.1412 0.7166 -3.1235 0.7402
Car 0.0000 0 0.0000 -1.0000 -1.0000 -1.0000 -1.0000 1.9317 1.5314 4.5155 -38.6847 2.4013 0.6970 -3.1175 0.7205
Car 0.0000 0 0.0000 -1.0000 -1.0000 -1.0000 -1.0000 1.9618 1.6509 4.5332 -11.9835 6.0812 0.7647 -3.1032 0.6202
Car 0.0000 0 0.0000 -1.0000 -1.0000 -1.0000 -1.0000 1.9483 1.4962 4.5398 17.7794 6.8021 0.7691 -3.0429 0.5937
Car 0.0000 0 0.0000 -1.0000 -1.0000 -1.0000 -1.0000 1.9319 1.4704 4.4860 -38.5387 -0.4030 0.6979 -3.1290 0.5575
Car 0.0000 0 0.0000 -1.0000 -1.0000 -1.0000 -1.0000 1.9097 1.8059 4.4317 35.8194 0.7699 1.0527 -3.1352 0.5445
Car 0.0000 0 0.0000 -1.0000 -1.0000 -1.0000 -1.0000 2.0715 1.8519 4.8730 37.5501 7.2837 1.2733 -3.1235 0.5339
Car 0.0000 0 0.0000 -1.0000 -1.0000 -1.0000 -1.0000 1.9231 1.4789 4.4206 -28.1131 0.6511 0.6947 -3.0984 0.5291
Car 0.0000 0 0.0000 -1.0000 -1.0000 -1.0000 -1.0000 1.9173 1.5521 4.5641 -38.5770 17.7925 0.3441 -0.0230 0.5261
Car 0.0000 0 0.0000 -1.0000 -1.0000 -1.0000 -1.0000 1.8678 1.7152 4.4231 -50.8278 10.6181 0.5252 -3.1009 0.5254
Car 0.0000 0 0.0000 -1.0000 -1.0000 -1.0000 -1.0000 1.8915 1.4626 4.3826 37.9762 -4.1409 0.9304 3.1236 0.4995
Car 0.0000 0 0.0000 -1.0000 -1.0000 -1.0000 -1.0000 1.8870 1.4482 4.4159 -1.3725 6.4823 0.6529 -3.0926 0.4974
Car 0.0000 0 0.0000 -1.0000 -1.0000 -1.0000 -1.0000 2.0350 1.6777 4.8662 -42.5696 5.2880 0.7643 0.0144 0.4825
Car 0.0000 0 0.0000 -1.0000 -1.0000 -1.0000 -1.0000 2.0017 1.6342 4.7644 8.7638 6.6670 0.7870 0.1244 0.4790
Car 0.0000 0 0.0000 -1.0000 -1.0000 -1.0000 -1.0000 1.9291 1.5500 4.5332 19.6810 2.0629 0.8570 0.2327 0.4572
Car 0.0000 0 0.0000 -1.0000 -1.0000 -1.0000 -1.0000 1.9101 1.7815 4.4333 24.4489 3.4305 0.9894 0.0025 0.4529
Car 0.0000 0 0.0000 -1.0000 -1.0000 -1.0000 -1.0000 1.8989 1.5044 4.5191 29.8232 2.4260 0.8224 0.0433 0.4513
Car 0.0000 0 0.0000 -1.0000 -1.0000 -1.0000 -1.0000 1.9204 1.6453 4.5771 50.2465 13.0548 1.0514 0.0143 0.3861
Car 0.0000 0 0.0000 -1.0000 -1.0000 -1.0000 -1.0000 1.9878 2.0587 4.5550 -0.2199 2.2032 1.0212 3.1414 0.3857
Car 0.0000 0 0.0000 -1.0000 -1.0000 -1.0000 -1.0000 1.9634 1.5975 4.6516 -69.1786 -6.5064 0.7689 -3.0911 0.3069
Cyclist 0.0000 0 0.0000 -1.0000 -1.0000 -1.0000 -1.0000 0.7311 1.4866 1.7166 -2.7543 17.7057 0.3414 0.0547 0.6087
Cyclist 0.0000 0 0.0000 -1.0000 -1.0000 -1.0000 -1.0000 0.7358 1.5583 1.6787 32.7541 -11.2026 0.9448 3.1086 0.5586
Cyclist 0.0000 0 0.0000 -1.0000 -1.0000 -1.0000 -1.0000 0.7385 1.5367 1.7210 42.3509 18.1715 0.6817 -3.1325 0.5193
Cyclist 0.0000 0 0.0000 -1.0000 -1.0000 -1.0000 -1.0000 0.7337 1.5449 1.6960 -42.9721 15.6258 0.3102 -0.0452 0.3812
Cyclist 0.0000 0 0.0000 -1.0000 -1.0000 -1.0000 -1.0000 0.7137 1.5354 1.7084 -33.3890 16.7728 0.3877 -0.0102 0.3537
Cyclist 0.0000 0 0.0000 -1.0000 -1.0000 -1.0000 -1.0000 0.7245 1.4168 1.6942 -8.4178 -14.2214 0.9263 -3.0672 0.3415
Cyclist 0.0000 0 0.0000 -1.0000 -1.0000 -1.0000 -1.0000 0.7644 1.5617 1.7237 74.2837 -9.9480 1.0850 3.0841 0.3389
Cyclist 0.0000 0 0.0000 -1.0000 -1.0000 -1.0000 -1.0000 0.7731 1.5602 1.7537 -51.7693 16.5014 0.2049 -3.1331 0.3314
Cyclist 0.0000 0 0.0000 -1.0000 -1.0000 -1.0000 -1.0000 0.7218 1.5498 1.6733 0.6946 14.5833 0.5118 0.0449 0.3031
Pedestrian 0.0000 0 0.0000 -1.0000 -1.0000 -1.0000 -1.0000 0.6934 1.6752 0.6511 -8.4902 21.9592 0.5902 -3.0898 0.6535
Pedestrian 0.0000 0 0.0000 -1.0000 -1.0000 -1.0000 -1.0000 0.7151 1.6805 0.7152 16.8790 -6.8570 0.9583 -0.0789 0.5041
Pedestrian 0.0000 0 0.0000 -1.0000 -1.0000 -1.0000 -1.0000 0.6910 1.6413 0.6402 -10.9871 -15.6555 1.1087 -3.0335 0.4998
Pedestrian 0.0000 0 0.0000 -1.0000 -1.0000 -1.0000 -1.0000 0.6666 1.6180 0.5702 6.9926 -10.5376 0.9813 3.1141 0.3867
Pedestrian 0.0000 0 0.0000 -1.0000 -1.0000 -1.0000 -1.0000 0.6874 1.6633 0.6244 -30.2076 -16.3813 0.9406 0.1759 0.3551
Pedestrian 0.0000 0 0.0000 -1.0000 -1.0000 -1.0000 -1.0000 0.7025 1.6963 0.6340 21.6079 -14.4500 1.1671 2.8584 0.3253
