Car 0.0000 0 0.0000 -1.0000 -1.0000 -1.0000 -1.0000 1.9110 1.8991 4.5546 10.7445 17.8670 0.8539 -3.1347 0.4250
Car 0.0000 0 0.0000 -1.0000 -1.0000 -1.0000 -1.0000 1.8362 1.7357 4.3521 20.2177 -16.5616 1.4036 1.4311 0.3715
Car 0.0000 0 0.0000 -1.0000 -1.0000 -1.0000 -1.0000 1.9505 1.9041 4.5985 11.1875 10.5164 0.9049 3.1069 0.3080
Truck 0.0000 0 0.0000 -1.0000 -1.0000 -1.0000 -1.0000 3.0449 3.8102 13.1917 20.5920 14.2586 1.7439 0.0090 0.5371
Truck 0.0000 0 0.0000 -1.0000 -1.0000 -1.0000 -1.0000 2.5554 2.3613 7.1561 20.4617 -0.9943 1.4291 0.0134 0.5181
Truck 0.0000 0 0.0000 -1.0000 -1.0000 -1.0000 -1.0000 2.4315 2.3253 6.5330 31.3222 10.9367 1.3368 3.1310 0.5043
Truck 0.0000 0 0.0000 -1.0000 -1.0000 -1.0000 -1.0000 2.0184 2.0326 5.1056 -0.8101 10.8161 0.8914 0.0066 0.4224
Tricar 0.0000 0 0.0000 -1.0000 -1.0000 -1.0000 -1.0000 1.4090 1.7693 3.5567 30.8854 -4.7152 1.3176 0.0438 0.6335
Tricar 0.0000 0 0.0000 -1.0000 -1.0000 -1.0000 -1.0000 1.4145 1.8984 3.5443 10.8128 -13.7381 1.3166 1.3033 0.4609
Tricar 0.0000 0 0.0000 -1.0000 -1.0000 -1.0000 -1.0000 1.3222 1.6713 3.1941 20.1353 -16.8102 1.3683 1.4780 0.3613
Tricar 0.0000 0 0.0000 -1.0000 -1.0000 -1.0000 -1.0000 1.1170 1.6172 2.6032 -23.3169 -3.3898 0.6823 -0.0566 0.3595
Tricar 0.0000 0 0.0000 -1.0000 -1.0000 -1.0000 -1.0000 1.2474 1.5007 2.8392 -7.0948 13.5532 0.4548 2.8043 0.3473
Tricar 0.0000 0 0.0000 -1.0000 -1.0000 -1.0000 -1.0000 1.3761 1.8085 2.9098 26.0661 -26.5715 1.7223 2.8322 0.3137
Cyclist 0.0000 0 0.0000 -1.0000 -1.0000 -1.0000 -1.0000 0.7485 1.5237 1.7249 -37.5091 -3.5391 0.4783 0.0345 0.5241
Cyclist 0.0000 0 0.0000 -1.0000 -1.0000 -1.0000 -1.0000 0.7827 1.5289 1.7669 -39.6614 -2.3439 0.4948 -3.0920 0.4460
