Car 0.0000 0 0.0000 -1.0000 -1.0000 -1.0000 -1.0000 1.9674 1.4463 4.5186 -20.2701 7.8239 0.7336 0.0208 0.8153
Car 0.0000 0 0.0000 -1.0000 -1.0000 -1.0000 -1.0000 2.0373 1.4204 4.6083 -25.2696 -0.9789 0.8111 -0.1866 0.8024
Car 0.0000 0 0.0000 -1.0000 -1.0000 -1.0000 -1.0000 1.9275 1.4579 4.5203 -13.5785 8.1710 0.6851 0.0026 0.6992
Car 0.0000 0 0.0000 -1.0000 -1.0000 -1.0000 -1.0000 1.8695 1.4155 4.4062 -7.2780 8.0179 0.6584 3.1183 0.6826
Car 0.0000 0 0.0000 -1.0000 -1.0000 -1.0000 -1.0000 1.9856 1.7528 4.5519 -0.4528 7.9029 0.8344 3.1205 0.6458
Car 0.0000 0 0.0000 -1.0000 -1.0000 -1.0000 -1.0000 2.0275 1.7748 4.7200 -23.0925 4.3629 0.9211 -3.1386 0.5437
Car 0.0000 0 0.0000 -1.0000 -1.0000 -1.0000 -1.0000 2.0094 1.8933 4.6826 -20.0796 11.6138 0.9437 3.1361 0.4466
Car 0.0000 0 0.0000 -1.0000 -1.0000 -1.0000 -1.0000 1.9555 1.8045 4.5122 -11.5850 11.5250 0.8593 3.1180 0.4276
Car 0.0000 0 0.0000 -1.0000 -1.0000 -1.0000 -1.0000 2.1155 1.8319 4.8761 -34.2142 3.4993 1.0783 -0.8644 0.3827
Car 0.0000 0 0.0000 -1.0000 -1.0000 -1.0000 -1.0000 1.9118 1.5279 4.6001 -40.5933 16.8603 0.8420 -1.5160 0.3195
Car 0.0000 0 0.0000 -1.0000 -1.0000 -1.0000 -1.0000 1.9483 1.9944 4.5894 -42.1869 -16.8571 1.1523 1.0515 0.3142
Truck 0.0000 0 0.0000 -1.0000 -1.0000 -1.0000 -1.0000 2.6094 2.8537 6.9136 -52.0912 -5.5704 1.4229 1.4091 0.3804
Tricar 0.0000 0 0.0000 -1.0000 -1.0000 -1.0000 -1.0000 1.4954 1.7063 3.6141 43.6969 -13.5957 0.6075 3.0762 0.4064
Tricar 0.0000 0 0.0000 -1.0000 -1.0000 -1.0000 -1.0000 1.2850 1.7513 2.8099 29.9162 3.6934 0.7982 3.1326 0.3637
Cyclist 0.0000 0 0.0000 -1.0000 -1.0000 -1.0000 -1.0000 0.7405 1.5066 1.7383 -7.1717 18.3388 0.5529 3.0995 0.3956
Pedestrian 0.0000 0 0.0000 -1.0000 -1.0000 -1.0000 -1.0000 0.6746 1.6027 0.6210 -4.8457 -17.9557 0.9975 3.1280 0.5194
Pedestrian 0.0000 0 0.0000 -1.0000 -1.0000 -1.0000 -1.0000 0.7143 1.6673 0.6787 6.6988 -17.5013 1.0773 3.1301 0.4324
