Car 0.0000 0 0.0000 -1.0000 -1.0000 -1.0000 -1.0000 2.0714 1.7358 4.7382 -42.7587 3.0685 0.6022 -3.0705 0.8055
Car 0.0000 0 0.0000 -1.0000 -1.0000 -1.0000 -1.0000 2.0875 1.7068 4.6935 2.3261 6.6144 0.7823 -0.0012 0.7148
Car 0.0000 0 0.0000 -1.0000 -1.0000 -1.0000 -1.0000 1.9509 1.5474 4.5440 -13.5937 8.3149 0.6212 3.1201 0.6943
Car 0.0000 0 0.0000 -1.0000 -1.0000 -1.0000 -1.0000 1.9676 1.5113 4.5355 -35.8572 -0.4481 0.5570 -3.1321 0.6648
Car 0.0000 0 0.0000 -1.0000 -1.0000 -1.0000 -1.0000 2.0095 1.4611 4.5917 25.5578 6.0519 0.7824 3.1410 0.6403
Car 0.0000 0 0.0000 -1.0000 -1.0000 -1.0000 -1.0000 1.9396 1.4481 4.5425 -30.3678 6.1695 0.4802 -2.9617 0.6266
Car 0.0000 0 0.0000 -1.0000 -1.0000 -1.0000 -1.0000 1.9216 1.4327 4.5142 -21.3747 7.4509 0.5102 -3.0889 0.6220
Car 0.0000 0 0.0000 -1.0000 -1.0000 -1.0000 -1.0000 1.9585 1.4487 4.5251 -15.6985 0.1465 0.6700 -3.1070 0.6018
Car 0.0000 0 0.0000 -1.0000 -1.0000 -1.0000 -1.0000 2.0094 1.6127 4.5544 -5.6843 11.0435 0.6603 -0.0264 0.5805
Car 0.0000 0 0.0000 -1.0000 -1.0000 -1.0000 -1.0000 2.0124 1.4532 4.6261 11.3247 6.8950 0.6741 3.1375 0.5326
Car 0.0000 0 0.0000 -1.0000 -1.0000 -1.0000 -1.0000 2.0039 1.4899 4.6129 28.8942 -0.3404 0.8754 -0.0298 0.5237
Car 0.0000 0 0.0000 -1.0000 -1.0000 -1.0000 -1.0000 1.9444 1.4565 4.4745 13.5750 10.6612 0.6389 3.1342 0.5219
Car 0.0000 0 0.0000 -1.0000 -1.0000 -1.0000 -1.0000 1.8950 1.4760 4.5086 -35.9689 9.3244 0.4398 -1.2558 0.4969
Car 0.0000 0 0.0000 -1.0000 -1.0000 -1.0000 -1.0000 1.9446 1.6936 4.5239 -5.9076 7.3046 0.7548 0.0065 0.4478
Car 0.0000 0 0.0000 -1.0000 -1.0000 -1.0000 -1.0000 1.9448 1.6197 4.6650 -26.5003 31.3988 -0.2471 -1.6450 0.4023
Car 0.0000 0 0.0000 -1.0000 -1.0000 -1.0000 -1.0000 1.9410 1.6715 4.5298 -16.9787 11.6201 0.6270 -0.0398 0.3702
Car 0.0000 0 0.0000 -1.0000 -1.0000 -1.0000 -1.0000 1.8457 1.5474 4.4159 -28.3368 10.7717 0.4827 -2.9748 0.3569
Car 0.0000 0 0.0000 -1.0000 -1.0000 -1.0000 -1.0000 1.8948 1.5670 4.5168 -50.9807 2.5015 0.4391 0.0163 0.3330
Car 0.0000 0 0.0000 -1.0000 -1.0000 -1.0000 -1.0000 1.8965 1.4919 4.4753 54.0525 4.4293 0.9746 -3.1308 0.3221
Truck 0.0000 0 0.0000 -1.0000 -1.0000 -1.0000 -1.0000 2.7635 3.0374 8.7649 -66.1166 11.7765 1.1444 -0.0098 0.3063
Cyclist 0.0000 0 0.0000 -1.0000 -1.0000 -1.0000 -1.0000 0.7266 1.4927 1.7045 -2.7935 -10.9686 0.7815 -0.0369 0.5145
Cyclist 0.0000 0 0.0000 -1.0000 -1.0000 -1.0000 -1.0000 0.7637 1.5909 1.7120 35.5934 15.4666 0.6412 -3.1158 0.4636
Cyclist 0.0000 0 0.0000 -1.0000 -1.0000 -1.0000 -1.0000 0.7833 1.5944 1.7027 41.2946 -13.8676 0.9800 -0.0628 0.4488
Cyclist 0.0000 0 0.0000 -1.0000 -1.0000 -1.0000 -1.0000 0.7767 1.5469 1.8034 -32.2548 17.3689 0.2018 -1.6276 0.4291
Cyclist 0.0000 0 0.0000 -1.0000 -1.0000 -1.0000 -1.0000 0.6460 1.0668 1.6358 44.1394 27.6667 0.5336 -2.7422 0.3023
Pedestrian 0.0000 0 0.0000 -1.0000 -1.0000 -1.0000 -1.0000 0.6832 1.6318 0.6299 -37.3339 21.9134 0.1896 0.2013 0.5960
Pedestrian 0.0000 0 0.0000 -1.0000 -1.0000 -1.0000 -1.0000 0.7435 1.7158 0.7741 18.7645 -17.5909 1.3087 3.1021 0.4503
Pedestrian 0.0000 0 0.0000 -1.0000 -1.0000 -1.0000 -1.0000 0.7036 1.6677 0.6559 -3.4638 21.3706 0.5682 0.0503 0.3986
Pedestrian 0.0000 0 0.0000 -1.0000 -1.0000 -1.0000 -1.0000 0.7015 1.6701 0.6578 3.3345 -17.5205 1.2887 3.0954 0.3817
Pedestrian 0.0000 0 0.0000 -1.0000 -1.0000 -1.0000 -1.0000 0.6786 1.6503 0.5846 -6.8358 21.6364 0.5665 0.0297 0.3527
Pedestrian 0.0000 0 0.0000 -1.0000 -1.0000 -1.0000 -1.0000 0.7076 1.5722 0.6907 -37.7757 -11.8551 0.5873 -0.0717 0.3454
