Car 0.0000 0 0.0000 -1.0000 -1.0000 -1.0000 -1.0000 2.0082 1.7154 4.7178 -15.7500 -0.0646 0.6692 -3.0820 0.5984
Car 0.0000 0 0.0000 -1.0000 -1.0000 -1.0000 -1.0000 1.9652 1.5623 4.6453 50.9300 6.1416 1.1694 0.1233 0.5606
Car 0.0000 0 0.0000 -1.0000 -1.0000 -1.0000 -1.0000 1.9222 1.5031 4.5938 -18.0797 -39.0750 0.2251 -1.4800 0.5399
Car 0.0000 0 0.0000 -1.0000 -1.0000 -1.0000 -1.0000 1.9093 1.4786 4.4790 6.9213 -20.9661 0.2987 -1.5809 0.5045
Car 0.0000 0 0.0000 -1.0000 -1.0000 -1.0000 -1.0000 1.9240 1.5943 4.5143 6.7942 -15.1460 0.4197 -1.5318 0.4978
Car 0.0000 0 0.0000 -1.0000 -1.0000 -1.0000 -1.0000 1.9924 1.6397 4.6867 -3.4119 13.8751 0.0910 -0.0542 0.4755
Car 0.0000 0 0.0000 -1.0000 -1.0000 -1.0000 -1.0000 1.9188 1.5288 4.5527 5.1297 18.3408 -0.0953 -1.5333 0.4667
Car 0.0000 0 0.0000 -1.0000 -1.0000 -1.0000 -1.0000 1.8940 1.6151 4.4611 -57.1969 4.2564 -0.0895 -0.0026 0.4611
Car 0.0000 0 0.0000 -1.0000 -1.0000 -1.0000 -1.0000 1.8921 1.4521 4.4811 6.1137 -9.0381 0.4760 -1.5215 0.4475
Car 0.0000 0 0.0000 -1.0000 -1.0000 -1.0000 -1.0000 1.8030 1.7509 4.2919 62.0022 6.3969 1.2247 0.2346 0.4128
Car 0.0000 0 0.0000 -1.0000 -1.0000 -1.0000 -1.0000 1.9041 1.4616 4.5153 4.8006 8.1587 0.4007 -1.4957 0.3981
Car 0.0000 0 0.0000 -1.0000 -1.0000 -1.0000 -1.0000 1.8553 1.6642 4.4767 40.7685 5.9352 1.1045 -3.1164 0.3650
Car 0.0000 0 0.0000 -1.0000 -1.0000 -1.0000 -1.0000 1.8148 1.7293 4.3515 61.9555 -2.8597 1.3075 0.0274 0.3306
Car 0.0000 0 0.0000 -1.0000 -1.0000 -1.0000 -1.0000 1.8118 1.4401 4.3906 20.4630 5.7274 0.8365 -0.0406 0.3279
Car 0.0000 0 0.0000 -1.0000 -1.0000 -1.0000 -1.0000 1.8468 1.5274 4.4798 67.6277 5.4230 1.2782 0.0380 0.3145
Car 0.0000 0 0.0000 -1.0000 -1.0000 -1.0000 -1.0000 1.8641 1.4998 4.4728 7.1373 -36.6761 0.6769 1.6160 0.3032
Tricar 0.0000 0 0.0000 -1.0000 -1.0000 -1.0000 -1.0000 1.3286 1.7888 2.9929 -20.3696 -1.7275 0.6736 0.0878 0.5443
Tricar 0.0000 0 0.0000 -1.0000 -1.0000 -1.0000 -1.0000 1.1857 1.7734 2.7042 -28.3075 4.7780 0.3794 -0.1798 0.5373
Cyclist 0.0000 0 0.0000 -1.0000 -1.0000 -1.0000 -1.0000 0.7238 1.5473 1.6842 11.0954 -1.7919 0.7866 -3.1220 0.5918
Cyclist 0.0000 0 0.0000 -1.0000 -1.0000 -1.0000 -1.0000 0.7077 1.2572 1.7028 -15.6544 6.5765 0.3158 -2.9145 0.5060
Cyclist 0.0000 0 0.0000 -1.0000 -1.0000 -1.0000 -1.0000 0.6438 1.2824 1.6409 -21.9633 5.2757 0.2527 -3.0269 0.4950
Cyclist 0.0000 0 0.0000 -1.0000 -1.0000 -1.0000 -1.0000 0.8651 1.6250 1.7999 48.9079 -1.6042 1.2523 -3.0322 0.4797
Cyclist 0.0000 0 0.0000 -1.0000 -1.0000 -1.0000 -1.0000 0.7380 1.5616 1.7027 -40.6136 -2.3946 0.2370 0.0550 0.4491
Cyclist 0.0000 0 0.0000 -1.0000 -1.0000 -1.0000 -1.0000 0.6972 1.3726 1.6673 -19.6543 -5.3938 0.4795 0.0081 0.4431
Cyclist 0.0000 0 0.0000 -1.0000 -1.0000 -1.0000 -1.0000 0.7159 1.3374 1.7090 -17.9211 -3.0821 0.4380 -0.0225 0.4345
Cyclist 0.0000 0 0.0000 -1.0000 -1.0000 -1.0000 -1.0000 0.7441 1.4372 1.7315 -0.3414 -5.1181 0.6163 -0.1016 0.4070
Cyclist 0.0000 0 0.0000 -1.0000 -1.0000 -1.0000 -1.0000 0.7457 1.3568 1.7612 -31.6167 4.3393 0.1331 -2.3490 0.3814
Cyclist 0.0000 0 0.0000 -1.0000 -1.0000 -1.0000 -1.0000 0.7552 1.2639 1.7673 18.8613 -4.5577 0.7711 0.0083 0.3648
Cyclist 0.0000 0 0.0000 -1.0000 -1.0000 -1.0000 -1.0000 0.6771 1.1828 1.6880 7.9459 -27.9566 0.3191 1.5028 0.3486
Cyclist 0.0000 0 0.0000 -1.0000 -1.0000 -1.0000 -1.0000 0.7619 1.4653 1.7375 4.0894 -28.4543 0.4065 -1.4175 0.3263
Cyclist 0.0000 0 0.0000 -1.0000 -1.0000 -1.0000 -1.0000 0.8640 1.5929 1.7984 52.2935 -3.9758 1.2839 -3.1170 0.3192
Cyclist 0.0000 0 0.0000 -1.0000 -1.0000 -1.0000 -1.0000 0.6878 1.2563 1.7045 1.3063 -16.6485 0.1574 -1.6912 0.3176
Pedestrian 0.0000 0 0.0000 -1.0000 -1.0000 -1.0000 -1.0000 0.7039 1.6973 0.6377 56.6345 -1.2885 1.3047 0.0542 0.3289
Pedestrian 0.0000 0 0.0000 -1.0000 -1.0000 -1.0000 -1.0000 0.7523 1.7269 0.7876 45.4904 -2.5232 1.2920 0.0219 0.3232
Pedestrian 0.0000 0 0.0000 -1.0000 -1.0000 -1.0000 -1.0000 0.7131 1.6681 0.6756 1.5418 -12.8098 0.4351 1.1505 0.3199
