Car 0.0000 0 0.0000 -1.0000 -1.0000 -1.0000 -1.0000 2.0242 1.6179 4.6217 -37.3723 -0.6179 0.9490 -3.0933 0.6893
Car 0.0000 0 0.0000 -1.0000 -1.0000 -1.0000 -1.0000 1.9844 1.6554 4.7334 15.1816 11.0377 0.7821 3.1238 0.4049
Car 0.0000 0 0.0000 -1.0000 -1.0000 -1.0000 -1.0000 1.9223 1.5285 4.5435 -2.2797 11.2026 0.5619 3.1289 0.3057
Truck 0.0000 0 0.0000 -1.0000 -1.0000 -1.0000 -1.0000 2.4156 2.3423 6.4177 41.2038 -0.5786 1.1712 0.0301 0.5288
Truck 0.0000 0 0.0000 -1.0000 -1.0000 -1.0000 -1.0000 1.9587 2.0517 4.8830 -54.6123 -2.0367 1.2022 -0.0146 0.3456
Truck 0.0000 0 0.0000 -1.0000 -1.0000 -1.0000 -1.0000 1.9192 1.8859 4.7452 -29.9885 9.9280 0.7145 3.1342 0.3357
Tricar 0.0000 0 0.0000 -1.0000 -1.0000 -1.0000 -1.0000 1.3981 1.7881 3.5400 0.8520 -4.1464 0.9555 0.0001 0.6018
Tricar 0.0000 0 0.0000 -1.0000 -1.0000 -1.0000 -1.0000 1.3208 1.8015 3.1892 0.7898 -7.5557 1.0201 3.1372 0.5891
Tricar 0.0000 0 0.0000 -1.0000 -1.0000 -1.0000 -1.0000 1.3875 1.8662 3.5413 -9.7059 -3.8758 0.9717 3.0876 0.4876
Tricar 0.0000 0 0.0000 -1.0000 -1.0000 -1.0000 -1.0000 1.4748 1.8300 3.6452 -21.2951 13.2916 0.7032 0.0025 0.4358
Tricar 0.0000 0 0.0000 -1.0000 -1.0000 -1.0000 -1.0000 1.3502 1.7743 2.7731 44.9625 -12.4924 0.9782 0.6674 0.3471
Cyclist 0.0000 0 0.0000 -1.0000 -1.0000 -1.0000 -1.0000 0.8652 1.6080 1.8447 -32.1575 14.1529 0.7128 -0.0203 0.3130
