Car 0.0000 0 0.0000 -1.0000 -1.0000 -1.0000 -1.0000 1.9696 1.5889 4.5678 -1.4307 4.9476 0.7138 3.0727 0.7947
Car 0.0000 0 0.0000 -1.0000 -1.0000 -1.0000 -1.0000 1.9451 1.5712 4.4873 15.9118 -8.5718 0.5783 -3.1298 0.7889
Car 0.0000 0 0.0000 -1.0000 -1.0000 -1.0000 -1.0000 1.9684 1.4642 4.5541 -13.9297 4.3709 0.8026 3.1210 0.7710
Car 0.0000 0 0.0000 -1.0000 -1.0000 -1.0000 -1.0000 1.9300 1.4699 4.5365 4.1342 2.6661 0.5963 3.1260 0.7477
Car 0.0000 0 0.0000 -1.0000 -1.0000 -1.0000 -1.0000 1.9073 1.4499 4.5310 21.6493 -8.6724 0.4707 0.0305 0.7176
Car 0.0000 0 0.0000 -1.0000 -1.0000 -1.0000 -1.0000 1.9326 1.4651 4.5611 34.8360 3.2294 0.3271 0.0332 0.6916
Car 0.0000 0 0.0000 -1.0000 -1.0000 -1.0000 -1.0000 2.0916 1.8522 4.7261 -15.5468 -0.1787 1.0952 -0.0172 0.5729
Car 0.0000 0 0.0000 -1.0000 -1.0000 -1.0000 -1.0000 1.8824 1.5165 4.4107 37.0434 6.2615 0.3147 0.0479 0.5404
Car 0.0000 0 0.0000 -1.0000 -1.0000 -1.0000 -1.0000 2.0183 1.6757 4.7269 4.5831 5.3312 0.7078 -0.0323 0.5356
Car 0.0000 0 0.0000 -1.0000 -1.0000 -1.0000 -1.0000 1.8989 1.4842 4.4963 -1.0928 -26.4851 0.7855 -1.3608 0.5320
Car 0.0000 0 0.0000 -1.0000 -1.0000 -1.0000 -1.0000 1.8539 1.6526 4.3633 -46.1180 12.3937 1.2476 -3.0861 0.4841
Car 0.0000 0 0.0000 -1.0000 -1.0000 -1.0000 -1.0000 1.9566 1.7572 4.6474 44.6232 2.9833 0.4488 -3.0672 0.4814
Car 0.0000 0 0.0000 -1.0000 -1.0000 -1.0000 -1.0000 1.8917 1.5283 4.5182 -31.0212 12.9278 0.8986 -3.1274 0.4466
Car 0.0000 0 0.0000 -1.0000 -1.0000 -1.0000 -1.0000 1.9537 1.5382 4.5693 36.1191 -0.0703 0.3667 -3.1110 0.4352
Car 0.0000 0 0.0000 -1.0000 -1.0000 -1.0000 -1.0000 1.9194 1.6723 4.5984 -57.6335 2.8449 1.6579 0.0360 0.3924
Car 0.0000 0 0.0000 -1.0000 -1.0000 -1.0000 -1.0000 1.8467 1.4739 4.4745 -25.2302 13.1021 0.7311 -0.0052 0.3490
Truck 0.0000 0 0.0000 -1.0000 -1.0000 -1.0000 -1.0000 2.9381 3.1243 10.9221 22.7280 5.4679 1.3258 -3.0830 0.6186
Truck 0.0000 0 0.0000 -1.0000 -1.0000 -1.0000 -1.0000 2.7753 2.8966 8.6651 -79.9964 1.0106 1.9283 0.0698 0.4575
Tricar 0.0000 0 0.0000 -1.0000 -1.0000 -1.0000 -1.0000 1.2116 1.7384 2.9300 -8.7451 19.6032 0.7705 1.4665 0.3784
Tricar 0.0000 0 0.0000 -1.0000 -1.0000 -1.0000 -1.0000 1.3041 1.7566 2.8922 -1.3364 13.7547 0.7382 2.4097 0.3653
Cyclist 0.0000 0 0.0000 -1.0000 -1.0000 -1.0000 -1.0000 0.7585 1.5515 1.7172 -10.8099 10.9749 0.6661 3.0421 0.5842
Cyclist 0.0000 0 0.0000 -1.0000 -1.0000 -1.0000 -1.0000 0.8097 1.5578 1.7819 -14.5256 -6.8928 0.9244 0.0092 0.5623
Cyclist 0.0000 0 0.0000 -1.0000 -1.0000 -1.0000 -1.0000 0.7665 1.5050 1.8206 1.4734 -5.0511 0.7056 1.4207 0.5613
Cyclist 0.0000 0 0.0000 -1.0000 -1.0000 -1.0000 -1.0000 0.7873 1.5636 1.7657 12.1270 -6.4884 0.6571 0.0453 0.5458
Cyclist 0.0000 0 0.0000 -1.0000 -1.0000 -1.0000 -1.0000 0.7162 1.4787 1.6953 -1.3983 11.0619 0.5741 0.0549 0.5288
Cyclist 0.0000 0 0.0000 -1.0000 -1.0000 -1.0000 -1.0000 0.7309 1.5486 1.6954 -20.4571 9.4034 0.8229 -3.1341 0.5139
Cyclist 0.0000 0 0.0000 -1.0000 -1.0000 -1.0000 -1.0000 0.7568 1.5551 1.7404 4.7339 -8.9387 0.6934 -1.9917 0.4676
Cyclist 0.0000 0 0.0000 -1.0000 -1.0000 -1.0000 -1.0000 0.7357 1.5250 1.7318 1.5185 -9.2430 0.6930 1.5902 0.4571
Cyclist 0.0000 0 0.0000 -1.0000 -1.0000 -1.0000 -1.0000 0.7831 1.5906 1.7184 -19.5264 -7.7205 1.0116 0.0132 0.4491
Cyclist 0.0000 0 0.0000 -1.0000 -1.0000 -1.0000 -1.0000 0.7495 1.5320 1.6951 31.5266 -7.1330 0.4698 0.0363 0.4384
Cyclist 0.0000 0 0.0000 -1.0000 -1.0000 -1.0000 -1.0000 0.7297 1.4863 1.7065 29.1733 -5.9149 0.4112 -3.1003 0.4170
Cyclist 0.0000 0 0.0000 -1.0000 -1.0000 -1.0000 -1.0000 0.7845 1.5422 1.7608 -3.0968 8.4849 0.6761 -0.1466 0.4084
Cyclist 0.0000 0 0.0000 -1.0000 -1.0000 -1.0000 -1.0000 0.8218 1.5517 1.8305 2.7970 -4.4742 0.7402 1.5873 0.4008
Cyclist 0.0000 0 0.0000 -1.0000 -1.0000 -1.0000 -1.0000 0.7456 1.5277 1.7024 -36.6265 12.1968 1.0681 -0.0147 0.3943
Cyclist 0.0000 0 0.0000 -1.0000 -1.0000 -1.0000 -1.0000 0.6948 1.5188 1.6764 37.6672 -5.9609 0.3276 0.0166 0.3935
Cyclist 0.0000 0 0.0000 -1.0000 -1.0000 -1.0000 -1.0000 0.7339 1.5103 1.7414 5.4305 -38.3313 0.7635 1.4549 0.3720
Cyclist 0.0000 0 0.0000 -1.0000 -1.0000 -1.0000 -1.0000 0.6671 1.2423 1.6858 9.0891 -11.8716 0.6015 1.6205 0.3396
Cyclist 0.0000 0 0.0000 -1.0000 -1.0000 -1.0000 -1.0000 0.7076 1.4671 1.6963 -33.0514 -9.3060 1.2089 -0.0317 0.3379
Cyclist 0.0000 0 0.0000 -1.0000 -1.0000 -1.0000 -1.0000 0.6547 1.1537 1.6496 7.3004 -16.1719 0.5426 2.0978 0.3286
Cyclist 0.0000 0 0.0000 -1.0000 -1.0000 -1.0000 -1.0000 0.7065 1.3536 1.7331 -12.9011 15.0398 0.6232 1.5298 0.3202
Cyclist 0.0000 0 0.0000 -1.0000 -1.0000 -1.0000 -1.0000 0.7889 1.5398 1.7670 30.9984 -8.2256 0.4838 3.1320 0.3198
Pedestrian 0.0000 0 0.0000 -1.0000 -1.0000 -1.0000 -1.0000 0.6908 1.6568 0.6364 1.3701 -13.8947 0.7896 0.2495 0.5871
Pedestrian 0.0000 0 0.0000 -1.0000 -1.0000 -1.0000 -1.0000 0.6853 1.6374 0.6485 -9.8752 -3.0601 0.9392 0.4148 0.5808
Pedestrian 0.0000 0 0.0000 -1.0000 -1.0000 -1.0000 -1.0000 0.6778 1.5917 0.6343 -5.2112 -8.4057 0.8166 -0.1467 0.5399
Pedestrian 0.0000 0 0.0000 -1.0000 -1.0000 -1.0000 -1.0000 0.6696 1.6027 0.5963 -20.3365 17.5604 0.9007 -3.0390 0.5101
Pedestrian 0.0000 0 0.0000 -1.0000 -1.0000 -1.0000 -1.0000 0.7086 1.7110 0.6468 33.7444 -2.5059 0.5279 0.0268 0.4634
Pedestrian 0.0000 0 0.0000 -1.0000 -1.0000 -1.0000 -1.0000 0.6922 1.6569 0.6303 -27.2640 -4.3897 1.1837 3.0926 0.4555
Pedestrian 0.0000 0 0.0000 -1.0000 -1.0000 -1.0000 -1.0000 0.6756 1.6417 0.6020 -14.6919 17.6554 0.9409 0.0441 0.3867
Pedestrian 0.0000 0 0.0000 -1.0000 -1.0000 -1.0000 -1.0000 0.7026 1.6565 0.6578 -8.1108 15.9797 0.5839 0.4037 0.3783
Pedestrian 0.0000 0 0.0000 -1.0000 -1.0000 -1.0000 -1.0000 0.7020 1.6725 0.6320 -5.1160 29.7927 0.4873 2.3097 0.3344
Pedestrian 0.0000 0 0.0000 -1.0000 -1.0000 -1.0000 -1.0000 0.6985 1.6563 0.6498 -6.8886 27.7414 0.5508 -1.2163 0.3300
Pedestrian 0.0000 0 0.0000 -1.0000 -1.0000 -1.0000 -1.0000 0.6782 1.6579 0.5893 16.6840 8.5646 0.5783 0.0683 0.3177
Pedestrian 0.0000 0 0.0000 -1.0000 -1.0000 -1.0000 -1.0000 0.6882 1.6496 0.6180 -10.9578 -12.0322 1.1020 -1.9561 0.3104
Pedestrian 0.0000 0 0.0000 -1.0000 -1.0000 -1.0000 -1.0000 0.6894 1.6149 0.6160 -42.7435 -4.5473 1.3438 0.0124 0.3024
Pedestrian 0.0000 0 0.0000 -1.0000 -1.0000 -1.0000 -1.0000 0.6868 1.5988 0.6211 -24.3246 -10.7301 1.1498 0.0558 0.3006
