Car 0.0000 0 0.0000 -1.0000 -1.0000 -1.0000 -1.0000 2.0032 1.4802 4.6376 5.9719 8.9560 0.5547 0.0540 0.7407
Car 0.0000 0 0.0000 -1.0000 -1.0000 -1.0000 -1.0000 2.0118 1.4797 4.5876 13.6521 -4.2060 0.7637 -3.1145 0.6961
Car 0.0000 0 0.0000 -1.0000 -1.0000 -1.0000 -1.0000 1.9941 1.5241 4.5318 45.5118 -0.7171 0.8824 -3.1384 0.6871
Car 0.0000 0 0.0000 -1.0000 -1.0000 -1.0000 -1.0000 2.0014 1.7132 4.6034 -59.7368 -4.8747 0.9587 -0.0096 0.6480
Car 0.0000 0 0.0000 -1.0000 -1.0000 -1.0000 -1.0000 1.9641 1.5526 4.5856 71.9871 -5.1922 0.8849 3.0402 0.6206
Car 0.0000 0 0.0000 -1.0000 -1.0000 -1.0000 -1.0000 2.0258 1.5286 4.6456 -45.4494 -0.5674 0.8026 -3.1412 0.6166
Car 0.0000 0 0.0000 -1.0000 -1.0000 -1.0000 -1.0000 2.0219 1.4510 4.5620 -27.6475 -3.8638 0.7541 -0.0548 0.5792
Car 0.0000 0 0.0000 -1.0000 -1.0000 -1.0000 -1.0000 1.9474 1.7515 4.6708 18.3539 11.6245 0.6141 0.0227 0.5687
Car 0.0000 0 0.0000 -1.0000 -1.0000 -1.0000 -1.0000 1.9889 1.4658 4.6487 -30.6096 8.3458 0.6007 -3.1199 0.4871
Car 0.0000 0 0.0000 -1.0000 -1.0000 -1.0000 -1.0000 1.9163 1.8182 4.5735 19.7842 19.8771 0.4604 -0.0039 0.4087
Car 0.0000 0 0.0000 -1.0000 -1.0000 -1.0000 -1.0000 1.9979 1.7005 4.7370 -63.8632 9.9521 0.8710 3.1279 0.3143
Cyclist 0.0000 0 0.0000 -1.0000 -1.0000 -1.0000 -1.0000 0.7339 1.5223 1.7342 -50.2707 9.2203 0.4994 -0.0306 0.4254
