Car 0.0000 0 0.0000 -1.0000 -1.0000 -1.0000 -1.0000 2.0177 1.4558 4.5225 19.3620 4.7037 0.7425 -0.0072 0.7600
Car 0.0000 0 0.0000 -1.0000 -1.0000 -1.0000 -1.0000 1.9764 1.5568 4.5692 28.0249 8.6752 0.7079 3.1268 0.7468
Car 0.0000 0 0.0000 -1.0000 -1.0000 -1.0000 -1.0000 2.0253 1.7884 4.6142 31.9715 -3.6141 0.9635 0.0816 0.7410
Car 0.0000 0 0.0000 -1.0000 -1.0000 -1.0000 -1.0000 2.0311 1.9501 4.6769 45.2899 4.9260 1.0485 3.1167 0.6701
Car 0.0000 0 0.0000 -1.0000 -1.0000 -1.0000 -1.0000 2.0585 1.6022 4.6677 -53.5941 -7.2220 0.7500 -3.1375 0.6193
Car 0.0000 0 0.0000 -1.0000 -1.0000 -1.0000 -1.0000 1.9387 1.4850 4.5912 6.8216 -33.6330 0.6248 -1.4724 0.6160
Car 0.0000 0 0.0000 -1.0000 -1.0000 -1.0000 -1.0000 1.9787 1.8521 4.6855 46.9203 -33.9649 1.1714 1.5944 0.5770
Car 0.0000 0 0.0000 -1.0000 -1.0000 -1.0000 -1.0000 1.9515 1.6518 4.6817 28.0809 37.0553 -0.1720 1.5213 0.5072
Car 0.0000 0 0.0000 -1.0000 -1.0000 -1.0000 -1.0000 1.9237 1.5601 4.5960 21.4992 37.1376 -0.4126 -1.5397 0.4846
Car 0.0000 0 0.0000 -1.0000 -1.0000 -1.0000 -1.0000 1.9371 1.5440 4.6307 -20.5446 3.9793 0.6807 -3.1192 0.4498
Car 0.0000 0 0.0000 -1.0000 -1.0000 -1.0000 -1.0000 1.9329 1.4975 4.6429 9.8766 -33.6311 0.6259 -1.4582 0.4425
Car 0.0000 0 0.0000 -1.0000 -1.0000 -1.0000 -1.0000 1.9175 1.5227 4.6047 24.2362 37.4207 -0.3819 1.5832 0.4214
Car 0.0000 0 0.0000 -1.0000 -1.0000 -1.0000 -1.0000 1.9066 1.7103 4.5518 79.2605 11.2061 0.7826 3.1358 0.3660
Car 0.0000 0 0.0000 -1.0000 -1.0000 -1.0000 -1.0000 1.9245 1.5394 4.6116 -73.8112 4.0562 0.5037 0.0577 0.3469
Car 0.0000 0 0.0000 -1.0000 -1.0000 -1.0000 -1.0000 1.9651 1.6087 4.7067 72.9111 -3.9981 0.8879 3.0875 0.3435
Car 0.0000 0 0.0000 -1.0000 -1.0000 -1.0000 -1.0000 1.8657 1.5291 4.5077 43.5376 -34.0713 1.0350 1.5993 0.3263
Truck 0.0000 0 0.0000 -1.0000 -1.0000 -1.0000 -1.0000 2.7947 3.3046 7.0332 -7.5478 -3.4538 1.6661 3.1000 0.5337
Truck 0.0000 0 0.0000 -1.0000 -1.0000 -1.0000 -1.0000 3.0111 3.7724 9.7884 -40.5684 8.4203 1.7435 -0.0367 0.3353
Truck 0.0000 0 0.0000 -1.0000 -1.0000 -1.0000 -1.0000 2.9161 3.0397 11.8455 -23.1333 7.2830 1.3753 -0.0019 0.3191
Truck 0.0000 0 0.0000 -1.0000 -1.0000 -1.0000 -1.0000 2.9382 3.2629 9.5913 14.6502 -33.0785 1.6598 1.5920 0.3164
Tricar 0.0000 0 0.0000 -1.0000 -1.0000 -1.0000 -1.0000 1.5472 1.8159 3.2955 -83.6187 8.4639 0.5715 -3.0359 0.3126
Cyclist 0.0000 0 0.0000 -1.0000 -1.0000 -1.0000 -1.0000 0.7347 1.5647 1.7068 -29.2967 20.6602 0.1314 3.1170 0.3636
Pedestrian 0.0000 0 0.0000 -1.0000 -1.0000 -1.0000 -1.0000 0.7138 1.6738 0.6956 -1.5436 -36.5558 0.8244 2.7549 0.4092
