Car 0.0000 0 0.0000 -1.0000 -1.0000 -1.0000 -1.0000 2.0423 1.4770 4.6183 -10.2578 -3.1993 0.7519 -0.0005 0.8497
Car 0.0000 0 0.0000 -1.0000 -1.0000 -1.0000 -1.0000 2.0301 1.5263 4.6102 21.7432 -0.9271 0.8459 3.1398 0.8476
Car 0.0000 0 0.0000 -1.0000 -1.0000 -1.0000 -1.0000 1.9709 1.4359 4.5326 25.4659 -4.3832 0.7965 0.0640 0.8053
Car 0.0000 0 0.0000 -1.0000 -1.0000 -1.0000 -1.0000 2.0096 1.4738 4.5721 -7.3028 -7.1572 0.7427 0.0234 0.8049
Car 0.0000 0 0.0000 -1.0000 -1.0000 -1.0000 -1.0000 1.9292 1.6623 4.4485 4.7589 -4.8347 0.8506 3.1297 0.7349
Car 0.0000 0 0.0000 -1.0000 -1.0000 -1.0000 -1.0000 2.0529 1.6096 4.6710 -34.5523 -0.7287 0.6587 -3.1374 0.7009
Car 0.0000 0 0.0000 -1.0000 -1.0000 -1.0000 -1.0000 2.0020 1.5046 4.6159 -22.8491 -4.3609 0.6904 0.0205 0.6106
Car 0.0000 0 0.0000 -1.0000 -1.0000 -1.0000 -1.0000 1.9684 1.5269 4.5878 -20.5388 9.6694 0.4709 -3.1310 0.5976
Car 0.0000 0 0.0000 -1.0000 -1.0000 -1.0000 -1.0000 1.9490 1.5515 4.6086 -80.8172 -6.0954 -0.1311 -0.1044 0.5103
Car 0.0000 0 0.0000 -1.0000 -1.0000 -1.0000 -1.0000 1.8652 1.5022 4.4079 -41.0002 -7.1121 0.4978 0.1361 0.4979
Car 0.0000 0 0.0000 -1.0000 -1.0000 -1.0000 -1.0000 1.9963 1.8319 4.7765 -15.4365 14.3591 0.5635 3.1401 0.4086
Car 0.0000 0 0.0000 -1.0000 -1.0000 -1.0000 -1.0000 1.9370 1.4911 4.5280 59.0987 6.3954 1.0032 0.0162 0.3935
Car 0.0000 0 0.0000 -1.0000 -1.0000 -1.0000 -1.0000 2.0364 1.5255 4.5999 43.7284 -3.7436 1.0297 -3.0705 0.3736
Car 0.0000 0 0.0000 -1.0000 -1.0000 -1.0000 -1.0000 1.9023 1.5082 4.5559 -62.1693 -0.2783 0.3186 -2.9083 0.3490
Truck 0.0000 0 0.0000 -1.0000 -1.0000 -1.0000 -1.0000 2.4841 2.7752 6.3319 11.5533 15.2801 1.1896 -0.1383 0.3258
Cyclist 0.0000 0 0.0000 -1.0000 -1.0000 -1.0000 -1.0000 0.7594 1.5201 1.7642 -0.4117 18.5649 0.3146 -1.9970 0.3415
