Car 0.0000 0 0.0000 -1.0000 -1.0000 -1.0000 -1.0000 2.0750 1.7096 4.6756 -31.8737 -1.1357 0.9561 -0.0242 0.7986
Car 0.0000 0 0.0000 -1.0000 -1.0000 -1.0000 -1.0000 1.8913 1.4518 4.4567 -41.5323 -4.5287 0.7288 -0.0862 0.7409
Car 0.0000 0 0.0000 -1.0000 -1.0000 -1.0000 -1.0000 1.9265 1.4577 4.5705 -14.3885 11.9380 0.9774 -1.5511 0.6526
Car 0.0000 0 0.0000 -1.0000 -1.0000 -1.0000 -1.0000 1.8718 1.5104 4.4562 -48.8684 -4.5152 0.8396 0.0072 0.6289
Car 0.0000 0 0.0000 -1.0000 -1.0000 -1.0000 -1.0000 1.8716 1.5234 4.4869 -37.3694 4.5318 0.9687 3.1265 0.6138
Car 0.0000 0 0.0000 -1.0000 -1.0000 -1.0000 -1.0000 1.9144 1.5932 4.5235 -11.9268 -10.5290 0.5483 -1.5667 0.5920
Car 0.0000 0 0.0000 -1.0000 -1.0000 -1.0000 -1.0000 1.9021 1.7045 4.4986 8.6992 3.7232 0.9020 -3.1396 0.5459
Car 0.0000 0 0.0000 -1.0000 -1.0000 -1.0000 -1.0000 1.8244 1.3996 4.3920 3.1865 3.7062 0.7049 -3.1176 0.5364
Car 0.0000 0 0.0000 -1.0000 -1.0000 -1.0000 -1.0000 1.9014 1.4818 4.4476 10.9760 -4.7617 0.6897 0.1603 0.5205
Car 0.0000 0 0.0000 -1.0000 -1.0000 -1.0000 -1.0000 1.9331 1.7014 4.5699 -12.2080 24.0928 1.1808 -1.5198 0.5085
Car 0.0000 0 0.0000 -1.0000 -1.0000 -1.0000 -1.0000 1.9107 1.5245 4.5358 67.1456 -2.2164 0.6386 3.0723 0.4920
Car 0.0000 0 0.0000 -1.0000 -1.0000 -1.0000 -1.0000 1.9158 1.4219 4.6101 -19.3305 4.1759 0.8201 -0.0601 0.4745
Car 0.0000 0 0.0000 -1.0000 -1.0000 -1.0000 -1.0000 1.9142 1.4594 4.5385 -2.7147 17.8148 0.9648 -1.5604 0.4705
Car 0.0000 0 0.0000 -1.0000 -1.0000 -1.0000 -1.0000 1.8545 1.5742 4.3948 -37.7220 -8.3621 0.7183 1.4769 0.4468
Car 0.0000 0 0.0000 -1.0000 -1.0000 -1.0000 -1.0000 1.9341 1.8128 4.5029 -14.2108 17.5220 1.2777 -1.5382 0.4429
Car 0.0000 0 0.0000 -1.0000 -1.0000 -1.0000 -1.0000 1.8995 1.5951 4.4686 -11.8636 -15.8600 0.3968 -1.5548 0.4360
Car 0.0000 0 0.0000 -1.0000 -1.0000 -1.0000 -1.0000 1.9344 1.6325 4.6157 -11.3260 -27.9995 0.0595 -1.5051 0.3938
Car 0.0000 0 0.0000 -1.0000 -1.0000 -1.0000 -1.0000 1.9042 1.7799 4.4770 -5.4451 -14.6851 0.5675 -1.3020 0.3854
Car 0.0000 0 0.0000 -1.0000 -1.0000 -1.0000 -1.0000 1.8496 1.5223 4.4138 35.9748 5.8713 0.9979 1.5858 0.3372
Car 0.0000 0 0.0000 -1.0000 -1.0000 -1.0000 -1.0000 1.9641 1.6870 4.7283 -14.8597 33.8628 1.7861 1.6586 0.3080
Tricar 0.0000 0 0.0000 -1.0000 -1.0000 -1.0000 -1.0000 1.2404 1.8354 2.7557 -11.1138 -2.7923 0.8624 -0.0318 0.5893
Tricar 0.0000 0 0.0000 -1.0000 -1.0000 -1.0000 -1.0000 1.0324 1.1460 2.5295 43.2087 -5.1095 0.5206 -0.0640 0.3313
Cyclist 0.0000 0 0.0000 -1.0000 -1.0000 -1.0000 -1.0000 0.7605 1.5291 1.7379 8.7057 -2.7599 0.7826 0.2554 0.6119
Cyclist 0.0000 0 0.0000 -1.0000 -1.0000 -1.0000 -1.0000 0.7636 1.5569 1.7146 31.4699 -3.2822 0.7529 -0.0292 0.5217
Cyclist 0.0000 0 0.0000 -1.0000 -1.0000 -1.0000 -1.0000 0.8148 1.6049 1.8454 -10.6744 12.7539 1.0350 1.7052 0.5144
Cyclist 0.0000 0 0.0000 -1.0000 -1.0000 -1.0000 -1.0000 0.6875 1.4757 1.6551 12.1641 -1.8748 0.7278 -3.0228 0.4733
Cyclist 0.0000 0 0.0000 -1.0000 -1.0000 -1.0000 -1.0000 0.6863 1.3595 1.6906 -19.3875 -7.4639 0.4973 -0.0573 0.4036
Cyclist 0.0000 0 0.0000 -1.0000 -1.0000 -1.0000 -1.0000 0.6645 1.1204 1.6795 20.6337 -4.6574 0.5789 1.8252 0.4030
Cyclist 0.0000 0 0.0000 -1.0000 -1.0000 -1.0000 -1.0000 0.7439 1.5805 1.7080 56.0473 -4.7456 0.6834 0.0025 0.3977
Cyclist 0.0000 0 0.0000 -1.0000 -1.0000 -1.0000 -1.0000 0.6697 1.2484 1.6985 32.7413 4.3424 0.8742 1.8828 0.3948
Cyclist 0.0000 0 0.0000 -1.0000 -1.0000 -1.0000 -1.0000 0.6631 1.1306 1.6963 40.2973 2.9912 0.6896 1.3111 0.3499
Cyclist 0.0000 0 0.0000 -1.0000 -1.0000 -1.0000 -1.0000 0.6623 1.1005 1.6580 -4.9736 -8.4087 0.3099 1.9535 0.3434
Cyclist 0.0000 0 0.0000 -1.0000 -1.0000 -1.0000 -1.0000 0.6686 1.1344 1.6718 -2.8298 -8.0677 0.3027 1.9387 0.3119
Pedestrian 0.0000 0 0.0000 -1.0000 -1.0000 -1.0000 -1.0000 0.6661 1.5665 0.6003 -16.2719 -6.5081 0.5862 3.0668 0.4910
Pedestrian 0.0000 0 0.0000 -1.0000 -1.0000 -1.0000 -1.0000 0.6599 1.6020 0.5668 -16.1084 -8.9700 0.5937 -2.7518 0.3128
