Car 0.0000 0 0.0000 -1.0000 -1.0000 -1.0000 -1.0000 2.0311 1.6747 4.6113 6.5926 -0.9959 0.8407 0.0300 0.8176
Car 0.0000 0 0.0000 -1.0000 -1.0000 -1.0000 -1.0000 1.9322 1.4399 4.5417 12.2767 -6.7568 0.7106 0.0453 0.8147
Car 0.0000 0 0.0000 -1.0000 -1.0000 -1.0000 -1.0000 1.9728 1.4894 4.5697 -10.1950 2.9811 0.7831 3.1015 0.8096
Car 0.0000 0 0.0000 -1.0000 -1.0000 -1.0000 -1.0000 1.9800 1.4301 4.5786 8.8018 2.9252 0.7550 3.1275 0.7766
Car 0.0000 0 0.0000 -1.0000 -1.0000 -1.0000 -1.0000 1.8896 1.4362 4.4501 -1.0851 2.9023 0.7374 3.1118 0.7662
Car 0.0000 0 0.0000 -1.0000 -1.0000 -1.0000 -1.0000 2.0073 1.4613 4.6042 -27.1575 2.6512 0.6429 -0.0376 0.7491
Car 0.0000 0 0.0000 -1.0000 -1.0000 -1.0000 -1.0000 2.0392 1.4976 4.7013 -19.2447 3.0087 0.7420 3.1272 0.6320
Car 0.0000 0 0.0000 -1.0000 -1.0000 -1.0000 -1.0000 1.9857 1.5098 4.5625 23.0146 3.1717 0.7256 -3.1293 0.6125
Car 0.0000 0 0.0000 -1.0000 -1.0000 -1.0000 -1.0000 1.9813 1.4379 4.5875 -11.8164 -0.1574 0.7305 0.0078 0.6066
Car 0.0000 0 0.0000 -1.0000 -1.0000 -1.0000 -1.0000 1.9452 1.5233 4.5014 -35.8158 3.3871 0.5632 -3.1399 0.5373
Car 0.0000 0 0.0000 -1.0000 -1.0000 -1.0000 -1.0000 1.9970 1.6754 4.7171 -51.6504 2.6582 0.5054 -3.0882 0.5237
Car 0.0000 0 0.0000 -1.0000 -1.0000 -1.0000 -1.0000 2.0702 1.7698 4.7211 -4.7666 -10.9637 0.8934 -3.0067 0.5133
Car 0.0000 0 0.0000 -1.0000 -1.0000 -1.0000 -1.0000 1.9644 1.6759 4.5349 -27.7806 -0.3743 0.8549 -3.1350 0.4841
Car 0.0000 0 0.0000 -1.0000 -1.0000 -1.0000 -1.0000 2.0123 1.5340 4.6533 -42.3013 2.9898 0.5370 -0.0013 0.4609
Car 0.0000 0 0.0000 -1.0000 -1.0000 -1.0000 -1.0000 1.9316 1.5635 4.5581 -3.4930 -16.5668 0.8182 -2.8847 0.4463
Car 0.0000 0 0.0000 -1.0000 -1.0000 -1.0000 -1.0000 2.0144 1.7773 4.6935 -4.2788 -13.7302 0.9242 -2.9657 0.4244
Car 0.0000 0 0.0000 -1.0000 -1.0000 -1.0000 -1.0000 1.8180 1.6104 4.3878 18.1266 -0.5917 0.7998 0.0377 0.3964
Car 0.0000 0 0.0000 -1.0000 -1.0000 -1.0000 -1.0000 1.9030 1.4648 4.5004 -18.2951 -0.3345 0.7347 0.0161 0.3484
Car 0.0000 0 0.0000 -1.0000 -1.0000 -1.0000 -1.0000 1.9512 1.5672 4.6427 19.5944 16.8562 0.7194 -3.0911 0.3015
Truck 0.0000 0 0.0000 -1.0000 -1.0000 -1.0000 -1.0000 2.8423 2.7202 8.9799 -43.9524 -0.4534 1.2967 -3.1093 0.6167
