Car 0.0000 0 0.0000 -1.0000 -1.0000 -1.0000 -1.0000 2.2017 1.8866 4.9610 -12.7897 -1.0399 0.9152 -0.0527 0.7819
Car 0.0000 0 0.0000 -1.0000 -1.0000 -1.0000 -1.0000 1.8569 1.5077 4.4740 -21.4928 17.6819 0.2094 2.8831 0.5880
Car 0.0000 0 0.0000 -1.0000 -1.0000 -1.0000 -1.0000 1.9612 1.5558 4.6209 -38.4485 -0.4038 0.6572 0.0188 0.5666
Car 0.0000 0 0.0000 -1.0000 -1.0000 -1.0000 -1.0000 1.9862 1.6117 4.7644 -20.1757 -17.5351 0.2753 -0.1114 0.5406
Car 0.0000 0 0.0000 -1.0000 -1.0000 -1.0000 -1.0000 1.9221 1.5655 4.5422 34.7975 18.0953 0.5676 1.6273 0.5340
Car 0.0000 0 0.0000 -1.0000 -1.0000 -1.0000 -1.0000 1.9686 1.7454 4.7423 40.5602 -14.5823 1.2083 -1.5285 0.4681
Car 0.0000 0 0.0000 -1.0000 -1.0000 -1.0000 -1.0000 1.9953 1.6458 4.7432 -21.5203 -22.5550 0.3247 -0.0532 0.4639
Car 0.0000 0 0.0000 -1.0000 -1.0000 -1.0000 -1.0000 2.0444 2.0512 4.8055 20.7112 -14.8281 1.1532 1.4331 0.4593
Car 0.0000 0 0.0000 -1.0000 -1.0000 -1.0000 -1.0000 1.9557 1.5677 4.4857 11.2283 -3.8805 0.8235 0.0368 0.4353
Car 0.0000 0 0.0000 -1.0000 -1.0000 -1.0000 -1.0000 2.0069 1.6205 4.6188 -0.5877 -3.8323 0.8377 -0.0235 0.4206
Car 0.0000 0 0.0000 -1.0000 -1.0000 -1.0000 -1.0000 1.7764 1.4471 4.3005 3.0250 -6.7320 0.6453 -0.1238 0.4192
Car 0.0000 0 0.0000 -1.0000 -1.0000 -1.0000 -1.0000 1.9014 1.6010 4.4814 -12.5476 18.5892 0.3950 -1.5855 0.3856
Car 0.0000 0 0.0000 -1.0000 -1.0000 -1.0000 -1.0000 1.8773 1.6117 4.5194 -33.3760 19.7729 0.1041 -1.4303 0.3758
Car 0.0000 0 0.0000 -1.0000 -1.0000 -1.0000 -1.0000 1.8129 1.4068 4.3354 15.0154 18.5235 0.3223 -1.7608 0.3533
Car 0.0000 0 0.0000 -1.0000 -1.0000 -1.0000 -1.0000 1.9041 1.4837 4.5654 0.0721 16.6575 0.3480 -1.3559 0.3443
Car 0.0000 0 0.0000 -1.0000 -1.0000 -1.0000 -1.0000 1.9216 1.4765 4.7047 -5.1571 -6.7469 0.6529 3.1184 0.3372
Car 0.0000 0 0.0000 -1.0000 -1.0000 -1.0000 -1.0000 1.9278 1.6456 4.5569 -20.4866 -19.8003 0.2599 -0.1558 0.3122
Car 0.0000 0 0.0000 -1.0000 -1.0000 -1.0000 -1.0000 1.9390 1.5476 4.6275 -67.2550 13.6429 0.2968 -0.1713 0.3056
Car 0.0000 0 0.0000 -1.0000 -1.0000 -1.0000 -1.0000 1.9231 1.7257 4.6026 -36.7088 18.6786 0.1615 -1.4956 0.3024
Truck 0.0000 0 0.0000 -1.0000 -1.0000 -1.0000 -1.0000 3.0599 3.6626 16.8005 -57.8578 6.7705 1.6423 -0.0129 0.5760
Truck 0.0000 0 0.0000 -1.0000 -1.0000 -1.0000 -1.0000 2.2314 2.1352 5.7880 11.7214 -0.4636 1.1809 3.1274 0.5212
Truck 0.0000 0 0.0000 -1.0000 -1.0000 -1.0000 -1.0000 2.7669 3.2109 7.8326 -80.6052 -0.3395 2.0643 -0.1117 0.3024
Tricar 0.0000 0 0.0000 -1.0000 -1.0000 -1.0000 -1.0000 1.4600 1.8184 3.2780 42.1377 6.9825 1.0580 3.1042 0.4737
Tricar 0.0000 0 0.0000 -1.0000 -1.0000 -1.0000 -1.0000 1.4053 1.7762 3.0657 -26.4151 17.6589 0.3120 -0.1832 0.4263
Tricar 0.0000 0 0.0000 -1.0000 -1.0000 -1.0000 -1.0000 1.6272 2.0178 3.6749 32.0370 -4.2779 1.2358 3.0655 0.4243
Tricar 0.0000 0 0.0000 -1.0000 -1.0000 -1.0000 -1.0000 1.0990 1.3450 2.6391 -1.3810 9.4988 0.6022 -3.0149 0.3614
Cyclist 0.0000 0 0.0000 -1.0000 -1.0000 -1.0000 -1.0000 0.8109 1.5526 1.8146 13.1454 12.2666 0.5597 -0.0025 0.4875
