Car 0.0000 0 0.0000 -1.0000 -1.0000 -1.0000 -1.0000 2.0661 1.5659 4.8451 -19.5993 3.2985 0.6493 -0.0147 0.7476
Car 0.0000 0 0.0000 -1.0000 -1.0000 -1.0000 -1.0000 1.9940 1.6474 4.5697 37.8994 -0.7094 0.8046 0.0234 0.7151
Car 0.0000 0 0.0000 -1.0000 -1.0000 -1.0000 -1.0000 1.9584 1.5357 4.5491 71.0778 0.8736 0.7512 0.0297 0.7133
Car 0.0000 0 0.0000 -1.0000 -1.0000 -1.0000 -1.0000 1.9417 1.4566 4.4858 21.4018 2.6863 0.6943 -0.0016 0.6281
Car 0.0000 0 0.0000 -1.0000 -1.0000 -1.0000 -1.0000 1.9434 1.4603 4.5412 48.1471 3.3505 0.6678 0.0228 0.5945
Car 0.0000 0 0.0000 -1.0000 -1.0000 -1.0000 -1.0000 1.9221 1.5006 4.5186 27.4293 -20.7135 0.9310 -3.1108 0.5533
Car 0.0000 0 0.0000 -1.0000 -1.0000 -1.0000 -1.0000 1.9460 1.7226 4.5160 21.4613 -21.5008 1.0314 -0.0598 0.4631
Car 0.0000 0 0.0000 -1.0000 -1.0000 -1.0000 -1.0000 2.0806 1.6787 4.7691 -26.6046 -0.2685 0.7580 -0.0071 0.4499
Car 0.0000 0 0.0000 -1.0000 -1.0000 -1.0000 -1.0000 1.8942 1.6516 4.5101 -14.9126 30.8396 0.3475 0.0865 0.4356
Car 0.0000 0 0.0000 -1.0000 -1.0000 -1.0000 -1.0000 1.9887 1.6761 4.6548 38.0855 -20.8087 1.0022 -3.1323 0.3935
Car 0.0000 0 0.0000 -1.0000 -1.0000 -1.0000 -1.0000 1.9538 1.6320 4.6077 -60.0702 -21.1773 1.0586 0.1689 0.3886
Car 0.0000 0 0.0000 -1.0000 -1.0000 -1.0000 -1.0000 1.8778 1.4481 4.4412 -13.8709 18.4732 0.1631 -1.6347 0.3799
Car 0.0000 0 0.0000 -1.0000 -1.0000 -1.0000 -1.0000 1.8627 1.5070 4.4713 32.2446 -21.1854 0.9585 -3.1412 0.3514
Car 0.0000 0 0.0000 -1.0000 -1.0000 -1.0000 -1.0000 1.8074 1.4315 4.4261 -0.6363 9.9480 0.4447 0.0356 0.3050
Truck 0.0000 0 0.0000 -1.0000 -1.0000 -1.0000 -1.0000 2.6799 2.8530 8.1330 82.3613 4.9863 1.6761 -3.0708 0.3777
Tricar 0.0000 0 0.0000 -1.0000 -1.0000 -1.0000 -1.0000 1.5311 2.0406 3.3140 -15.7991 -8.6833 1.2213 -0.0087 0.5028
Tricar 0.0000 0 0.0000 -1.0000 -1.0000 -1.0000 -1.0000 1.3308 1.7373 2.8671 13.6990 -3.9462 0.9139 -0.0395 0.4081
Cyclist 0.0000 0 0.0000 -1.0000 -1.0000 -1.0000 -1.0000 0.8321 1.5505 1.8610 3.5723 5.5008 0.7022 -3.1161 0.6106
Cyclist 0.0000 0 0.0000 -1.0000 -1.0000 -1.0000 -1.0000 0.8092 1.5501 1.8123 -12.3170 5.3990 0.5691 -0.1313 0.5977
Cyclist 0.0000 0 0.0000 -1.0000 -1.0000 -1.0000 -1.0000 0.7491 1.5338 1.7312 30.3978 5.4562 0.6611 -0.0041 0.5615
Cyclist 0.0000 0 0.0000 -1.0000 -1.0000 -1.0000 -1.0000 0.8068 1.5552 1.8046 -4.1165 -6.8068 0.8627 0.4604 0.4756
Cyclist 0.0000 0 0.0000 -1.0000 -1.0000 -1.0000 -1.0000 0.7661 1.5749 1.6993 -12.1709 7.1769 0.5391 3.0856 0.4522
Cyclist 0.0000 0 0.0000 -1.0000 -1.0000 -1.0000 -1.0000 0.7540 1.5203 1.7537 20.1267 5.6517 0.7101 -0.0183 0.4512
Cyclist 0.0000 0 0.0000 -1.0000 -1.0000 -1.0000 -1.0000 0.8288 1.6070 1.7988 13.8852 -6.5739 0.9397 -3.1214 0.3649
Cyclist 0.0000 0 0.0000 -1.0000 -1.0000 -1.0000 -1.0000 0.6827 1.3562 1.6802 -29.3193 -9.1142 0.6866 0.0013 0.3557
Cyclist 0.0000 0 0.0000 -1.0000 -1.0000 -1.0000 -1.0000 0.6854 1.2704 1.6862 3.6630 14.4778 0.2825 -1.0279 0.3491
Cyclist 0.0000 0 0.0000 -1.0000 -1.0000 -1.0000 -1.0000 0.7249 1.4805 1.7761 -9.9866 20.1971 0.2101 -1.5773 0.3412
Cyclist 0.0000 0 0.0000 -1.0000 -1.0000 -1.0000 -1.0000 0.7896 1.3839 1.8148 0.8633 -23.1602 1.0927 -0.0429 0.3275
Cyclist 0.0000 0 0.0000 -1.0000 -1.0000 -1.0000 -1.0000 0.6975 1.4041 1.6867 -54.8237 16.3594 0.4400 -0.2156 0.3204
Cyclist 0.0000 0 0.0000 -1.0000 -1.0000 -1.0000 -1.0000 0.7126 1.3153 1.7534 -9.0939 19.6701 0.1718 1.5653 0.3197
Pedestrian 0.0000 0 0.0000 -1.0000 -1.0000 -1.0000 -1.0000 0.6903 1.6951 0.6398 -8.5617 14.3205 0.5517 3.0074 0.6380
Pedestrian 0.0000 0 0.0000 -1.0000 -1.0000 -1.0000 -1.0000 0.6852 1.6862 0.6068 -16.2193 15.8299 0.3977 2.9497 0.5705
Pedestrian 0.0000 0 0.0000 -1.0000 -1.0000 -1.0000 -1.0000 0.7073 1.6484 0.6866 -10.6049 9.0857 0.5699 2.8382 0.5242
Pedestrian 0.0000 0 0.0000 -1.0000 -1.0000 -1.0000 -1.0000 0.6696 1.6727 0.5813 -3.0088 14.6889 0.6300 0.0343 0.5218
Pedestrian 0.0000 0 0.0000 -1.0000 -1.0000 -1.0000 -1.0000 0.6923 1.6525 0.6520 -12.0301 8.2303 0.5784 2.9891 0.5155
Pedestrian 0.0000 0 0.0000 -1.0000 -1.0000 -1.0000 -1.0000 0.6934 1.6821 0.6251 14.4935 -12.7769 1.1149 2.9562 0.5094
Pedestrian 0.0000 0 0.0000 -1.0000 -1.0000 -1.0000 -1.0000 0.6962 1.6387 0.6395 -16.2241 11.8924 0.4354 3.0457 0.4706
Pedestrian 0.0000 0 0.0000 -1.0000 -1.0000 -1.0000 -1.0000 0.6829 1.6603 0.5989 -27.6101 -10.0600 0.9338 -3.1088 0.4418
Pedestrian 0.0000 0 0.0000 -1.0000 -1.0000 -1.0000 -1.0000 0.6722 1.6824 0.5974 -10.5361 22.0507 0.3708 1.5660 0.4005
Pedestrian 0.0000 0 0.0000 -1.0000 -1.0000 -1.0000 -1.0000 0.6608 1.6395 0.5743 -3.2639 16.0979 0.5133 -3.0804 0.3938
Pedestrian 0.0000 0 0.0000 -1.0000 -1.0000 -1.0000 -1.0000 0.6832 1.6024 0.6284 -26.1102 16.5128 0.4700 -0.0145 0.3923
Pedestrian 0.0000 0 0.0000 -1.0000 -1.0000 -1.0000 -1.0000 0.6927 1.6327 0.6244 -28.9794 15.9454 0.5295 -0.0061 0.3529
Pedestrian 0.0000 0 0.0000 -1.0000 -1.0000 -1.0000 -1.0000 0.7065 1.6152 0.6787 -12.2066 7.0919 0.5526 3.0800 0.3117
