Car 0.0000 0 0.0000 -1.0000 -1.0000 -1.0000 -1.0000 1.9771 1.5065 4.5650 -8.7238 -9.0025 0.7814 -3.1300 0.7831
Car 0.0000 0 0.0000 -1.0000 -1.0000 -1.0000 -1.0000 1.9907 1.4869 4.6437 -31.5788 0.7927 0.6828 -0.0218 0.7692
Car 0.0000 0 0.0000 -1.0000 -1.0000 -1.0000 -1.0000 1.9538 1.4409 4.6013 -21.8357 -8.5241 0.7386 3.1242 0.7608
Car 0.0000 0 0.0000 -1.0000 -1.0000 -1.0000 -1.0000 1.9905 1.6096 4.5334 -8.0825 3.3096 0.7552 -0.0198 0.7592
Car 0.0000 0 0.0000 -1.0000 -1.0000 -1.0000 -1.0000 1.9970 1.4399 4.6593 -17.8910 3.5489 0.6319 -0.0121 0.6916
Car 0.0000 0 0.0000 -1.0000 -1.0000 -1.0000 -1.0000 1.8660 1.5439 4.3138 10.5159 -9.0041 0.7994 -3.1155 0.6485
Car 0.0000 0 0.0000 -1.0000 -1.0000 -1.0000 -1.0000 2.0933 2.0217 4.8299 39.8585 2.5320 0.8572 3.0738 0.6246
Car 0.0000 0 0.0000 -1.0000 -1.0000 -1.0000 -1.0000 1.9639 1.5146 4.6034 -35.1651 3.7335 0.6155 3.1231 0.5062
Car 0.0000 0 0.0000 -1.0000 -1.0000 -1.0000 -1.0000 1.8658 1.4771 4.4712 43.3299 -9.3310 0.7886 3.0998 0.4848
Car 0.0000 0 0.0000 -1.0000 -1.0000 -1.0000 -1.0000 1.8569 1.4801 4.3577 5.5790 -8.7576 0.7903 -0.0051 0.4692
Car 0.0000 0 0.0000 -1.0000 -1.0000 -1.0000 -1.0000 1.8777 1.4355 4.4531 -21.2846 18.3849 0.5246 -1.5966 0.4545
Car 0.0000 0 0.0000 -1.0000 -1.0000 -1.0000 -1.0000 1.8701 1.4022 4.4848 -13.3966 12.3546 0.3607 -3.1138 0.4505
Car 0.0000 0 0.0000 -1.0000 -1.0000 -1.0000 -1.0000 1.9029 1.6782 4.5171 -21.1991 25.0631 0.8451 1.5793 0.4416
Car 0.0000 0 0.0000 -1.0000 -1.0000 -1.0000 -1.0000 1.9005 1.8967 4.4825 36.7822 -15.0603 1.1253 1.5144 0.3649
Car 0.0000 0 0.0000 -1.0000 -1.0000 -1.0000 -1.0000 1.8949 1.5051 4.5528 23.1225 -8.9163 0.7681 0.0219 0.3201
Car 0.0000 0 0.0000 -1.0000 -1.0000 -1.0000 -1.0000 1.8858 1.5480 4.4402 -46.7881 5.2454 0.6331 -0.0367 0.3024
Truck 0.0000 0 0.0000 -1.0000 -1.0000 -1.0000 -1.0000 2.5746 2.7486 7.3624 83.8152 -2.6651 1.3807 -0.1520 0.3019
Cyclist 0.0000 0 0.0000 -1.0000 -1.0000 -1.0000 -1.0000 0.7542 1.5868 1.6973 39.1655 9.2204 0.4727 -3.0274 0.5355
Cyclist 0.0000 0 0.0000 -1.0000 -1.0000 -1.0000 -1.0000 0.7065 1.5247 1.6805 9.3088 -5.3844 0.7917 -3.1254 0.4350
Cyclist 0.0000 0 0.0000 -1.0000 -1.0000 -1.0000 -1.0000 0.7802 1.5854 1.7432 -68.6094 -12.3459 0.9589 -0.1960 0.4025
Cyclist 0.0000 0 0.0000 -1.0000 -1.0000 -1.0000 -1.0000 0.7425 1.5685 1.6851 25.0303 -7.1269 0.7711 3.1253 0.3981
Cyclist 0.0000 0 0.0000 -1.0000 -1.0000 -1.0000 -1.0000 0.7602 1.5969 1.6858 26.5903 -12.6644 0.9807 -0.1526 0.3914
Cyclist 0.0000 0 0.0000 -1.0000 -1.0000 -1.0000 -1.0000 0.7356 1.3871 1.7357 53.0230 13.1297 0.2220 0.0144 0.3858
Cyclist 0.0000 0 0.0000 -1.0000 -1.0000 -1.0000 -1.0000 0.6948 1.3979 1.6701 -6.4724 -10.6245 0.8467 -2.5388 0.3852
Cyclist 0.0000 0 0.0000 -1.0000 -1.0000 -1.0000 -1.0000 0.7548 1.4854 1.7645 -0.6841 10.2788 0.3226 3.1354 0.3572
Cyclist 0.0000 0 0.0000 -1.0000 -1.0000 -1.0000 -1.0000 0.7127 1.5224 1.6762 -32.2018 5.5395 0.5940 3.0731 0.3380
Cyclist 0.0000 0 0.0000 -1.0000 -1.0000 -1.0000 -1.0000 0.7080 1.1493 1.7265 -14.2592 17.6210 0.3664 -1.4588 0.3349
Cyclist 0.0000 0 0.0000 -1.0000 -1.0000 -1.0000 -1.0000 0.7029 1.4666 1.6975 -9.2638 -13.6396 1.0481 0.0603 0.3137
Cyclist 0.0000 0 0.0000 -1.0000 -1.0000 -1.0000 -1.0000 0.7495 1.5351 1.6786 30.6917 -8.4201 0.7707 -0.0243 0.3134
Cyclist 0.0000 0 0.0000 -1.0000 -1.0000 -1.0000 -1.0000 0.6754 1.1792 1.6462 -11.3527 16.7644 0.3134 1.8451 0.3045
Pedestrian 0.0000 0 0.0000 -1.0000 -1.0000 -1.0000 -1.0000 0.6885 1.7136 0.6046 -8.8283 18.7069 0.7504 2.3291 0.3307
