Car 0.0000 0 0.0000 -1.0000 -1.0000 -1.0000 -1.0000 2.1294 1.7073 4.7170 -15.8555 0.0852 0.9742 -0.0734 0.5683
Car 0.0000 0 0.0000 -1.0000 -1.0000 -1.0000 -1.0000 1.9851 1.4939 4.5625 15.3358 11.8432 0.4710 -3.1263 0.4950
Car 0.0000 0 0.0000 -1.0000 -1.0000 -1.0000 -1.0000 1.9249 1.5104 4.4959 18.7809 14.0992 0.4559 3.0909 0.4160
Car 0.0000 0 0.0000 -1.0000 -1.0000 -1.0000 -1.0000 1.8979 1.4461 4.4678 3.6738 11.4554 0.5379 3.1069 0.3876
Car 0.0000 0 0.0000 -1.0000 -1.0000 -1.0000 -1.0000 1.8795 1.8331 4.4180 3.5646 -37.4611 1.3937 1.5808 0.3747
Car 0.0000 0 0.0000 -1.0000 -1.0000 -1.0000 -1.0000 1.9534 1.5340 4.5929 33.5637 14.0667 0.4841 3.1249 0.3513
Truck 0.0000 0 0.0000 -1.0000 -1.0000 -1.0000 -1.0000 2.5126 2.5957 6.5291 -32.6288 -3.1520 1.4944 0.0059 0.5542
Truck 0.0000 0 0.0000 -1.0000 -1.0000 -1.0000 -1.0000 2.4608 2.4395 6.4820 -6.8078 -6.8290 1.2493 2.7336 0.5505
Truck 0.0000 0 0.0000 -1.0000 -1.0000 -1.0000 -1.0000 2.2897 2.2588 6.1160 3.3687 -28.0195 1.2853 1.4650 0.4857
Truck 0.0000 0 0.0000 -1.0000 -1.0000 -1.0000 -1.0000 1.9159 1.9848 4.7933 -23.3600 -2.7631 1.1452 0.0277 0.3961
Truck 0.0000 0 0.0000 -1.0000 -1.0000 -1.0000 -1.0000 2.6108 3.1474 6.4722 -58.4409 11.9393 1.9070 0.0351 0.3514
Truck 0.0000 0 0.0000 -1.0000 -1.0000 -1.0000 -1.0000 2.1307 2.1642 5.4100 -28.5398 -1.0737 1.1396 -3.0841 0.3339
Truck 0.0000 0 0.0000 -1.0000 -1.0000 -1.0000 -1.0000 1.8664 1.9813 4.5712 0.8167 -4.6712 1.0065 -0.1688 0.3149
Tricar 0.0000 0 0.0000 -1.0000 -1.0000 -1.0000 -1.0000 1.2311 1.6392 3.1849 13.7555 -9.3307 0.7611 0.5219 0.6010
Tricar 0.0000 0 0.0000 -1.0000 -1.0000 -1.0000 -1.0000 1.5992 1.9658 3.9278 0.9103 -4.7174 0.9912 3.1022 0.4547
Cyclist 0.0000 0 0.0000 -1.0000 -1.0000 -1.0000 -1.0000 0.7511 1.5640 1.7244 -0.2544 16.3683 0.5013 3.0918 0.5769
Cyclist 0.0000 0 0.0000 -1.0000 -1.0000 -1.0000 -1.0000 0.8382 1.5372 1.8651 -22.6873 10.6602 0.7399 -0.1115 0.5411
Cyclist 0.0000 0 0.0000 -1.0000 -1.0000 -1.0000 -1.0000 0.8251 1.5566 1.7978 6.0315 -3.1396 0.7881 -3.0851 0.5003
Cyclist 0.0000 0 0.0000 -1.0000 -1.0000 -1.0000 -1.0000 0.7066 1.5483 1.6793 8.6721 14.8490 0.5175 -3.0531 0.4875
Cyclist 0.0000 0 0.0000 -1.0000 -1.0000 -1.0000 -1.0000 0.7265 1.4512 1.7166 -18.1199 19.2047 0.5514 0.0651 0.4635
Cyclist 0.0000 0 0.0000 -1.0000 -1.0000 -1.0000 -1.0000 0.8052 1.4980 1.8261 -15.3374 -3.3292 0.8143 -0.0766 0.3530
