Car 0.0000 0 0.0000 -1.0000 -1.0000 -1.0000 -1.0000 2.0233 1.6337 4.5853 6.0643 2.3745 0.7606 -0.0045 0.7771
Car 0.0000 0 0.0000 -1.0000 -1.0000 -1.0000 -1.0000 2.0181 1.7123 4.6772 -18.6473 2.5075 0.8384 3.1129 0.6683
Car 0.0000 0 0.0000 -1.0000 -1.0000 -1.0000 -1.0000 1.9463 1.5523 4.5706 -0.4234 2.4097 0.7141 -0.0171 0.6629
Car 0.0000 0 0.0000 -1.0000 -1.0000 -1.0000 -1.0000 2.0082 1.5370 4.6002 21.3724 2.4945 0.6385 -0.0045 0.6503
Car 0.0000 0 0.0000 -1.0000 -1.0000 -1.0000 -1.0000 2.0516 2.0385 4.7416 -12.0586 2.6171 0.9881 3.1230 0.6293
Car 0.0000 0 0.0000 -1.0000 -1.0000 -1.0000 -1.0000 2.0483 1.5962 4.7381 -65.3924 1.4052 0.9350 -0.0935 0.5580
Car 0.0000 0 0.0000 -1.0000 -1.0000 -1.0000 -1.0000 1.8304 1.7550 4.4120 11.8330 2.6232 0.7725 0.0046 0.5552
Car 0.0000 0 0.0000 -1.0000 -1.0000 -1.0000 -1.0000 1.9438 1.5033 4.5027 -24.5169 2.4816 0.7030 -0.0058 0.5407
Car 0.0000 0 0.0000 -1.0000 -1.0000 -1.0000 -1.0000 1.9604 1.7336 4.5510 -5.5503 2.6156 0.8482 3.1287 0.5315
Car 0.0000 0 0.0000 -1.0000 -1.0000 -1.0000 -1.0000 2.0062 1.6079 4.6763 -34.0903 1.8581 0.9157 -0.0082 0.4819
Car 0.0000 0 0.0000 -1.0000 -1.0000 -1.0000 -1.0000 1.9572 1.5301 4.5713 -15.2045 0.0130 0.7782 -0.0012 0.3589
Car 0.0000 0 0.0000 -1.0000 -1.0000 -1.0000 -1.0000 1.9136 1.6683 4.5782 -55.5232 6.5437 1.1193 -3.1232 0.3424
Car 0.0000 0 0.0000 -1.0000 -1.0000 -1.0000 -1.0000 1.9067 1.5952 4.4823 32.1859 2.5787 0.6837 0.0297 0.3373
Car 0.0000 0 0.0000 -1.0000 -1.0000 -1.0000 -1.0000 1.9304 1.8369 4.5801 71.2592 25.1993 0.4729 1.5641 0.3146
Car 0.0000 0 0.0000 -1.0000 -1.0000 -1.0000 -1.0000 1.9363 1.8976 4.6651 -75.2058 -10.0320 1.2205 1.4425 0.3020
Truck 0.0000 0 0.0000 -1.0000 -1.0000 -1.0000 -1.0000 2.7632 3.0628 10.1733 18.8169 -0.4908 1.5812 -0.0261 0.4645
Cyclist 0.0000 0 0.0000 -1.0000 -1.0000 -1.0000 -1.0000 0.7920 1.5350 1.7995 2.8505 13.4425 0.3657 3.0828 0.5040
Cyclist 0.0000 0 0.0000 -1.0000 -1.0000 -1.0000 -1.0000 0.7235 1.2573 1.7401 6.6516 -8.6026 0.6668 -0.0464 0.5011
Cyclist 0.0000 0 0.0000 -1.0000 -1.0000 -1.0000 -1.0000 0.8174 1.4056 1.9005 -23.4294 -7.9420 0.7038 3.0742 0.4853
Cyclist 0.0000 0 0.0000 -1.0000 -1.0000 -1.0000 -1.0000 0.7029 1.4583 1.6973 -29.0255 13.7339 0.3700 3.0204 0.4529
Cyclist 0.0000 0 0.0000 -1.0000 -1.0000 -1.0000 -1.0000 0.7472 1.3537 1.7612 17.0680 -9.8921 0.8185 -3.0844 0.4039
Cyclist 0.0000 0 0.0000 -1.0000 -1.0000 -1.0000 -1.0000 0.6918 1.3629 1.6549 12.6386 -11.2767 0.8246 -0.0376 0.3936
Cyclist 0.0000 0 0.0000 -1.0000 -1.0000 -1.0000 -1.0000 0.7082 1.3107 1.7095 -19.2338 -8.1750 0.7120 -0.0234 0.3925
Cyclist 0.0000 0 0.0000 -1.0000 -1.0000 -1.0000 -1.0000 0.6651 1.2084 1.6535 3.2106 -9.1911 0.6781 -0.0894 0.3916
Cyclist 0.0000 0 0.0000 -1.0000 -1.0000 -1.0000 -1.0000 0.7917 1.3428 1.8800 17.8738 13.0649 0.1914 3.0802 0.3870
Cyclist 0.0000 0 0.0000 -1.0000 -1.0000 -1.0000 -1.0000 0.7242 1.3938 1.7262 9.2146 -9.7287 0.7891 -3.1168 0.3664
Cyclist 0.0000 0 0.0000 -1.0000 -1.0000 -1.0000 -1.0000 0.6765 1.2721 1.6621 0.9156 15.5549 0.2759 3.0557 0.3549
Cyclist 0.0000 0 0.0000 -1.0000 -1.0000 -1.0000 -1.0000 0.6898 1.4701 1.6728 -34.2386 -8.6876 0.8207 -3.1007 0.3327
Cyclist 0.0000 0 0.0000 -1.0000 -1.0000 -1.0000 -1.0000 0.6883 1.1647 1.6791 20.5224 -9.9613 0.7549 -2.1773 0.3253
