Car 0.0000 0 0.0000 -1.0000 -1.0000 -1.0000 -1.0000 1.9970 1.7429 4.5096 -10.5880 0.2510 0.8687 0.0075 0.7176
Car 0.0000 0 0.0000 -1.0000 -1.0000 -1.0000 -1.0000 1.9083 1.4930 4.5010 31.5509 34.6704 -0.0629 -1.6221 0.5615
Car 0.0000 0 0.0000 -1.0000 -1.0000 -1.0000 -1.0000 1.8947 1.4588 4.4732 35.6407 36.2519 -0.0216 -1.7347 0.5001
Car 0.0000 0 0.0000 -1.0000 -1.0000 -1.0000 -1.0000 2.1423 2.0466 4.9342 -27.0908 0.5660 0.9266 -0.0071 0.4443
Car 0.0000 0 0.0000 -1.0000 -1.0000 -1.0000 -1.0000 1.9166 1.5199 4.5343 32.9841 42.1377 -0.1503 -1.8957 0.4118
Car 0.0000 0 0.0000 -1.0000 -1.0000 -1.0000 -1.0000 1.9516 1.5719 4.7131 61.2718 8.0471 0.9213 -0.0685 0.3164
Truck 0.0000 0 0.0000 -1.0000 -1.0000 -1.0000 -1.0000 2.5502 3.0677 6.2190 0.8643 -3.6134 1.5767 -0.0130 0.4018
Tricar 0.0000 0 0.0000 -1.0000 -1.0000 -1.0000 -1.0000 1.1918 1.5749 2.5907 61.1996 -11.6312 1.1098 3.0763 0.3269
Cyclist 0.0000 0 0.0000 -1.0000 -1.0000 -1.0000 -1.0000 0.8134 1.5870 1.8713 23.1278 33.0121 -0.0951 -1.5767 0.5674
Cyclist 0.0000 0 0.0000 -1.0000 -1.0000 -1.0000 -1.0000 0.7398 1.5470 1.6994 -3.2107 -10.3766 0.8194 0.0391 0.4447
