Car 0.0000 0 0.0000 -1.0000 -1.0000 -1.0000 -1.0000 1.9829 1.5777 4.5898 27.8058 -4.9244 0.8287 0.0967 0.8341
Car 0.0000 0 0.0000 -1.0000 -1.0000 -1.0000 -1.0000 2.0337 1.4571 4.6501 37.7490 7.1179 0.4863 3.1264 0.7947
Car 0.0000 0 0.0000 -1.0000 -1.0000 -1.0000 -1.0000 1.9818 1.4657 4.5652 -9.7322 6.2045 0.5857 -3.1241 0.6445
Car 0.0000 0 0.0000 -1.0000 -1.0000 -1.0000 -1.0000 2.4284 2.5252 5.4809 -24.3983 6.1660 1.1318 -3.1288 0.6386
Car 0.0000 0 0.0000 -1.0000 -1.0000 -1.0000 -1.0000 1.9440 1.4717 4.5115 53.6712 3.2625 0.5671 3.0205 0.5462
Car 0.0000 0 0.0000 -1.0000 -1.0000 -1.0000 -1.0000 1.9809 1.4819 4.5493 32.5959 -8.1203 0.7731 -3.1387 0.5136
Car 0.0000 0 0.0000 -1.0000 -1.0000 -1.0000 -1.0000 1.9835 1.6677 4.7365 -73.6909 3.0934 0.9086 0.1021 0.5130
Car 0.0000 0 0.0000 -1.0000 -1.0000 -1.0000 -1.0000 1.9161 1.5010 4.5750 -4.6347 -36.0915 1.3201 -1.7474 0.4782
Car 0.0000 0 0.0000 -1.0000 -1.0000 -1.0000 -1.0000 1.8834 1.4791 4.4823 20.1920 8.6233 0.4169 0.1024 0.3729
Truck 0.0000 0 0.0000 -1.0000 -1.0000 -1.0000 -1.0000 2.9030 3.0191 8.9457 5.7336 9.4875 1.3733 -3.1331 0.6303
Truck 0.0000 0 0.0000 -1.0000 -1.0000 -1.0000 -1.0000 2.2328 2.2335 5.8690 14.6575 5.2296 0.9888 0.0027 0.5464
Truck 0.0000 0 0.0000 -1.0000 -1.0000 -1.0000 -1.0000 2.1258 2.0767 5.4320 -80.2129 10.6376 0.7195 -3.1233 0.4374
Truck 0.0000 0 0.0000 -1.0000 -1.0000 -1.0000 -1.0000 3.0151 3.5660 9.5050 2.2707 -3.7970 1.7903 -0.0143 0.4238
Truck 0.0000 0 0.0000 -1.0000 -1.0000 -1.0000 -1.0000 2.4671 2.7104 6.4375 -79.6647 5.8984 1.2671 -3.1120 0.4026
