Car 0.0000 0 0.0000 -1.0000 -1.0000 -1.0000 -1.0000 2.0620 1.8208 4.7573 -12.3025 4.7303 1.0385 2.1221 0.6966
Car 0.0000 0 0.0000 -1.0000 -1.0000 -1.0000 -1.0000 1.9503 1.4690 4.5190 10.0977 -1.8159 0.7549 0.3907 0.6958
Car 0.0000 0 0.0000 -1.0000 -1.0000 -1.0000 -1.0000 1.9423 1.4211 4.5050 23.4169 7.3835 0.7432 -2.7461 0.6798
Car 0.0000 0 0.0000 -1.0000 -1.0000 -1.0000 -1.0000 2.0161 1.7609 4.6948 -13.6618 -18.3185 0.8820 -1.3704 0.6747
Car 0.0000 0 0.0000 -1.0000 -1.0000 -1.0000 -1.0000 1.9473 1.6554 4.5687 -20.7096 0.3500 1.0387 -1.1989 0.6076
Car 0.0000 0 0.0000 -1.0000 -1.0000 -1.0000 -1.0000 1.8830 1.4273 4.4615 -16.8544 -10.5404 0.7474 -1.2332 0.6042
Car 0.0000 0 0.0000 -1.0000 -1.0000 -1.0000 -1.0000 1.9197 1.5048 4.5009 24.6791 -1.0759 0.7678 0.3652 0.5614
Car 0.0000 0 0.0000 -1.0000 -1.0000 -1.0000 -1.0000 1.9683 1.6952 4.6637 -7.1259 -27.2316 0.7868 0.2189 0.5600
Car 0.0000 0 0.0000 -1.0000 -1.0000 -1.0000 -1.0000 1.9690 1.7355 4.6643 -26.8942 10.1921 1.2132 -1.1431 0.5126
Car 0.0000 0 0.0000 -1.0000 -1.0000 -1.0000 -1.0000 1.8794 1.6152 4.4608 75.9151 12.2065 1.1486 0.2748 0.4791
Car 0.0000 0 0.0000 -1.0000 -1.0000 -1.0000 -1.0000 1.8680 1.5708 4.5121 -1.4396 -26.1535 0.7253 0.2513 0.4320
Car 0.0000 0 0.0000 -1.0000 -1.0000 -1.0000 -1.0000 1.8547 1.5907 4.3802 -14.8878 -23.9486 0.7346 -1.3905 0.4179
Car 0.0000 0 0.0000 -1.0000 -1.0000 -1.0000 -1.0000 1.8902 1.4971 4.4640 30.2562 0.3575 0.6913 0.1937 0.3826
Tricar 0.0000 0 0.0000 -1.0000 -1.0000 -1.0000 -1.0000 1.0760 1.2963 2.6228 14.2649 -9.8007 0.8296 -2.8550 0.3664
Cyclist 0.0000 0 0.0000 -1.0000 -1.0000 -1.0000 -1.0000 0.7985 1.5477 1.7860 21.6550 0.8473 0.7935 0.4853 0.7323
Cyclist 0.0000 0 0.0000 -1.0000 -1.0000 -1.0000 -1.0000 0.7244 1.4637 1.6910 4.7089 -8.3786 0.7356 0.3282 0.5921
Cyclist 0.0000 0 0.0000 -1.0000 -1.0000 -1.0000 -1.0000 0.7695 1.5192 1.7752 6.3417 -5.7836 0.7513 -2.8368 0.5198
Cyclist 0.0000 0 0.0000 -1.0000 -1.0000 -1.0000 -1.0000 0.7788 1.6055 1.7366 -12.1975 -5.6428 0.8626 -0.3977 0.5190
Cyclist 0.0000 0 0.0000 -1.0000 -1.0000 -1.0000 -1.0000 0.7093 1.3826 1.6896 22.3851 -6.4753 0.7392 0.2748 0.4431
Cyclist 0.0000 0 0.0000 -1.0000 -1.0000 -1.0000 -1.0000 0.8380 1.5637 1.8222 66.6174 14.1204 1.0205 0.1440 0.3890
Cyclist 0.0000 0 0.0000 -1.0000 -1.0000 -1.0000 -1.0000 0.7591 1.3022 1.8044 17.4978 -6.4923 0.6849 0.2979 0.3622
Cyclist 0.0000 0 0.0000 -1.0000 -1.0000 -1.0000 -1.0000 0.7098 1.4277 1.7223 -20.8274 -6.4769 0.7305 -2.8984 0.3609
Cyclist 0.0000 0 0.0000 -1.0000 -1.0000 -1.0000 -1.0000 0.6925 1.1204 1.6747 -2.8385 -15.7342 0.5384 -1.7199 0.3508
Cyclist 0.0000 0 0.0000 -1.0000 -1.0000 -1.0000 -1.0000 0.7459 1.5604 1.6990 27.0161 -2.7366 0.8585 -2.8199 0.3224
Cyclist 0.0000 0 0.0000 -1.0000 -1.0000 -1.0000 -1.0000 0.6669 1.1494 1.6798 0.8535 -16.0148 0.6855 -1.0641 0.3095
Cyclist 0.0000 0 0.0000 -1.0000 -1.0000 -1.0000 -1.0000 0.8596 1.3362 1.9519 14.2975 -9.8122 0.7948 -2.8219 0.3050
Pedestrian 0.0000 0 0.0000 -1.0000 -1.0000 -1.0000 -1.0000 0.7316 1.6756 0.7312 41.1580 17.5232 1.0610 0.3236 0.4123
Pedestrian 0.0000 0 0.0000 -1.0000 -1.0000 -1.0000 -1.0000 0.6482 1.6468 0.5468 -4.4669 -18.2787 0.8129 1.3237 0.3333
Pedestrian 0.0000 0 0.0000 -1.0000 -1.0000 -1.0000 -1.0000 0.7114 1.6617 0.6628 25.2765 -4.2634 0.9354 -2.8554 0.3168
