Car 0.0000 0 0.0000 -1.0000 -1.0000 -1.0000 -1.0000 2.0174 1.4472 4.6183 9.8514 -0.2705 0.8616 3.0451 0.7144
Car 0.0000 0 0.0000 -1.0000 -1.0000 -1.0000 -1.0000 2.1082 1.8430 4.7362 -24.3201 0.1157 0.7699 -3.1211 0.6598
Car 0.0000 0 0.0000 -1.0000 -1.0000 -1.0000 -1.0000 1.9873 1.4715 4.5415 23.0851 10.3568 0.7099 -2.7262 0.6271
Car 0.0000 0 0.0000 -1.0000 -1.0000 -1.0000 -1.0000 2.0159 1.6559 4.6922 6.5279 -5.8412 1.2617 -0.0701 0.6052
Car 0.0000 0 0.0000 -1.0000 -1.0000 -1.0000 -1.0000 1.9522 1.5218 4.5509 -45.6554 -5.6182 0.6267 0.1786 0.4071
Tricar 0.0000 0 0.0000 -1.0000 -1.0000 -1.0000 -1.0000 1.4758 1.8021 3.4896 -15.8587 -2.8225 0.9552 -3.1397 0.4779
Cyclist 0.0000 0 0.0000 -1.0000 -1.0000 -1.0000 -1.0000 0.7680 1.5276 1.7716 -11.0537 -1.0606 0.7247 -0.1614 0.6557
Cyclist 0.0000 0 0.0000 -1.0000 -1.0000 -1.0000 -1.0000 0.8299 1.5725 1.8702 -35.5225 -2.2619 0.5966 -3.0936 0.6510
Cyclist 0.0000 0 0.0000 -1.0000 -1.0000 -1.0000 -1.0000 0.7920 1.5481 1.7631 15.7086 -4.1358 1.0239 -0.4367 0.5996
Cyclist 0.0000 0 0.0000 -1.0000 -1.0000 -1.0000 -1.0000 0.7219 1.5331 1.6944 -23.4310 -2.3401 0.6852 -3.0726 0.4931
Cyclist 0.0000 0 0.0000 -1.0000 -1.0000 -1.0000 -1.0000 0.7381 1.4543 1.7133 -17.4884 -4.2480 0.6721 2.9508 0.4805
Cyclist 0.0000 0 0.0000 -1.0000 -1.0000 -1.0000 -1.0000 0.8045 1.6098 1.7445 -72.9449 -7.2039 0.6161 -0.0398 0.3591
Cyclist 0.0000 0 0.0000 -1.0000 -1.0000 -1.0000 -1.0000 0.6440 1.0214 1.6229 -20.6964 -6.7711 0.6175 0.1253 0.3409
Cyclist 0.0000 0 0.0000 -1.0000 -1.0000 -1.0000 -1.0000 0.6525 1.1424 1.6812 43.8014 -6.0207 1.0608 1.5423 0.3187
Pedestrian 0.0000 0 0.0000 -1.0000 -1.0000 -1.0000 -1.0000 0.7035 1.6521 0.6844 -14.2269 8.5057 0.5181 0.0398 0.5799
Pedestrian 0.0000 0 0.0000 -1.0000 -1.0000 -1.0000 -1.0000 0.6783 1.6565 0.6147 32.9989 12.0742 0.7800 0.2886 0.5588
Pedestrian 0.0000 0 0.0000 -1.0000 -1.0000 -1.0000 -1.0000 0.7016 1.6920 0.6661 3.4378 16.4242 0.8102 0.1561 0.4670
