Car 0.0000 0 0.0000 -1.0000 -1.0000 -1.0000 -1.0000 2.1352 1.8365 4.9258 -12.3398 -22.1208 1.0396 -0.0642 0.8441
Car 0.0000 0 0.0000 -1.0000 -1.0000 -1.0000 -1.0000 1.9701 1.5278 4.5204 18.2731 -2.8571 0.8537 -0.1595 0.7918
Car 0.0000 0 0.0000 -1.0000 -1.0000 -1.0000 -1.0000 1.9010 1.4481 4.4703 8.0551 -2.7115 0.7112 -0.0661 0.7178
Car 0.0000 0 0.0000 -1.0000 -1.0000 -1.0000 -1.0000 2.0231 1.4389 4.6396 -9.2076 8.0500 0.6712 -0.0107 0.6740
Car 0.0000 0 0.0000 -1.0000 -1.0000 -1.0000 -1.0000 2.0219 1.7458 4.7550 -9.1041 -4.1815 0.9162 -0.0338 0.6474
Car 0.0000 0 0.0000 -1.0000 -1.0000 -1.0000 -1.0000 2.0021 1.7426 4.7392 -19.8162 -7.2671 1.1508 -2.0693 0.5718
Car 0.0000 0 0.0000 -1.0000 -1.0000 -1.0000 -1.0000 1.9039 1.4326 4.4450 -3.5434 3.1868 0.6797 0.0033 0.5585
Car 0.0000 0 0.0000 -1.0000 -1.0000 -1.0000 -1.0000 1.8735 1.4562 4.5496 -12.1790 -25.7983 0.8940 -3.0399 0.5026
Car 0.0000 0 0.0000 -1.0000 -1.0000 -1.0000 -1.0000 1.8846 1.5148 4.5566 -16.5358 -9.2077 0.9313 -1.7688 0.4999
Car 0.0000 0 0.0000 -1.0000 -1.0000 -1.0000 -1.0000 1.9354 1.7685 4.5950 -10.0539 -9.4490 0.9240 1.6079 0.4990
Car 0.0000 0 0.0000 -1.0000 -1.0000 -1.0000 -1.0000 1.8985 1.6502 4.5149 -12.5873 -29.9840 1.0029 -3.0196 0.4374
Car 0.0000 0 0.0000 -1.0000 -1.0000 -1.0000 -1.0000 1.9395 1.5742 4.5566 33.9171 -3.9387 0.9771 -0.2267 0.4022
Car 0.0000 0 0.0000 -1.0000 -1.0000 -1.0000 -1.0000 1.8715 1.5165 4.5235 -12.2932 -9.3112 0.8324 1.5657 0.3854
Car 0.0000 0 0.0000 -1.0000 -1.0000 -1.0000 -1.0000 1.9173 1.5183 4.5121 -18.0846 -23.1513 0.9524 -2.9219 0.3775
Cyclist 0.0000 0 0.0000 -1.0000 -1.0000 -1.0000 -1.0000 0.7541 1.5165 1.7428 20.4907 2.8701 0.7854 2.9622 0.6643
Cyclist 0.0000 0 0.0000 -1.0000 -1.0000 -1.0000 -1.0000 0.7952 1.5836 1.7485 -23.1029 -1.9706 1.0765 -0.2304 0.4631
Cyclist 0.0000 0 0.0000 -1.0000 -1.0000 -1.0000 -1.0000 0.8728 1.5693 1.8796 -30.3464 -1.2064 1.2767 -0.2919 0.3999
Cyclist 0.0000 0 0.0000 -1.0000 -1.0000 -1.0000 -1.0000 0.6783 1.1632 1.6536 3.3650 -14.1073 0.7861 2.9926 0.3854
Cyclist 0.0000 0 0.0000 -1.0000 -1.0000 -1.0000 -1.0000 0.6845 1.2859 1.7155 0.4578 -9.1357 0.7842 1.4042 0.3071
Cyclist 0.0000 0 0.0000 -1.0000 -1.0000 -1.0000 -1.0000 0.6892 1.5027 1.6613 -7.1002 -2.2123 0.7992 3.1146 0.3068
Pedestrian 0.0000 0 0.0000 -1.0000 -1.0000 -1.0000 -1.0000 0.7165 1.6989 0.6959 -36.9061 -2.6839 1.7160 -0.0679 0.5796
Pedestrian 0.0000 0 0.0000 -1.0000 -1.0000 -1.0000 -1.0000 0.6745 1.6090 0.6007 0.9631 -16.1323 1.0562 0.1455 0.4533
Pedestrian 0.0000 0 0.0000 -1.0000 -1.0000 -1.0000 -1.0000 0.7060 1.6593 0.6842 -15.7392 8.2653 0.9217 3.0736 0.4350
Pedestrian 0.0000 0 0.0000 -1.0000 -1.0000 -1.0000 -1.0000 0.6809 1.5833 0.6313 -7.0449 -2.2276 0.8243 3.1089 0.3466
Pedestrian 0.0000 0 0.0000 -1.0000 -1.0000 -1.0000 -1.0000 0.7108 1.7101 0.6526 11.0054 -12.6056 1.1200 0.0538 0.3114
