Car 0.0000 0 0.0000 -1.0000 -1.0000 -1.0000 -1.0000 1.9994 1.4776 4.5678 35.6233 4.8440 1.0569 -3.0137 0.8003
Car 0.0000 0 0.0000 -1.0000 -1.0000 -1.0000 -1.0000 2.0975 1.9470 4.7710 -1.0705 5.4599 0.8914 -2.8183 0.6980
Car 0.0000 0 0.0000 -1.0000 -1.0000 -1.0000 -1.0000 1.9404 1.4895 4.5591 -37.7591 10.1845 0.4903 -1.4490 0.6328
Car 0.0000 0 0.0000 -1.0000 -1.0000 -1.0000 -1.0000 1.9105 1.4627 4.5445 -12.2552 12.4679 0.6421 1.6360 0.6222
Car 0.0000 0 0.0000 -1.0000 -1.0000 -1.0000 -1.0000 1.8771 1.4348 4.4577 4.2101 8.1418 0.6175 0.0711 0.5951
Car 0.0000 0 0.0000 -1.0000 -1.0000 -1.0000 -1.0000 1.9428 1.4753 4.5482 -17.0030 12.1208 0.5972 -1.5097 0.5874
Car 0.0000 0 0.0000 -1.0000 -1.0000 -1.0000 -1.0000 1.9367 1.5204 4.5861 18.1254 14.4811 0.8503 -1.4061 0.5433
Car 0.0000 0 0.0000 -1.0000 -1.0000 -1.0000 -1.0000 1.9546 1.6701 4.6418 8.0072 12.0438 0.7882 -1.4012 0.5206
Car 0.0000 0 0.0000 -1.0000 -1.0000 -1.0000 -1.0000 1.9066 1.6025 4.5153 0.5223 12.4914 0.6502 -1.4072 0.5125
Car 0.0000 0 0.0000 -1.0000 -1.0000 -1.0000 -1.0000 1.9083 1.4764 4.5937 23.4978 15.0383 0.9041 -1.4444 0.5123
Car 0.0000 0 0.0000 -1.0000 -1.0000 -1.0000 -1.0000 1.8839 1.5369 4.4636 -4.8062 12.4311 0.6733 1.6655 0.5111
Car 0.0000 0 0.0000 -1.0000 -1.0000 -1.0000 -1.0000 2.0067 1.8002 4.6507 20.8000 9.7444 0.9441 0.1619 0.4897
Car 0.0000 0 0.0000 -1.0000 -1.0000 -1.0000 -1.0000 1.9126 1.4697 4.6043 -21.6712 11.3242 0.5871 -1.5445 0.4600
Car 0.0000 0 0.0000 -1.0000 -1.0000 -1.0000 -1.0000 1.8991 1.4539 4.5876 12.8397 12.6505 0.6921 -1.4265 0.4456
Car 0.0000 0 0.0000 -1.0000 -1.0000 -1.0000 -1.0000 1.9824 1.6019 4.6811 -24.3198 11.8263 0.7075 -1.5258 0.4420
Car 0.0000 0 0.0000 -1.0000 -1.0000 -1.0000 -1.0000 1.9024 1.4745 4.5775 -27.4246 11.0289 0.5247 -1.4992 0.4078
Car 0.0000 0 0.0000 -1.0000 -1.0000 -1.0000 -1.0000 1.8880 1.4712 4.5562 20.2458 14.7890 0.8710 -1.4245 0.4067
Car 0.0000 0 0.0000 -1.0000 -1.0000 -1.0000 -1.0000 1.9158 1.4727 4.6226 10.4865 12.4359 0.6805 -1.4155 0.4060
Car 0.0000 0 0.0000 -1.0000 -1.0000 -1.0000 -1.0000 1.9063 1.4699 4.5714 -29.3001 11.2762 0.5455 1.6364 0.3156
Car 0.0000 0 0.0000 -1.0000 -1.0000 -1.0000 -1.0000 1.8521 1.9407 4.2998 18.8963 1.5568 1.0514 0.0546 0.3074
Truck 0.0000 0 0.0000 -1.0000 -1.0000 -1.0000 -1.0000 2.9230 3.3142 12.5604 25.9347 6.6798 1.7984 0.1953 0.7498
Truck 0.0000 0 0.0000 -1.0000 -1.0000 -1.0000 -1.0000 2.9537 3.5083 11.4784 64.6192 8.0527 2.2183 2.5654 0.4203
Cyclist 0.0000 0 0.0000 -1.0000 -1.0000 -1.0000 -1.0000 0.7109 1.5153 1.6952 -8.7007 3.3210 0.6999 3.1293 0.6105
Cyclist 0.0000 0 0.0000 -1.0000 -1.0000 -1.0000 -1.0000 0.7795 1.5726 1.7594 -43.7422 -1.0280 0.6049 0.0162 0.6027
Cyclist 0.0000 0 0.0000 -1.0000 -1.0000 -1.0000 -1.0000 0.7997 1.5897 1.7491 27.2190 -2.9575 1.0684 0.0966 0.5987
Pedestrian 0.0000 0 0.0000 -1.0000 -1.0000 -1.0000 -1.0000 0.6924 1.6674 0.6264 -10.0547 8.7541 0.7004 3.0952 0.4667
Pedestrian 0.0000 0 0.0000 -1.0000 -1.0000 -1.0000 -1.0000 0.6889 1.6858 0.5876 -46.4635 10.9354 0.6716 0.0255 0.3650
Pedestrian 0.0000 0 0.0000 -1.0000 -1.0000 -1.0000 -1.0000 0.7336 1.7199 0.7230 17.5404 -6.2176 1.3503 0.0132 0.3239
Pedestrian 0.0000 0 0.0000 -1.0000 -1.0000 -1.0000 -1.0000 0.7030 1.6705 0.6423 -13.6564 -5.3537 0.9094 -2.6941 0.3192
