Car 0.0000 0 0.0000 -1.0000 -1.0000 -1.0000 -1.0000 2.1228 1.6872 4.7918 -28.1524 -0.4598 0.8703 0.0331 0.6914
Car 0.0000 0 0.0000 -1.0000 -1.0000 -1.0000 -1.0000 1.9279 1.4833 4.4976 -43.2793 13.9408 0.5457 -3.1009 0.6687
Car 0.0000 0 0.0000 -1.0000 -1.0000 -1.0000 -1.0000 1.9332 1.4949 4.5503 -42.4514 10.6645 0.6321 -3.1202 0.5597
Car 0.0000 0 0.0000 -1.0000 -1.0000 -1.0000 -1.0000 1.8960 1.6387 4.4525 -49.1518 10.8811 0.7501 -3.1237 0.4635
Car 0.0000 0 0.0000 -1.0000 -1.0000 -1.0000 -1.0000 1.9768 1.6196 4.7222 -63.4165 10.9955 0.7415 3.1398 0.4422
Car 0.0000 0 0.0000 -1.0000 -1.0000 -1.0000 -1.0000 1.8686 1.5221 4.5188 -56.4893 11.0857 0.6028 -0.0239 0.3859
Truck 0.0000 0 0.0000 -1.0000 -1.0000 -1.0000 -1.0000 2.6863 3.3216 6.6009 -53.6527 13.9801 1.5588 -3.1330 0.3950
Cyclist 0.0000 0 0.0000 -1.0000 -1.0000 -1.0000 -1.0000 0.7964 1.5947 1.7486 19.4980 -9.8853 0.9677 -0.0492 0.5154
Cyclist 0.0000 0 0.0000 -1.0000 -1.0000 -1.0000 -1.0000 0.7214 1.5148 1.6875 -39.7574 -13.7387 0.8679 3.0919 0.4877
Cyclist 0.0000 0 0.0000 -1.0000 -1.0000 -1.0000 -1.0000 0.7093 1.2022 1.7348 30.3104 -16.0711 0.9119 1.7787 0.3458
