Car 0.0000 0 0.0000 -1.0000 -1.0000 -1.0000 -1.0000 2.0549 1.6031 4.7186 -17.4815 0.2845 0.7654 -0.0036 0.7231
Car 0.0000 0 0.0000 -1.0000 -1.0000 -1.0000 -1.0000 1.9794 1.7621 4.4819 -13.0372 -9.1893 0.8437 -0.0222 0.7152
Car 0.0000 0 0.0000 -1.0000 -1.0000 -1.0000 -1.0000 1.9148 1.5103 4.4740 -1.6416 -9.1759 0.7306 -0.0398 0.6726
Car 0.0000 0 0.0000 -1.0000 -1.0000 -1.0000 -1.0000 1.8479 1.4726 4.3505 -7.4205 -9.0553 0.6848 -3.1310 0.6385
Car 0.0000 0 0.0000 -1.0000 -1.0000 -1.0000 -1.0000 1.9696 1.4669 4.5940 -23.3195 -9.2209 0.6573 -0.0130 0.6034
Car 0.0000 0 0.0000 -1.0000 -1.0000 -1.0000 -1.0000 1.9896 1.4517 4.6397 -25.0059 3.2732 0.6509 -0.0165 0.5991
Car 0.0000 0 0.0000 -1.0000 -1.0000 -1.0000 -1.0000 1.8503 1.4882 4.3399 -17.8305 -8.7506 0.6745 -0.0669 0.5898
Car 0.0000 0 0.0000 -1.0000 -1.0000 -1.0000 -1.0000 1.9077 1.5296 4.4405 -34.0099 3.6550 0.6548 -3.1207 0.5493
Car 0.0000 0 0.0000 -1.0000 -1.0000 -1.0000 -1.0000 1.9043 1.4987 4.5219 -35.6182 -8.2910 0.6126 -0.0112 0.5474
Car 0.0000 0 0.0000 -1.0000 -1.0000 -1.0000 -1.0000 1.8938 1.5435 4.4765 -41.1801 -8.7626 0.6617 -3.1027 0.4918
Car 0.0000 0 0.0000 -1.0000 -1.0000 -1.0000 -1.0000 1.8484 1.4670 4.3523 -31.8562 12.7822 0.4879 -3.1305 0.4620
Car 0.0000 0 0.0000 -1.0000 -1.0000 -1.0000 -1.0000 1.8903 1.5433 4.4066 -41.8907 3.5677 0.5656 -3.1182 0.4292
Car 0.0000 0 0.0000 -1.0000 -1.0000 -1.0000 -1.0000 1.9499 1.5408 4.6046 -44.5218 13.7196 0.3267 -0.0956 0.4136
Car 0.0000 0 0.0000 -1.0000 -1.0000 -1.0000 -1.0000 1.8884 1.4786 4.4913 25.0023 -17.4473 0.7365 -1.5268 0.3461
Car 0.0000 0 0.0000 -1.0000 -1.0000 -1.0000 -1.0000 1.8057 1.4526 4.3673 -27.2346 12.2109 0.4535 -3.1350 0.3420
Car 0.0000 0 0.0000 -1.0000 -1.0000 -1.0000 -1.0000 1.8633 1.4935 4.4902 37.9803 -9.8835 0.7717 3.0487 0.3397
Car 0.0000 0 0.0000 -1.0000 -1.0000 -1.0000 -1.0000 1.9488 1.5822 4.7670 61.5155 -10.3936 0.5751 0.0017 0.3186
Car 0.0000 0 0.0000 -1.0000 -1.0000 -1.0000 -1.0000 1.9127 1.6811 4.6473 -50.5829 3.6174 0.7896 -3.1148 0.3181
Car 0.0000 0 0.0000 -1.0000 -1.0000 -1.0000 -1.0000 1.8652 1.5971 4.4931 28.2169 -20.3024 0.8938 1.5282 0.3057
Car 0.0000 0 0.0000 -1.0000 -1.0000 -1.0000 -1.0000 1.8048 1.5841 4.3074 31.5350 -9.7995 0.8444 -0.0290 0.3047
Truck 0.0000 0 0.0000 -1.0000 -1.0000 -1.0000 -1.0000 2.8051 3.2274 10.8993 23.7679 0.5564 1.6065 -3.0814 0.5765
Truck 0.0000 0 0.0000 -1.0000 -1.0000 -1.0000 -1.0000 2.7595 3.2210 7.6736 -59.0768 4.1064 1.6474 -0.0344 0.4065
Tricar 0.0000 0 0.0000 -1.0000 -1.0000 -1.0000 -1.0000 1.3108 1.6777 3.1815 -25.2158 14.8359 0.5903 -0.1248 0.3137
Tricar 0.0000 0 0.0000 -1.0000 -1.0000 -1.0000 -1.0000 1.2354 1.6912 2.6254 -18.1488 -11.1344 0.8917 -0.0343 0.3036
Cyclist 0.0000 0 0.0000 -1.0000 -1.0000 -1.0000 -1.0000 0.7692 1.5533 1.7446 0.4810 -6.1239 0.7878 3.1185 0.6678
Cyclist 0.0000 0 0.0000 -1.0000 -1.0000 -1.0000 -1.0000 0.7724 1.5646 1.7308 -20.6802 10.4769 0.5322 3.1095 0.5076
Cyclist 0.0000 0 0.0000 -1.0000 -1.0000 -1.0000 -1.0000 0.7144 1.5440 1.6581 14.0632 -10.1457 0.7994 3.0665 0.4037
Cyclist 0.0000 0 0.0000 -1.0000 -1.0000 -1.0000 -1.0000 0.8731 1.6218 1.8343 -20.1279 13.1469 0.5516 -0.1111 0.3197
Cyclist 0.0000 0 0.0000 -1.0000 -1.0000 -1.0000 -1.0000 0.7290 1.4418 1.7043 -27.2057 14.9994 0.4647 3.0383 0.3181
Cyclist 0.0000 0 0.0000 -1.0000 -1.0000 -1.0000 -1.0000 0.6327 1.1286 1.6127 35.2470 -16.1804 0.7571 3.0976 0.3168
Pedestrian 0.0000 0 0.0000 -1.0000 -1.0000 -1.0000 -1.0000 0.6751 1.6961 0.5793 23.8756 -12.1796 0.8639 0.0421 0.4968
Pedestrian 0.0000 0 0.0000 -1.0000 -1.0000 -1.0000 -1.0000 0.6691 1.6425 0.6043 21.7501 -2.4522 0.8158 3.0761 0.4942
Pedestrian 0.0000 0 0.0000 -1.0000 -1.0000 -1.0000 -1.0000 0.6706 1.6549 0.5798 -29.4909 -14.0470 1.1282 3.1396 0.4310
Pedestrian 0.0000 0 0.0000 -1.0000 -1.0000 -1.0000 -1.0000 0.7024 1.6007 0.6741 8.0914 13.9108 0.7152 -3.1224 0.3991
