Car 0.0000 0 0.0000 -1.0000 -1.0000 -1.0000 -1.0000 1.9048 1.4467 4.4861 -20.3795 3.5993 0.5705 -3.1264 0.5906
Car 0.0000 0 0.0000 -1.0000 -1.0000 -1.0000 -1.0000 1.9427 1.5185 4.5818 -21.5897 13.0650 0.0870 -1.6356 0.5760
Car 0.0000 0 0.0000 -1.0000 -1.0000 -1.0000 -1.0000 1.9427 1.4615 4.4798 8.8469 -0.3301 0.8879 0.0625 0.5646
Car 0.0000 0 0.0000 -1.0000 -1.0000 -1.0000 -1.0000 1.9447 1.5041 4.4985 15.7173 -0.6832 1.0428 0.0144 0.5532
Car 0.0000 0 0.0000 -1.0000 -1.0000 -1.0000 -1.0000 1.9670 1.7933 4.6122 -37.7411 14.8569 -0.0763 -0.2879 0.5182
Car 0.0000 0 0.0000 -1.0000 -1.0000 -1.0000 -1.0000 2.0460 1.5357 4.6824 -19.2113 -0.6329 0.6774 0.0143 0.4686
Car 0.0000 0 0.0000 -1.0000 -1.0000 -1.0000 -1.0000 1.8737 1.4473 4.5096 13.1551 12.9037 0.7576 -1.2301 0.4656
Car 0.0000 0 0.0000 -1.0000 -1.0000 -1.0000 -1.0000 1.8627 1.4972 4.4134 9.1219 12.0902 0.6734 -1.2342 0.4415
Car 0.0000 0 0.0000 -1.0000 -1.0000 -1.0000 -1.0000 2.0719 2.2980 4.9828 37.4787 14.3078 1.4957 1.6208 0.3549
Car 0.0000 0 0.0000 -1.0000 -1.0000 -1.0000 -1.0000 1.9876 1.7868 4.7276 -78.5825 3.9760 0.6572 -3.1395 0.3279
Car 0.0000 0 0.0000 -1.0000 -1.0000 -1.0000 -1.0000 1.9199 1.7557 4.5690 46.4944 4.3100 1.3058 -1.5454 0.3258
Car 0.0000 0 0.0000 -1.0000 -1.0000 -1.0000 -1.0000 1.9107 1.6432 4.6721 50.3823 -18.3420 1.8009 1.7114 0.3115
Car 0.0000 0 0.0000 -1.0000 -1.0000 -1.0000 -1.0000 1.9141 1.5576 4.6014 35.0722 -3.2936 1.4227 -0.0628 0.3029
Truck 0.0000 0 0.0000 -1.0000 -1.0000 -1.0000 -1.0000 2.1638 2.2601 5.5581 37.3716 14.7580 1.5055 1.6686 0.4283
Tricar 0.0000 0 0.0000 -1.0000 -1.0000 -1.0000 -1.0000 1.2921 1.7115 2.9409 5.3381 11.1124 0.7213 2.9963 0.3680
Cyclist 0.0000 0 0.0000 -1.0000 -1.0000 -1.0000 -1.0000 0.7900 1.5241 1.8117 4.8364 -3.3416 0.8752 -3.0979 0.6086
Cyclist 0.0000 0 0.0000 -1.0000 -1.0000 -1.0000 -1.0000 0.8163 1.6201 1.7475 23.0798 -3.0394 1.2680 3.1260 0.4572
Cyclist 0.0000 0 0.0000 -1.0000 -1.0000 -1.0000 -1.0000 0.6675 1.2001 1.6773 16.2823 -4.8672 1.0611 0.0899 0.3270
Pedestrian 0.0000 0 0.0000 -1.0000 -1.0000 -1.0000 -1.0000 0.6764 1.6728 0.5742 29.6304 0.9145 1.3282 0.1964 0.3231
