Car 0.0000 0 0.0000 -1.0000 -1.0000 -1.0000 -1.0000 2.0323 1.9354 4.7458 35.7092 10.7878 0.3869 3.1076 0.7366
Car 0.0000 0 0.0000 -1.0000 -1.0000 -1.0000 -1.0000 2.0217 1.4838 4.5389 10.9947 -0.2544 0.6780 -0.0188 0.6948
Car 0.0000 0 0.0000 -1.0000 -1.0000 -1.0000 -1.0000 2.0312 1.6878 4.6893 27.2221 2.2469 0.5156 -0.0328 0.6503
Car 0.0000 0 0.0000 -1.0000 -1.0000 -1.0000 -1.0000 1.9648 1.4586 4.6122 -63.9859 1.1054 1.5841 -3.1191 0.6295
Car 0.0000 0 0.0000 -1.0000 -1.0000 -1.0000 -1.0000 2.0201 1.4616 4.6580 11.2713 13.7006 0.5309 -3.1096 0.6083
Car 0.0000 0 0.0000 -1.0000 -1.0000 -1.0000 -1.0000 1.9656 1.4713 4.5072 -12.6965 28.5515 0.5048 -2.4483 0.3513
Car 0.0000 0 0.0000 -1.0000 -1.0000 -1.0000 -1.0000 1.9959 1.5736 4.6761 80.4550 15.6701 -0.1821 0.0667 0.3037
Truck 0.0000 0 0.0000 -1.0000 -1.0000 -1.0000 -1.0000 2.9680 3.1385 11.7580 6.2025 -3.5441 1.4615 3.1329 0.6584
Truck 0.0000 0 0.0000 -1.0000 -1.0000 -1.0000 -1.0000 2.6902 2.8110 8.4923 30.9384 -1.2578 0.9843 -0.0049 0.4836
Truck 0.0000 0 0.0000 -1.0000 -1.0000 -1.0000 -1.0000 2.4227 2.4942 6.2325 19.5894 -3.1403 1.0998 -0.0320 0.4757
Truck 0.0000 0 0.0000 -1.0000 -1.0000 -1.0000 -1.0000 2.6544 2.7423 7.2648 -10.2650 5.8222 1.4237 -0.0048 0.3130
Tricar 0.0000 0 0.0000 -1.0000 -1.0000 -1.0000 -1.0000 1.3045 1.6477 3.4412 0.2762 34.1182 0.5148 0.8235 0.4307
Cyclist 0.0000 0 0.0000 -1.0000 -1.0000 -1.0000 -1.0000 0.7304 1.5274 1.6955 27.3455 23.6554 0.1151 0.1460 0.3437
