Car 0.0000 0 0.0000 -1.0000 -1.0000 -1.0000 -1.0000 2.0402 1.6587 4.7194 42.7568 23.4949 0.0436 -2.9814 0.7965
Car 0.0000 0 0.0000 -1.0000 -1.0000 -1.0000 -1.0000 2.0861 1.7294 4.7732 -2.2640 -3.0107 0.8929 -0.0447 0.7415
Car 0.0000 0 0.0000 -1.0000 -1.0000 -1.0000 -1.0000 1.9241 1.4592 4.5417 45.3299 29.7940 -0.1788 -2.9278 0.7312
Car 0.0000 0 0.0000 -1.0000 -1.0000 -1.0000 -1.0000 2.0968 1.8581 4.7537 -11.8849 0.0656 1.0104 -3.1410 0.6856
Car 0.0000 0 0.0000 -1.0000 -1.0000 -1.0000 -1.0000 1.9210 1.5360 4.5026 40.2502 29.5882 -0.0899 -3.0263 0.6482
Car 0.0000 0 0.0000 -1.0000 -1.0000 -1.0000 -1.0000 1.9716 1.6253 4.6194 32.6968 -24.5499 1.2409 -1.5312 0.5585
Car 0.0000 0 0.0000 -1.0000 -1.0000 -1.0000 -1.0000 1.9019 1.4512 4.5126 29.9945 -31.8758 1.3983 -1.4652 0.5393
Car 0.0000 0 0.0000 -1.0000 -1.0000 -1.0000 -1.0000 2.0117 1.7970 4.7380 -66.4570 -2.9837 1.2772 -0.0612 0.4497
Car 0.0000 0 0.0000 -1.0000 -1.0000 -1.0000 -1.0000 1.9399 1.6381 4.7051 -2.7094 -21.7605 1.5097 1.5234 0.4247
Car 0.0000 0 0.0000 -1.0000 -1.0000 -1.0000 -1.0000 1.9348 1.5177 4.6483 54.7397 23.3191 -0.1086 -1.0914 0.4105
Car 0.0000 0 0.0000 -1.0000 -1.0000 -1.0000 -1.0000 1.9077 1.4931 4.5285 50.7004 30.3620 -0.1828 0.2452 0.3939
Car 0.0000 0 0.0000 -1.0000 -1.0000 -1.0000 -1.0000 1.9045 1.6389 4.6188 -6.4455 -22.2250 1.4155 1.6319 0.3877
Car 0.0000 0 0.0000 -1.0000 -1.0000 -1.0000 -1.0000 1.8895 1.5950 4.5954 -10.4175 -21.9850 1.4653 1.6128 0.3812
Car 0.0000 0 0.0000 -1.0000 -1.0000 -1.0000 -1.0000 1.9089 1.7288 4.6109 -36.7726 -22.7179 1.6565 1.5074 0.3463
Car 0.0000 0 0.0000 -1.0000 -1.0000 -1.0000 -1.0000 1.9330 1.4881 4.6360 36.6561 -30.2421 1.1944 -1.4607 0.3392
Car 0.0000 0 0.0000 -1.0000 -1.0000 -1.0000 -1.0000 1.9119 1.5295 4.5717 48.2857 22.4941 -0.0241 -1.0383 0.3307
Car 0.0000 0 0.0000 -1.0000 -1.0000 -1.0000 -1.0000 1.9111 1.6930 4.5453 51.0302 22.8919 0.0752 -1.0712 0.3256
Cyclist 0.0000 0 0.0000 -1.0000 -1.0000 -1.0000 -1.0000 0.8037 1.5390 1.8260 -22.9235 16.9916 0.3547 0.0339 0.5016
Cyclist 0.0000 0 0.0000 -1.0000 -1.0000 -1.0000 -1.0000 0.7405 1.4839 1.7390 67.2067 -11.6282 0.3867 0.0323 0.3140
Pedestrian 0.0000 0 0.0000 -1.0000 -1.0000 -1.0000 -1.0000 0.6990 1.6684 0.6452 48.2086 14.3789 0.1834 -0.1795 0.4576
Pedestrian 0.0000 0 0.0000 -1.0000 -1.0000 -1.0000 -1.0000 0.7204 1.6202 0.7473 -24.6166 -8.2731 0.8933 -0.0286 0.3358
