Car 0.0000 0 0.0000 -1.0000 -1.0000 -1.0000 -1.0000 1.8691 1.4802 4.3615 6.0492 -2.9486 0.8004 0.0605 0.6763
Car 0.0000 0 0.0000 -1.0000 -1.0000 -1.0000 -1.0000 2.0159 1.7476 4.7677 -11.1331 -12.3806 0.9704 0.2050 0.5851
Car 0.0000 0 0.0000 -1.0000 -1.0000 -1.0000 -1.0000 2.0442 1.5970 4.6559 57.0009 0.1422 1.1380 3.1302 0.4937
Car 0.0000 0 0.0000 -1.0000 -1.0000 -1.0000 -1.0000 1.9421 1.5612 4.6660 77.6305 16.6923 0.9451 3.1154 0.4269
Car 0.0000 0 0.0000 -1.0000 -1.0000 -1.0000 -1.0000 2.0017 1.7162 4.7343 59.7569 15.4882 1.0011 -3.1357 0.4203
Car 0.0000 0 0.0000 -1.0000 -1.0000 -1.0000 -1.0000 1.8856 1.6944 4.4920 -4.0981 -14.2900 1.0911 1.5239 0.3997
Car 0.0000 0 0.0000 -1.0000 -1.0000 -1.0000 -1.0000 1.9527 1.5429 4.6557 -53.7092 17.6588 0.3358 -0.0425 0.3218
Truck 0.0000 0 0.0000 -1.0000 -1.0000 -1.0000 -1.0000 2.8371 3.1935 9.5019 29.7351 -1.1882 1.8247 0.0282 0.6320
Truck 0.0000 0 0.0000 -1.0000 -1.0000 -1.0000 -1.0000 3.0240 3.8187 11.6067 -28.1518 -2.6652 1.9695 3.1278 0.5762
Cyclist 0.0000 0 0.0000 -1.0000 -1.0000 -1.0000 -1.0000 0.7537 1.5568 1.7315 24.3471 13.0554 0.6597 -0.0213 0.6332
Cyclist 0.0000 0 0.0000 -1.0000 -1.0000 -1.0000 -1.0000 0.7484 1.5660 1.6979 20.8091 12.2370 0.6930 3.1163 0.4571
Cyclist 0.0000 0 0.0000 -1.0000 -1.0000 -1.0000 -1.0000 0.9543 1.7055 1.8975 -28.8371 14.5459 0.7682 0.0115 0.3342
Cyclist 0.0000 0 0.0000 -1.0000 -1.0000 -1.0000 -1.0000 0.7695 1.5705 1.7304 72.0752 12.9048 0.9723 3.1284 0.3311
Cyclist 0.0000 0 0.0000 -1.0000 -1.0000 -1.0000 -1.0000 0.7249 1.3724 1.7244 -23.2194 14.1596 0.3834 3.1148 0.3126
Pedestrian 0.0000 0 0.0000 -1.0000 -1.0000 -1.0000 -1.0000 0.6597 1.5623 0.5982 -9.0323 -10.4361 0.8080 -2.9681 0.4564
