Car 0.0000 0 0.0000 -1.0000 -1.0000 -1.0000 -1.0000 1.9311 1.3968 4.4793 -31.5605 -8.5755 0.7094 3.1366 0.8288
Car 0.0000 0 0.0000 -1.0000 -1.0000 -1.0000 -1.0000 2.0303 1.5888 4.6083 -23.6423 -8.4613 0.8371 -3.1406 0.8264
Car 0.0000 0 0.0000 -1.0000 -1.0000 -1.0000 -1.0000 1.9915 1.6325 4.5548 -5.1662 -8.4467 0.8497 -3.1169 0.8256
Car 0.0000 0 0.0000 -1.0000 -1.0000 -1.0000 -1.0000 1.8693 1.4037 4.4490 -8.6670 12.6707 0.5348 0.0982 0.8041
Car 0.0000 0 0.0000 -1.0000 -1.0000 -1.0000 -1.0000 1.9190 1.4171 4.5314 1.4681 -8.3425 0.7394 3.1196 0.7883
Car 0.0000 0 0.0000 -1.0000 -1.0000 -1.0000 -1.0000 1.9773 1.4085 4.5929 7.2739 -8.3323 0.7660 -3.1098 0.7778
Car 0.0000 0 0.0000 -1.0000 -1.0000 -1.0000 -1.0000 1.8641 1.4374 4.4629 -27.6271 12.6505 0.5376 0.0737 0.7736
Car 0.0000 0 0.0000 -1.0000 -1.0000 -1.0000 -1.0000 1.9705 1.3953 4.6030 -11.9293 -8.6028 0.7244 3.0806 0.7616
Car 0.0000 0 0.0000 -1.0000 -1.0000 -1.0000 -1.0000 1.8832 1.4281 4.4664 -1.2917 12.7182 0.5514 0.0583 0.7321
Car 0.0000 0 0.0000 -1.0000 -1.0000 -1.0000 -1.0000 1.9026 1.4188 4.5433 14.0489 -8.3040 0.8052 0.0601 0.7143
Car 0.0000 0 0.0000 -1.0000 -1.0000 -1.0000 -1.0000 1.9748 1.4749 4.5773 34.0180 6.9509 0.6986 3.0940 0.7106
Car 0.0000 0 0.0000 -1.0000 -1.0000 -1.0000 -1.0000 1.9635 1.6522 4.6553 -33.0412 12.6157 0.6001 0.0406 0.7087
Car 0.0000 0 0.0000 -1.0000 -1.0000 -1.0000 -1.0000 1.7963 1.4393 4.3075 -14.8985 12.6866 0.5511 0.0812 0.6908
Car 0.0000 0 0.0000 -1.0000 -1.0000 -1.0000 -1.0000 1.9907 1.5195 4.6568 -37.4448 -0.4794 0.7329 -3.1065 0.6544
Car 0.0000 0 0.0000 -1.0000 -1.0000 -1.0000 -1.0000 1.9585 1.4922 4.5713 41.6243 -8.2868 0.8976 -3.1376 0.6503
Car 0.0000 0 0.0000 -1.0000 -1.0000 -1.0000 -1.0000 1.9638 1.6630 4.7003 5.1180 -13.9839 1.1693 1.4360 0.5910
Car 0.0000 0 0.0000 -1.0000 -1.0000 -1.0000 -1.0000 1.9322 1.4836 4.6279 -12.1276 -13.6794 0.9735 1.4069 0.5725
Car 0.0000 0 0.0000 -1.0000 -1.0000 -1.0000 -1.0000 1.9752 1.8943 4.7218 28.1146 -12.2151 1.1709 1.6284 0.5484
Car 0.0000 0 0.0000 -1.0000 -1.0000 -1.0000 -1.0000 1.9459 1.4452 4.5513 -3.1728 17.4156 0.6752 -2.5934 0.5368
Car 0.0000 0 0.0000 -1.0000 -1.0000 -1.0000 -1.0000 1.9429 1.6044 4.6318 8.4712 -13.4453 1.1127 1.5768 0.5191
Car 0.0000 0 0.0000 -1.0000 -1.0000 -1.0000 -1.0000 1.9109 1.6153 4.5474 14.5299 -13.8995 1.1245 1.6400 0.5011
Car 0.0000 0 0.0000 -1.0000 -1.0000 -1.0000 -1.0000 1.9076 1.4901 4.5558 -28.8024 -14.2977 1.0543 1.6116 0.4980
Car 0.0000 0 0.0000 -1.0000 -1.0000 -1.0000 -1.0000 1.9183 1.4412 4.5593 -3.5171 -13.8331 0.9918 -1.4995 0.4924
Car 0.0000 0 0.0000 -1.0000 -1.0000 -1.0000 -1.0000 1.9640 1.7468 4.6689 -15.4360 -13.8920 1.1771 1.3742 0.4804
Car 0.0000 0 0.0000 -1.0000 -1.0000 -1.0000 -1.0000 1.8510 1.5621 4.4338 -65.3222 -8.4431 0.6993 -3.1336 0.4791
Car 0.0000 0 0.0000 -1.0000 -1.0000 -1.0000 -1.0000 1.8873 1.5299 4.5188 -9.3052 -13.0672 0.9061 1.5236 0.4775
Car 0.0000 0 0.0000 -1.0000 -1.0000 -1.0000 -1.0000 1.8953 1.6904 4.5735 -50.9766 -14.5711 1.0513 1.3223 0.4724
Car 0.0000 0 0.0000 -1.0000 -1.0000 -1.0000 -1.0000 1.9067 1.7234 4.5801 -45.3063 -14.7215 0.9881 1.4698 0.4704
Car 0.0000 0 0.0000 -1.0000 -1.0000 -1.0000 -1.0000 1.9321 1.6530 4.5372 17.9578 -13.0131 1.1452 1.7517 0.4672
Car 0.0000 0 0.0000 -1.0000 -1.0000 -1.0000 -1.0000 1.9080 1.5024 4.5033 -23.7710 16.9750 0.6438 -2.1466 0.4643
Car 0.0000 0 0.0000 -1.0000 -1.0000 -1.0000 -1.0000 1.9191 1.7344 4.5205 -30.9684 17.7763 0.7935 1.1048 0.4444
Car 0.0000 0 0.0000 -1.0000 -1.0000 -1.0000 -1.0000 1.8831 1.4778 4.4740 -27.0619 17.4450 0.6742 1.1634 0.4386
Car 0.0000 0 0.0000 -1.0000 -1.0000 -1.0000 -1.0000 1.8647 1.5328 4.4138 11.6072 18.1570 0.7027 1.1669 0.4058
Car 0.0000 0 0.0000 -1.0000 -1.0000 -1.0000 -1.0000 1.9468 1.6591 4.6364 2.9121 -13.4862 1.1530 1.4258 0.4053
Car 0.0000 0 0.0000 -1.0000 -1.0000 -1.0000 -1.0000 1.8425 1.4424 4.3898 -14.7824 16.9070 0.6456 0.5568 0.3995
Car 0.0000 0 0.0000 -1.0000 -1.0000 -1.0000 -1.0000 1.8280 1.4105 4.4223 -52.6876 -8.5971 0.6542 -0.0037 0.3970
Car 0.0000 0 0.0000 -1.0000 -1.0000 -1.0000 -1.0000 1.8320 1.4962 4.3992 11.3648 13.0352 0.6226 0.0851 0.3940
Car 0.0000 0 0.0000 -1.0000 -1.0000 -1.0000 -1.0000 1.8373 1.4361 4.4323 -47.1351 16.4094 0.4901 -0.3327 0.3780
Car 0.0000 0 0.0000 -1.0000 -1.0000 -1.0000 -1.0000 1.8988 1.5495 4.4602 15.0421 17.9433 0.7179 1.2105 0.3496
Car 0.0000 0 0.0000 -1.0000 -1.0000 -1.0000 -1.0000 1.8546 1.5054 4.5511 -58.2296 12.4039 0.5875 -3.1148 0.3415
Car 0.0000 0 0.0000 -1.0000 -1.0000 -1.0000 -1.0000 1.8668 1.5366 4.4263 -18.6743 17.0268 0.6689 0.5828 0.3403
Car 0.0000 0 0.0000 -1.0000 -1.0000 -1.0000 -1.0000 1.8874 1.4845 4.5666 -34.1605 -14.5230 0.9689 -1.6807 0.3386
Car 0.0000 0 0.0000 -1.0000 -1.0000 -1.0000 -1.0000 1.9261 1.5247 4.5649 37.6685 3.3326 0.7444 -0.0707 0.3378
Car 0.0000 0 0.0000 -1.0000 -1.0000 -1.0000 -1.0000 1.9039 1.4959 4.6055 10.7468 -13.9098 1.0038 1.5130 0.3164
Car 0.0000 0 0.0000 -1.0000 -1.0000 -1.0000 -1.0000 1.8788 1.5712 4.5636 24.8788 -13.2253 1.0004 1.5873 0.3036
Tricar 0.0000 0 0.0000 -1.0000 -1.0000 -1.0000 -1.0000 1.3212 1.7138 3.1594 -44.0171 12.6352 0.7222 -3.0622 0.5486
Tricar 0.0000 0 0.0000 -1.0000 -1.0000 -1.0000 -1.0000 1.2299 1.3590 3.1087 19.7631 13.6414 0.4411 -3.1342 0.5289
Cyclist 0.0000 0 0.0000 -1.0000 -1.0000 -1.0000 -1.0000 0.7499 1.5587 1.7218 -36.8004 10.2607 0.5357 -3.1366 0.4603
Cyclist 0.0000 0 0.0000 -1.0000 -1.0000 -1.0000 -1.0000 0.7488 1.5103 1.7431 33.4780 17.0740 0.6834 0.1077 0.4248
Cyclist 0.0000 0 0.0000 -1.0000 -1.0000 -1.0000 -1.0000 0.7208 1.2905 1.7177 -28.1675 -21.1727 1.2568 0.0345 0.4241
Cyclist 0.0000 0 0.0000 -1.0000 -1.0000 -1.0000 -1.0000 0.6682 1.0262 1.6663 -8.1013 23.7917 0.6863 -2.9722 0.3264
Cyclist 0.0000 0 0.0000 -1.0000 -1.0000 -1.0000 -1.0000 0.7519 1.5198 1.7466 22.6476 17.4854 0.5690 2.0350 0.3116
