Car 0.0000 0 0.0000 -1.0000 -1.0000 -1.0000 -1.0000 2.0623 1.7896 4.7256 25.1793 10.9956 0.5895 -0.0131 0.7250
Car 0.0000 0 0.0000 -1.0000 -1.0000 -1.0000 -1.0000 2.1264 2.2853 4.9093 1.4692 11.0818 0.8937 -3.1302 0.6065
Car 0.0000 0 0.0000 -1.0000 -1.0000 -1.0000 -1.0000 1.9437 1.5162 4.5973 -51.8781 22.3057 0.1734 -1.6572 0.5548
Car 0.0000 0 0.0000 -1.0000 -1.0000 -1.0000 -1.0000 1.9587 1.6219 4.6132 25.5345 -17.2969 1.0875 1.6097 0.5126
Car 0.0000 0 0.0000 -1.0000 -1.0000 -1.0000 -1.0000 1.9370 1.5848 4.6681 -44.3578 25.1621 0.1305 -1.4654 0.3209
Truck 0.0000 0 0.0000 -1.0000 -1.0000 -1.0000 -1.0000 2.1174 2.1221 5.2868 -15.8155 -0.4875 1.0466 -3.1020 0.4750
Truck 0.0000 0 0.0000 -1.0000 -1.0000 -1.0000 -1.0000 2.4293 2.8290 6.2037 15.0269 -3.9635 1.4771 -0.0705 0.4680
Truck 0.0000 0 0.0000 -1.0000 -1.0000 -1.0000 -1.0000 2.0304 2.0424 5.0757 14.1290 -0.8792 1.0605 3.1309 0.3798
Truck 0.0000 0 0.0000 -1.0000 -1.0000 -1.0000 -1.0000 2.2460 2.4285 5.6468 22.3028 -0.5778 1.2097 -3.1124 0.3673
Truck 0.0000 0 0.0000 -1.0000 -1.0000 -1.0000 -1.0000 1.9623 1.9157 4.9582 36.9289 11.5580 0.5897 3.1188 0.3070
Cyclist 0.0000 0 0.0000 -1.0000 -1.0000 -1.0000 -1.0000 0.7505 1.4952 1.7797 15.8646 14.9162 0.3174 3.1294 0.6773
Cyclist 0.0000 0 0.0000 -1.0000 -1.0000 -1.0000 -1.0000 0.7879 1.5509 1.8268 18.2280 19.8890 0.1831 -1.6420 0.4865
Cyclist 0.0000 0 0.0000 -1.0000 -1.0000 -1.0000 -1.0000 0.7350 1.5179 1.6818 -17.0664 -6.9049 0.9059 3.1323 0.4631
Cyclist 0.0000 0 0.0000 -1.0000 -1.0000 -1.0000 -1.0000 0.7589 1.5326 1.7367 -71.9534 -6.7982 1.1042 -3.1385 0.3144
