Car 0.0000 0 0.0000 -1.0000 -1.0000 -1.0000 -1.0000 1.9608 1.4255 4.5222 1.0985 2.9996 0.7022 3.1364 0.8278
Car 0.0000 0 0.0000 -1.0000 -1.0000 -1.0000 -1.0000 1.9545 1.4417 4.5475 -6.1939 3.3616 0.6230 3.1229 0.8046
Car 0.0000 0 0.0000 -1.0000 -1.0000 -1.0000 -1.0000 1.9787 1.4457 4.5643 14.1344 3.3719 0.7926 0.0035 0.7989
Car 0.0000 0 0.0000 -1.0000 -1.0000 -1.0000 -1.0000 2.0146 1.5222 4.5980 -14.7217 -0.6817 0.6965 -3.1369 0.7941
Car 0.0000 0 0.0000 -1.0000 -1.0000 -1.0000 -1.0000 1.9189 1.6461 4.4348 -19.9457 10.7415 0.4284 -0.0216 0.7268
Car 0.0000 0 0.0000 -1.0000 -1.0000 -1.0000 -1.0000 1.9138 1.4669 4.4297 -32.1148 3.3229 0.4980 3.1356 0.7176
Car 0.0000 0 0.0000 -1.0000 -1.0000 -1.0000 -1.0000 1.9423 1.5475 4.5512 33.3458 3.4041 1.0699 -3.1256 0.6883
Car 0.0000 0 0.0000 -1.0000 -1.0000 -1.0000 -1.0000 1.9849 1.4827 4.6302 -51.7739 3.3385 0.3738 3.1072 0.6804
Car 0.0000 0 0.0000 -1.0000 -1.0000 -1.0000 -1.0000 1.9383 1.7621 4.4226 -12.5709 3.5496 0.7518 3.1325 0.6309
Car 0.0000 0 0.0000 -1.0000 -1.0000 -1.0000 -1.0000 1.9666 1.4621 4.5288 -25.7362 4.0393 0.5033 -0.0242 0.6255
Car 0.0000 0 0.0000 -1.0000 -1.0000 -1.0000 -1.0000 1.8916 1.8417 4.2717 39.9285 -0.4771 1.2815 -0.0463 0.6026
Car 0.0000 0 0.0000 -1.0000 -1.0000 -1.0000 -1.0000 1.8869 1.4359 4.5077 -45.1532 4.4681 0.3881 3.0997 0.5859
Car 0.0000 0 0.0000 -1.0000 -1.0000 -1.0000 -1.0000 1.9384 1.5270 4.5765 -12.0842 -10.6995 0.7179 -0.0254 0.5656
Car 0.0000 0 0.0000 -1.0000 -1.0000 -1.0000 -1.0000 1.9990 1.5415 4.6358 -56.6185 0.2347 0.4785 -0.0052 0.5444
Car 0.0000 0 0.0000 -1.0000 -1.0000 -1.0000 -1.0000 1.9272 1.5555 4.5573 7.4442 4.3722 0.7575 3.1211 0.4709
Car 0.0000 0 0.0000 -1.0000 -1.0000 -1.0000 -1.0000 1.9544 1.6368 4.6931 70.9570 1.1098 1.4302 -3.1358 0.4501
Car 0.0000 0 0.0000 -1.0000 -1.0000 -1.0000 -1.0000 1.9021 1.6435 4.4939 16.8842 10.6389 0.6272 0.0046 0.4159
Car 0.0000 0 0.0000 -1.0000 -1.0000 -1.0000 -1.0000 1.9784 1.8161 4.6206 42.3584 4.1709 1.2806 0.0142 0.3593
Car 0.0000 0 0.0000 -1.0000 -1.0000 -1.0000 -1.0000 1.9310 1.4785 4.5973 54.9012 -1.3095 1.2106 0.0629 0.3183
Car 0.0000 0 0.0000 -1.0000 -1.0000 -1.0000 -1.0000 1.9820 1.5034 4.6709 51.0436 3.9606 1.1749 0.0444 0.3171
Car 0.0000 0 0.0000 -1.0000 -1.0000 -1.0000 -1.0000 1.9921 1.6142 4.6349 -19.2203 3.9573 0.6316 -0.0254 0.3130
Truck 0.0000 0 0.0000 -1.0000 -1.0000 -1.0000 -1.0000 2.8505 3.1589 8.9222 23.1958 3.5893 1.8030 -3.1187 0.4212
Truck 0.0000 0 0.0000 -1.0000 -1.0000 -1.0000 -1.0000 2.6646 2.6360 8.1311 -62.5794 10.6063 1.1982 -0.0597 0.3656
Cyclist 0.0000 0 0.0000 -1.0000 -1.0000 -1.0000 -1.0000 0.7241 1.4087 1.7191 8.6654 14.3647 0.3391 -0.0114 0.4574
Cyclist 0.0000 0 0.0000 -1.0000 -1.0000 -1.0000 -1.0000 0.6525 1.1458 1.6983 -9.1533 -14.3117 0.7430 1.5407 0.4518
Cyclist 0.0000 0 0.0000 -1.0000 -1.0000 -1.0000 -1.0000 0.7066 1.3116 1.6950 -3.0813 -20.2078 1.0796 -0.3392 0.4413
Cyclist 0.0000 0 0.0000 -1.0000 -1.0000 -1.0000 -1.0000 0.6876 1.1446 1.7046 2.6216 -20.1922 1.0602 3.0051 0.4280
Cyclist 0.0000 0 0.0000 -1.0000 -1.0000 -1.0000 -1.0000 0.6607 1.2485 1.6866 -1.3025 -14.0988 0.9857 1.4573 0.4065
Cyclist 0.0000 0 0.0000 -1.0000 -1.0000 -1.0000 -1.0000 0.7027 1.4299 1.6773 12.8146 14.1535 0.3514 -0.0336 0.4023
Cyclist 0.0000 0 0.0000 -1.0000 -1.0000 -1.0000 -1.0000 0.6651 1.1783 1.7065 6.2293 -14.1197 0.9934 1.4627 0.3895
Cyclist 0.0000 0 0.0000 -1.0000 -1.0000 -1.0000 -1.0000 0.7145 1.3643 1.7101 2.9783 14.5134 0.3098 3.0599 0.3884
Cyclist 0.0000 0 0.0000 -1.0000 -1.0000 -1.0000 -1.0000 0.7563 1.5065 1.7077 -14.0795 -19.3372 0.9833 0.1364 0.3772
Cyclist 0.0000 0 0.0000 -1.0000 -1.0000 -1.0000 -1.0000 0.7067 1.3659 1.6937 -45.0673 -22.7414 0.9173 0.5436 0.3357
Cyclist 0.0000 0 0.0000 -1.0000 -1.0000 -1.0000 -1.0000 0.7450 1.5389 1.6859 39.8068 -11.1944 1.0766 0.0285 0.3270
Pedestrian 0.0000 0 0.0000 -1.0000 -1.0000 -1.0000 -1.0000 0.6919 1.5795 0.6572 -31.8237 -16.1113 0.8269 -0.1851 0.3601
Pedestrian 0.0000 0 0.0000 -1.0000 -1.0000 -1.0000 -1.0000 0.7247 1.6574 0.6838 -52.1463 -15.5925 0.7353 -0.0242 0.3241
