Car 0.0000 0 0.0000 -1.0000 -1.0000 -1.0000 -1.0000 1.9836 1.4611 4.5316 -10.1382 4.0545 0.7690 3.1402 0.7970
Car 0.0000 0 0.0000 -1.0000 -1.0000 -1.0000 -1.0000 1.9941 1.4632 4.5224 40.6821 -5.4784 0.9712 2.9901 0.7698
Car 0.0000 0 0.0000 -1.0000 -1.0000 -1.0000 -1.0000 2.0235 1.5665 4.5902 22.6021 2.9916 1.0123 3.1019 0.7521
Car 0.0000 0 0.0000 -1.0000 -1.0000 -1.0000 -1.0000 1.9202 1.5923 4.4088 31.0012 6.3375 1.0537 3.1255 0.6797
Car 0.0000 0 0.0000 -1.0000 -1.0000 -1.0000 -1.0000 1.9486 1.6444 4.5605 54.0838 -1.4835 1.1256 2.9587 0.6395
Car 0.0000 0 0.0000 -1.0000 -1.0000 -1.0000 -1.0000 1.8775 1.4768 4.4261 -38.8214 4.9074 0.7246 -0.0199 0.6198
Car 0.0000 0 0.0000 -1.0000 -1.0000 -1.0000 -1.0000 1.9641 1.5019 4.5348 45.5414 -3.5143 1.0662 -0.1224 0.5905
Car 0.0000 0 0.0000 -1.0000 -1.0000 -1.0000 -1.0000 1.9062 1.4914 4.5239 45.4181 23.7757 1.7082 1.5917 0.5787
Car 0.0000 0 0.0000 -1.0000 -1.0000 -1.0000 -1.0000 1.9382 1.4928 4.4955 41.7134 0.8276 1.0868 2.9811 0.5203
Car 0.0000 0 0.0000 -1.0000 -1.0000 -1.0000 -1.0000 1.8911 1.5476 4.5178 46.3357 33.5703 1.9767 1.5482 0.5143
Car 0.0000 0 0.0000 -1.0000 -1.0000 -1.0000 -1.0000 1.9166 1.6365 4.4515 -14.8586 11.1112 0.8918 -3.1183 0.5092
Car 0.0000 0 0.0000 -1.0000 -1.0000 -1.0000 -1.0000 1.9841 1.5492 4.5794 3.9608 17.6128 1.1358 3.1208 0.5005
Car 0.0000 0 0.0000 -1.0000 -1.0000 -1.0000 -1.0000 1.9281 1.5340 4.4368 13.2770 6.6295 0.9402 3.1227 0.4973
Car 0.0000 0 0.0000 -1.0000 -1.0000 -1.0000 -1.0000 1.9314 1.4655 4.4994 21.1318 -0.3573 0.9075 -0.0972 0.4585
Car 0.0000 0 0.0000 -1.0000 -1.0000 -1.0000 -1.0000 1.9049 1.5571 4.5614 62.1738 -6.4473 1.0796 2.9595 0.4427
Car 0.0000 0 0.0000 -1.0000 -1.0000 -1.0000 -1.0000 2.3959 2.4418 5.4957 -18.4904 0.8814 1.3302 -0.0112 0.3654
Car 0.0000 0 0.0000 -1.0000 -1.0000 -1.0000 -1.0000 2.1748 2.5022 5.0415 23.5350 6.7081 1.5195 3.0940 0.3614
Truck 0.0000 0 0.0000 -1.0000 -1.0000 -1.0000 -1.0000 2.9762 3.3946 9.6142 -23.3912 14.6841 1.7171 3.1092 0.6474
Truck 0.0000 0 0.0000 -1.0000 -1.0000 -1.0000 -1.0000 3.0094 3.7608 10.2270 -57.5353 10.6395 2.1157 0.0023 0.5818
Truck 0.0000 0 0.0000 -1.0000 -1.0000 -1.0000 -1.0000 2.4385 2.5314 6.3338 -19.6453 0.8088 1.2810 3.1302 0.3415
Truck 0.0000 0 0.0000 -1.0000 -1.0000 -1.0000 -1.0000 1.9251 1.9258 4.8380 9.2394 3.4449 1.1083 3.1312 0.3212
