Car 0.0000 0 0.0000 -1.0000 -1.0000 -1.0000 -1.0000 1.9868 1.4656 4.5689 -9.9447 4.8873 0.6691 -0.0190 0.7449
Car 0.0000 0 0.0000 -1.0000 -1.0000 -1.0000 -1.0000 2.0604 1.6370 4.6161 26.9620 -1.1078 1.0101 -0.0046 0.7194
Car 0.0000 0 0.0000 -1.0000 -1.0000 -1.0000 -1.0000 1.9144 1.4880 4.4742 41.5979 -6.6803 1.2330 -0.6615 0.6140
Car 0.0000 0 0.0000 -1.0000 -1.0000 -1.0000 -1.0000 1.9617 1.4865 4.6299 -46.0888 4.8676 0.5725 0.0002 0.4265
Car 0.0000 0 0.0000 -1.0000 -1.0000 -1.0000 -1.0000 1.8803 1.6089 4.5712 56.4250 -18.4157 1.4273 1.4861 0.3594
Car 0.0000 0 0.0000 -1.0000 -1.0000 -1.0000 -1.0000 1.8986 1.5665 4.5584 -79.5035 27.6294 0.3615 -0.3097 0.3361
Tricar 0.0000 0 0.0000 -1.0000 -1.0000 -1.0000 -1.0000 1.2390 1.6271 3.0298 -48.2236 8.2743 0.5321 3.1168 0.6174
Cyclist 0.0000 0 0.0000 -1.0000 -1.0000 -1.0000 -1.0000 0.7308 1.5495 1.6794 18.6757 -4.1069 0.9472 0.0467 0.6750
Cyclist 0.0000 0 0.0000 -1.0000 -1.0000 -1.0000 -1.0000 0.7485 1.5568 1.6986 43.0023 6.5802 1.0168 3.0335 0.5502
Cyclist 0.0000 0 0.0000 -1.0000 -1.0000 -1.0000 -1.0000 0.6839 1.1749 1.6862 -1.4598 -5.6090 0.7226 -0.0005 0.3255
Pedestrian 0.0000 0 0.0000 -1.0000 -1.0000 -1.0000 -1.0000 0.6846 1.6735 0.6028 -46.8242 12.3752 0.5666 -0.0033 0.4105
