Car 0.0000 0 0.0000 -1.0000 -1.0000 -1.0000 -1.0000 1.9454 1.4640 4.5332 33.6211 -3.0796 1.0862 -3.0821 0.7471
Car 0.0000 0 0.0000 -1.0000 -1.0000 -1.0000 -1.0000 1.9603 1.4880 4.6032 -12.8635 -10.6213 0.9557 -1.4418 0.7300
Car 0.0000 0 0.0000 -1.0000 -1.0000 -1.0000 -1.0000 1.9788 1.4413 4.5749 -23.4149 -7.4972 0.7733 0.0007 0.6366
Car 0.0000 0 0.0000 -1.0000 -1.0000 -1.0000 -1.0000 1.9580 1.4914 4.6708 46.3922 -7.1190 1.2658 -1.3752 0.5345
Car 0.0000 0 0.0000 -1.0000 -1.0000 -1.0000 -1.0000 1.9400 1.5127 4.6735 -16.4106 -10.1215 0.9233 -1.5383 0.4686
Car 0.0000 0 0.0000 -1.0000 -1.0000 -1.0000 -1.0000 1.9138 1.4908 4.5195 -23.8934 -10.2908 0.8591 -0.0510 0.4472
Car 0.0000 0 0.0000 -1.0000 -1.0000 -1.0000 -1.0000 1.9260 1.6517 4.5537 14.5477 0.2214 0.9602 0.0046 0.4011
Car 0.0000 0 0.0000 -1.0000 -1.0000 -1.0000 -1.0000 1.9725 1.4339 4.5447 -13.0887 0.0590 0.7175 3.1169 0.4004
Car 0.0000 0 0.0000 -1.0000 -1.0000 -1.0000 -1.0000 1.8296 1.5301 4.3911 -13.9883 11.9295 0.4798 0.0046 0.3229
Truck 0.0000 0 0.0000 -1.0000 -1.0000 -1.0000 -1.0000 2.5949 2.7391 6.9999 -36.8961 0.6562 1.3008 -0.0494 0.4912
Tricar 0.0000 0 0.0000 -1.0000 -1.0000 -1.0000 -1.0000 1.3280 1.7484 3.4534 9.1236 1.6925 0.9624 0.0340 0.6288
Tricar 0.0000 0 0.0000 -1.0000 -1.0000 -1.0000 -1.0000 1.3851 1.8184 3.4656 -18.7610 -2.4938 0.9179 3.0984 0.5949
Tricar 0.0000 0 0.0000 -1.0000 -1.0000 -1.0000 -1.0000 1.5714 1.7913 4.1628 24.0156 1.2823 1.1698 3.0865 0.3371
Tricar 0.0000 0 0.0000 -1.0000 -1.0000 -1.0000 -1.0000 1.4026 1.9228 3.3322 -5.4692 -6.5834 1.2172 1.5825 0.3017
Cyclist 0.0000 0 0.0000 -1.0000 -1.0000 -1.0000 -1.0000 0.7820 1.5962 1.7356 -25.1874 15.9698 0.2920 -3.1385 0.3375
