Car 0.0000 0 0.0000 -1.0000 -1.0000 -1.0000 -1.0000 1.9860 1.4415 4.5516 5.2208 14.5383 0.7966 3.1408 0.8129
Car 0.0000 0 0.0000 -1.0000 -1.0000 -1.0000 -1.0000 2.0696 1.7182 4.7771 -23.5936 15.8593 0.6666 0.0093 0.7946
Car 0.0000 0 0.0000 -1.0000 -1.0000 -1.0000 -1.0000 1.9213 1.5747 4.5482 -5.2518 21.9031 0.6917 0.0216 0.7113
Car 0.0000 0 0.0000 -1.0000 -1.0000 -1.0000 -1.0000 1.9829 1.6435 4.5420 24.4565 10.5147 1.2517 3.1319 0.7014
Car 0.0000 0 0.0000 -1.0000 -1.0000 -1.0000 -1.0000 1.9473 1.4763 4.5442 -63.3415 20.6915 0.2290 -0.0060 0.6744
Car 0.0000 0 0.0000 -1.0000 -1.0000 -1.0000 -1.0000 2.0181 2.0169 4.6231 -10.2381 9.1628 0.9280 -0.0138 0.6571
Car 0.0000 0 0.0000 -1.0000 -1.0000 -1.0000 -1.0000 2.0852 1.8347 4.9840 44.8347 5.0676 1.3955 0.0321 0.6232
Car 0.0000 0 0.0000 -1.0000 -1.0000 -1.0000 -1.0000 1.9959 1.5491 4.6534 -83.0224 13.7615 0.2169 -3.0920 0.5680
Car 0.0000 0 0.0000 -1.0000 -1.0000 -1.0000 -1.0000 1.9990 1.5427 4.6106 -37.9829 21.2327 0.3977 -3.1312 0.5530
Car 0.0000 0 0.0000 -1.0000 -1.0000 -1.0000 -1.0000 1.8971 1.6226 4.5403 -42.8419 -4.7087 0.5544 -3.1362 0.5474
Car 0.0000 0 0.0000 -1.0000 -1.0000 -1.0000 -1.0000 1.9573 1.7894 4.5897 40.3946 10.6961 1.5888 0.0543 0.5315
Car 0.0000 0 0.0000 -1.0000 -1.0000 -1.0000 -1.0000 1.9978 1.5577 4.4849 13.5114 11.8291 1.0025 -3.1244 0.5146
Car 0.0000 0 0.0000 -1.0000 -1.0000 -1.0000 -1.0000 2.2455 2.5389 5.1488 21.2861 15.8129 1.6436 0.0245 0.4929
Car 0.0000 0 0.0000 -1.0000 -1.0000 -1.0000 -1.0000 2.2540 2.4050 5.1665 15.4188 19.2125 1.4053 -3.1142 0.4035
Car 0.0000 0 0.0000 -1.0000 -1.0000 -1.0000 -1.0000 1.8821 1.7709 4.4233 56.1351 5.2602 1.4089 -3.0449 0.3830
Car 0.0000 0 0.0000 -1.0000 -1.0000 -1.0000 -1.0000 1.9597 1.8016 4.6592 61.3284 18.6341 2.2380 -3.0395 0.3256
Truck 0.0000 0 0.0000 -1.0000 -1.0000 -1.0000 -1.0000 2.8621 3.0332 10.8660 25.9797 -0.2145 1.7207 -3.1319 0.4755
Truck 0.0000 0 0.0000 -1.0000 -1.0000 -1.0000 -1.0000 2.5643 3.0128 6.8132 40.4537 14.0536 2.3284 0.0581 0.4615
Truck 0.0000 0 0.0000 -1.0000 -1.0000 -1.0000 -1.0000 2.9915 3.5217 10.7164 -84.3106 1.3911 1.2976 -3.0137 0.4220
Cyclist 0.0000 0 0.0000 -1.0000 -1.0000 -1.0000 -1.0000 0.7771 1.5415 1.7769 -32.3836 -2.9569 0.5939 -0.0057 0.4797
Cyclist 0.0000 0 0.0000 -1.0000 -1.0000 -1.0000 -1.0000 0.7297 1.4813 1.6721 -9.8724 -3.1567 0.7877 0.0668 0.4768
Cyclist 0.0000 0 0.0000 -1.0000 -1.0000 -1.0000 -1.0000 0.8352 1.6304 1.7860 20.8462 -3.8541 0.8975 0.0161 0.4533
Cyclist 0.0000 0 0.0000 -1.0000 -1.0000 -1.0000 -1.0000 0.7511 1.5726 1.7252 -47.9316 -3.0740 0.4439 -3.0889 0.3797
Cyclist 0.0000 0 0.0000 -1.0000 -1.0000 -1.0000 -1.0000 0.6761 1.0920 1.6917 -24.4398 -14.7131 0.7522 -0.0849 0.3306
Cyclist 0.0000 0 0.0000 -1.0000 -1.0000 -1.0000 -1.0000 0.8761 1.5566 1.9209 28.2004 -28.3723 1.5791 3.0336 0.3085
