Car 0.0000 0 0.0000 -1.0000 -1.0000 -1.0000 -1.0000 2.0205 1.4790 4.5723 25.8568 2.9113 0.8661 0.0239 0.8625
Car 0.0000 0 0.0000 -1.0000 -1.0000 -1.0000 -1.0000 1.9654 1.4630 4.5138 -4.3659 3.5356 0.7499 0.0125 0.7420
Car 0.0000 0 0.0000 -1.0000 -1.0000 -1.0000 -1.0000 1.9194 1.5188 4.5311 -50.2231 2.2049 0.7001 -3.1372 0.6395
Car 0.0000 0 0.0000 -1.0000 -1.0000 -1.0000 -1.0000 1.9441 1.6722 4.4766 -3.5884 7.0252 0.8397 3.1232 0.5881
Car 0.0000 0 0.0000 -1.0000 -1.0000 -1.0000 -1.0000 1.9900 2.0291 4.5511 -16.8552 6.4882 1.0123 3.1359 0.5248
Car 0.0000 0 0.0000 -1.0000 -1.0000 -1.0000 -1.0000 2.0009 1.6508 4.6860 -46.0409 6.4357 0.8055 -3.1403 0.5186
Car 0.0000 0 0.0000 -1.0000 -1.0000 -1.0000 -1.0000 1.8766 1.5926 4.4515 -2.9852 25.5311 0.7458 -1.3691 0.3791
Car 0.0000 0 0.0000 -1.0000 -1.0000 -1.0000 -1.0000 1.8063 1.5862 4.2211 10.4482 -25.8123 0.2189 1.4386 0.3246
Truck 0.0000 0 0.0000 -1.0000 -1.0000 -1.0000 -1.0000 2.9833 3.2924 12.0028 -22.8058 10.4557 1.5957 3.1243 0.7396
Truck 0.0000 0 0.0000 -1.0000 -1.0000 -1.0000 -1.0000 2.2969 2.4446 5.9100 -37.2042 2.5950 1.2498 0.0529 0.4904
Truck 0.0000 0 0.0000 -1.0000 -1.0000 -1.0000 -1.0000 1.8562 1.8922 4.5249 -32.8756 6.4597 0.9133 0.0237 0.4695
Truck 0.0000 0 0.0000 -1.0000 -1.0000 -1.0000 -1.0000 1.9964 2.0851 5.0185 -44.6861 -0.3560 1.0150 -0.0606 0.3858
Tricar 0.0000 0 0.0000 -1.0000 -1.0000 -1.0000 -1.0000 1.4375 1.7308 3.4980 58.4383 1.7948 0.9295 0.0955 0.5097
Tricar 0.0000 0 0.0000 -1.0000 -1.0000 -1.0000 -1.0000 1.0967 1.5068 2.5506 2.3242 15.5017 0.5984 3.0956 0.4195
Tricar 0.0000 0 0.0000 -1.0000 -1.0000 -1.0000 -1.0000 1.2455 1.5761 2.9995 10.4615 -25.5023 0.1617 1.5261 0.4115
Cyclist 0.0000 0 0.0000 -1.0000 -1.0000 -1.0000 -1.0000 0.7499 1.6120 1.7049 20.3590 15.4240 0.8755 -0.0096 0.3636
Cyclist 0.0000 0 0.0000 -1.0000 -1.0000 -1.0000 -1.0000 0.9645 1.5627 2.0718 2.3979 15.4562 0.6076 -0.0191 0.3393
