Car 0.0000 0 0.0000 -1.0000 -1.0000 -1.0000 -1.0000 2.1026 1.8310 4.7997 -12.3303 -0.5566 0.7805 -0.0199 0.7755
Car 0.0000 0 0.0000 -1.0000 -1.0000 -1.0000 -1.0000 1.9346 1.5227 4.5734 -50.4671 2.6416 -0.0485 -3.1173 0.6963
Car 0.0000 0 0.0000 -1.0000 -1.0000 -1.0000 -1.0000 1.9787 1.5279 4.5459 11.4983 2.9159 0.8688 3.1001 0.6883
Car 0.0000 0 0.0000 -1.0000 -1.0000 -1.0000 -1.0000 1.9208 1.5339 4.5083 -2.5918 2.8169 0.7022 -0.0345 0.6617
Car 0.0000 0 0.0000 -1.0000 -1.0000 -1.0000 -1.0000 2.0118 1.5728 4.6493 -18.0845 3.9340 0.5365 -0.0120 0.6446
Car 0.0000 0 0.0000 -1.0000 -1.0000 -1.0000 -1.0000 1.9932 1.6732 4.6575 20.8652 2.6488 1.0938 3.1343 0.6329
Car 0.0000 0 0.0000 -1.0000 -1.0000 -1.0000 -1.0000 1.9204 1.5659 4.5049 15.7660 0.1099 0.9629 0.0912 0.6060
Car 0.0000 0 0.0000 -1.0000 -1.0000 -1.0000 -1.0000 1.9702 1.4908 4.5579 9.5032 -0.4190 0.9282 3.1110 0.5526
Car 0.0000 0 0.0000 -1.0000 -1.0000 -1.0000 -1.0000 1.9948 1.6275 4.6284 33.9631 1.8034 1.2099 0.0045 0.4448
Car 0.0000 0 0.0000 -1.0000 -1.0000 -1.0000 -1.0000 1.8015 1.5206 4.3908 -20.1963 0.2634 0.5033 -0.0098 0.4290
Car 0.0000 0 0.0000 -1.0000 -1.0000 -1.0000 -1.0000 1.9347 1.6374 4.4372 22.2698 -1.5177 1.1820 -3.1379 0.4194
Car 0.0000 0 0.0000 -1.0000 -1.0000 -1.0000 -1.0000 1.8381 1.5233 4.4466 -0.8059 29.5192 0.5061 1.5239 0.3375
Truck 0.0000 0 0.0000 -1.0000 -1.0000 -1.0000 -1.0000 2.8904 3.4096 11.2920 19.9185 6.1954 1.9218 0.0250 0.6484
Tricar 0.0000 0 0.0000 -1.0000 -1.0000 -1.0000 -1.0000 1.4332 1.9302 3.1147 -0.7981 8.0720 0.8177 -0.0001 0.3740
Cyclist 0.0000 0 0.0000 -1.0000 -1.0000 -1.0000 -1.0000 0.8106 1.6111 1.7963 -4.3032 25.8483 0.4639 1.8292 0.5862
Cyclist 0.0000 0 0.0000 -1.0000 -1.0000 -1.0000 -1.0000 0.7879 1.5340 1.7321 18.0021 -2.4015 1.0829 -0.0627 0.4165
Cyclist 0.0000 0 0.0000 -1.0000 -1.0000 -1.0000 -1.0000 0.7539 1.5308 1.7512 -2.7722 18.1178 0.4652 -0.8131 0.3646
Cyclist 0.0000 0 0.0000 -1.0000 -1.0000 -1.0000 -1.0000 0.8935 1.6435 1.8325 -1.2887 12.1576 0.6929 -0.0645 0.3507
Pedestrian 0.0000 0 0.0000 -1.0000 -1.0000 -1.0000 -1.0000 0.6973 1.6545 0.6824 -6.3253 10.6892 0.5676 -0.1496 0.6631
Pedestrian 0.0000 0 0.0000 -1.0000 -1.0000 -1.0000 -1.0000 0.6711 1.6126 0.6125 -14.2591 14.5333 0.4704 -0.2149 0.6075
Pedestrian 0.0000 0 0.0000 -1.0000 -1.0000 -1.0000 -1.0000 0.6606 1.6081 0.5914 2.9246 8.7483 0.7300 3.0975 0.5966
Pedestrian 0.0000 0 0.0000 -1.0000 -1.0000 -1.0000 -1.0000 0.7030 1.6724 0.6863 -4.3940 -2.8140 0.9132 3.1353 0.5804
Pedestrian 0.0000 0 0.0000 -1.0000 -1.0000 -1.0000 -1.0000 0.7014 1.6804 0.6215 -3.0194 16.5439 0.5506 2.5352 0.5313
Pedestrian 0.0000 0 0.0000 -1.0000 -1.0000 -1.0000 -1.0000 0.7002 1.6929 0.6284 21.6069 -4.1370 1.3229 3.1412 0.4347
Pedestrian 0.0000 0 0.0000 -1.0000 -1.0000 -1.0000 -1.0000 0.7027 1.6294 0.7105 9.2470 5.3435 0.8878 3.1348 0.4046
Pedestrian 0.0000 0 0.0000 -1.0000 -1.0000 -1.0000 -1.0000 0.6794 1.6653 0.5902 -20.2221 -3.0332 0.5801 0.0045 0.3988
Pedestrian 0.0000 0 0.0000 -1.0000 -1.0000 -1.0000 -1.0000 0.6913 1.6710 0.5964 -24.3304 -2.7875 0.4790 -3.0934 0.3658
Pedestrian 0.0000 0 0.0000 -1.0000 -1.0000 -1.0000 -1.0000 0.7388 1.6833 0.7872 -13.1514 9.1086 0.5767 1.2634 0.3654
Pedestrian 0.0000 0 0.0000 -1.0000 -1.0000 -1.0000 -1.0000 0.6870 1.6459 0.6159 15.9466 -3.3019 1.1187 3.0890 0.3353
Pedestrian 0.0000 0 0.0000 -1.0000 -1.0000 -1.0000 -1.0000 0.6824 1.6407 0.5870 18.0048 -2.5392 1.1306 3.0862 0.3222
Pedestrian 0.0000 0 0.0000 -1.0000 -1.0000 -1.0000 -1.0000 0.7044 1.6666 0.6804 -6.5783 17.5206 0.5207 2.0866 0.3220
Pedestrian 0.0000 0 0.0000 -1.0000 -1.0000 -1.0000 -1.0000 0.6935 1.6011 0.6246 -2.8205 18.1317 0.4906 -0.8256 0.3196
Pedestrian 0.0000 0 0.0000 -1.0000 -1.0000 -1.0000 -1.0000 0.6907 1.6805 0.6240 14.8807 -4.2786 1.2372 0.0147 0.3177
Pedestrian 0.0000 0 0.0000 -1.0000 -1.0000 -1.0000 -1.0000 0.7049 1.6594 0.6232 -29.5973 1.3091 0.3707 -0.0578 0.3126
