Car 0.0000 0 0.0000 -1.0000 -1.0000 -1.0000 -1.0000 1.9266 1.8278 4.4141 53.9390 8.7599 0.8751 -0.0366 0.6124
Car 0.0000 0 0.0000 -1.0000 -1.0000 -1.0000 -1.0000 1.9008 1.4851 4.4888 -68.2691 6.6180 0.3906 -3.1076 0.5970
Car 0.0000 0 0.0000 -1.0000 -1.0000 -1.0000 -1.0000 1.9702 1.4680 4.6660 -2.9760 -5.7728 0.7573 -0.1684 0.5849
Car 0.0000 0 0.0000 -1.0000 -1.0000 -1.0000 -1.0000 1.9748 1.4290 4.5612 -44.7691 -3.8698 0.6162 -0.2493 0.5698
Car 0.0000 0 0.0000 -1.0000 -1.0000 -1.0000 -1.0000 2.0697 1.8943 4.8464 15.2317 -5.8222 1.0087 0.1299 0.5095
Car 0.0000 0 0.0000 -1.0000 -1.0000 -1.0000 -1.0000 1.7970 1.6504 4.3566 -52.4593 -4.8126 0.7529 -0.1569 0.3982
Car 0.0000 0 0.0000 -1.0000 -1.0000 -1.0000 -1.0000 1.9269 1.5635 4.5911 -56.7993 -5.5689 0.7001 -0.1784 0.3793
Car 0.0000 0 0.0000 -1.0000 -1.0000 -1.0000 -1.0000 1.8613 1.4647 4.4700 -27.0485 -12.7068 0.7970 1.4507 0.3387
Car 0.0000 0 0.0000 -1.0000 -1.0000 -1.0000 -1.0000 1.8361 1.4848 4.3421 -32.0139 -11.0301 0.6941 -1.3696 0.3342
Car 0.0000 0 0.0000 -1.0000 -1.0000 -1.0000 -1.0000 1.8433 1.4526 4.4644 0.8941 20.4249 0.3486 -1.3189 0.3149
Tricar 0.0000 0 0.0000 -1.0000 -1.0000 -1.0000 -1.0000 1.3099 1.6720 2.8344 58.8448 6.7545 0.8492 3.0954 0.4052
Cyclist 0.0000 0 0.0000 -1.0000 -1.0000 -1.0000 -1.0000 0.7802 1.5603 1.7743 31.0590 -3.6880 0.7960 -3.0813 0.5654
Cyclist 0.0000 0 0.0000 -1.0000 -1.0000 -1.0000 -1.0000 0.7370 1.5251 1.7309 48.8760 7.1013 0.7063 3.0748 0.5452
Cyclist 0.0000 0 0.0000 -1.0000 -1.0000 -1.0000 -1.0000 0.7572 1.5852 1.6868 42.9794 -5.8321 0.8726 3.0871 0.4837
Cyclist 0.0000 0 0.0000 -1.0000 -1.0000 -1.0000 -1.0000 0.8262 1.3906 1.9324 34.6609 -7.2827 0.7481 -0.0042 0.4514
Cyclist 0.0000 0 0.0000 -1.0000 -1.0000 -1.0000 -1.0000 0.7631 1.2429 1.7811 -18.7073 -9.6575 0.7371 -0.1685 0.4227
Cyclist 0.0000 0 0.0000 -1.0000 -1.0000 -1.0000 -1.0000 0.7434 1.5046 1.7579 -70.2728 10.0139 0.2900 -0.0031 0.4102
Cyclist 0.0000 0 0.0000 -1.0000 -1.0000 -1.0000 -1.0000 0.7840 1.4362 1.8104 -35.9409 -7.6863 0.6878 -0.0262 0.3900
Cyclist 0.0000 0 0.0000 -1.0000 -1.0000 -1.0000 -1.0000 0.8506 1.4801 1.9095 2.7194 -6.3621 0.8011 -0.9533 0.3459
Cyclist 0.0000 0 0.0000 -1.0000 -1.0000 -1.0000 -1.0000 0.7359 1.5854 1.6925 -39.8729 8.1067 0.4839 3.1379 0.3104
Pedestrian 0.0000 0 0.0000 -1.0000 -1.0000 -1.0000 -1.0000 0.6851 1.6913 0.6058 -63.4591 -8.9179 0.8920 3.1378 0.3567
