Car 0.0000 0 0.0000 -1.0000 -1.0000 -1.0000 -1.0000 1.9371 1.4327 4.4760 8.8050 2.9520 0.7504 0.0481 0.8063
Car 0.0000 0 0.0000 -1.0000 -1.0000 -1.0000 -1.0000 1.9911 1.4920 4.6055 16.2878 2.4585 0.7860 0.0096 0.7313
Car 0.0000 0 0.0000 -1.0000 -1.0000 -1.0000 -1.0000 2.0460 1.5729 4.7071 -27.1677 0.5354 0.6685 -3.1376 0.7216
Car 0.0000 0 0.0000 -1.0000 -1.0000 -1.0000 -1.0000 2.0436 1.9785 4.7767 -10.8533 10.7377 0.6806 3.0304 0.6842
Car 0.0000 0 0.0000 -1.0000 -1.0000 -1.0000 -1.0000 2.0294 1.6406 4.6756 47.1627 2.5001 1.0374 0.0119 0.6795
Car 0.0000 0 0.0000 -1.0000 -1.0000 -1.0000 -1.0000 2.0208 1.5213 4.6381 1.4691 2.7914 0.7714 -3.1336 0.6663
Car 0.0000 0 0.0000 -1.0000 -1.0000 -1.0000 -1.0000 1.9510 1.4547 4.5284 -25.4980 6.1142 0.5469 -0.0086 0.6385
Car 0.0000 0 0.0000 -1.0000 -1.0000 -1.0000 -1.0000 1.9290 1.4267 4.5157 13.9008 -0.2982 0.7685 0.0095 0.6356
Car 0.0000 0 0.0000 -1.0000 -1.0000 -1.0000 -1.0000 1.9662 1.5413 4.5858 24.9852 2.9777 0.8256 3.1275 0.5458
Car 0.0000 0 0.0000 -1.0000 -1.0000 -1.0000 -1.0000 1.8648 1.4864 4.4023 -39.5117 1.4398 0.5935 0.0342 0.4933
Car 0.0000 0 0.0000 -1.0000 -1.0000 -1.0000 -1.0000 1.9617 1.5130 4.5642 -33.4905 6.3539 0.5372 -0.0062 0.4879
Car 0.0000 0 0.0000 -1.0000 -1.0000 -1.0000 -1.0000 1.9693 1.4292 4.5214 12.8813 6.0205 0.6785 -3.1296 0.4713
Car 0.0000 0 0.0000 -1.0000 -1.0000 -1.0000 -1.0000 1.9654 1.6634 4.6874 21.4988 -0.1854 0.9072 3.1339 0.4545
Car 0.0000 0 0.0000 -1.0000 -1.0000 -1.0000 -1.0000 2.0614 1.4624 4.7288 -17.3342 1.8524 0.6392 -0.0093 0.4384
Car 0.0000 0 0.0000 -1.0000 -1.0000 -1.0000 -1.0000 1.9455 1.6407 4.5642 28.4397 6.0721 0.8761 -3.1364 0.4036
Car 0.0000 0 0.0000 -1.0000 -1.0000 -1.0000 -1.0000 1.9963 1.4860 4.6017 -1.3567 6.0081 0.6397 -3.1014 0.3938
Car 0.0000 0 0.0000 -1.0000 -1.0000 -1.0000 -1.0000 1.9555 1.7097 4.7187 60.0783 -3.0963 1.1642 3.1169 0.3637
Car 0.0000 0 0.0000 -1.0000 -1.0000 -1.0000 -1.0000 1.8911 1.5189 4.5582 -55.9866 6.0379 0.5121 -3.1307 0.3156
Cyclist 0.0000 0 0.0000 -1.0000 -1.0000 -1.0000 -1.0000 0.7546 1.5468 1.7173 -32.1183 -11.6953 0.7685 -3.1246 0.5721
Cyclist 0.0000 0 0.0000 -1.0000 -1.0000 -1.0000 -1.0000 0.7505 1.5679 1.7085 -5.3379 17.6904 0.2813 -0.0719 0.4859
Cyclist 0.0000 0 0.0000 -1.0000 -1.0000 -1.0000 -1.0000 0.7911 1.5380 1.7672 43.9814 -11.6886 0.9594 -0.0525 0.3862
Cyclist 0.0000 0 0.0000 -1.0000 -1.0000 -1.0000 -1.0000 0.7078 1.2822 1.7001 21.6854 -19.5511 1.0812 -0.0990 0.3484
Cyclist 0.0000 0 0.0000 -1.0000 -1.0000 -1.0000 -1.0000 0.6792 1.3642 1.6682 -12.4901 18.8573 0.1298 2.8384 0.3166
Cyclist 0.0000 0 0.0000 -1.0000 -1.0000 -1.0000 -1.0000 0.7113 1.5232 1.6909 -48.6604 -13.1076 0.7085 0.0951 0.3045
Cyclist 0.0000 0 0.0000 -1.0000 -1.0000 -1.0000 -1.0000 0.6458 1.0903 1.5852 -31.8977 -14.9676 0.6317 -3.0445 0.3022
Pedestrian 0.0000 0 0.0000 -1.0000 -1.0000 -1.0000 -1.0000 0.6946 1.6309 0.6491 3.0449 -17.7392 1.1475 3.0655 0.4872
Pedestrian 0.0000 0 0.0000 -1.0000 -1.0000 -1.0000 -1.0000 0.6691 1.6273 0.5755 -28.1259 -18.1667 1.0438 3.1414 0.3737
Pedestrian 0.0000 0 0.0000 -1.0000 -1.0000 -1.0000 -1.0000 0.7047 1.6788 0.6228 47.2450 -14.0768 1.2323 3.1198 0.3511
Pedestrian 0.0000 0 0.0000 -1.0000 -1.0000 -1.0000 -1.0000 0.6701 1.6455 0.5816 -29.5242 -16.7443 1.0406 3.0995 0.3443
Pedestrian 0.0000 0 0.0000 -1.0000 -1.0000 -1.0000 -1.0000 0.7007 1.6641 0.6525 22.5922 -16.4189 1.2795 3.0092 0.3340
Pedestrian 0.0000 0 0.0000 -1.0000 -1.0000 -1.0000 -1.0000 0.7063 1.5812 0.6473 -48.6021 -13.0401 0.7094 -3.0330 0.3323
