Car 0.0000 0 0.0000 -1.0000 -1.0000 -1.0000 -1.0000 2.0228 1.8158 4.5970 10.2498 2.4273 0.8522 -3.1315 0.7556
Car 0.0000 0 0.0000 -1.0000 -1.0000 -1.0000 -1.0000 2.0257 1.8319 4.6487 2.5687 5.8925 0.8265 0.0121 0.6969
Car 0.0000 0 0.0000 -1.0000 -1.0000 -1.0000 -1.0000 1.9443 1.5409 4.5051 6.6415 -0.3250 0.7572 0.0028 0.6344
Car 0.0000 0 0.0000 -1.0000 -1.0000 -1.0000 -1.0000 2.0152 1.5883 4.6191 -33.9123 3.3338 0.8952 -0.0144 0.5832
Car 0.0000 0 0.0000 -1.0000 -1.0000 -1.0000 -1.0000 1.9625 1.5291 4.5756 -20.8916 3.0536 0.8118 0.0115 0.5788
Car 0.0000 0 0.0000 -1.0000 -1.0000 -1.0000 -1.0000 1.9649 1.5100 4.5570 23.0276 2.9439 0.7417 3.1411 0.5682
Car 0.0000 0 0.0000 -1.0000 -1.0000 -1.0000 -1.0000 1.9043 1.4969 4.4838 -3.9968 3.0724 0.7096 3.1276 0.5622
Car 0.0000 0 0.0000 -1.0000 -1.0000 -1.0000 -1.0000 1.8648 1.4959 4.4103 6.6815 9.1504 0.5323 -3.1323 0.5203
Car 0.0000 0 0.0000 -1.0000 -1.0000 -1.0000 -1.0000 1.9628 1.5517 4.5844 -9.1888 0.0807 0.7630 0.0347 0.5109
Car 0.0000 0 0.0000 -1.0000 -1.0000 -1.0000 -1.0000 1.9283 1.5347 4.5943 -41.3362 2.8929 0.8926 -3.1168 0.4951
Car 0.0000 0 0.0000 -1.0000 -1.0000 -1.0000 -1.0000 1.9746 1.6287 4.5700 19.2731 -0.2757 0.8418 -3.1410 0.4535
Car 0.0000 0 0.0000 -1.0000 -1.0000 -1.0000 -1.0000 1.8511 1.8221 4.4104 -14.1579 18.2397 0.5060 -0.0342 0.3963
Car 0.0000 0 0.0000 -1.0000 -1.0000 -1.0000 -1.0000 2.0338 1.6308 4.8809 27.1278 -2.9829 0.9215 3.1390 0.3560
Car 0.0000 0 0.0000 -1.0000 -1.0000 -1.0000 -1.0000 1.7630 1.8044 4.1595 -8.0817 11.2092 0.6930 3.1063 0.3477
Truck 0.0000 0 0.0000 -1.0000 -1.0000 -1.0000 -1.0000 2.2159 2.1492 5.7365 -12.3592 3.2135 1.0918 0.0293 0.5760
Truck 0.0000 0 0.0000 -1.0000 -1.0000 -1.0000 -1.0000 2.7782 2.8663 9.5338 53.4911 6.9260 1.4443 3.1371 0.5546
Truck 0.0000 0 0.0000 -1.0000 -1.0000 -1.0000 -1.0000 2.3462 2.3853 6.1733 12.8962 5.9298 1.1393 0.0111 0.4308
Truck 0.0000 0 0.0000 -1.0000 -1.0000 -1.0000 -1.0000 2.7911 3.2477 8.8335 -51.1941 3.1521 1.8135 -3.1042 0.4002
Truck 0.0000 0 0.0000 -1.0000 -1.0000 -1.0000 -1.0000 2.9116 3.2827 9.7125 50.5576 11.6504 1.5689 -0.0022 0.3966
Truck 0.0000 0 0.0000 -1.0000 -1.0000 -1.0000 -1.0000 2.9494 3.0496 10.9954 -36.6160 0.3197 1.6136 -3.1357 0.3813
Tricar 0.0000 0 0.0000 -1.0000 -1.0000 -1.0000 -1.0000 1.4507 1.7853 3.6454 2.3046 18.0598 0.3947 3.1392 0.5771
Tricar 0.0000 0 0.0000 -1.0000 -1.0000 -1.0000 -1.0000 1.2118 1.5460 2.9561 -3.4201 18.2974 0.2755 -3.1194 0.4815
Tricar 0.0000 0 0.0000 -1.0000 -1.0000 -1.0000 -1.0000 1.3821 1.6401 3.2458 14.8377 -5.0527 0.9346 0.0285 0.4011
Cyclist 0.0000 0 0.0000 -1.0000 -1.0000 -1.0000 -1.0000 0.7467 1.5512 1.7053 -4.7434 -5.2657 0.8087 0.0536 0.5942
Cyclist 0.0000 0 0.0000 -1.0000 -1.0000 -1.0000 -1.0000 0.7463 1.6066 1.6884 -28.1359 -5.4849 0.9462 3.1114 0.3457
Cyclist 0.0000 0 0.0000 -1.0000 -1.0000 -1.0000 -1.0000 0.6747 1.3388 1.6408 -29.3750 -2.2278 0.7446 -3.1205 0.3181
