Car 0.0000 0 0.0000 -1.0000 -1.0000 -1.0000 -1.0000 2.0084 1.4400 4.5504 21.8366 -3.3258 0.8007 0.0557 0.8485
Car 0.0000 0 0.0000 -1.0000 -1.0000 -1.0000 -1.0000 2.0371 1.5476 4.6198 47.4937 7.1187 0.9415 -0.0864 0.7282
Car 0.0000 0 0.0000 -1.0000 -1.0000 -1.0000 -1.0000 1.9612 1.7603 4.6858 -6.9543 -37.4220 1.1823 1.7348 0.4963
Car 0.0000 0 0.0000 -1.0000 -1.0000 -1.0000 -1.0000 1.9941 1.8155 4.8410 -23.9247 -39.0417 1.3289 1.6310 0.4652
Car 0.0000 0 0.0000 -1.0000 -1.0000 -1.0000 -1.0000 2.0096 1.8601 4.9117 6.4072 -38.8936 1.5272 1.6581 0.4309
Car 0.0000 0 0.0000 -1.0000 -1.0000 -1.0000 -1.0000 1.8993 1.5073 4.5970 16.7331 -33.1385 1.2881 1.4727 0.4292
Car 0.0000 0 0.0000 -1.0000 -1.0000 -1.0000 -1.0000 1.9013 1.5363 4.5592 23.9997 -32.7539 1.3962 1.5606 0.4086
Car 0.0000 0 0.0000 -1.0000 -1.0000 -1.0000 -1.0000 1.9177 1.5590 4.5925 -77.0123 3.6306 0.4734 3.0018 0.4057
Car 0.0000 0 0.0000 -1.0000 -1.0000 -1.0000 -1.0000 1.9046 1.5195 4.5731 -17.6821 -22.4207 0.9397 -1.6146 0.3965
Car 0.0000 0 0.0000 -1.0000 -1.0000 -1.0000 -1.0000 1.9161 1.6951 4.5752 -25.1867 -22.5074 1.0610 -1.5179 0.3881
Car 0.0000 0 0.0000 -1.0000 -1.0000 -1.0000 -1.0000 1.9625 1.6861 4.7616 38.7388 -33.9267 1.4379 1.5084 0.3868
Car 0.0000 0 0.0000 -1.0000 -1.0000 -1.0000 -1.0000 1.9166 1.6328 4.6283 -2.4405 -24.0266 1.1484 1.6538 0.3693
Car 0.0000 0 0.0000 -1.0000 -1.0000 -1.0000 -1.0000 1.9276 1.6432 4.6574 29.6347 -37.4143 1.6446 1.6639 0.3616
Car 0.0000 0 0.0000 -1.0000 -1.0000 -1.0000 -1.0000 2.0084 1.5367 4.7269 -57.9121 3.7791 0.6022 0.0089 0.3604
Car 0.0000 0 0.0000 -1.0000 -1.0000 -1.0000 -1.0000 1.9437 1.7745 4.7481 46.1706 -33.8803 1.6996 1.4604 0.3309
Car 0.0000 0 0.0000 -1.0000 -1.0000 -1.0000 -1.0000 1.8882 1.5810 4.5666 33.7198 -32.7051 1.4075 1.4503 0.3245
Car 0.0000 0 0.0000 -1.0000 -1.0000 -1.0000 -1.0000 1.8999 1.5215 4.5912 7.1956 -23.5721 0.9670 1.6151 0.3233
Car 0.0000 0 0.0000 -1.0000 -1.0000 -1.0000 -1.0000 1.9161 1.5320 4.7246 10.6898 -38.8546 1.2289 1.6327 0.3160
Car 0.0000 0 0.0000 -1.0000 -1.0000 -1.0000 -1.0000 1.9350 1.6277 4.6682 -32.1763 -23.9029 0.9911 1.6144 0.3051
Car 0.0000 0 0.0000 -1.0000 -1.0000 -1.0000 -1.0000 1.8896 1.5674 4.5369 37.5554 -21.5215 1.3219 1.6653 0.3036
Car 0.0000 0 0.0000 -1.0000 -1.0000 -1.0000 -1.0000 1.9174 1.6895 4.6960 18.1518 -38.7940 1.4698 1.6637 0.3018
Pedestrian 0.0000 0 0.0000 -1.0000 -1.0000 -1.0000 -1.0000 0.6913 1.6674 0.6568 -29.2085 15.9728 0.5555 0.0066 0.4034
