Car 0.0000 0 0.0000 -1.0000 -1.0000 -1.0000 -1.0000 1.9129 1.4262 4.3911 6.3015 -8.2118 0.6882 -0.0298 0.7744
Car 0.0000 0 0.0000 -1.0000 -1.0000 -1.0000 -1.0000 2.0788 1.7213 4.6669 -43.3634 -0.5793 0.9452 -3.1105 0.7269
Car 0.0000 0 0.0000 -1.0000 -1.0000 -1.0000 -1.0000 2.0015 1.5785 4.6422 -16.2072 -6.2373 0.8145 -0.0063 0.6888
Car 0.0000 0 0.0000 -1.0000 -1.0000 -1.0000 -1.0000 1.8842 1.4368 4.3625 11.7979 -8.5078 0.7173 0.0015 0.6803
Car 0.0000 0 0.0000 -1.0000 -1.0000 -1.0000 -1.0000 1.8298 1.4608 4.3189 1.3249 -8.7278 0.7163 -0.0169 0.6635
Car 0.0000 0 0.0000 -1.0000 -1.0000 -1.0000 -1.0000 2.0047 1.5122 4.6111 -11.5640 -0.9123 0.7307 -0.0142 0.6059
Car 0.0000 0 0.0000 -1.0000 -1.0000 -1.0000 -1.0000 1.9266 1.4899 4.5050 20.2533 -7.2981 0.7074 0.0186 0.6034
Car 0.0000 0 0.0000 -1.0000 -1.0000 -1.0000 -1.0000 2.0174 1.7057 4.6859 -1.7083 7.1956 0.7619 -3.0821 0.5937
Car 0.0000 0 0.0000 -1.0000 -1.0000 -1.0000 -1.0000 1.9781 1.5054 4.5808 -11.6243 -9.0165 0.7433 -3.1102 0.5893
Car 0.0000 0 0.0000 -1.0000 -1.0000 -1.0000 -1.0000 1.8901 1.5048 4.4076 8.7638 3.3981 0.7078 3.1289 0.5885
Car 0.0000 0 0.0000 -1.0000 -1.0000 -1.0000 -1.0000 2.0882 1.9848 4.8572 -5.9282 3.4024 0.9405 0.0280 0.5721
Car 0.0000 0 0.0000 -1.0000 -1.0000 -1.0000 -1.0000 1.9773 1.6822 4.5708 60.2028 1.6873 0.8650 0.1299 0.5579
Car 0.0000 0 0.0000 -1.0000 -1.0000 -1.0000 -1.0000 1.9891 1.4700 4.6246 22.7900 9.0588 0.5507 -0.0156 0.4538
Car 0.0000 0 0.0000 -1.0000 -1.0000 -1.0000 -1.0000 1.9029 1.5002 4.5547 -7.4601 -22.7706 1.1753 -1.7999 0.4341
Car 0.0000 0 0.0000 -1.0000 -1.0000 -1.0000 -1.0000 1.8688 1.5360 4.4590 -50.8672 12.3864 0.5047 -0.0137 0.4306
Car 0.0000 0 0.0000 -1.0000 -1.0000 -1.0000 -1.0000 1.9200 1.6026 4.5524 -8.1251 -16.4754 1.0822 -1.5457 0.4187
Car 0.0000 0 0.0000 -1.0000 -1.0000 -1.0000 -1.0000 1.9389 1.6253 4.5496 -18.7884 -9.0192 0.9124 -3.0810 0.4124
Car 0.0000 0 0.0000 -1.0000 -1.0000 -1.0000 -1.0000 1.8751 1.5965 4.4204 6.0645 14.2771 0.4385 -3.0891 0.4046
Car 0.0000 0 0.0000 -1.0000 -1.0000 -1.0000 -1.0000 1.9179 1.5518 4.5228 -39.9518 20.7295 0.4109 -1.5092 0.4000
Car 0.0000 0 0.0000 -1.0000 -1.0000 -1.0000 -1.0000 1.8259 1.5385 4.4090 -35.7871 -9.3660 0.7866 3.1414 0.3733
Car 0.0000 0 0.0000 -1.0000 -1.0000 -1.0000 -1.0000 1.8816 1.5775 4.4724 66.1021 13.8766 0.4790 -0.0076 0.3449
Car 0.0000 0 0.0000 -1.0000 -1.0000 -1.0000 -1.0000 1.8754 1.6034 4.5129 -7.3160 -27.4331 1.3269 -1.9305 0.3349
Car 0.0000 0 0.0000 -1.0000 -1.0000 -1.0000 -1.0000 1.8505 1.4652 4.4672 -41.0694 -9.1902 0.8286 -3.0869 0.3295
Truck 0.0000 0 0.0000 -1.0000 -1.0000 -1.0000 -1.0000 3.0493 3.6401 11.3573 -54.4265 3.4536 1.8337 -0.0000 0.5384
Cyclist 0.0000 0 0.0000 -1.0000 -1.0000 -1.0000 -1.0000 0.9232 1.6223 1.9348 12.6207 2.0430 0.7877 -3.1324 0.4460
Cyclist 0.0000 0 0.0000 -1.0000 -1.0000 -1.0000 -1.0000 0.6966 1.5048 1.6490 18.5436 -9.3334 0.7178 -3.1359 0.4054
Cyclist 0.0000 0 0.0000 -1.0000 -1.0000 -1.0000 -1.0000 0.7289 1.5232 1.6703 12.6423 -11.7071 0.9233 3.1308 0.4032
Cyclist 0.0000 0 0.0000 -1.0000 -1.0000 -1.0000 -1.0000 0.6793 1.4066 1.6595 3.1163 -10.9455 0.8166 0.0071 0.4024
Cyclist 0.0000 0 0.0000 -1.0000 -1.0000 -1.0000 -1.0000 0.8094 1.5116 1.8124 28.1584 19.3303 0.5336 0.0085 0.3641
Cyclist 0.0000 0 0.0000 -1.0000 -1.0000 -1.0000 -1.0000 0.6731 1.2290 1.6676 23.9943 -11.0792 0.6470 -0.2238 0.3558
Pedestrian 0.0000 0 0.0000 -1.0000 -1.0000 -1.0000 -1.0000 0.6969 1.6731 0.6624 6.1067 -12.7912 1.1476 0.0359 0.4618
Pedestrian 0.0000 0 0.0000 -1.0000 -1.0000 -1.0000 -1.0000 0.6903 1.6720 0.6029 16.0525 -12.2071 0.9849 0.0449 0.4206
Pedestrian 0.0000 0 0.0000 -1.0000 -1.0000 -1.0000 -1.0000 0.6867 1.5839 0.6367 -7.1430 -7.9509 0.7550 -2.9032 0.3889
Pedestrian 0.0000 0 0.0000 -1.0000 -1.0000 -1.0000 -1.0000 0.6858 1.6007 0.6328 3.3300 12.7168 0.4755 -3.1169 0.3653
Pedestrian 0.0000 0 0.0000 -1.0000 -1.0000 -1.0000 -1.0000 0.6941 1.6815 0.5981 37.1146 18.4576 0.7242 0.0221 0.3337
