Car 0.0000 0 0.0000 -1.0000 -1.0000 -1.0000 -1.0000 1.9108 1.4271 4.4720 -17.8903 3.5496 0.6823 -3.1373 0.6908
Car 0.0000 0 0.0000 -1.0000 -1.0000 -1.0000 -1.0000 1.8827 1.6329 4.3796 -35.0444 3.1640 0.7606 -3.1284 0.6563
Car 0.0000 0 0.0000 -1.0000 -1.0000 -1.0000 -1.0000 1.9104 1.4473 4.4457 -41.7480 2.9621 0.6195 -3.1247 0.6329
Car 0.0000 0 0.0000 -1.0000 -1.0000 -1.0000 -1.0000 1.9821 1.8433 4.6130 -25.0334 3.2382 0.8538 -0.0177 0.6204
Car 0.0000 0 0.0000 -1.0000 -1.0000 -1.0000 -1.0000 1.9388 1.6616 4.4706 63.2655 -0.3083 0.9801 0.0038 0.5823
Car 0.0000 0 0.0000 -1.0000 -1.0000 -1.0000 -1.0000 1.9555 1.5465 4.5187 -9.3936 3.2689 0.7151 -3.1202 0.5404
Car 0.0000 0 0.0000 -1.0000 -1.0000 -1.0000 -1.0000 1.9082 1.5106 4.4350 8.3466 3.7487 0.7225 0.0012 0.5119
Car 0.0000 0 0.0000 -1.0000 -1.0000 -1.0000 -1.0000 1.9295 1.5135 4.5706 -66.1598 2.3705 0.7057 -0.0566 0.5075
Car 0.0000 0 0.0000 -1.0000 -1.0000 -1.0000 -1.0000 2.0185 1.5926 4.6476 -2.1711 3.9008 0.7676 -0.0129 0.4875
Car 0.0000 0 0.0000 -1.0000 -1.0000 -1.0000 -1.0000 1.8340 1.4346 4.4445 -47.4444 2.3425 0.6464 3.1260 0.4008
Car 0.0000 0 0.0000 -1.0000 -1.0000 -1.0000 -1.0000 1.9469 1.5468 4.6413 63.2993 6.6226 0.8827 0.1101 0.3467
Car 0.0000 0 0.0000 -1.0000 -1.0000 -1.0000 -1.0000 1.8605 1.5196 4.4434 -72.2860 1.2112 0.6649 -0.0243 0.3133
Truck 0.0000 0 0.0000 -1.0000 -1.0000 -1.0000 -1.0000 2.9014 3.1193 11.1919 26.6064 4.4106 1.5849 0.0402 0.7495
Tricar 0.0000 0 0.0000 -1.0000 -1.0000 -1.0000 -1.0000 1.3500 1.8689 3.0544 -20.4419 7.6615 0.9177 -3.0968 0.4777
Cyclist 0.0000 0 0.0000 -1.0000 -1.0000 -1.0000 -1.0000 0.7378 1.5689 1.6827 24.2736 -4.2189 0.8540 3.1371 0.6616
Cyclist 0.0000 0 0.0000 -1.0000 -1.0000 -1.0000 -1.0000 0.8626 1.5923 1.8692 -12.4575 -3.5002 0.8306 -3.1346 0.6396
Cyclist 0.0000 0 0.0000 -1.0000 -1.0000 -1.0000 -1.0000 0.6692 1.1527 1.6495 12.8865 -8.4489 0.8489 -0.0521 0.3339
Cyclist 0.0000 0 0.0000 -1.0000 -1.0000 -1.0000 -1.0000 0.8699 1.5040 1.9260 -26.7999 -10.5462 0.7160 -1.2491 0.3323
Cyclist 0.0000 0 0.0000 -1.0000 -1.0000 -1.0000 -1.0000 0.7996 1.5534 1.7733 70.1906 -4.0669 0.8234 3.1331 0.3264
Pedestrian 0.0000 0 0.0000 -1.0000 -1.0000 -1.0000 -1.0000 0.6997 1.6753 0.6935 17.5088 -6.3936 1.0784 3.0964 0.5382
Pedestrian 0.0000 0 0.0000 -1.0000 -1.0000 -1.0000 -1.0000 0.6891 1.6707 0.6237 -33.0706 10.9220 0.6977 3.1013 0.4776
Pedestrian 0.0000 0 0.0000 -1.0000 -1.0000 -1.0000 -1.0000 0.6999 1.6278 0.6689 -19.5385 10.2368 0.7267 -0.0157 0.4374
Pedestrian 0.0000 0 0.0000 -1.0000 -1.0000 -1.0000 -1.0000 0.7369 1.6567 0.7404 24.1873 10.0440 0.8796 0.0491 0.4217
Pedestrian 0.0000 0 0.0000 -1.0000 -1.0000 -1.0000 -1.0000 0.7211 1.7446 0.6701 46.9527 -9.1139 1.2712 3.0381 0.3785
