Car 0.0000 0 0.0000 -1.0000 -1.0000 -1.0000 -1.0000 1.9991 1.4318 4.5907 12.5094 3.1784 0.8053 0.0003 0.8419
Car 0.0000 0 0.0000 -1.0000 -1.0000 -1.0000 -1.0000 1.9438 1.4696 4.4877 2.8707 3.2017 0.7744 3.1347 0.7902
Car 0.0000 0 0.0000 -1.0000 -1.0000 -1.0000 -1.0000 1.9172 1.4500 4.4857 -4.3995 2.6859 0.7160 3.1363 0.7879
Car 0.0000 0 0.0000 -1.0000 -1.0000 -1.0000 -1.0000 1.9852 1.4505 4.5515 22.4708 2.6511 0.8719 -0.0165 0.7727
Car 0.0000 0 0.0000 -1.0000 -1.0000 -1.0000 -1.0000 1.9410 1.4561 4.5509 -10.3928 0.6917 0.6886 0.0179 0.7644
Car 0.0000 0 0.0000 -1.0000 -1.0000 -1.0000 -1.0000 1.9267 1.4834 4.4665 -12.4650 3.5053 0.7405 3.1271 0.7584
Car 0.0000 0 0.0000 -1.0000 -1.0000 -1.0000 -1.0000 1.9215 1.4233 4.4805 -18.2836 0.2574 0.6568 3.1091 0.7514
Car 0.0000 0 0.0000 -1.0000 -1.0000 -1.0000 -1.0000 2.0625 1.5453 4.6841 -25.1393 3.4886 0.7378 -0.0059 0.7475
Car 0.0000 0 0.0000 -1.0000 -1.0000 -1.0000 -1.0000 1.9702 1.5793 4.5918 -36.9132 3.4090 0.6652 -0.0144 0.7309
Car 0.0000 0 0.0000 -1.0000 -1.0000 -1.0000 -1.0000 2.0479 1.7512 4.6917 -29.2204 -0.2056 0.8220 -0.0171 0.5730
Car 0.0000 0 0.0000 -1.0000 -1.0000 -1.0000 -1.0000 1.9627 1.7364 4.4999 7.5630 -0.4445 0.9110 -0.0123 0.4688
Car 0.0000 0 0.0000 -1.0000 -1.0000 -1.0000 -1.0000 1.9156 1.5816 4.5816 31.0262 3.4711 1.0080 0.0301 0.4206
Car 0.0000 0 0.0000 -1.0000 -1.0000 -1.0000 -1.0000 1.9546 1.6980 4.6452 -15.8799 14.5927 0.5561 -0.0442 0.3575
Car 0.0000 0 0.0000 -1.0000 -1.0000 -1.0000 -1.0000 1.9193 1.5744 4.5241 33.8571 -0.3703 1.0458 0.0095 0.3323
Car 0.0000 0 0.0000 -1.0000 -1.0000 -1.0000 -1.0000 1.8705 1.6649 4.3624 18.9135 -0.4434 1.0120 3.1159 0.3307
Car 0.0000 0 0.0000 -1.0000 -1.0000 -1.0000 -1.0000 1.8679 1.6202 4.5164 -66.3957 3.1457 0.8712 -0.0047 0.3080
Car 0.0000 0 0.0000 -1.0000 -1.0000 -1.0000 -1.0000 1.9730 1.6070 4.7195 -57.4753 2.8365 0.7856 0.0499 0.3076
Truck 0.0000 0 0.0000 -1.0000 -1.0000 -1.0000 -1.0000 2.8611 3.0861 9.3384 -50.7720 0.4363 1.6558 -3.1027 0.4359
Truck 0.0000 0 0.0000 -1.0000 -1.0000 -1.0000 -1.0000 2.1415 2.3120 5.4333 37.8043 2.8343 1.4718 0.0523 0.3274
Cyclist 0.0000 0 0.0000 -1.0000 -1.0000 -1.0000 -1.0000 0.7576 1.5583 1.7258 -29.9644 -6.5532 0.6983 0.0288 0.5009
Cyclist 0.0000 0 0.0000 -1.0000 -1.0000 -1.0000 -1.0000 0.6993 1.5104 1.6787 -9.9270 24.4977 0.2459 0.0025 0.3003
