Car 0.0000 0 0.0000 -1.0000 -1.0000 -1.0000 -1.0000 2.1339 1.6980 4.7679 12.4240 21.5420 0.8361 -3.0393 0.8603
Car 0.0000 0 0.0000 -1.0000 -1.0000 -1.0000 -1.0000 1.9665 1.4469 4.5031 -31.4625 6.1780 0.6842 0.0177 0.8168
Car 0.0000 0 0.0000 -1.0000 -1.0000 -1.0000 -1.0000 2.0256 1.5245 4.5853 -14.3390 0.2639 0.7587 -3.1089 0.8150
Car 0.0000 0 0.0000 -1.0000 -1.0000 -1.0000 -1.0000 1.9708 1.4887 4.5709 -37.0678 -1.6014 0.6674 0.0313 0.7512
Car 0.0000 0 0.0000 -1.0000 -1.0000 -1.0000 -1.0000 1.9529 1.6759 4.4885 -17.9065 19.3532 0.8234 -3.0108 0.7493
Car 0.0000 0 0.0000 -1.0000 -1.0000 -1.0000 -1.0000 2.0418 1.7492 4.6711 50.7333 1.5194 0.9503 0.0534 0.7486
Car 0.0000 0 0.0000 -1.0000 -1.0000 -1.0000 -1.0000 1.9206 1.5568 4.4720 -46.3786 14.5345 0.7099 -3.0679 0.6511
Car 0.0000 0 0.0000 -1.0000 -1.0000 -1.0000 -1.0000 1.9711 1.4532 4.5579 -43.7048 2.5619 0.6832 -3.0460 0.5345
Car 0.0000 0 0.0000 -1.0000 -1.0000 -1.0000 -1.0000 1.9503 1.6095 4.5952 -64.0534 0.6345 0.7169 -3.1147 0.5134
Car 0.0000 0 0.0000 -1.0000 -1.0000 -1.0000 -1.0000 1.9444 1.5563 4.5877 -54.1182 -2.6198 0.6889 0.0205 0.4667
Car 0.0000 0 0.0000 -1.0000 -1.0000 -1.0000 -1.0000 1.9550 1.5625 4.4979 44.2227 16.5244 0.7991 -3.0700 0.4638
Car 0.0000 0 0.0000 -1.0000 -1.0000 -1.0000 -1.0000 1.9466 1.5886 4.6630 78.7138 29.6387 0.8272 3.0631 0.3169
