Car 0.0000 0 0.0000 -1.0000 -1.0000 -1.0000 -1.0000 2.0038 1.4630 4.5621 8.8450 0.2601 0.8082 -0.0023 0.6993
Car 0.0000 0 0.0000 -1.0000 -1.0000 -1.0000 -1.0000 1.9532 1.5274 4.5576 21.1362 -3.3237 0.8687 0.0025 0.6231
Car 0.0000 0 0.0000 -1.0000 -1.0000 -1.0000 -1.0000 1.9716 1.4740 4.5507 25.2550 3.2440 0.8676 3.1371 0.6086
Car 0.0000 0 0.0000 -1.0000 -1.0000 -1.0000 -1.0000 1.9764 1.5357 4.4813 16.0046 -0.2530 0.8486 3.0985 0.4736
Car 0.0000 0 0.0000 -1.0000 -1.0000 -1.0000 -1.0000 1.9965 1.5035 4.5179 -9.4097 0.1397 0.7918 -3.1299 0.4566
Car 0.0000 0 0.0000 -1.0000 -1.0000 -1.0000 -1.0000 1.9776 1.7387 4.6740 -24.8876 -18.2425 0.9646 -1.4605 0.4372
Car 0.0000 0 0.0000 -1.0000 -1.0000 -1.0000 -1.0000 1.9337 1.8360 4.4837 25.3910 0.7515 1.0535 3.1258 0.3751
Car 0.0000 0 0.0000 -1.0000 -1.0000 -1.0000 -1.0000 1.8862 1.6593 4.5409 57.8709 -30.3397 1.4784 1.5272 0.3611
Car 0.0000 0 0.0000 -1.0000 -1.0000 -1.0000 -1.0000 1.9400 1.6613 4.7046 -27.5533 -27.3371 1.1227 -1.4787 0.3111
Truck 0.0000 0 0.0000 -1.0000 -1.0000 -1.0000 -1.0000 3.0851 3.8454 12.4436 62.2596 12.9320 2.0102 2.1774 0.4592
Truck 0.0000 0 0.0000 -1.0000 -1.0000 -1.0000 -1.0000 2.0690 2.0931 5.2094 13.6391 -3.6558 1.0827 3.0729 0.4244
Pedestrian 0.0000 0 0.0000 -1.0000 -1.0000 -1.0000 -1.0000 0.6817 1.6778 0.6223 -33.4915 -6.3623 1.0326 3.1071 0.3178
