Car 0.0000 0 0.0000 -1.0000 -1.0000 -1.0000 -1.0000 2.1255 1.8479 4.7911 -21.5342 -0.5770 0.8884 -3.1266 0.7875
Car 0.0000 0 0.0000 -1.0000 -1.0000 -1.0000 -1.0000 2.0325 1.7971 4.6279 -0.9990 -3.6803 0.9148 -3.1352 0.7126
Car 0.0000 0 0.0000 -1.0000 -1.0000 -1.0000 -1.0000 1.9053 1.5725 4.3823 43.3973 -4.3179 0.8154 0.0232 0.6786
Car 0.0000 0 0.0000 -1.0000 -1.0000 -1.0000 -1.0000 2.0545 1.7184 4.6447 38.0863 -0.2854 0.9238 0.0266 0.5120
Car 0.0000 0 0.0000 -1.0000 -1.0000 -1.0000 -1.0000 1.9497 1.5589 4.5871 65.1192 -4.0900 0.5561 0.0810 0.4662
Car 0.0000 0 0.0000 -1.0000 -1.0000 -1.0000 -1.0000 1.9744 1.4327 4.4695 -34.3083 -3.5566 0.6008 -3.1265 0.4626
Car 0.0000 0 0.0000 -1.0000 -1.0000 -1.0000 -1.0000 1.9392 1.6755 4.5945 64.2257 19.6365 -0.0048 2.6387 0.4517
Car 0.0000 0 0.0000 -1.0000 -1.0000 -1.0000 -1.0000 1.9010 1.7011 4.5048 -56.4115 -3.7390 0.5842 3.0916 0.3854
Car 0.0000 0 0.0000 -1.0000 -1.0000 -1.0000 -1.0000 1.9223 1.6928 4.5176 58.7268 20.9991 0.0247 -1.9773 0.3846
Pedestrian 0.0000 0 0.0000 -1.0000 -1.0000 -1.0000 -1.0000 0.6944 1.6998 0.6335 -17.7957 -16.7320 0.9715 0.0909 0.4569
Pedestrian 0.0000 0 0.0000 -1.0000 -1.0000 -1.0000 -1.0000 0.6926 1.6832 0.6241 -16.3086 -18.5764 0.9984 -2.1972 0.4271
Pedestrian 0.0000 0 0.0000 -1.0000 -1.0000 -1.0000 -1.0000 0.7093 1.6159 0.6585 -5.2049 -18.2193 0.9501 0.7124 0.3254
