Car 0.0000 0 0.0000 -1.0000 -1.0000 -1.0000 -1.0000 1.9480 1.4012 4.5584 -22.2058 3.2136 0.6645 3.1411 0.7869
Car 0.0000 0 0.0000 -1.0000 -1.0000 -1.0000 -1.0000 1.9638 1.4956 4.5258 6.5246 3.3765 0.8575 0.0080 0.7799
Car 0.0000 0 0.0000 -1.0000 -1.0000 -1.0000 -1.0000 2.0017 1.4500 4.5038 -11.1302 2.5861 0.7731 -3.1018 0.7748
Car 0.0000 0 0.0000 -1.0000 -1.0000 -1.0000 -1.0000 1.9761 1.4858 4.5499 23.7157 3.6493 0.9473 0.0300 0.6646
Car 0.0000 0 0.0000 -1.0000 -1.0000 -1.0000 -1.0000 1.9783 1.4332 4.5922 -31.8326 1.7483 0.6306 3.1084 0.6377
Car 0.0000 0 0.0000 -1.0000 -1.0000 -1.0000 -1.0000 1.9512 1.5496 4.5507 -42.3443 3.3545 0.7011 -0.0044 0.5814
Car 0.0000 0 0.0000 -1.0000 -1.0000 -1.0000 -1.0000 1.9807 1.5203 4.6377 56.9498 2.8012 1.2230 0.0751 0.5303
Car 0.0000 0 0.0000 -1.0000 -1.0000 -1.0000 -1.0000 2.0237 1.7387 4.6558 -38.9265 -0.1743 0.7964 -0.0174 0.4809
Car 0.0000 0 0.0000 -1.0000 -1.0000 -1.0000 -1.0000 1.9034 1.6213 4.5385 3.2185 16.8281 0.7366 3.1115 0.4804
Car 0.0000 0 0.0000 -1.0000 -1.0000 -1.0000 -1.0000 1.9614 1.4116 4.5626 -22.6781 -0.1050 0.6561 -3.1304 0.4751
Car 0.0000 0 0.0000 -1.0000 -1.0000 -1.0000 -1.0000 2.0418 1.6613 4.6502 10.3514 -0.0492 0.9228 -3.1196 0.4361
Car 0.0000 0 0.0000 -1.0000 -1.0000 -1.0000 -1.0000 1.9400 1.4655 4.5452 46.5277 3.6953 1.1634 -3.1320 0.4120
Car 0.0000 0 0.0000 -1.0000 -1.0000 -1.0000 -1.0000 1.8827 1.4818 4.4877 39.0645 -16.8632 1.1134 1.5991 0.3885
Truck 0.0000 0 0.0000 -1.0000 -1.0000 -1.0000 -1.0000 2.8413 2.9577 9.4033 -68.2564 -0.6268 1.4707 -3.1008 0.4122
