Car 0.0000 0 0.0000 -1.0000 -1.0000 -1.0000 -1.0000 1.9738 1.4587 4.5151 7.9742 3.4126 0.7859 0.0100 0.7931
Car 0.0000 0 0.0000 -1.0000 -1.0000 -1.0000 -1.0000 1.9840 1.4749 4.5528 14.9501 3.2611 0.8746 0.0094 0.7589
Car 0.0000 0 0.0000 -1.0000 -1.0000 -1.0000 -1.0000 1.9805 1.5335 4.5441 23.7585 3.4559 1.0621 3.1276 0.7360
Car 0.0000 0 0.0000 -1.0000 -1.0000 -1.0000 -1.0000 1.9606 1.4972 4.5601 8.9550 -0.2683 0.8239 0.0274 0.7004
Car 0.0000 0 0.0000 -1.0000 -1.0000 -1.0000 -1.0000 1.9208 1.7878 4.4460 45.6039 3.0576 1.4596 3.1287 0.5311
Car 0.0000 0 0.0000 -1.0000 -1.0000 -1.0000 -1.0000 1.9629 1.5047 4.6116 30.7718 3.3031 1.1390 0.0006 0.4964
Car 0.0000 0 0.0000 -1.0000 -1.0000 -1.0000 -1.0000 1.8917 1.6387 4.4003 -14.6587 13.5486 0.6032 -3.1176 0.4787
Car 0.0000 0 0.0000 -1.0000 -1.0000 -1.0000 -1.0000 1.9677 1.5587 4.5733 18.6972 -0.5008 1.0307 0.0170 0.4543
Car 0.0000 0 0.0000 -1.0000 -1.0000 -1.0000 -1.0000 1.8861 1.5321 4.4252 24.2828 0.3647 1.0802 3.1289 0.4076
Car 0.0000 0 0.0000 -1.0000 -1.0000 -1.0000 -1.0000 1.9269 1.6445 4.6002 -40.7851 16.4347 0.4620 -0.0523 0.4061
Car 0.0000 0 0.0000 -1.0000 -1.0000 -1.0000 -1.0000 1.9744 1.5558 4.5860 31.1821 0.7213 1.1868 3.1156 0.3856
Car 0.0000 0 0.0000 -1.0000 -1.0000 -1.0000 -1.0000 1.9400 1.5420 4.6264 -25.4125 16.8490 0.3193 3.0945 0.3668
Car 0.0000 0 0.0000 -1.0000 -1.0000 -1.0000 -1.0000 1.8262 1.5924 4.3688 48.9303 -5.3929 1.4720 3.0784 0.3353
Car 0.0000 0 0.0000 -1.0000 -1.0000 -1.0000 -1.0000 1.9639 1.7560 4.6670 38.8462 4.0435 1.3961 0.0103 0.3327
Truck 0.0000 0 0.0000 -1.0000 -1.0000 -1.0000 -1.0000 3.0153 3.4401 10.8079 -81.2923 -1.1413 1.4501 -3.0246 0.5517
Cyclist 0.0000 0 0.0000 -1.0000 -1.0000 -1.0000 -1.0000 0.7070 1.5229 1.6571 9.1878 -6.9276 0.7971 3.0717 0.3054
