Car 0.0000 0 0.0000 -1.0000 -1.0000 -1.0000 -1.0000 1.8873 1.4547 4.4771 0.4284 -31.2629 1.5023 1.5370 0.5529
Car 0.0000 0 0.0000 -1.0000 -1.0000 -1.0000 -1.0000 1.8949 1.5575 4.5735 -15.9609 -18.6318 1.0877 1.5864 0.4834
Car 0.0000 0 0.0000 -1.0000 -1.0000 -1.0000 -1.0000 1.9075 1.5651 4.5266 19.3525 -18.2173 1.2894 1.6319 0.4402
Car 0.0000 0 0.0000 -1.0000 -1.0000 -1.0000 -1.0000 1.8543 1.5164 4.5316 20.0799 -31.8138 1.5266 1.6666 0.4281
Car 0.0000 0 0.0000 -1.0000 -1.0000 -1.0000 -1.0000 1.9230 1.6204 4.6922 -20.0388 -18.0503 1.1201 1.5704 0.4145
Car 0.0000 0 0.0000 -1.0000 -1.0000 -1.0000 -1.0000 1.8821 1.4827 4.5073 -5.2015 -31.7292 1.5031 1.6100 0.4008
Car 0.0000 0 0.0000 -1.0000 -1.0000 -1.0000 -1.0000 1.8940 1.4958 4.5836 3.2670 -38.8386 1.6332 1.4409 0.3873
Car 0.0000 0 0.0000 -1.0000 -1.0000 -1.0000 -1.0000 1.9151 1.7424 4.5722 17.8205 -32.2472 1.6362 1.6312 0.3814
Car 0.0000 0 0.0000 -1.0000 -1.0000 -1.0000 -1.0000 1.9482 1.7131 4.6917 -6.9742 -17.4524 1.3564 1.6415 0.3679
Car 0.0000 0 0.0000 -1.0000 -1.0000 -1.0000 -1.0000 1.8770 1.4999 4.6032 -11.8533 -18.1942 1.1147 -1.4515 0.3462
Car 0.0000 0 0.0000 -1.0000 -1.0000 -1.0000 -1.0000 2.0139 2.0374 4.8848 -26.0528 -17.9636 1.3888 1.6054 0.3332
Car 0.0000 0 0.0000 -1.0000 -1.0000 -1.0000 -1.0000 1.8710 1.5395 4.5365 31.8426 -31.2205 1.5735 1.4923 0.3221
Car 0.0000 0 0.0000 -1.0000 -1.0000 -1.0000 -1.0000 1.8306 1.4706 4.4667 22.0734 -31.5573 1.4190 1.6394 0.3038
