Car 0.0000 0 0.0000 -1.0000 -1.0000 -1.0000 -1.0000 1.9843 1.4547 4.5809 9.9575 6.9257 0.7249 0.0004 0.8300
Car 0.0000 0 0.0000 -1.0000 -1.0000 -1.0000 -1.0000 2.0164 1.7192 4.6319 -8.6354 6.7655 0.8114 -0.0169 0.8116
Car 0.0000 0 0.0000 -1.0000 -1.0000 -1.0000 -1.0000 1.9783 1.4663 4.5658 -14.3853 6.3933 0.6325 -3.1122 0.8116
Car 0.0000 0 0.0000 -1.0000 -1.0000 -1.0000 -1.0000 1.9638 1.6448 4.4969 3.9934 6.7644 0.8311 -3.1373 0.7416
Car 0.0000 0 0.0000 -1.0000 -1.0000 -1.0000 -1.0000 1.9319 1.4345 4.4943 -20.4710 6.2237 0.5543 -3.1403 0.7159
Car 0.0000 0 0.0000 -1.0000 -1.0000 -1.0000 -1.0000 1.9259 1.4343 4.4758 15.9871 7.3255 0.7556 3.1283 0.7139
Car 0.0000 0 0.0000 -1.0000 -1.0000 -1.0000 -1.0000 1.8756 1.4371 4.3840 -26.4299 6.2294 0.5065 -3.1232 0.6774
Car 0.0000 0 0.0000 -1.0000 -1.0000 -1.0000 -1.0000 1.9199 1.4333 4.5366 1.0350 -12.5034 0.3408 -1.5853 0.6721
Car 0.0000 0 0.0000 -1.0000 -1.0000 -1.0000 -1.0000 1.8359 1.3984 4.4326 -2.2922 6.5063 0.6637 3.1160 0.6666
Car 0.0000 0 0.0000 -1.0000 -1.0000 -1.0000 -1.0000 1.9192 1.4456 4.5074 -32.0711 6.2764 0.4833 -3.1281 0.6629
Car 0.0000 0 0.0000 -1.0000 -1.0000 -1.0000 -1.0000 1.9323 1.6933 4.5123 -48.7337 6.4116 0.6683 -3.1363 0.6327
Car 0.0000 0 0.0000 -1.0000 -1.0000 -1.0000 -1.0000 1.9396 1.5244 4.5135 -37.9687 6.1507 0.5333 -3.1198 0.5607
Car 0.0000 0 0.0000 -1.0000 -1.0000 -1.0000 -1.0000 1.8997 1.4422 4.4392 21.5515 7.1515 0.7785 -3.1164 0.5479
Car 0.0000 0 0.0000 -1.0000 -1.0000 -1.0000 -1.0000 2.0004 1.5010 4.6152 31.6833 3.6668 0.9007 0.0604 0.5386
Car 0.0000 0 0.0000 -1.0000 -1.0000 -1.0000 -1.0000 1.9215 1.4949 4.5442 28.0668 7.2047 0.8413 0.0334 0.5202
Car 0.0000 0 0.0000 -1.0000 -1.0000 -1.0000 -1.0000 1.9840 1.4481 4.5746 13.4110 2.7939 0.7686 -3.1337 0.4977
Car 0.0000 0 0.0000 -1.0000 -1.0000 -1.0000 -1.0000 1.9525 1.7947 4.6519 1.4188 -23.8329 0.3196 1.5466 0.4935
Car 0.0000 0 0.0000 -1.0000 -1.0000 -1.0000 -1.0000 1.8577 1.4807 4.5417 -54.2807 6.1316 0.4805 -3.1415 0.3638
Car 0.0000 0 0.0000 -1.0000 -1.0000 -1.0000 -1.0000 1.9063 1.6871 4.4633 33.8215 7.2290 0.9828 0.0456 0.3547
Car 0.0000 0 0.0000 -1.0000 -1.0000 -1.0000 -1.0000 1.9280 1.5718 4.5925 -2.9664 -25.0476 0.1708 -1.6090 0.3525
Car 0.0000 0 0.0000 -1.0000 -1.0000 -1.0000 -1.0000 1.9329 1.6798 4.5804 -69.3261 6.5439 0.7480 -0.0253 0.3074
Cyclist 0.0000 0 0.0000 -1.0000 -1.0000 -1.0000 -1.0000 0.7521 1.5489 1.7124 17.8132 4.9347 0.8487 0.0350 0.5002
Cyclist 0.0000 0 0.0000 -1.0000 -1.0000 -1.0000 -1.0000 0.8381 1.5843 1.8357 40.6880 3.0783 0.9234 0.1048 0.3674
Pedestrian 0.0000 0 0.0000 -1.0000 -1.0000 -1.0000 -1.0000 0.6784 1.5405 0.6506 22.2369 -2.5396 0.8371 -3.1330 0.3215
