Car 0.0000 0 0.0000 -1.0000 -1.0000 -1.0000 -1.0000 2.1518 1.8384 4.8807 -13.1851 -6.8273 0.9299 0.0843 0.7275
Car 0.0000 0 0.0000 -1.0000 -1.0000 -1.0000 -1.0000 2.1995 2.3601 4.9805 42.6637 5.0971 1.0608 -3.0363 0.6707
Car 0.0000 0 0.0000 -1.0000 -1.0000 -1.0000 -1.0000 1.9328 1.5641 4.5086 58.8201 9.3024 0.4388 0.0665 0.5518
Car 0.0000 0 0.0000 -1.0000 -1.0000 -1.0000 -1.0000 1.9989 1.7727 4.6640 -40.6938 -7.5156 0.7600 0.1584 0.5305
Car 0.0000 0 0.0000 -1.0000 -1.0000 -1.0000 -1.0000 2.4153 2.7461 5.4678 21.2667 11.8040 1.0919 -3.0457 0.4854
Car 0.0000 0 0.0000 -1.0000 -1.0000 -1.0000 -1.0000 2.0612 1.6657 4.7371 51.0796 9.6649 0.5491 0.1118 0.4534
Car 0.0000 0 0.0000 -1.0000 -1.0000 -1.0000 -1.0000 1.9779 1.8431 4.6054 1.3655 -21.5377 1.7323 1.6733 0.4373
Car 0.0000 0 0.0000 -1.0000 -1.0000 -1.0000 -1.0000 1.9227 1.4628 4.6329 -4.9950 -22.2529 1.5374 1.7249 0.4056
Car 0.0000 0 0.0000 -1.0000 -1.0000 -1.0000 -1.0000 1.8969 1.5156 4.5813 -8.1110 -23.2921 1.6242 1.6715 0.3471
Car 0.0000 0 0.0000 -1.0000 -1.0000 -1.0000 -1.0000 1.9318 1.6023 4.6424 74.8238 29.2361 -0.3596 -1.6115 0.3075
Truck 0.0000 0 0.0000 -1.0000 -1.0000 -1.0000 -1.0000 2.9593 3.3338 11.8410 -36.1902 -12.9983 1.7020 0.0749 0.5720
Cyclist 0.0000 0 0.0000 -1.0000 -1.0000 -1.0000 -1.0000 0.7935 1.6415 1.7511 -34.8906 -7.4974 0.7388 -2.9668 0.3030
Pedestrian 0.0000 0 0.0000 -1.0000 -1.0000 -1.0000 -1.0000 0.7099 1.6751 0.6911 -24.2327 -9.8817 0.8558 -3.0787 0.5654
Pedestrian 0.0000 0 0.0000 -1.0000 -1.0000 -1.0000 -1.0000 0.6924 1.6720 0.6241 -2.8707 -31.8370 1.9522 -3.0513 0.4360
Pedestrian 0.0000 0 0.0000 -1.0000 -1.0000 -1.0000 -1.0000 0.6740 1.6088 0.5997 -29.9735 -10.7415 0.7453 -2.9675 0.3914
Pedestrian 0.0000 0 0.0000 -1.0000 -1.0000 -1.0000 -1.0000 0.6914 1.6765 0.6121 -31.2973 -9.9719 0.8085 -3.0375 0.3325
Pedestrian 0.0000 0 0.0000 -1.0000 -1.0000 -1.0000 -1.0000 0.7246 1.6499 0.7096 -20.6552 21.3331 0.1014 -3.0384 0.3097
