Car 0.0000 0 0.0000 -1.0000 -1.0000 -1.0000 -1.0000 2.0272 1.4689 4.5389 25.1048 -1.2175 0.8821 -0.0027 0.7784
Car 0.0000 0 0.0000 -1.0000 -1.0000 -1.0000 -1.0000 1.9349 1.6909 4.4715 -4.6902 -12.3953 0.9941 -3.1108 0.7043
Car 0.0000 0 0.0000 -1.0000 -1.0000 -1.0000 -1.0000 1.8640 1.8289 4.2791 24.2809 4.9601 1.0009 -0.0061 0.6114
Car 0.0000 0 0.0000 -1.0000 -1.0000 -1.0000 -1.0000 1.9619 1.5423 4.5705 -10.3277 -12.2961 0.8902 -3.1390 0.6038
Car 0.0000 0 0.0000 -1.0000 -1.0000 -1.0000 -1.0000 2.0119 1.5389 4.5910 -22.5765 -0.1356 0.6831 -3.1047 0.5935
Car 0.0000 0 0.0000 -1.0000 -1.0000 -1.0000 -1.0000 1.9721 1.5258 4.6567 -81.3139 7.1920 0.3597 -0.0476 0.5666
Car 0.0000 0 0.0000 -1.0000 -1.0000 -1.0000 -1.0000 1.8993 1.6359 4.4772 -19.5529 -12.7656 0.9794 -2.9903 0.5507
Car 0.0000 0 0.0000 -1.0000 -1.0000 -1.0000 -1.0000 2.1243 1.9544 4.8292 37.9916 2.0642 1.1734 0.0089 0.5459
Car 0.0000 0 0.0000 -1.0000 -1.0000 -1.0000 -1.0000 1.9535 1.5339 4.5792 71.9782 -1.5870 1.1232 0.0539 0.3468
Car 0.0000 0 0.0000 -1.0000 -1.0000 -1.0000 -1.0000 2.0447 2.2152 4.8123 0.6386 19.2287 1.2474 1.5767 0.3199
Car 0.0000 0 0.0000 -1.0000 -1.0000 -1.0000 -1.0000 1.8704 1.5551 4.4532 41.0606 20.4163 0.7980 -3.0859 0.3112
Truck 0.0000 0 0.0000 -1.0000 -1.0000 -1.0000 -1.0000 2.7917 3.0046 8.7451 -18.7057 -3.3884 1.4634 0.0144 0.5256
Truck 0.0000 0 0.0000 -1.0000 -1.0000 -1.0000 -1.0000 2.5244 2.8534 6.2232 72.3809 21.6959 1.8923 3.1119 0.4151
Truck 0.0000 0 0.0000 -1.0000 -1.0000 -1.0000 -1.0000 3.0335 3.5984 12.0452 -35.5901 20.1335 1.7695 -0.0210 0.3975
Truck 0.0000 0 0.0000 -1.0000 -1.0000 -1.0000 -1.0000 2.6386 2.6229 8.3248 -81.1458 3.0037 0.8286 -3.1083 0.3655
Truck 0.0000 0 0.0000 -1.0000 -1.0000 -1.0000 -1.0000 3.0344 3.8735 11.6338 -63.8006 -2.3063 1.6800 -3.1104 0.3528
Cyclist 0.0000 0 0.0000 -1.0000 -1.0000 -1.0000 -1.0000 0.7872 1.5210 1.7988 4.6680 -11.7456 0.8338 3.1244 0.5318
Cyclist 0.0000 0 0.0000 -1.0000 -1.0000 -1.0000 -1.0000 0.7665 1.5472 1.7192 -12.0139 -9.7753 0.8964 -3.1000 0.5248
Cyclist 0.0000 0 0.0000 -1.0000 -1.0000 -1.0000 -1.0000 0.7904 1.5403 1.8032 1.6185 11.6891 0.6679 3.0937 0.4765
Cyclist 0.0000 0 0.0000 -1.0000 -1.0000 -1.0000 -1.0000 0.7328 1.5486 1.6747 50.4624 13.6318 0.5726 -3.1102 0.3885
Cyclist 0.0000 0 0.0000 -1.0000 -1.0000 -1.0000 -1.0000 0.7588 1.4781 1.7435 2.3969 12.6137 0.6242 3.0266 0.3470
Pedestrian 0.0000 0 0.0000 -1.0000 -1.0000 -1.0000 -1.0000 0.7034 1.6661 0.6510 5.2649 13.7683 0.8229 3.1010 0.4487
Pedestrian 0.0000 0 0.0000 -1.0000 -1.0000 -1.0000 -1.0000 0.6630 1.6206 0.5875 20.0545 -16.1293 1.4853 0.0476 0.3660
Pedestrian 0.0000 0 0.0000 -1.0000 -1.0000 -1.0000 -1.0000 0.7252 1.7177 0.6833 27.2251 10.0336 0.9985 0.0028 0.3209
