Car 0.0000 0 0.0000 -1.0000 -1.0000 -1.0000 -1.0000 1.9985 1.5633 4.5578 -6.3642 4.9867 0.6800 0.0778 0.8661
Car 0.0000 0 0.0000 -1.0000 -1.0000 -1.0000 -1.0000 2.1043 1.7241 4.7490 -12.5601 4.3444 0.7413 -3.1080 0.8397
Car 0.0000 0 0.0000 -1.0000 -1.0000 -1.0000 -1.0000 1.9872 1.4640 4.5609 -0.4336 5.2976 0.6667 0.0901 0.8101
Car 0.0000 0 0.0000 -1.0000 -1.0000 -1.0000 -1.0000 1.9433 1.4504 4.5385 5.2704 3.0844 0.7569 0.1351 0.7922
Car 0.0000 0 0.0000 -1.0000 -1.0000 -1.0000 -1.0000 1.9847 1.5089 4.6043 -24.4444 0.7026 0.5619 -0.1010 0.7728
Car 0.0000 0 0.0000 -1.0000 -1.0000 -1.0000 -1.0000 1.9385 1.5312 4.4960 -18.7324 4.1607 0.5836 3.1375 0.7696
Car 0.0000 0 0.0000 -1.0000 -1.0000 -1.0000 -1.0000 1.9716 1.4904 4.5490 0.5442 12.1992 0.6152 -3.0240 0.7489
Car 0.0000 0 0.0000 -1.0000 -1.0000 -1.0000 -1.0000 1.9339 1.4529 4.5175 -27.9589 -8.6126 0.5864 -1.1238 0.6858
Car 0.0000 0 0.0000 -1.0000 -1.0000 -1.0000 -1.0000 1.9199 1.4177 4.5613 -18.9837 -18.0858 0.8404 -1.3714 0.5900
Car 0.0000 0 0.0000 -1.0000 -1.0000 -1.0000 -1.0000 2.0049 1.6814 4.6467 67.1074 12.9585 1.2619 0.3131 0.5883
Car 0.0000 0 0.0000 -1.0000 -1.0000 -1.0000 -1.0000 1.9301 1.4797 4.5807 -17.4457 -25.1584 0.9194 -1.3420 0.5627
Car 0.0000 0 0.0000 -1.0000 -1.0000 -1.0000 -1.0000 1.9109 1.4868 4.4398 -12.9165 13.6101 0.3846 -3.0693 0.5450
Car 0.0000 0 0.0000 -1.0000 -1.0000 -1.0000 -1.0000 1.9625 1.5073 4.5814 -36.4371 -2.6389 0.4819 2.8177 0.5376
Car 0.0000 0 0.0000 -1.0000 -1.0000 -1.0000 -1.0000 1.9523 1.4787 4.5959 5.4295 5.9394 0.6924 0.0893 0.5311
Car 0.0000 0 0.0000 -1.0000 -1.0000 -1.0000 -1.0000 2.0671 1.6609 4.7391 -37.6072 3.9395 0.5303 -0.2801 0.5169
Car 0.0000 0 0.0000 -1.0000 -1.0000 -1.0000 -1.0000 2.0292 1.8604 4.7597 -15.5239 -31.8234 1.2308 1.7864 0.5081
Car 0.0000 0 0.0000 -1.0000 -1.0000 -1.0000 -1.0000 1.9257 1.7749 4.4765 15.7094 7.1440 0.9908 -3.0505 0.5034
Car 0.0000 0 0.0000 -1.0000 -1.0000 -1.0000 -1.0000 1.9954 1.7368 4.7269 -68.0730 -1.0133 0.6677 -0.0979 0.4826
Car 0.0000 0 0.0000 -1.0000 -1.0000 -1.0000 -1.0000 1.9327 1.5921 4.5377 10.9623 5.4077 0.8215 0.2175 0.4799
Car 0.0000 0 0.0000 -1.0000 -1.0000 -1.0000 -1.0000 1.8684 1.7096 4.4229 -46.8961 3.4525 0.4264 2.9674 0.4720
Car 0.0000 0 0.0000 -1.0000 -1.0000 -1.0000 -1.0000 1.9356 1.5028 4.5659 -54.4577 -0.1931 0.2427 3.1291 0.4584
Car 0.0000 0 0.0000 -1.0000 -1.0000 -1.0000 -1.0000 1.9288 1.5278 4.6143 -13.2375 -39.1871 1.0665 -1.2770 0.4533
Car 0.0000 0 0.0000 -1.0000 -1.0000 -1.0000 -1.0000 1.9591 1.6061 4.6137 -54.7670 9.1367 0.2704 0.0368 0.3789
Car 0.0000 0 0.0000 -1.0000 -1.0000 -1.0000 -1.0000 1.9926 1.6801 4.6520 -25.0692 3.7745 0.6051 3.0723 0.3629
Car 0.0000 0 0.0000 -1.0000 -1.0000 -1.0000 -1.0000 1.9348 1.4851 4.5434 -44.3088 -1.4730 0.3727 -0.2870 0.3545
Truck 0.0000 0 0.0000 -1.0000 -1.0000 -1.0000 -1.0000 2.9140 3.1527 10.9917 11.2832 9.9185 1.5512 0.1059 0.7011
Truck 0.0000 0 0.0000 -1.0000 -1.0000 -1.0000 -1.0000 2.9761 3.6438 8.7235 25.4376 8.0420 1.9378 0.1306 0.6275
Truck 0.0000 0 0.0000 -1.0000 -1.0000 -1.0000 -1.0000 2.9370 3.1582 10.7013 -82.7001 1.1987 1.0524 -0.0088 0.5669
Truck 0.0000 0 0.0000 -1.0000 -1.0000 -1.0000 -1.0000 2.8402 3.1205 10.1929 26.5890 3.4365 1.8202 -2.9955 0.4336
Cyclist 0.0000 0 0.0000 -1.0000 -1.0000 -1.0000 -1.0000 0.7861 1.5552 1.7781 -32.7712 -4.8863 0.5460 -0.1383 0.6238
Cyclist 0.0000 0 0.0000 -1.0000 -1.0000 -1.0000 -1.0000 0.7588 1.5729 1.6894 37.3590 2.1736 0.9792 -3.0006 0.6203
Cyclist 0.0000 0 0.0000 -1.0000 -1.0000 -1.0000 -1.0000 0.7646 1.5225 1.7795 -10.0115 -14.2731 0.9770 1.8623 0.5977
Cyclist 0.0000 0 0.0000 -1.0000 -1.0000 -1.0000 -1.0000 0.7856 1.5334 1.7624 13.4321 -0.9986 0.8341 0.2352 0.5683
Pedestrian 0.0000 0 0.0000 -1.0000 -1.0000 -1.0000 -1.0000 0.7184 1.6592 0.7293 -2.4647 20.2921 0.3476 -3.0343 0.5671
Pedestrian 0.0000 0 0.0000 -1.0000 -1.0000 -1.0000 -1.0000 0.6952 1.6723 0.6452 14.1264 23.4490 0.6978 0.0501 0.5282
