Car 0.0000 0 0.0000 -1.0000 -1.0000 -1.0000 -1.0000 2.0487 1.9137 4.7143 -39.3390 -3.0102 1.1989 -0.1088 0.6964
Car 0.0000 0 0.0000 -1.0000 -1.0000 -1.0000 -1.0000 2.0674 1.7467 4.7033 -12.1460 -0.2868 0.9570 -0.0312 0.6804
Car 0.0000 0 0.0000 -1.0000 -1.0000 -1.0000 -1.0000 1.9564 1.5088 4.6237 32.8688 14.9579 0.6580 -1.9547 0.5556
Car 0.0000 0 0.0000 -1.0000 -1.0000 -1.0000 -1.0000 1.9599 1.8132 4.5979 32.8959 39.2439 0.4135 -1.2390 0.5385
Car 0.0000 0 0.0000 -1.0000 -1.0000 -1.0000 -1.0000 1.8817 1.5454 4.4963 43.6703 10.7473 0.5107 1.1039 0.4987
Car 0.0000 0 0.0000 -1.0000 -1.0000 -1.0000 -1.0000 1.9269 1.6119 4.7056 -52.4557 -6.6739 1.0510 -0.0647 0.4158
Car 0.0000 0 0.0000 -1.0000 -1.0000 -1.0000 -1.0000 1.9161 1.5575 4.5374 50.1688 14.2478 0.4594 0.7672 0.3451
Car 0.0000 0 0.0000 -1.0000 -1.0000 -1.0000 -1.0000 1.8665 1.5298 4.5254 -68.3521 4.9533 1.1042 1.8506 0.3092
Truck 0.0000 0 0.0000 -1.0000 -1.0000 -1.0000 -1.0000 3.1481 4.1026 18.2448 -1.3050 -3.2276 2.0805 0.0560 0.5238
Truck 0.0000 0 0.0000 -1.0000 -1.0000 -1.0000 -1.0000 2.8014 3.4186 9.2635 8.1751 -0.5948 1.7038 3.1402 0.4707
Cyclist 0.0000 0 0.0000 -1.0000 -1.0000 -1.0000 -1.0000 0.7687 1.5542 1.7517 9.9482 28.9085 0.5161 -0.9458 0.5366
Cyclist 0.0000 0 0.0000 -1.0000 -1.0000 -1.0000 -1.0000 0.7948 1.6220 1.7502 3.7551 31.5241 0.5024 -0.2886 0.4448
Cyclist 0.0000 0 0.0000 -1.0000 -1.0000 -1.0000 -1.0000 0.7435 1.5688 1.7033 57.5818 29.6775 -0.1152 2.8571 0.3530
