Car 0.0000 0 0.0000 -1.0000 -1.0000 -1.0000 -1.0000 2.1667 1.8814 4.8327 -14.4262 -0.5309 1.0220 -0.0176 0.8081
Car 0.0000 0 0.0000 -1.0000 -1.0000 -1.0000 -1.0000 1.9448 1.4574 4.5806 2.8947 3.0032 0.7055 -0.0164 0.7473
Car 0.0000 0 0.0000 -1.0000 -1.0000 -1.0000 -1.0000 1.9664 1.6264 4.6080 54.2602 2.7856 0.1417 2.9913 0.7029
Car 0.0000 0 0.0000 -1.0000 -1.0000 -1.0000 -1.0000 1.8671 1.6101 4.4341 -8.0146 2.9783 0.8417 3.0903 0.6493
Car 0.0000 0 0.0000 -1.0000 -1.0000 -1.0000 -1.0000 1.9398 1.4763 4.5002 50.2282 -0.1377 0.1282 -0.1861 0.5891
Car 0.0000 0 0.0000 -1.0000 -1.0000 -1.0000 -1.0000 2.0166 1.4825 4.5904 13.4116 2.5488 0.6770 -0.0011 0.5622
Car 0.0000 0 0.0000 -1.0000 -1.0000 -1.0000 -1.0000 1.9278 1.4622 4.5906 10.6816 12.6188 0.5726 -1.4319 0.5608
Car 0.0000 0 0.0000 -1.0000 -1.0000 -1.0000 -1.0000 1.9947 1.7191 4.7328 -38.2664 2.5302 1.2554 0.0401 0.5214
Car 0.0000 0 0.0000 -1.0000 -1.0000 -1.0000 -1.0000 1.8953 1.4779 4.5027 10.5847 18.8785 0.6185 1.5821 0.5153
Car 0.0000 0 0.0000 -1.0000 -1.0000 -1.0000 -1.0000 1.9093 1.5644 4.5537 10.5960 27.1671 0.7953 -1.4854 0.4861
Car 0.0000 0 0.0000 -1.0000 -1.0000 -1.0000 -1.0000 1.8915 1.4847 4.5073 5.5151 21.8682 0.7323 -1.5451 0.4426
Car 0.0000 0 0.0000 -1.0000 -1.0000 -1.0000 -1.0000 1.8667 1.5359 4.6079 -54.0366 3.0392 1.3092 -0.0214 0.3735
Car 0.0000 0 0.0000 -1.0000 -1.0000 -1.0000 -1.0000 1.8742 1.4634 4.3952 4.8924 13.1956 0.6005 1.6592 0.3645
Truck 0.0000 0 0.0000 -1.0000 -1.0000 -1.0000 -1.0000 2.5381 2.7173 7.0044 -52.5015 -0.1721 1.9937 0.0002 0.3766
Tricar 0.0000 0 0.0000 -1.0000 -1.0000 -1.0000 -1.0000 1.2972 1.7546 2.8031 12.1257 8.2844 0.7366 0.0081 0.4517
Cyclist 0.0000 0 0.0000 -1.0000 -1.0000 -1.0000 -1.0000 0.7403 1.5236 1.7005 7.4128 -2.9906 0.7613 -3.1369 0.6874
Cyclist 0.0000 0 0.0000 -1.0000 -1.0000 -1.0000 -1.0000 0.7964 1.5423 1.7904 -6.3617 -2.3647 0.8054 3.1016 0.6341
Cyclist 0.0000 0 0.0000 -1.0000 -1.0000 -1.0000 -1.0000 0.7080 1.5712 1.6446 2.1167 -2.8632 0.8331 0.0289 0.6198
Cyclist 0.0000 0 0.0000 -1.0000 -1.0000 -1.0000 -1.0000 0.7643 1.5666 1.7343 -17.4896 4.9586 0.8706 -0.0376 0.5842
Cyclist 0.0000 0 0.0000 -1.0000 -1.0000 -1.0000 -1.0000 0.7707 1.5250 1.7083 -37.6063 5.3137 1.1187 0.0025 0.5596
Cyclist 0.0000 0 0.0000 -1.0000 -1.0000 -1.0000 -1.0000 0.7482 1.5659 1.7132 -27.2985 5.6483 0.9487 -0.0010 0.5302
Cyclist 0.0000 0 0.0000 -1.0000 -1.0000 -1.0000 -1.0000 0.7406 1.5332 1.7037 -3.2257 -2.6827 0.8104 -3.1301 0.5004
Cyclist 0.0000 0 0.0000 -1.0000 -1.0000 -1.0000 -1.0000 0.7868 1.5127 1.7705 -46.6930 5.5693 1.1696 0.0181 0.4088
Cyclist 0.0000 0 0.0000 -1.0000 -1.0000 -1.0000 -1.0000 0.8270 1.5637 1.8581 36.7117 -2.5150 0.3756 -0.0152 0.3992
Cyclist 0.0000 0 0.0000 -1.0000 -1.0000 -1.0000 -1.0000 0.7333 1.4350 1.7844 2.4446 12.2714 0.5516 -1.0416 0.3744
Cyclist 0.0000 0 0.0000 -1.0000 -1.0000 -1.0000 -1.0000 0.7262 1.5228 1.6970 3.0904 15.8136 0.6445 0.1881 0.3539
Cyclist 0.0000 0 0.0000 -1.0000 -1.0000 -1.0000 -1.0000 0.6868 1.2092 1.7499 -2.9334 12.7233 0.5439 1.5790 0.3264
Pedestrian 0.0000 0 0.0000 -1.0000 -1.0000 -1.0000 -1.0000 0.6680 1.6454 0.5910 -3.1220 15.9238 0.8111 -3.0624 0.4985
Pedestrian 0.0000 0 0.0000 -1.0000 -1.0000 -1.0000 -1.0000 0.6847 1.5723 0.6187 3.0751 15.9048 0.6314 -2.9775 0.3216
