Car 0.0000 0 0.0000 -1.0000 -1.0000 -1.0000 -1.0000 2.0201 1.4346 4.6053 37.5795 2.8468 0.9576 0.0182 0.7905
Car 0.0000 0 0.0000 -1.0000 -1.0000 -1.0000 -1.0000 1.9448 1.4817 4.5484 -12.6475 6.8838 0.6608 -3.1236 0.7872
Car 0.0000 0 0.0000 -1.0000 -1.0000 -1.0000 -1.0000 1.9357 1.4890 4.5011 -18.2387 7.0168 0.6135 -3.1113 0.7689
Car 0.0000 0 0.0000 -1.0000 -1.0000 -1.0000 -1.0000 1.9080 1.4540 4.5241 -29.5205 6.8497 0.4813 -3.1300 0.7635
Car 0.0000 0 0.0000 -1.0000 -1.0000 -1.0000 -1.0000 1.9310 1.4533 4.5074 -23.4403 6.9020 0.5075 -0.0043 0.7552
Car 0.0000 0 0.0000 -1.0000 -1.0000 -1.0000 -1.0000 1.8967 1.4205 4.4310 11.1116 6.6923 0.6916 -0.0078 0.7162
Car 0.0000 0 0.0000 -1.0000 -1.0000 -1.0000 -1.0000 1.8730 1.4464 4.4554 5.2416 6.6242 0.6905 -0.0249 0.6605
Car 0.0000 0 0.0000 -1.0000 -1.0000 -1.0000 -1.0000 1.8407 1.4433 4.4196 -0.7445 7.0311 0.6809 3.1011 0.6135
Car 0.0000 0 0.0000 -1.0000 -1.0000 -1.0000 -1.0000 1.9656 1.8195 4.5517 -35.7891 7.2789 0.7082 -0.0196 0.6128
Car 0.0000 0 0.0000 -1.0000 -1.0000 -1.0000 -1.0000 1.9184 1.4803 4.6194 30.8514 -17.6327 1.0612 -1.3494 0.5116
Car 0.0000 0 0.0000 -1.0000 -1.0000 -1.0000 -1.0000 1.9836 1.8587 4.7012 -41.7836 6.8595 0.7285 -0.0087 0.4756
Car 0.0000 0 0.0000 -1.0000 -1.0000 -1.0000 -1.0000 1.8973 1.4797 4.6239 -48.1231 6.9774 0.5000 3.1223 0.4682
Car 0.0000 0 0.0000 -1.0000 -1.0000 -1.0000 -1.0000 1.9104 1.4986 4.5842 25.3139 -18.8599 1.0386 -1.3045 0.3795
Car 0.0000 0 0.0000 -1.0000 -1.0000 -1.0000 -1.0000 1.8497 1.4607 4.5465 33.6749 -39.9887 1.0803 0.3723 0.3281
Truck 0.0000 0 0.0000 -1.0000 -1.0000 -1.0000 -1.0000 2.8136 2.9645 9.1574 16.6608 3.3618 1.5936 3.1339 0.6891
Truck 0.0000 0 0.0000 -1.0000 -1.0000 -1.0000 -1.0000 2.5658 2.4133 7.1094 -39.6909 3.0878 1.0062 0.0174 0.5171
Cyclist 0.0000 0 0.0000 -1.0000 -1.0000 -1.0000 -1.0000 0.8092 1.5891 1.7945 5.0224 -2.2956 0.8421 3.1405 0.6644
Cyclist 0.0000 0 0.0000 -1.0000 -1.0000 -1.0000 -1.0000 0.7364 1.5026 1.7045 44.3455 -0.9940 0.9743 0.0364 0.6118
Cyclist 0.0000 0 0.0000 -1.0000 -1.0000 -1.0000 -1.0000 0.7922 1.4817 1.8221 1.7198 4.7528 0.7118 3.1044 0.5718
Cyclist 0.0000 0 0.0000 -1.0000 -1.0000 -1.0000 -1.0000 0.7245 1.4741 1.7378 -50.9748 -1.5277 0.4755 -0.0516 0.5629
Cyclist 0.0000 0 0.0000 -1.0000 -1.0000 -1.0000 -1.0000 0.7292 1.4929 1.7150 -4.6263 -3.2159 0.7394 -0.0169 0.5410
Cyclist 0.0000 0 0.0000 -1.0000 -1.0000 -1.0000 -1.0000 0.7157 1.2579 1.7420 -10.9193 -7.3859 0.7088 -0.1806 0.3766
Cyclist 0.0000 0 0.0000 -1.0000 -1.0000 -1.0000 -1.0000 0.6396 1.0159 1.6182 -8.4183 -17.0918 0.6749 2.1119 0.3073
Pedestrian 0.0000 0 0.0000 -1.0000 -1.0000 -1.0000 -1.0000 0.6958 1.6714 0.6161 -37.3490 -14.8883 0.8869 0.0991 0.4122
