Car 0.0000 0 0.0000 -1.0000 -1.0000 -1.0000 -1.0000 2.0309 1.4645 4.5802 -27.9805 -4.9205 0.7818 3.1260 0.8539
Car 0.0000 0 0.0000 -1.0000 -1.0000 -1.0000 -1.0000 2.0225 1.4569 4.5912 48.5437 2.5734 0.7333 3.1342 0.7927
Car 0.0000 0 0.0000 -1.0000 -1.0000 -1.0000 -1.0000 2.0236 1.4723 4.6223 -24.2560 -0.3711 0.7534 -3.1307 0.7886
Car 0.0000 0 0.0000 -1.0000 -1.0000 -1.0000 -1.0000 2.0529 1.7099 4.6100 -1.3081 -4.2495 0.8602 -0.0130 0.7812
Car 0.0000 0 0.0000 -1.0000 -1.0000 -1.0000 -1.0000 2.0590 2.0161 4.6669 10.9200 3.2207 1.0094 -0.0095 0.7675
Car 0.0000 0 0.0000 -1.0000 -1.0000 -1.0000 -1.0000 2.0386 1.6058 4.7153 58.2637 -4.4172 0.8422 0.0014 0.7485
Car 0.0000 0 0.0000 -1.0000 -1.0000 -1.0000 -1.0000 2.0225 1.6716 4.5684 -44.2968 -5.1002 0.9320 -3.1276 0.7335
Car 0.0000 0 0.0000 -1.0000 -1.0000 -1.0000 -1.0000 1.9979 1.4871 4.4954 17.3195 -5.1779 0.7528 -3.1206 0.7140
Car 0.0000 0 0.0000 -1.0000 -1.0000 -1.0000 -1.0000 2.0480 1.7293 4.7082 -22.5227 3.3430 0.8711 0.0097 0.6933
Car 0.0000 0 0.0000 -1.0000 -1.0000 -1.0000 -1.0000 2.0147 1.5750 4.5552 -14.8431 -3.9518 0.7768 -3.1407 0.6152
Car 0.0000 0 0.0000 -1.0000 -1.0000 -1.0000 -1.0000 1.9814 1.5536 4.6753 73.7997 -9.4279 0.7694 0.0038 0.4545
Car 0.0000 0 0.0000 -1.0000 -1.0000 -1.0000 -1.0000 1.9921 1.5584 4.5839 -40.6972 -0.5822 0.8472 -3.1153 0.4065
Car 0.0000 0 0.0000 -1.0000 -1.0000 -1.0000 -1.0000 1.9860 1.6819 4.7175 78.6178 -0.5775 0.9605 3.1194 0.4010
Car 0.0000 0 0.0000 -1.0000 -1.0000 -1.0000 -1.0000 1.9100 1.5463 4.5469 65.5592 2.5695 0.8237 3.1284 0.3717
Car 0.0000 0 0.0000 -1.0000 -1.0000 -1.0000 -1.0000 1.8733 1.9188 4.2987 29.3556 -5.8125 0.9755 0.0018 0.3242
