Car 0.0000 0 0.0000 -1.0000 -1.0000 -1.0000 -1.0000 1.9920 1.6069 4.5823 8.1437 6.5202 0.7450 -3.1408 0.8060
Car 0.0000 0 0.0000 -1.0000 -1.0000 -1.0000 -1.0000 1.9211 1.4207 4.5253 14.3845 6.5871 0.6580 0.0476 0.7944
Car 0.0000 0 0.0000 -1.0000 -1.0000 -1.0000 -1.0000 1.9850 1.4598 4.5177 19.3582 -3.3844 0.8466 -0.0092 0.7705
Car 0.0000 0 0.0000 -1.0000 -1.0000 -1.0000 -1.0000 1.9998 1.8640 4.6059 -16.1940 6.1930 0.8360 -0.0212 0.7592
Car 0.0000 0 0.0000 -1.0000 -1.0000 -1.0000 -1.0000 1.9187 1.4148 4.4497 -25.6866 -3.6222 0.7312 3.0815 0.7498
Car 0.0000 0 0.0000 -1.0000 -1.0000 -1.0000 -1.0000 1.9627 1.8122 4.5403 0.8854 6.2147 0.8412 -3.1258 0.7492
Car 0.0000 0 0.0000 -1.0000 -1.0000 -1.0000 -1.0000 1.9332 1.5913 4.5328 -21.8712 6.2753 0.6813 -0.0168 0.7263
Car 0.0000 0 0.0000 -1.0000 -1.0000 -1.0000 -1.0000 1.8957 1.4476 4.5116 -10.3181 6.0840 0.6178 0.0053 0.7241
Car 0.0000 0 0.0000 -1.0000 -1.0000 -1.0000 -1.0000 1.8409 1.3798 4.4303 20.0427 6.7619 0.6673 0.0074 0.7236
Car 0.0000 0 0.0000 -1.0000 -1.0000 -1.0000 -1.0000 1.8614 1.3871 4.4266 26.2620 6.7261 0.7001 3.1310 0.7105
Car 0.0000 0 0.0000 -1.0000 -1.0000 -1.0000 -1.0000 1.9084 1.4348 4.5053 -33.0812 6.2025 0.5590 -0.0085 0.6998
Car 0.0000 0 0.0000 -1.0000 -1.0000 -1.0000 -1.0000 1.8991 1.6404 4.4639 -27.2286 6.0881 0.7185 -0.0176 0.6573
Car 0.0000 0 0.0000 -1.0000 -1.0000 -1.0000 -1.0000 1.8952 1.8550 4.4153 -4.9477 6.4777 0.8584 -0.0251 0.6536
Car 0.0000 0 0.0000 -1.0000 -1.0000 -1.0000 -1.0000 1.9757 1.8149 4.5908 -38.7477 6.0250 0.7572 -3.1071 0.5657
Car 0.0000 0 0.0000 -1.0000 -1.0000 -1.0000 -1.0000 1.8344 1.4080 4.4031 32.2941 6.4706 0.7363 3.1148 0.5161
Car 0.0000 0 0.0000 -1.0000 -1.0000 -1.0000 -1.0000 1.8866 1.4909 4.5038 4.5005 -12.0217 1.0408 1.6105 0.4697
Car 0.0000 0 0.0000 -1.0000 -1.0000 -1.0000 -1.0000 1.9437 1.6302 4.5197 -55.6547 6.2269 0.6642 -0.0003 0.4651
Car 0.0000 0 0.0000 -1.0000 -1.0000 -1.0000 -1.0000 1.8822 1.4818 4.5234 -50.4623 6.1416 0.5258 -0.0208 0.4465
Car 0.0000 0 0.0000 -1.0000 -1.0000 -1.0000 -1.0000 1.9143 1.5271 4.6326 10.4391 -12.3371 0.9985 -1.4566 0.4340
Car 0.0000 0 0.0000 -1.0000 -1.0000 -1.0000 -1.0000 1.9034 1.5376 4.5949 8.3536 -12.4112 0.9887 -1.4493 0.3928
Car 0.0000 0 0.0000 -1.0000 -1.0000 -1.0000 -1.0000 1.8915 1.4572 4.5221 -45.1736 6.2394 0.5326 -3.1297 0.3840
Car 0.0000 0 0.0000 -1.0000 -1.0000 -1.0000 -1.0000 1.9168 1.5276 4.6302 15.8498 -12.3347 1.0241 -1.4169 0.3808
Car 0.0000 0 0.0000 -1.0000 -1.0000 -1.0000 -1.0000 1.9567 1.7173 4.6835 -34.2821 -6.1165 0.9834 1.0227 0.3397
Car 0.0000 0 0.0000 -1.0000 -1.0000 -1.0000 -1.0000 1.8905 1.4886 4.6242 12.4748 -12.2628 0.9810 -1.4583 0.3022
Cyclist 0.0000 0 0.0000 -1.0000 -1.0000 -1.0000 -1.0000 0.8059 1.5807 1.7951 10.9616 -1.4605 0.8366 -3.0554 0.6414
Cyclist 0.0000 0 0.0000 -1.0000 -1.0000 -1.0000 -1.0000 0.7500 1.5242 1.7492 -58.5762 3.0822 0.5908 -3.1219 0.3598
Pedestrian 0.0000 0 0.0000 -1.0000 -1.0000 -1.0000 -1.0000 0.6601 1.6562 0.5503 -29.9005 -6.5165 0.9190 -2.8132 0.3559
Pedestrian 0.0000 0 0.0000 -1.0000 -1.0000 -1.0000 -1.0000 0.7338 1.7574 0.7150 0.3161 -5.1824 1.0542 0.0002 0.3412
