Car 0.0000 0 0.0000 -1.0000 -1.0000 -1.0000 -1.0000 1.9785 1.6504 4.5670 36.7139 10.4543 0.9325 2.9798 0.7578
Car 0.0000 0 0.0000 -1.0000 -1.0000 -1.0000 -1.0000 2.0257 1.7537 4.6690 13.5796 12.9179 0.6957 -0.0948 0.7481
Car 0.0000 0 0.0000 -1.0000 -1.0000 -1.0000 -1.0000 1.9446 1.5108 4.5418 -39.5381 4.5030 0.3077 -2.9998 0.7440
Car 0.0000 0 0.0000 -1.0000 -1.0000 -1.0000 -1.0000 1.9460 1.4387 4.5285 19.4238 12.7645 0.5872 3.0413 0.7207
Car 0.0000 0 0.0000 -1.0000 -1.0000 -1.0000 -1.0000 1.9214 1.4608 4.4511 25.2087 11.9874 0.6716 3.0165 0.7024
Car 0.0000 0 0.0000 -1.0000 -1.0000 -1.0000 -1.0000 1.9215 1.4630 4.4526 -4.1377 5.2080 0.6357 0.0248 0.6847
Car 0.0000 0 0.0000 -1.0000 -1.0000 -1.0000 -1.0000 2.1135 2.1614 4.7838 -22.4943 6.8514 0.7196 -3.0087 0.6792
Car 0.0000 0 0.0000 -1.0000 -1.0000 -1.0000 -1.0000 1.8912 1.4640 4.4759 -8.6354 13.0135 0.3149 -3.0509 0.6555
Car 0.0000 0 0.0000 -1.0000 -1.0000 -1.0000 -1.0000 1.9127 1.7485 4.5486 -2.7787 13.0727 0.4705 -0.0156 0.6017
Car 0.0000 0 0.0000 -1.0000 -1.0000 -1.0000 -1.0000 2.0016 1.5580 4.6368 -53.2468 -5.2045 0.4857 -2.9311 0.5375
Car 0.0000 0 0.0000 -1.0000 -1.0000 -1.0000 -1.0000 1.9443 1.5929 4.5154 19.3954 0.6728 1.0135 -0.1201 0.5300
Car 0.0000 0 0.0000 -1.0000 -1.0000 -1.0000 -1.0000 1.8618 1.4567 4.4068 8.1753 1.7464 0.8595 -0.1143 0.5204
Car 0.0000 0 0.0000 -1.0000 -1.0000 -1.0000 -1.0000 1.8771 1.4631 4.4509 2.2584 13.2302 0.4280 3.1126 0.5128
Car 0.0000 0 0.0000 -1.0000 -1.0000 -1.0000 -1.0000 1.8934 1.5006 4.4560 54.7706 -5.3640 1.6739 2.9193 0.4945
Car 0.0000 0 0.0000 -1.0000 -1.0000 -1.0000 -1.0000 1.8723 1.4103 4.4155 30.9103 11.3164 0.7633 2.9923 0.4887
Car 0.0000 0 0.0000 -1.0000 -1.0000 -1.0000 -1.0000 1.8724 1.4896 4.4289 13.6882 1.4570 0.9098 -0.1141 0.4709
Car 0.0000 0 0.0000 -1.0000 -1.0000 -1.0000 -1.0000 1.9043 1.7814 4.5655 52.3099 6.8412 1.1546 2.8787 0.4523
Car 0.0000 0 0.0000 -1.0000 -1.0000 -1.0000 -1.0000 1.8891 1.4829 4.5123 -29.3519 15.7178 0.0999 -2.9560 0.4435
Car 0.0000 0 0.0000 -1.0000 -1.0000 -1.0000 -1.0000 1.8493 1.4715 4.3949 8.1060 13.1963 0.4898 0.0011 0.4350
Car 0.0000 0 0.0000 -1.0000 -1.0000 -1.0000 -1.0000 1.8654 1.7392 4.5135 65.6224 -10.9957 2.2392 3.1165 0.4051
Car 0.0000 0 0.0000 -1.0000 -1.0000 -1.0000 -1.0000 1.8366 1.4879 4.4626 -32.8083 -7.3083 0.8244 0.0617 0.3734
Car 0.0000 0 0.0000 -1.0000 -1.0000 -1.0000 -1.0000 1.8997 1.6071 4.6239 -69.6063 -13.9234 0.5807 -2.9947 0.3670
Car 0.0000 0 0.0000 -1.0000 -1.0000 -1.0000 -1.0000 1.8701 1.5029 4.5383 47.2223 8.3491 0.8453 2.9220 0.3615
Tricar 0.0000 0 0.0000 -1.0000 -1.0000 -1.0000 -1.0000 1.3416 1.8108 2.8040 -20.1102 -0.5568 0.7572 -3.1262 0.4195
Cyclist 0.0000 0 0.0000 -1.0000 -1.0000 -1.0000 -1.0000 0.8667 1.5715 1.8983 -25.9907 0.8624 0.5282 0.2079 0.5638
Cyclist 0.0000 0 0.0000 -1.0000 -1.0000 -1.0000 -1.0000 0.8037 1.4921 1.8433 6.3757 10.7472 0.5379 3.0865 0.4989
Cyclist 0.0000 0 0.0000 -1.0000 -1.0000 -1.0000 -1.0000 0.7012 1.5118 1.6843 -4.6598 11.0522 0.4514 0.0398 0.4190
Cyclist 0.0000 0 0.0000 -1.0000 -1.0000 -1.0000 -1.0000 0.6839 1.1681 1.7035 9.3084 -1.0866 0.9033 -1.9158 0.3382
Pedestrian 0.0000 0 0.0000 -1.0000 -1.0000 -1.0000 -1.0000 0.7229 1.7512 0.6767 25.9607 -3.2657 1.4414 2.9827 0.4919
Pedestrian 0.0000 0 0.0000 -1.0000 -1.0000 -1.0000 -1.0000 0.6544 1.4969 0.6157 -8.9121 -4.6341 0.9731 -1.6880 0.3762
