Car 0.0000 0 0.0000 -1.0000 -1.0000 -1.0000 -1.0000 2.0639 1.4832 4.7179 8.4930 10.4821 0.6853 0.2005 0.8308
Car 0.0000 0 0.0000 -1.0000 -1.0000 -1.0000 -1.0000 2.0327 1.6685 4.5386 24.5338 2.5052 1.0431 -2.7231 0.7891
Car 0.0000 0 0.0000 -1.0000 -1.0000 -1.0000 -1.0000 2.0285 1.4521 4.6423 8.8875 -0.3339 0.7863 0.0460 0.7087
Car 0.0000 0 0.0000 -1.0000 -1.0000 -1.0000 -1.0000 2.0011 1.6087 4.5646 -28.1734 9.8940 0.5695 -3.1360 0.6997
Car 0.0000 0 0.0000 -1.0000 -1.0000 -1.0000 -1.0000 1.9102 1.4750 4.4384 -14.7292 9.2516 0.5776 0.0079 0.6840
Car 0.0000 0 0.0000 -1.0000 -1.0000 -1.0000 -1.0000 1.9415 1.7126 4.4211 16.4554 -0.5291 0.9755 -2.9004 0.6417
Car 0.0000 0 0.0000 -1.0000 -1.0000 -1.0000 -1.0000 1.9344 1.4976 4.4574 31.7625 5.5497 0.9383 0.4262 0.6145
Car 0.0000 0 0.0000 -1.0000 -1.0000 -1.0000 -1.0000 2.0256 1.6292 4.6623 -11.6517 -0.1053 0.8225 3.1376 0.4675
Car 0.0000 0 0.0000 -1.0000 -1.0000 -1.0000 -1.0000 1.8862 1.4887 4.3793 -20.0574 -0.3067 0.7474 -3.1137 0.4659
Car 0.0000 0 0.0000 -1.0000 -1.0000 -1.0000 -1.0000 1.9509 1.6251 4.5391 -35.4439 -0.3141 0.8570 -3.0996 0.4396
Car 0.0000 0 0.0000 -1.0000 -1.0000 -1.0000 -1.0000 1.9493 1.8546 4.6045 44.0523 -28.3044 1.3573 1.9790 0.3974
Car 0.0000 0 0.0000 -1.0000 -1.0000 -1.0000 -1.0000 1.9391 1.5105 4.5013 56.9025 20.2824 0.5453 0.4165 0.3958
Car 0.0000 0 0.0000 -1.0000 -1.0000 -1.0000 -1.0000 1.9119 1.7042 4.6249 -71.2950 -14.8236 0.9322 -1.6455 0.3429
Car 0.0000 0 0.0000 -1.0000 -1.0000 -1.0000 -1.0000 1.8906 1.5403 4.5718 -78.7160 2.9046 0.6732 -1.4539 0.3272
Truck 0.0000 0 0.0000 -1.0000 -1.0000 -1.0000 -1.0000 2.8452 3.4216 8.1399 33.6631 14.2541 1.8498 0.4403 0.6198
Truck 0.0000 0 0.0000 -1.0000 -1.0000 -1.0000 -1.0000 2.3366 2.2181 5.9313 49.5998 14.7927 1.1648 0.7185 0.4466
Tricar 0.0000 0 0.0000 -1.0000 -1.0000 -1.0000 -1.0000 1.2605 1.6298 3.1859 10.1705 30.8215 0.6222 -1.0008 0.3239
Cyclist 0.0000 0 0.0000 -1.0000 -1.0000 -1.0000 -1.0000 0.7205 1.5124 1.7171 12.8662 22.4582 0.5814 0.3361 0.6728
Cyclist 0.0000 0 0.0000 -1.0000 -1.0000 -1.0000 -1.0000 0.7468 1.5161 1.7312 -3.1977 -15.0092 0.7049 3.0986 0.6516
Cyclist 0.0000 0 0.0000 -1.0000 -1.0000 -1.0000 -1.0000 0.7811 1.5618 1.7892 33.6965 24.9302 0.8220 -2.8322 0.3915
Cyclist 0.0000 0 0.0000 -1.0000 -1.0000 -1.0000 -1.0000 0.7128 1.5067 1.6884 56.1285 27.8762 0.3373 -3.0137 0.3846
Cyclist 0.0000 0 0.0000 -1.0000 -1.0000 -1.0000 -1.0000 0.7233 1.5395 1.6990 -28.8022 -13.8710 0.6360 -3.1030 0.3480
Cyclist 0.0000 0 0.0000 -1.0000 -1.0000 -1.0000 -1.0000 0.7954 1.5425 1.7792 19.0787 -10.1373 0.8499 0.7460 0.3430
Pedestrian 0.0000 0 0.0000 -1.0000 -1.0000 -1.0000 -1.0000 0.7546 1.6965 0.7986 24.6214 -23.5277 1.2023 -0.3239 0.4001
