Car 0.0000 0 0.0000 -1.0000 -1.0000 -1.0000 -1.0000 1.9517 1.4834 4.5084 17.8042 -3.9536 0.8109 0.0182 0.5655
Car 0.0000 0 0.0000 -1.0000 -1.0000 -1.0000 -1.0000 1.9776 1.5649 4.6584 -66.2340 -0.5927 0.5312 -2.9839 0.5594
Car 0.0000 0 0.0000 -1.0000 -1.0000 -1.0000 -1.0000 1.9162 1.6017 4.5088 23.2623 -4.0902 0.8287 -0.0059 0.5438
Car 0.0000 0 0.0000 -1.0000 -1.0000 -1.0000 -1.0000 1.9183 1.4698 4.5143 5.5305 -4.2301 0.7829 3.1391 0.5390
Car 0.0000 0 0.0000 -1.0000 -1.0000 -1.0000 -1.0000 2.0257 1.4627 4.6184 -0.7286 -3.7232 0.7386 -3.1265 0.5282
Car 0.0000 0 0.0000 -1.0000 -1.0000 -1.0000 -1.0000 1.9868 1.6830 4.5486 11.2228 -3.7057 0.8968 -3.1322 0.5252
Car 0.0000 0 0.0000 -1.0000 -1.0000 -1.0000 -1.0000 1.9186 1.4456 4.5879 -20.1035 21.5813 0.4662 -1.3257 0.4864
Car 0.0000 0 0.0000 -1.0000 -1.0000 -1.0000 -1.0000 1.9422 1.4251 4.5249 -6.5640 -3.8136 0.6846 -0.0161 0.4587
Car 0.0000 0 0.0000 -1.0000 -1.0000 -1.0000 -1.0000 1.8868 1.4822 4.4915 28.4594 -3.8608 0.7536 -0.0068 0.3329
Car 0.0000 0 0.0000 -1.0000 -1.0000 -1.0000 -1.0000 1.8567 1.4672 4.5022 34.2075 -4.2147 0.7613 3.1294 0.3059
Tricar 0.0000 0 0.0000 -1.0000 -1.0000 -1.0000 -1.0000 1.3250 1.7133 3.0893 23.0746 8.7152 0.7536 -2.8866 0.5128
Cyclist 0.0000 0 0.0000 -1.0000 -1.0000 -1.0000 -1.0000 0.7945 1.4847 1.8082 8.2644 -0.8516 0.7911 0.0326 0.6683
Cyclist 0.0000 0 0.0000 -1.0000 -1.0000 -1.0000 -1.0000 0.7593 1.5577 1.7542 -11.9048 3.8968 0.6923 -3.1152 0.5960
Cyclist 0.0000 0 0.0000 -1.0000 -1.0000 -1.0000 -1.0000 0.7506 1.4550 1.7731 -38.7009 -4.5792 0.6718 -0.0909 0.4828
Cyclist 0.0000 0 0.0000 -1.0000 -1.0000 -1.0000 -1.0000 0.7573 1.5530 1.7346 -24.7214 -1.9574 0.7402 -0.0274 0.3426
