Car 0.0000 0 0.0000 -1.0000 -1.0000 -1.0000 -1.0000 1.9709 1.7624 4.5288 4.6701 -4.1912 0.8815 0.0154 0.7384
Car 0.0000 0 0.0000 -1.0000 -1.0000 -1.0000 -1.0000 1.9276 1.4907 4.4918 10.1748 -0.3043 0.7408 0.0113 0.7369
Car 0.0000 0 0.0000 -1.0000 -1.0000 -1.0000 -1.0000 1.9123 1.4871 4.4962 15.8028 -4.3998 0.7433 0.0201 0.7202
Car 0.0000 0 0.0000 -1.0000 -1.0000 -1.0000 -1.0000 1.9676 1.6791 4.5641 10.2220 -4.2535 0.8227 -3.1331 0.7058
Car 0.0000 0 0.0000 -1.0000 -1.0000 -1.0000 -1.0000 1.9706 1.8238 4.5799 -13.7355 -4.1843 0.8895 -0.0586 0.6681
Car 0.0000 0 0.0000 -1.0000 -1.0000 -1.0000 -1.0000 1.9697 1.5895 4.6158 -31.4406 -4.1388 0.8427 -3.1060 0.6617
Car 0.0000 0 0.0000 -1.0000 -1.0000 -1.0000 -1.0000 1.8917 1.4161 4.5226 -25.8381 -4.2040 0.6877 0.0463 0.6441
Car 0.0000 0 0.0000 -1.0000 -1.0000 -1.0000 -1.0000 1.9800 1.7826 4.7352 -19.6160 -4.1910 0.8518 0.0140 0.5316
Car 0.0000 0 0.0000 -1.0000 -1.0000 -1.0000 -1.0000 1.9122 1.4800 4.5297 -1.6691 -4.0357 0.7329 -0.0181 0.4834
Car 0.0000 0 0.0000 -1.0000 -1.0000 -1.0000 -1.0000 1.9272 1.4410 4.5327 -7.8284 -3.8683 0.6994 -0.0391 0.4548
Car 0.0000 0 0.0000 -1.0000 -1.0000 -1.0000 -1.0000 1.9897 1.5709 4.6757 -49.9856 -3.9769 0.9917 -0.0147 0.4406
Car 0.0000 0 0.0000 -1.0000 -1.0000 -1.0000 -1.0000 1.9173 1.4907 4.5543 -43.4583 -4.0620 0.8669 -0.0146 0.4335
Car 0.0000 0 0.0000 -1.0000 -1.0000 -1.0000 -1.0000 1.9143 1.4426 4.5635 -37.8452 -3.8859 0.7666 -3.1395 0.4082
Car 0.0000 0 0.0000 -1.0000 -1.0000 -1.0000 -1.0000 1.9436 1.6358 4.6180 60.2349 -4.0453 1.0071 -0.0328 0.3609
Car 0.0000 0 0.0000 -1.0000 -1.0000 -1.0000 -1.0000 1.9067 1.4444 4.5197 -56.3806 -3.2056 0.8946 -0.0194 0.3489
Truck 0.0000 0 0.0000 -1.0000 -1.0000 -1.0000 -1.0000 2.2732 2.2796 6.0509 42.4232 2.4645 1.2239 3.0703 0.4574
Cyclist 0.0000 0 0.0000 -1.0000 -1.0000 -1.0000 -1.0000 0.7162 1.5263 1.6690 -49.4505 5.9572 0.7691 3.1173 0.4489
Cyclist 0.0000 0 0.0000 -1.0000 -1.0000 -1.0000 -1.0000 0.7236 1.5227 1.6909 45.1516 -2.6335 0.8719 0.0121 0.3689
