Car 0.0000 0 0.0000 -1.0000 -1.0000 -1.0000 -1.0000 1.9555 1.5876 4.5275 -10.9434 8.1659 0.6993 -0.0658 0.7613
Car 0.0000 0 0.0000 -1.0000 -1.0000 -1.0000 -1.0000 1.8894 1.4375 4.4715 -21.1884 14.8876 0.3427 3.1089 0.6352
Car 0.0000 0 0.0000 -1.0000 -1.0000 -1.0000 -1.0000 1.9720 1.7758 4.5772 5.9359 9.1878 0.7504 0.0244 0.5958
Car 0.0000 0 0.0000 -1.0000 -1.0000 -1.0000 -1.0000 1.9430 1.5712 4.5929 -26.8807 15.6736 0.3789 -0.0270 0.5617
Car 0.0000 0 0.0000 -1.0000 -1.0000 -1.0000 -1.0000 1.9960 1.6063 4.6308 -0.5011 6.7795 0.7159 3.1185 0.4958
Car 0.0000 0 0.0000 -1.0000 -1.0000 -1.0000 -1.0000 1.8790 1.5016 4.4384 22.1167 -8.0597 0.7667 -0.2696 0.4904
Car 0.0000 0 0.0000 -1.0000 -1.0000 -1.0000 -1.0000 2.1057 1.9417 4.9977 -2.8457 14.4922 0.7018 -3.1403 0.4614
Car 0.0000 0 0.0000 -1.0000 -1.0000 -1.0000 -1.0000 1.9020 1.5067 4.4831 -36.9815 15.1540 0.3832 3.1258 0.4512
Car 0.0000 0 0.0000 -1.0000 -1.0000 -1.0000 -1.0000 1.8985 1.5087 4.5294 -54.3466 21.4356 0.2236 -1.4314 0.4461
Car 0.0000 0 0.0000 -1.0000 -1.0000 -1.0000 -1.0000 1.9362 1.5535 4.6115 30.5367 12.8763 0.3419 0.0259 0.4450
Car 0.0000 0 0.0000 -1.0000 -1.0000 -1.0000 -1.0000 1.8823 1.6196 4.4674 -31.6390 21.6966 0.3600 1.5394 0.4411
Car 0.0000 0 0.0000 -1.0000 -1.0000 -1.0000 -1.0000 1.8612 1.5166 4.4791 -19.7982 20.4442 0.2662 -1.5189 0.4240
Car 0.0000 0 0.0000 -1.0000 -1.0000 -1.0000 -1.0000 1.8772 1.5164 4.5150 2.8740 20.6813 0.3311 -1.2603 0.4231
Car 0.0000 0 0.0000 -1.0000 -1.0000 -1.0000 -1.0000 1.9142 1.4561 4.5008 16.4525 13.4136 0.4122 -3.1391 0.4111
Car 0.0000 0 0.0000 -1.0000 -1.0000 -1.0000 -1.0000 1.9059 1.4494 4.5551 -60.7104 16.9519 0.1737 -0.0066 0.4022
Car 0.0000 0 0.0000 -1.0000 -1.0000 -1.0000 -1.0000 1.8402 1.5055 4.3806 -5.1863 22.2241 0.2715 -2.9727 0.3927
Car 0.0000 0 0.0000 -1.0000 -1.0000 -1.0000 -1.0000 1.9039 1.6317 4.4940 -22.4053 20.5162 0.3415 1.5613 0.3834
Car 0.0000 0 0.0000 -1.0000 -1.0000 -1.0000 -1.0000 1.9121 1.4755 4.5969 -9.5332 11.6101 0.5212 3.0488 0.3792
Car 0.0000 0 0.0000 -1.0000 -1.0000 -1.0000 -1.0000 1.8857 1.5783 4.4887 -61.5658 22.1984 0.2670 -1.3588 0.3768
Car 0.0000 0 0.0000 -1.0000 -1.0000 -1.0000 -1.0000 1.8720 1.5504 4.5141 22.3182 -14.0782 0.8541 1.5797 0.3615
Car 0.0000 0 0.0000 -1.0000 -1.0000 -1.0000 -1.0000 1.8729 1.5106 4.4566 -65.2067 21.5294 0.1913 -1.2905 0.3342
Car 0.0000 0 0.0000 -1.0000 -1.0000 -1.0000 -1.0000 1.8339 1.4754 4.3740 56.8350 0.9232 0.5326 3.0967 0.3309
Car 0.0000 0 0.0000 -1.0000 -1.0000 -1.0000 -1.0000 1.9038 1.5240 4.5369 -26.2389 20.3161 0.2497 -1.6256 0.3228
Car 0.0000 0 0.0000 -1.0000 -1.0000 -1.0000 -1.0000 1.9510 1.5880 4.7158 -67.9598 17.5068 0.2731 -0.1552 0.3160
Car 0.0000 0 0.0000 -1.0000 -1.0000 -1.0000 -1.0000 1.8845 1.6761 4.4750 -13.9628 14.7500 0.5149 -0.0070 0.3105
Truck 0.0000 0 0.0000 -1.0000 -1.0000 -1.0000 -1.0000 2.8431 3.0816 10.8759 17.9236 -1.1937 1.6180 0.0159 0.7302
Truck 0.0000 0 0.0000 -1.0000 -1.0000 -1.0000 -1.0000 2.4821 2.8975 6.2257 10.9638 2.4593 1.4623 -3.1379 0.4310
Cyclist 0.0000 0 0.0000 -1.0000 -1.0000 -1.0000 -1.0000 0.7651 1.5645 1.7703 11.7799 11.2881 0.5225 3.1133 0.6263
Cyclist 0.0000 0 0.0000 -1.0000 -1.0000 -1.0000 -1.0000 0.7734 1.5608 1.7253 -14.4098 -3.3969 0.7575 3.0516 0.5030
Cyclist 0.0000 0 0.0000 -1.0000 -1.0000 -1.0000 -1.0000 0.7613 1.6008 1.7100 22.7287 9.7235 0.5470 -3.1392 0.4215
Cyclist 0.0000 0 0.0000 -1.0000 -1.0000 -1.0000 -1.0000 0.7195 1.2668 1.7214 -0.3088 -5.6964 0.6935 0.0221 0.3608
Cyclist 0.0000 0 0.0000 -1.0000 -1.0000 -1.0000 -1.0000 0.7731 1.4776 1.7891 -33.6872 16.4166 0.3003 -0.0314 0.3540
Cyclist 0.0000 0 0.0000 -1.0000 -1.0000 -1.0000 -1.0000 0.7025 1.4532 1.6886 18.2049 -8.6624 0.7392 2.9102 0.3508
Cyclist 0.0000 0 0.0000 -1.0000 -1.0000 -1.0000 -1.0000 0.7603 1.6060 1.6969 -62.7916 14.2158 0.3041 3.1206 0.3131
Pedestrian 0.0000 0 0.0000 -1.0000 -1.0000 -1.0000 -1.0000 0.6890 1.6345 0.6321 -51.0287 -2.9766 0.6833 -0.1308 0.4857
Pedestrian 0.0000 0 0.0000 -1.0000 -1.0000 -1.0000 -1.0000 0.6922 1.6803 0.6098 -6.9583 13.7253 0.5705 3.0773 0.4192
Pedestrian 0.0000 0 0.0000 -1.0000 -1.0000 -1.0000 -1.0000 0.7140 1.6431 0.7010 -9.2315 -4.1664 0.9202 3.1126 0.3559
