Car 0.0000 0 0.0000 -1.0000 -1.0000 -1.0000 -1.0000 1.9293 1.5009 4.5387 18.0571 35.3767 0.0924 -1.5605 0.7178
Car 0.0000 0 0.0000 -1.0000 -1.0000 -1.0000 -1.0000 1.9814 1.5096 4.6487 21.5293 27.9214 0.3445 -1.4711 0.6409
Car 0.0000 0 0.0000 -1.0000 -1.0000 -1.0000 -1.0000 1.9469 1.5204 4.5697 46.2994 11.0309 0.6549 2.5893 0.6401
Car 0.0000 0 0.0000 -1.0000 -1.0000 -1.0000 -1.0000 1.9445 1.5765 4.6013 21.6996 35.1189 0.2536 -1.5967 0.6336
Car 0.0000 0 0.0000 -1.0000 -1.0000 -1.0000 -1.0000 1.9501 1.8191 4.5130 -24.1949 7.7894 0.6195 -3.1338 0.6291
Car 0.0000 0 0.0000 -1.0000 -1.0000 -1.0000 -1.0000 1.9497 1.4627 4.6035 18.3170 27.1558 0.3145 -1.4768 0.5591
Car 0.0000 0 0.0000 -1.0000 -1.0000 -1.0000 -1.0000 1.9405 1.9388 4.4938 -30.8963 -4.8245 0.9039 -0.0183 0.4766
Car 0.0000 0 0.0000 -1.0000 -1.0000 -1.0000 -1.0000 1.9062 1.6042 4.5626 18.3928 41.6284 0.1576 1.5523 0.4194
Car 0.0000 0 0.0000 -1.0000 -1.0000 -1.0000 -1.0000 1.8679 1.5158 4.4914 66.9960 -5.2312 0.7499 0.0243 0.3998
Car 0.0000 0 0.0000 -1.0000 -1.0000 -1.0000 -1.0000 2.2164 2.6612 5.0965 42.2343 -4.8564 1.3943 0.0333 0.3044
Truck 0.0000 0 0.0000 -1.0000 -1.0000 -1.0000 -1.0000 2.9543 3.1816 9.5053 7.3890 -8.2020 1.6583 2.8796 0.6874
Truck 0.0000 0 0.0000 -1.0000 -1.0000 -1.0000 -1.0000 2.4794 2.3761 6.5308 -37.2265 7.6037 1.0552 -3.1126 0.4501
Truck 0.0000 0 0.0000 -1.0000 -1.0000 -1.0000 -1.0000 2.1840 2.1066 5.4882 -9.7600 -0.2168 1.0592 -3.1413 0.4247
Truck 0.0000 0 0.0000 -1.0000 -1.0000 -1.0000 -1.0000 2.3393 2.4272 6.2979 38.4204 2.8442 1.1989 3.0784 0.3677
Truck 0.0000 0 0.0000 -1.0000 -1.0000 -1.0000 -1.0000 2.1314 2.5337 5.2133 42.2956 -4.6270 1.3786 0.0677 0.3329
Tricar 0.0000 0 0.0000 -1.0000 -1.0000 -1.0000 -1.0000 1.0978 1.5089 2.5975 -19.5876 11.5772 0.4356 3.0564 0.4485
Tricar 0.0000 0 0.0000 -1.0000 -1.0000 -1.0000 -1.0000 1.0507 1.5375 2.3991 23.9561 3.9689 0.8389 0.3218 0.3010
Cyclist 0.0000 0 0.0000 -1.0000 -1.0000 -1.0000 -1.0000 0.7618 1.5284 1.7724 44.8227 19.9165 0.3922 2.1916 0.5159
Cyclist 0.0000 0 0.0000 -1.0000 -1.0000 -1.0000 -1.0000 0.7440 1.5340 1.7351 11.2488 24.5840 0.2840 -1.8260 0.4196
Cyclist 0.0000 0 0.0000 -1.0000 -1.0000 -1.0000 -1.0000 0.9950 1.6030 2.0659 23.9618 3.9082 0.8577 -2.8022 0.3243
