Car 0.0000 0 0.0000 -1.0000 -1.0000 -1.0000 -1.0000 1.9694 1.4901 4.6167 -15.7871 3.2081 0.6914 3.1044 0.7193
Car 0.0000 0 0.0000 -1.0000 -1.0000 -1.0000 -1.0000 1.9576 1.8550 4.4074 8.1016 2.9076 0.9166 -3.1322 0.7013
Car 0.0000 0 0.0000 -1.0000 -1.0000 -1.0000 -1.0000 1.9745 1.4725 4.5560 47.2260 -0.3989 0.8818 -3.1362 0.6734
Car 0.0000 0 0.0000 -1.0000 -1.0000 -1.0000 -1.0000 1.8538 1.4367 4.3738 -5.2058 -9.3180 0.6541 -0.0049 0.6378
Car 0.0000 0 0.0000 -1.0000 -1.0000 -1.0000 -1.0000 2.0693 1.6800 4.7109 -16.7528 0.1837 0.8083 -0.0127 0.5717
Car 0.0000 0 0.0000 -1.0000 -1.0000 -1.0000 -1.0000 1.8926 1.7832 4.4763 -25.1025 15.2442 0.4406 -0.2675 0.4732
Car 0.0000 0 0.0000 -1.0000 -1.0000 -1.0000 -1.0000 1.8826 1.4380 4.4904 6.0089 -9.7037 0.7294 -3.1156 0.4519
Car 0.0000 0 0.0000 -1.0000 -1.0000 -1.0000 -1.0000 1.9306 1.5223 4.5474 0.3879 -10.3286 0.7559 -3.0599 0.4083
Car 0.0000 0 0.0000 -1.0000 -1.0000 -1.0000 -1.0000 1.8325 1.4102 4.3780 11.2340 -9.2950 0.7477 0.0256 0.3656
Car 0.0000 0 0.0000 -1.0000 -1.0000 -1.0000 -1.0000 1.9574 1.5976 4.6973 -83.1243 3.3180 0.3071 -0.0398 0.3291
Car 0.0000 0 0.0000 -1.0000 -1.0000 -1.0000 -1.0000 1.9505 1.6471 4.6285 74.9136 -2.0261 0.9764 -0.0361 0.3198
Tricar 0.0000 0 0.0000 -1.0000 -1.0000 -1.0000 -1.0000 1.1913 1.6240 2.5694 -56.1703 2.0536 0.5862 3.1316 0.3637
Cyclist 0.0000 0 0.0000 -1.0000 -1.0000 -1.0000 -1.0000 0.7576 1.5646 1.7452 -2.2407 9.3405 0.4936 3.1355 0.6313
Cyclist 0.0000 0 0.0000 -1.0000 -1.0000 -1.0000 -1.0000 0.7660 1.6013 1.7292 22.0454 -7.7476 0.8289 3.0980 0.5244
Cyclist 0.0000 0 0.0000 -1.0000 -1.0000 -1.0000 -1.0000 0.7607 1.5546 1.7182 0.5317 -7.9685 0.8005 -0.0619 0.4599
Cyclist 0.0000 0 0.0000 -1.0000 -1.0000 -1.0000 -1.0000 0.7450 1.3256 1.7960 -29.0967 14.7153 0.2591 1.3576 0.4559
Cyclist 0.0000 0 0.0000 -1.0000 -1.0000 -1.0000 -1.0000 0.8429 1.5565 1.8698 -9.4627 -6.0316 0.7580 3.1226 0.4206
Cyclist 0.0000 0 0.0000 -1.0000 -1.0000 -1.0000 -1.0000 0.7652 1.2941 1.8114 1.0641 14.4412 0.3611 -1.4650 0.4158
Cyclist 0.0000 0 0.0000 -1.0000 -1.0000 -1.0000 -1.0000 0.7695 1.5462 1.7397 -60.3999 -6.7178 0.5610 -0.0230 0.3912
Cyclist 0.0000 0 0.0000 -1.0000 -1.0000 -1.0000 -1.0000 0.8763 1.6695 1.9121 -16.7272 -12.8881 0.9246 -1.6280 0.3554
Cyclist 0.0000 0 0.0000 -1.0000 -1.0000 -1.0000 -1.0000 0.7313 1.3277 1.7804 2.6485 14.3343 0.3532 -1.4333 0.3392
Cyclist 0.0000 0 0.0000 -1.0000 -1.0000 -1.0000 -1.0000 0.9342 1.6154 1.9678 -56.1930 2.1526 0.5855 3.1355 0.3294
Cyclist 0.0000 0 0.0000 -1.0000 -1.0000 -1.0000 -1.0000 0.6731 1.1146 1.6835 21.6281 13.7467 0.2903 -1.5859 0.3129
Pedestrian 0.0000 0 0.0000 -1.0000 -1.0000 -1.0000 -1.0000 0.6587 1.6400 0.5888 -21.7392 17.9071 0.2620 -1.6947 0.5038
Pedestrian 0.0000 0 0.0000 -1.0000 -1.0000 -1.0000 -1.0000 0.7167 1.6739 0.6390 -41.2717 16.8566 0.3896 -3.0253 0.3457
