Car 0.0000 0 0.0000 -1.0000 -1.0000 -1.0000 -1.0000 1.9890 1.7140 4.5677 46.3034 6.6031 0.9542 -0.0142 0.8019
Car 0.0000 0 0.0000 -1.0000 -1.0000 -1.0000 -1.0000 1.9433 1.5900 4.5566 15.9993 6.2758 0.7613 3.1416 0.7799
Car 0.0000 0 0.0000 -1.0000 -1.0000 -1.0000 -1.0000 1.9540 1.4671 4.5476 -42.6038 8.5244 0.5406 -0.2971 0.7783
Car 0.0000 0 0.0000 -1.0000 -1.0000 -1.0000 -1.0000 1.9133 1.4179 4.4438 -6.1481 3.3707 0.6629 3.1077 0.6994
Car 0.0000 0 0.0000 -1.0000 -1.0000 -1.0000 -1.0000 1.8832 1.4329 4.4165 10.1707 6.8470 0.6130 3.0862 0.6722
Car 0.0000 0 0.0000 -1.0000 -1.0000 -1.0000 -1.0000 1.9925 1.5564 4.6678 -55.0467 13.5947 0.4481 -0.0045 0.6217
Car 0.0000 0 0.0000 -1.0000 -1.0000 -1.0000 -1.0000 2.1053 2.0925 4.8940 41.0890 -10.5546 1.5975 -0.0627 0.5462
Car 0.0000 0 0.0000 -1.0000 -1.0000 -1.0000 -1.0000 1.8860 1.4852 4.4524 21.9290 -10.8470 0.8188 -0.2601 0.5441
Car 0.0000 0 0.0000 -1.0000 -1.0000 -1.0000 -1.0000 1.9568 1.5499 4.5886 -60.8747 11.2172 0.4347 -0.4000 0.5126
Car 0.0000 0 0.0000 -1.0000 -1.0000 -1.0000 -1.0000 2.0218 1.4941 4.7189 -19.2939 -0.2055 0.7312 0.0145 0.4440
Car 0.0000 0 0.0000 -1.0000 -1.0000 -1.0000 -1.0000 1.8376 1.4335 4.4830 27.4526 6.7380 0.7723 3.1064 0.3628
Car 0.0000 0 0.0000 -1.0000 -1.0000 -1.0000 -1.0000 1.9317 1.5240 4.6079 -65.4322 11.6865 0.3124 -1.0955 0.3306
Car 0.0000 0 0.0000 -1.0000 -1.0000 -1.0000 -1.0000 1.8600 1.4869 4.6026 25.4346 12.7261 0.7168 0.0058 0.3011
Truck 0.0000 0 0.0000 -1.0000 -1.0000 -1.0000 -1.0000 2.8630 3.2872 11.1498 56.2524 -0.8237 1.9890 0.0321 0.6800
Cyclist 0.0000 0 0.0000 -1.0000 -1.0000 -1.0000 -1.0000 0.7641 1.5382 1.7757 -17.6326 5.5518 0.6499 0.0286 0.6927
Cyclist 0.0000 0 0.0000 -1.0000 -1.0000 -1.0000 -1.0000 0.8160 1.5563 1.8299 37.0379 3.6118 0.9157 2.9861 0.5902
Cyclist 0.0000 0 0.0000 -1.0000 -1.0000 -1.0000 -1.0000 0.7430 1.5496 1.7275 2.2844 -3.6754 0.8004 -3.1282 0.5805
Cyclist 0.0000 0 0.0000 -1.0000 -1.0000 -1.0000 -1.0000 0.7366 1.5470 1.7053 -2.8387 6.1059 0.7046 3.0512 0.4812
Cyclist 0.0000 0 0.0000 -1.0000 -1.0000 -1.0000 -1.0000 0.7334 1.4640 1.7187 39.6580 7.1902 0.7813 2.9581 0.4733
Cyclist 0.0000 0 0.0000 -1.0000 -1.0000 -1.0000 -1.0000 0.7361 1.4902 1.7250 -30.6075 -4.3009 0.7508 3.1142 0.4163
Cyclist 0.0000 0 0.0000 -1.0000 -1.0000 -1.0000 -1.0000 0.6761 1.2803 1.7150 7.0706 8.8711 0.6128 1.5554 0.4043
Cyclist 0.0000 0 0.0000 -1.0000 -1.0000 -1.0000 -1.0000 0.7389 1.5454 1.6720 58.8588 -5.0100 1.1840 0.0145 0.3752
Cyclist 0.0000 0 0.0000 -1.0000 -1.0000 -1.0000 -1.0000 0.8878 1.6359 1.8683 -50.9939 3.6419 0.7526 -0.0256 0.3722
Cyclist 0.0000 0 0.0000 -1.0000 -1.0000 -1.0000 -1.0000 0.7971 1.5511 1.8115 -57.0333 -2.0959 0.7275 0.0918 0.3609
Cyclist 0.0000 0 0.0000 -1.0000 -1.0000 -1.0000 -1.0000 0.7688 1.5787 1.7384 -71.7324 2.2856 0.5225 -0.2026 0.3288
Cyclist 0.0000 0 0.0000 -1.0000 -1.0000 -1.0000 -1.0000 0.8433 1.5496 1.8622 -58.6892 3.0366 0.6414 -3.0943 0.3248
Cyclist 0.0000 0 0.0000 -1.0000 -1.0000 -1.0000 -1.0000 0.7496 1.6049 1.6997 -45.9434 -4.7466 0.8725 -3.1312 0.3195
Cyclist 0.0000 0 0.0000 -1.0000 -1.0000 -1.0000 -1.0000 0.6678 1.1680 1.6893 8.7252 8.9858 0.5199 1.5401 0.3094
Cyclist 0.0000 0 0.0000 -1.0000 -1.0000 -1.0000 -1.0000 0.7613 1.6117 1.7114 26.1102 5.2377 0.9180 -3.1266 0.3085
Cyclist 0.0000 0 0.0000 -1.0000 -1.0000 -1.0000 -1.0000 0.7448 1.5345 1.7292 -21.4715 8.7301 0.6607 -2.9896 0.3039
Cyclist 0.0000 0 0.0000 -1.0000 -1.0000 -1.0000 -1.0000 0.7016 1.3438 1.6963 -6.7694 9.0697 0.5340 -1.1646 0.3022
Pedestrian 0.0000 0 0.0000 -1.0000 -1.0000 -1.0000 -1.0000 0.7090 1.6822 0.6917 19.8040 -6.8864 0.9648 -0.1222 0.6094
Pedestrian 0.0000 0 0.0000 -1.0000 -1.0000 -1.0000 -1.0000 0.7014 1.7078 0.6587 12.6488 -6.3627 1.0971 3.0236 0.5884
Pedestrian 0.0000 0 0.0000 -1.0000 -1.0000 -1.0000 -1.0000 0.6856 1.6302 0.6543 12.7057 14.0666 0.8603 0.0241 0.5807
Pedestrian 0.0000 0 0.0000 -1.0000 -1.0000 -1.0000 -1.0000 0.6990 1.6587 0.6621 26.0632 5.0726 0.9169 -3.1354 0.4979
Pedestrian 0.0000 0 0.0000 -1.0000 -1.0000 -1.0000 -1.0000 0.6956 1.6943 0.6431 39.7318 10.6705 1.0358 3.0497 0.4950
Pedestrian 0.0000 0 0.0000 -1.0000 -1.0000 -1.0000 -1.0000 0.6719 1.6604 0.5828 -10.1279 8.9642 0.6667 -2.4054 0.4740
Pedestrian 0.0000 0 0.0000 -1.0000 -1.0000 -1.0000 -1.0000 0.6789 1.6115 0.6134 56.0295 6.5008 0.9294 0.0358 0.3853
Pedestrian 0.0000 0 0.0000 -1.0000 -1.0000 -1.0000 -1.0000 0.7007 1.6998 0.6375 -27.5399 -6.1244 1.0048 3.0851 0.3777
Pedestrian 0.0000 0 0.0000 -1.0000 -1.0000 -1.0000 -1.0000 0.6834 1.6512 0.5935 -23.5394 10.2479 0.6877 -2.6616 0.3681
Pedestrian 0.0000 0 0.0000 -1.0000 -1.0000 -1.0000 -1.0000 0.6879 1.6341 0.6374 41.6293 -6.5992 1.2896 3.0557 0.3399
Pedestrian 0.0000 0 0.0000 -1.0000 -1.0000 -1.0000 -1.0000 0.7025 1.6100 0.6467 -21.5659 8.7217 0.6911 0.1576 0.3037
