Car 0.0000 0 0.0000 -1.0000 -1.0000 -1.0000 -1.0000 1.9609 1.5212 4.5926 14.3084 3.1914 0.8590 0.0087 0.7807
Car 0.0000 0 0.0000 -1.0000 -1.0000 -1.0000 -1.0000 2.0000 1.6087 4.6671 -33.6592 0.7113 0.6482 0.0283 0.7517
Car 0.0000 0 0.0000 -1.0000 -1.0000 -1.0000 -1.0000 2.0096 1.6843 4.6379 -10.1083 -2.1591 0.8192 0.0010 0.7273
Car 0.0000 0 0.0000 -1.0000 -1.0000 -1.0000 -1.0000 1.9755 1.5918 4.5578 8.5287 0.2264 0.8813 -3.1131 0.7014
Car 0.0000 0 0.0000 -1.0000 -1.0000 -1.0000 -1.0000 1.9345 1.5044 4.5742 39.2989 -8.9814 0.9922 -1.4040 0.6530
Car 0.0000 0 0.0000 -1.0000 -1.0000 -1.0000 -1.0000 1.8762 1.5758 4.4469 -20.8165 -2.8478 0.7090 0.0933 0.6302
Car 0.0000 0 0.0000 -1.0000 -1.0000 -1.0000 -1.0000 1.8719 1.5193 4.3891 -32.2503 -3.2377 0.6239 -3.0839 0.5464
Car 0.0000 0 0.0000 -1.0000 -1.0000 -1.0000 -1.0000 1.9236 1.5478 4.5416 -28.4387 3.5334 0.6252 0.0813 0.4758
Car 0.0000 0 0.0000 -1.0000 -1.0000 -1.0000 -1.0000 1.9851 1.6647 4.6443 -13.2004 4.1436 0.7972 -3.0963 0.4108
Car 0.0000 0 0.0000 -1.0000 -1.0000 -1.0000 -1.0000 1.8552 1.6887 4.4919 -42.5198 -3.3101 0.7413 -3.1195 0.3888
Car 0.0000 0 0.0000 -1.0000 -1.0000 -1.0000 -1.0000 2.0178 1.6710 4.6929 -3.6984 4.4747 0.8735 -3.0909 0.3841
Car 0.0000 0 0.0000 -1.0000 -1.0000 -1.0000 -1.0000 1.9189 1.5491 4.6455 -64.6284 -0.8281 0.8513 -0.1534 0.3671
Car 0.0000 0 0.0000 -1.0000 -1.0000 -1.0000 -1.0000 1.9380 1.6549 4.6524 25.9624 18.4198 1.0934 -1.4279 0.3621
Car 0.0000 0 0.0000 -1.0000 -1.0000 -1.0000 -1.0000 1.9347 1.5473 4.5711 -36.9119 -4.8826 0.6447 -3.1071 0.3602
Car 0.0000 0 0.0000 -1.0000 -1.0000 -1.0000 -1.0000 1.8681 1.7143 4.3659 -33.7689 7.3023 0.8095 -1.4336 0.3464
Car 0.0000 0 0.0000 -1.0000 -1.0000 -1.0000 -1.0000 1.9793 1.6345 4.6424 -8.4041 4.4645 0.8432 0.0368 0.3296
Cyclist 0.0000 0 0.0000 -1.0000 -1.0000 -1.0000 -1.0000 0.7173 1.5230 1.6836 -8.7744 0.9671 0.7303 0.0451 0.6469
Cyclist 0.0000 0 0.0000 -1.0000 -1.0000 -1.0000 -1.0000 0.7143 1.5232 1.6644 31.6927 3.4575 1.0448 3.1272 0.5573
Cyclist 0.0000 0 0.0000 -1.0000 -1.0000 -1.0000 -1.0000 0.7819 1.5991 1.7149 25.7860 3.3871 1.0552 3.1252 0.5166
Cyclist 0.0000 0 0.0000 -1.0000 -1.0000 -1.0000 -1.0000 0.8423 1.5799 1.8367 32.1951 8.0413 1.0155 -2.8879 0.4944
Cyclist 0.0000 0 0.0000 -1.0000 -1.0000 -1.0000 -1.0000 0.8535 1.5358 1.9128 -29.2040 -0.7300 0.6126 0.0434 0.4665
Cyclist 0.0000 0 0.0000 -1.0000 -1.0000 -1.0000 -1.0000 0.7604 1.4986 1.7243 29.0469 -3.0536 1.0130 0.5008 0.4596
Cyclist 0.0000 0 0.0000 -1.0000 -1.0000 -1.0000 -1.0000 0.7516 1.5348 1.7045 41.2514 3.4346 1.0531 3.0524 0.4285
Cyclist 0.0000 0 0.0000 -1.0000 -1.0000 -1.0000 -1.0000 0.7048 1.3639 1.6963 27.3957 -7.4516 1.0075 -1.9482 0.4030
Cyclist 0.0000 0 0.0000 -1.0000 -1.0000 -1.0000 -1.0000 0.6635 1.2914 1.6479 -12.3319 -6.9912 0.6829 0.1789 0.3776
Cyclist 0.0000 0 0.0000 -1.0000 -1.0000 -1.0000 -1.0000 0.7618 1.3351 1.7809 -1.6323 8.8378 0.8448 -3.1279 0.3698
Cyclist 0.0000 0 0.0000 -1.0000 -1.0000 -1.0000 -1.0000 0.6827 1.0422 1.6840 12.3399 -6.9543 0.8151 -3.0535 0.3659
Cyclist 0.0000 0 0.0000 -1.0000 -1.0000 -1.0000 -1.0000 0.7204 1.5260 1.6610 37.6134 5.5654 1.0288 2.4139 0.3541
Cyclist 0.0000 0 0.0000 -1.0000 -1.0000 -1.0000 -1.0000 0.7663 1.6027 1.7136 31.9716 -3.0481 1.1731 -2.7420 0.3524
Cyclist 0.0000 0 0.0000 -1.0000 -1.0000 -1.0000 -1.0000 0.6499 1.1032 1.6150 -12.6761 -7.7775 0.6938 -2.9301 0.3420
Cyclist 0.0000 0 0.0000 -1.0000 -1.0000 -1.0000 -1.0000 0.7594 1.5792 1.6901 37.9823 8.2633 1.0289 0.4126 0.3198
Cyclist 0.0000 0 0.0000 -1.0000 -1.0000 -1.0000 -1.0000 0.6806 1.1481 1.6763 4.6680 -6.6656 0.8756 1.1107 0.3083
Pedestrian 0.0000 0 0.0000 -1.0000 -1.0000 -1.0000 -1.0000 0.6992 1.6705 0.6518 -0.3638 -4.4463 0.9712 3.1100 0.4542
Pedestrian 0.0000 0 0.0000 -1.0000 -1.0000 -1.0000 -1.0000 0.6939 1.6528 0.6625 20.6777 7.2782 1.0132 3.1289 0.4438
Pedestrian 0.0000 0 0.0000 -1.0000 -1.0000 -1.0000 -1.0000 0.7383 1.7077 0.7581 28.4044 10.1971 1.1258 -2.9807 0.3763
Pedestrian 0.0000 0 0.0000 -1.0000 -1.0000 -1.0000 -1.0000 0.6834 1.6911 0.5925 -22.2932 -6.6613 0.9395 0.1258 0.3670
Pedestrian 0.0000 0 0.0000 -1.0000 -1.0000 -1.0000 -1.0000 0.6854 1.6493 0.6125 -11.8126 -5.3445 0.9463 0.0834 0.3041
Pedestrian 0.0000 0 0.0000 -1.0000 -1.0000 -1.0000 -1.0000 0.7262 1.6591 0.6746 31.9304 -3.0580 1.1885 -2.8253 0.3019
