Car 0.0000 0 0.0000 -1.0000 -1.0000 -1.0000 -1.0000 1.8742 1.4790 4.3701 -14.8986 6.3133 0.4826 -2.9658 0.6987
Car 0.0000 0 0.0000 -1.0000 -1.0000 -1.0000 -1.0000 1.8916 1.6546 4.4454 29.1317 13.9353 0.3985 0.0562 0.6660
Car 0.0000 0 0.0000 -1.0000 -1.0000 -1.0000 -1.0000 2.1108 1.7160 4.8107 -19.1444 -1.5345 0.8121 0.2049 0.6045
Car 0.0000 0 0.0000 -1.0000 -1.0000 -1.0000 -1.0000 1.9192 1.4543 4.5440 -31.0635 4.1414 0.4277 -2.9106 0.6017
Car 0.0000 0 0.0000 -1.0000 -1.0000 -1.0000 -1.0000 1.8626 1.4431 4.4320 23.6622 13.4146 0.6015 0.0683 0.5843
Car 0.0000 0 0.0000 -1.0000 -1.0000 -1.0000 -1.0000 2.0157 1.9387 4.7068 -29.5599 -3.4602 0.8807 -3.0132 0.5780
Car 0.0000 0 0.0000 -1.0000 -1.0000 -1.0000 -1.0000 1.8508 1.4745 4.4571 -37.5050 2.9379 0.4167 -2.9294 0.5536
Car 0.0000 0 0.0000 -1.0000 -1.0000 -1.0000 -1.0000 1.8731 1.4882 4.3945 7.0529 13.7857 0.7845 -2.6196 0.4850
Car 0.0000 0 0.0000 -1.0000 -1.0000 -1.0000 -1.0000 1.8842 1.4825 4.4349 12.7255 -7.6234 0.8960 -0.9630 0.4565
Car 0.0000 0 0.0000 -1.0000 -1.0000 -1.0000 -1.0000 1.9273 1.5448 4.6256 17.8849 -40.9253 1.0448 -1.4052 0.4484
Car 0.0000 0 0.0000 -1.0000 -1.0000 -1.0000 -1.0000 1.9001 1.5139 4.5909 29.4387 -37.4024 1.1655 -1.0690 0.4473
Car 0.0000 0 0.0000 -1.0000 -1.0000 -1.0000 -1.0000 1.8291 1.4703 4.4165 -34.1356 -8.1758 0.6069 0.1954 0.4409
Car 0.0000 0 0.0000 -1.0000 -1.0000 -1.0000 -1.0000 1.8405 1.5254 4.5356 -44.9078 -10.5100 0.5982 0.2320 0.4122
Car 0.0000 0 0.0000 -1.0000 -1.0000 -1.0000 -1.0000 1.8749 1.4802 4.4651 8.4182 19.0508 0.7838 -2.9754 0.3778
Car 0.0000 0 0.0000 -1.0000 -1.0000 -1.0000 -1.0000 1.8847 1.4778 4.5645 -42.4427 2.2624 0.3429 -2.9586 0.3534
Car 0.0000 0 0.0000 -1.0000 -1.0000 -1.0000 -1.0000 1.8898 1.5221 4.5589 19.3201 -27.6049 1.1260 -1.5014 0.3497
Car 0.0000 0 0.0000 -1.0000 -1.0000 -1.0000 -1.0000 2.0210 1.5063 4.7576 -55.6760 -0.2265 0.3554 -2.8843 0.3315
Car 0.0000 0 0.0000 -1.0000 -1.0000 -1.0000 -1.0000 1.8380 1.4272 4.5353 16.5440 -35.0603 1.1249 -1.3943 0.3259
Car 0.0000 0 0.0000 -1.0000 -1.0000 -1.0000 -1.0000 2.1464 2.0287 5.0602 8.1019 25.0141 0.8951 -3.0553 0.3230
Car 0.0000 0 0.0000 -1.0000 -1.0000 -1.0000 -1.0000 1.8677 1.5812 4.4574 43.5361 15.5638 -0.1946 -3.0690 0.3180
Truck 0.0000 0 0.0000 -1.0000 -1.0000 -1.0000 -1.0000 2.7103 2.8578 7.7173 -51.8135 -11.7401 1.2632 0.2013 0.5522
Tricar 0.0000 0 0.0000 -1.0000 -1.0000 -1.0000 -1.0000 1.5108 1.8874 3.1619 16.8435 33.5943 1.4058 -2.8625 0.3777
Tricar 0.0000 0 0.0000 -1.0000 -1.0000 -1.0000 -1.0000 1.6004 2.0707 3.4683 18.1262 26.9019 1.3827 0.1980 0.3225
Cyclist 0.0000 0 0.0000 -1.0000 -1.0000 -1.0000 -1.0000 0.7618 1.5154 1.7248 8.2659 11.6505 0.8103 0.5558 0.5883
Cyclist 0.0000 0 0.0000 -1.0000 -1.0000 -1.0000 -1.0000 0.7972 1.5621 1.7892 7.5681 2.8950 0.9048 2.5189 0.5471
Cyclist 0.0000 0 0.0000 -1.0000 -1.0000 -1.0000 -1.0000 0.7019 1.2555 1.7014 -26.1600 -8.8270 0.6611 0.8380 0.3252
Cyclist 0.0000 0 0.0000 -1.0000 -1.0000 -1.0000 -1.0000 0.6721 1.1276 1.6807 -9.9586 8.8266 0.2388 -3.0055 0.3236
Pedestrian 0.0000 0 0.0000 -1.0000 -1.0000 -1.0000 -1.0000 0.6961 1.6112 0.6451 10.5074 10.2892 0.9113 0.4950 0.5097
Pedestrian 0.0000 0 0.0000 -1.0000 -1.0000 -1.0000 -1.0000 0.6595 1.5960 0.5806 4.4389 -8.6405 1.0511 2.6155 0.4281
