Car 0.0000 0 0.0000 -1.0000 -1.0000 -1.0000 -1.0000 2.0730 1.6873 4.6583 -35.7267 -3.0732 0.7182 -0.0047 0.8292
Car 0.0000 0 0.0000 -1.0000 -1.0000 -1.0000 -1.0000 1.9575 1.4326 4.5312 10.5074 -2.9336 0.7839 0.0408 0.8246
Car 0.0000 0 0.0000 -1.0000 -1.0000 -1.0000 -1.0000 1.9816 1.6355 4.5322 41.3575 -4.9340 0.9842 0.0523 0.7519
Car 0.0000 0 0.0000 -1.0000 -1.0000 -1.0000 -1.0000 1.9603 1.4769 4.5136 33.9795 -2.4008 0.9385 0.0547 0.7228
Car 0.0000 0 0.0000 -1.0000 -1.0000 -1.0000 -1.0000 1.8976 1.4818 4.3631 9.0293 3.3807 0.7985 3.1119 0.6499
Car 0.0000 0 0.0000 -1.0000 -1.0000 -1.0000 -1.0000 2.0061 1.4600 4.5881 -0.4351 -3.6368 0.7438 -0.0045 0.6390
Car 0.0000 0 0.0000 -1.0000 -1.0000 -1.0000 -1.0000 1.9960 1.5106 4.6010 -8.6942 -0.1630 0.7250 3.1411 0.6007
Car 0.0000 0 0.0000 -1.0000 -1.0000 -1.0000 -1.0000 2.0198 1.6036 4.6105 25.7560 3.6931 0.9935 -3.1383 0.5754
Car 0.0000 0 0.0000 -1.0000 -1.0000 -1.0000 -1.0000 2.0074 1.9351 4.6242 10.3133 0.3941 1.0129 0.0169 0.5744
Tricar 0.0000 0 0.0000 -1.0000 -1.0000 -1.0000 -1.0000 1.6423 2.1550 3.3605 31.7976 25.3963 0.6934 -0.0571 0.3236
Pedestrian 0.0000 0 0.0000 -1.0000 -1.0000 -1.0000 -1.0000 0.7102 1.6547 0.6728 6.2243 -19.4578 1.0677 0.1644 0.3258
