Car 0.0000 0 0.0000 -1.0000 -1.0000 -1.0000 -1.0000 1.9508 1.4670 4.5854 -23.9530 18.2313 0.4534 -1.1092 0.5980
Car 0.0000 0 0.0000 -1.0000 -1.0000 -1.0000 -1.0000 2.0263 1.4845 4.6781 -48.0261 -0.2715 0.7329 -3.1089 0.5700
Car 0.0000 0 0.0000 -1.0000 -1.0000 -1.0000 -1.0000 1.8845 1.5544 4.4956 -25.2158 10.7425 0.4702 -3.0951 0.5517
Car 0.0000 0 0.0000 -1.0000 -1.0000 -1.0000 -1.0000 1.9445 1.9794 4.5977 -17.3774 17.7151 0.6823 -2.9569 0.4666
Car 0.0000 0 0.0000 -1.0000 -1.0000 -1.0000 -1.0000 1.9445 1.6648 4.6423 25.2406 14.9215 0.6861 3.0610 0.4425
Car 0.0000 0 0.0000 -1.0000 -1.0000 -1.0000 -1.0000 1.9210 1.5217 4.5808 -48.3024 10.9780 0.5019 -3.1235 0.3934
Car 0.0000 0 0.0000 -1.0000 -1.0000 -1.0000 -1.0000 2.0131 1.7980 4.8007 -19.2322 -25.0904 1.4620 0.0381 0.3691
Car 0.0000 0 0.0000 -1.0000 -1.0000 -1.0000 -1.0000 1.8690 1.5377 4.4854 -13.8992 -42.2351 1.4271 -1.7839 0.3045
Truck 0.0000 0 0.0000 -1.0000 -1.0000 -1.0000 -1.0000 2.4280 2.4359 6.2169 48.6203 -0.6405 1.6593 0.0007 0.4762
Truck 0.0000 0 0.0000 -1.0000 -1.0000 -1.0000 -1.0000 2.1680 2.1755 5.5656 -5.0931 11.3812 0.9899 3.1268 0.4555
Tricar 0.0000 0 0.0000 -1.0000 -1.0000 -1.0000 -1.0000 1.3036 1.8014 3.2154 -25.9035 -3.9143 0.8867 -0.0116 0.5828
Tricar 0.0000 0 0.0000 -1.0000 -1.0000 -1.0000 -1.0000 1.3378 1.9074 3.0660 -39.1077 -3.7547 0.9604 -0.0316 0.5143
Cyclist 0.0000 0 0.0000 -1.0000 -1.0000 -1.0000 -1.0000 0.7478 1.5468 1.7298 -31.0503 -2.6892 0.7028 3.1063 0.5756
