Car 0.0000 0 0.0000 -1.0000 -1.0000 -1.0000 -1.0000 2.0850 1.8190 4.7518 -17.6856 -0.1897 0.8558 -0.0107 0.6307
Car 0.0000 0 0.0000 -1.0000 -1.0000 -1.0000 -1.0000 2.0021 1.5011 4.6101 26.6329 4.3715 0.8528 0.0536 0.5961
Car 0.0000 0 0.0000 -1.0000 -1.0000 -1.0000 -1.0000 1.9472 1.6824 4.5687 22.1098 -0.4056 1.0287 3.1355 0.5021
Car 0.0000 0 0.0000 -1.0000 -1.0000 -1.0000 -1.0000 1.9768 1.4994 4.5358 21.6868 -2.8276 0.9524 -0.0469 0.5010
Car 0.0000 0 0.0000 -1.0000 -1.0000 -1.0000 -1.0000 1.9562 1.8221 4.7042 42.4979 -5.9980 1.7313 1.4548 0.4634
Car 0.0000 0 0.0000 -1.0000 -1.0000 -1.0000 -1.0000 1.9067 1.5859 4.5288 -58.8836 3.3004 0.4886 0.0007 0.4451
Car 0.0000 0 0.0000 -1.0000 -1.0000 -1.0000 -1.0000 1.9498 1.4996 4.5844 -30.7191 -1.6090 0.6261 -0.0220 0.4324
Car 0.0000 0 0.0000 -1.0000 -1.0000 -1.0000 -1.0000 1.8972 1.6574 4.3934 35.4083 -5.2722 1.4608 -0.6517 0.3669
Car 0.0000 0 0.0000 -1.0000 -1.0000 -1.0000 -1.0000 1.9804 1.4614 4.5572 15.0767 0.1398 0.8393 0.0286 0.3178
Truck 0.0000 0 0.0000 -1.0000 -1.0000 -1.0000 -1.0000 2.3353 2.3872 6.1515 45.1573 3.9786 1.8183 1.6770 0.5401
Cyclist 0.0000 0 0.0000 -1.0000 -1.0000 -1.0000 -1.0000 0.7779 1.5821 1.7327 13.9717 5.9192 0.8532 -3.1014 0.6976
Cyclist 0.0000 0 0.0000 -1.0000 -1.0000 -1.0000 -1.0000 0.7218 1.5466 1.6870 -0.7878 -2.7171 0.8534 -3.1193 0.5698
Cyclist 0.0000 0 0.0000 -1.0000 -1.0000 -1.0000 -1.0000 0.7828 1.5533 1.7527 -33.9197 4.5570 0.4833 -0.0034 0.4965
Cyclist 0.0000 0 0.0000 -1.0000 -1.0000 -1.0000 -1.0000 0.7598 1.5234 1.7321 -0.0647 5.9478 0.6284 0.0612 0.4856
Cyclist 0.0000 0 0.0000 -1.0000 -1.0000 -1.0000 -1.0000 0.7277 1.5446 1.6843 34.9224 7.1288 0.9547 1.2697 0.4625
Cyclist 0.0000 0 0.0000 -1.0000 -1.0000 -1.0000 -1.0000 0.7320 1.5297 1.6861 22.2114 -5.3764 1.0383 3.1224 0.3635
Cyclist 0.0000 0 0.0000 -1.0000 -1.0000 -1.0000 -1.0000 0.8710 1.5978 1.8488 32.8090 -9.2216 1.5060 -0.5255 0.3276
Cyclist 0.0000 0 0.0000 -1.0000 -1.0000 -1.0000 -1.0000 0.7883 1.5624 1.7482 -0.9895 -7.1784 0.9948 -0.0257 0.3184
Cyclist 0.0000 0 0.0000 -1.0000 -1.0000 -1.0000 -1.0000 0.7337 1.5318 1.6708 29.0403 -6.1042 1.1635 2.9516 0.3135
Pedestrian 0.0000 0 0.0000 -1.0000 -1.0000 -1.0000 -1.0000 0.7054 1.6686 0.7051 6.2202 -9.0521 1.1707 0.0947 0.5879
Pedestrian 0.0000 0 0.0000 -1.0000 -1.0000 -1.0000 -1.0000 0.6858 1.5950 0.6390 0.8553 -8.6936 1.0327 -3.0988 0.4700
Pedestrian 0.0000 0 0.0000 -1.0000 -1.0000 -1.0000 -1.0000 0.6802 1.6072 0.6282 -3.1635 -8.5597 1.0269 0.0081 0.4198
Pedestrian 0.0000 0 0.0000 -1.0000 -1.0000 -1.0000 -1.0000 0.6769 1.6136 0.5875 25.7042 -4.6823 1.1151 3.0861 0.3545
Pedestrian 0.0000 0 0.0000 -1.0000 -1.0000 -1.0000 -1.0000 0.7023 1.7446 0.6099 21.6067 -6.2829 1.2809 0.0079 0.3493
Pedestrian 0.0000 0 0.0000 -1.0000 -1.0000 -1.0000 -1.0000 0.6998 1.6401 0.6270 -0.9280 -7.0647 1.0123 3.1371 0.3214
Pedestrian 0.0000 0 0.0000 -1.0000 -1.0000 -1.0000 -1.0000 0.6779 1.6873 0.5797 31.6646 -12.5713 1.8424 2.7944 0.3210
Pedestrian 0.0000 0 0.0000 -1.0000 -1.0000 -1.0000 -1.0000 0.6922 1.6491 0.6200 25.4297 -11.0723 1.4600 2.9745 0.3189
Pedestrian 0.0000 0 0.0000 -1.0000 -1.0000 -1.0000 -1.0000 0.6949 1.7316 0.6110 33.3309 -12.7541 1.8921 -0.3426 0.3160
Pedestrian 0.0000 0 0.0000 -1.0000 -1.0000 -1.0000 -1.0000 0.7065 1.7476 0.6280 20.5213 -7.0964 1.2952 0.0100 0.3113
