Car 0.0000 0 0.0000 -1.0000 -1.0000 -1.0000 -1.0000 1.9046 1.4200 4.4652 -24.0384 7.1385 0.7200 3.0668 0.7660
Car 0.0000 0 0.0000 -1.0000 -1.0000 -1.0000 -1.0000 1.9239 1.4400 4.4726 17.4720 6.2683 0.4290 -0.0118 0.7185
Car 0.0000 0 0.0000 -1.0000 -1.0000 -1.0000 -1.0000 1.8757 1.4625 4.4049 -4.1464 2.6729 0.7039 3.1099 0.6674
Car 0.0000 0 0.0000 -1.0000 -1.0000 -1.0000 -1.0000 1.9489 1.7093 4.5063 11.6287 6.4049 0.6791 -0.0109 0.6484
Car 0.0000 0 0.0000 -1.0000 -1.0000 -1.0000 -1.0000 1.9231 1.7799 4.4458 -30.3748 7.2711 0.8861 -0.0017 0.6268
Car 0.0000 0 0.0000 -1.0000 -1.0000 -1.0000 -1.0000 1.9152 1.6022 4.5403 -17.4397 6.8553 0.7763 0.0002 0.6227
Car 0.0000 0 0.0000 -1.0000 -1.0000 -1.0000 -1.0000 1.9070 1.4240 4.4544 5.3924 6.3183 0.6013 -0.0152 0.6145
Car 0.0000 0 0.0000 -1.0000 -1.0000 -1.0000 -1.0000 1.8587 1.3951 4.4257 -0.1357 6.4285 0.6090 -0.0584 0.5984
Car 0.0000 0 0.0000 -1.0000 -1.0000 -1.0000 -1.0000 1.9078 1.4970 4.4457 -36.0135 7.3329 0.7571 -3.1378 0.5587
Car 0.0000 0 0.0000 -1.0000 -1.0000 -1.0000 -1.0000 1.8873 1.4501 4.4459 23.1400 6.0438 0.4195 -0.0174 0.5566
Car 0.0000 0 0.0000 -1.0000 -1.0000 -1.0000 -1.0000 1.9092 1.4634 4.5494 -11.7364 6.9172 0.6979 3.1315 0.5202
Car 0.0000 0 0.0000 -1.0000 -1.0000 -1.0000 -1.0000 1.8628 1.4511 4.4626 -5.7041 6.7066 0.7062 -0.0430 0.4973
Car 0.0000 0 0.0000 -1.0000 -1.0000 -1.0000 -1.0000 1.9344 1.5814 4.5198 41.3329 5.5617 0.4913 3.1305 0.4910
Car 0.0000 0 0.0000 -1.0000 -1.0000 -1.0000 -1.0000 1.9063 1.4818 4.5397 35.1521 5.7973 0.4385 3.0961 0.4315
Car 0.0000 0 0.0000 -1.0000 -1.0000 -1.0000 -1.0000 1.8839 1.5797 4.5005 48.1206 5.4641 0.4793 3.1405 0.4187
Car 0.0000 0 0.0000 -1.0000 -1.0000 -1.0000 -1.0000 1.8917 1.4933 4.4988 28.9002 5.8290 0.4876 3.0826 0.3810
Car 0.0000 0 0.0000 -1.0000 -1.0000 -1.0000 -1.0000 1.9842 1.4399 4.6899 -27.0263 3.7471 0.7847 -3.1152 0.3261
Cyclist 0.0000 0 0.0000 -1.0000 -1.0000 -1.0000 -1.0000 0.7681 1.5436 1.7490 -14.1701 4.9183 0.7352 3.1045 0.6915
Cyclist 0.0000 0 0.0000 -1.0000 -1.0000 -1.0000 -1.0000 0.7172 1.5334 1.6730 0.7767 -2.8191 0.7730 -3.1189 0.6052
Cyclist 0.0000 0 0.0000 -1.0000 -1.0000 -1.0000 -1.0000 0.7620 1.5218 1.7481 3.0092 2.6193 0.6926 0.0025 0.5494
Cyclist 0.0000 0 0.0000 -1.0000 -1.0000 -1.0000 -1.0000 0.7227 1.5125 1.7123 32.3289 2.9567 0.4883 3.0657 0.5183
