Car 0.0000 0 0.0000 -1.0000 -1.0000 -1.0000 -1.0000 2.0537 1.7449 4.6870 5.1138 2.5568 0.8967 -3.0966 0.7416
Car 0.0000 0 0.0000 -1.0000 -1.0000 -1.0000 -1.0000 1.9606 1.5457 4.5351 -0.8933 2.2673 0.7053 -3.1355 0.7070
Car 0.0000 0 0.0000 -1.0000 -1.0000 -1.0000 -1.0000 2.0138 1.6808 4.7348 -35.1933 0.9917 0.6007 0.0068 0.6799
Car 0.0000 0 0.0000 -1.0000 -1.0000 -1.0000 -1.0000 1.9840 1.6088 4.5313 -13.6087 0.3271 0.7198 -3.1249 0.6307
Car 0.0000 0 0.0000 -1.0000 -1.0000 -1.0000 -1.0000 2.0407 1.6897 4.6495 -51.9068 -0.7731 0.4593 -3.1380 0.5983
Car 0.0000 0 0.0000 -1.0000 -1.0000 -1.0000 -1.0000 2.1093 2.0079 4.8951 11.7567 2.4171 1.0649 0.0527 0.4212
Car 0.0000 0 0.0000 -1.0000 -1.0000 -1.0000 -1.0000 1.9837 1.5137 4.6298 -47.7846 6.4391 0.3670 -2.7714 0.4072
Car 0.0000 0 0.0000 -1.0000 -1.0000 -1.0000 -1.0000 1.8718 1.5452 4.4900 -79.3970 13.6869 0.1669 -0.0278 0.3598
Car 0.0000 0 0.0000 -1.0000 -1.0000 -1.0000 -1.0000 1.8483 1.6817 4.4392 18.0888 2.7146 0.9339 -3.0720 0.3128
Car 0.0000 0 0.0000 -1.0000 -1.0000 -1.0000 -1.0000 1.8729 1.5621 4.5418 -5.2148 -16.2281 1.3666 -1.5422 0.3069
Tricar 0.0000 0 0.0000 -1.0000 -1.0000 -1.0000 -1.0000 1.0830 1.2657 2.7554 -18.4805 16.0422 0.2686 -0.0853 0.3756
Tricar 0.0000 0 0.0000 -1.0000 -1.0000 -1.0000 -1.0000 1.4084 1.8463 2.9535 -51.2103 -10.9506 0.5863 -2.9957 0.3620
Cyclist 0.0000 0 0.0000 -1.0000 -1.0000 -1.0000 -1.0000 0.8215 1.5631 1.8170 -0.3600 -5.3846 0.7738 -3.0786 0.6639
Cyclist 0.0000 0 0.0000 -1.0000 -1.0000 -1.0000 -1.0000 0.7427 1.5294 1.7260 18.6208 11.8330 0.5962 0.0269 0.6307
Cyclist 0.0000 0 0.0000 -1.0000 -1.0000 -1.0000 -1.0000 0.7320 1.5436 1.7222 0.4532 12.9951 0.4788 0.0198 0.6087
Cyclist 0.0000 0 0.0000 -1.0000 -1.0000 -1.0000 -1.0000 0.7120 1.2410 1.7048 0.8923 -8.0670 0.6862 -3.1137 0.5415
Cyclist 0.0000 0 0.0000 -1.0000 -1.0000 -1.0000 -1.0000 0.7014 1.4963 1.6739 -19.6783 -9.9528 0.7356 -0.0897 0.4997
Cyclist 0.0000 0 0.0000 -1.0000 -1.0000 -1.0000 -1.0000 0.7539 1.5982 1.6846 -4.6564 11.6651 0.4654 3.1052 0.4980
Cyclist 0.0000 0 0.0000 -1.0000 -1.0000 -1.0000 -1.0000 0.7447 1.4810 1.7390 -10.0521 -9.3962 0.6739 -2.9698 0.4959
Cyclist 0.0000 0 0.0000 -1.0000 -1.0000 -1.0000 -1.0000 0.7136 1.2424 1.7131 -2.8261 14.4261 0.2710 0.0179 0.4662
Cyclist 0.0000 0 0.0000 -1.0000 -1.0000 -1.0000 -1.0000 0.6601 1.1645 1.6346 -6.7805 14.8815 0.1829 -3.1008 0.4370
Cyclist 0.0000 0 0.0000 -1.0000 -1.0000 -1.0000 -1.0000 0.6999 1.2670 1.7046 4.9572 -8.3517 0.6937 -0.0665 0.3964
Cyclist 0.0000 0 0.0000 -1.0000 -1.0000 -1.0000 -1.0000 0.7110 1.2747 1.7220 -7.1892 -9.4441 0.6823 0.1845 0.3958
Cyclist 0.0000 0 0.0000 -1.0000 -1.0000 -1.0000 -1.0000 0.6670 1.3402 1.6477 27.7935 -8.7055 0.9061 -0.0266 0.3166
Cyclist 0.0000 0 0.0000 -1.0000 -1.0000 -1.0000 -1.0000 0.7256 1.3096 1.6973 31.0749 -7.8920 0.9003 0.1436 0.3107
Pedestrian 0.0000 0 0.0000 -1.0000 -1.0000 -1.0000 -1.0000 0.6978 1.6143 0.6274 -8.7658 -7.3414 0.7634 0.0593 0.3137
