Car 0.0000 0 0.0000 -1.0000 -1.0000 -1.0000 -1.0000 2.0122 1.4828 4.5998 12.5761 -3.1188 0.7144 -0.4710 0.8430
Car 0.0000 0 0.0000 -1.0000 -1.0000 -1.0000 -1.0000 1.9928 1.4857 4.6114 -25.7658 6.6098 0.2749 -0.0014 0.7923
Car 0.0000 0 0.0000 -1.0000 -1.0000 -1.0000 -1.0000 1.9778 1.4565 4.6249 10.4062 6.5041 0.5547 3.0359 0.7800
Car 0.0000 0 0.0000 -1.0000 -1.0000 -1.0000 -1.0000 2.0077 1.5193 4.6452 42.5759 0.6876 0.5963 -0.0122 0.7632
Car 0.0000 0 0.0000 -1.0000 -1.0000 -1.0000 -1.0000 2.0138 1.6778 4.6205 27.4106 5.3776 0.6417 3.0918 0.7601
Car 0.0000 0 0.0000 -1.0000 -1.0000 -1.0000 -1.0000 1.9582 1.4699 4.5197 1.2845 5.9556 0.6292 -0.0010 0.6963
Car 0.0000 0 0.0000 -1.0000 -1.0000 -1.0000 -1.0000 1.9143 1.4579 4.5238 37.8773 4.9615 0.4714 3.1350 0.6639
Car 0.0000 0 0.0000 -1.0000 -1.0000 -1.0000 -1.0000 1.9822 1.5307 4.6633 -33.0327 -0.2413 0.2515 -0.0109 0.6308
Car 0.0000 0 0.0000 -1.0000 -1.0000 -1.0000 -1.0000 1.8915 1.4550 4.5088 17.9348 25.6999 -0.0207 -1.4713 0.4893
Car 0.0000 0 0.0000 -1.0000 -1.0000 -1.0000 -1.0000 1.9214 1.4887 4.5032 -33.8296 13.9699 0.0437 -0.0261 0.4642
Car 0.0000 0 0.0000 -1.0000 -1.0000 -1.0000 -1.0000 1.9810 1.4920 4.5717 -9.5899 5.9724 0.5165 -0.0052 0.4610
Car 0.0000 0 0.0000 -1.0000 -1.0000 -1.0000 -1.0000 1.8855 1.5507 4.4627 14.7677 26.2142 -0.0462 -1.4935 0.4369
Car 0.0000 0 0.0000 -1.0000 -1.0000 -1.0000 -1.0000 1.9791 1.5716 4.7293 67.4639 4.7678 0.6342 3.1218 0.4052
Car 0.0000 0 0.0000 -1.0000 -1.0000 -1.0000 -1.0000 1.8097 1.4810 4.4053 -28.1835 13.9860 0.0962 -3.1072 0.3825
Car 0.0000 0 0.0000 -1.0000 -1.0000 -1.0000 -1.0000 1.8762 1.6699 4.4573 -57.8872 0.6977 0.0703 -3.0925 0.3762
Car 0.0000 0 0.0000 -1.0000 -1.0000 -1.0000 -1.0000 1.9180 1.5762 4.4926 -36.7587 -5.0285 0.2055 -0.0111 0.3712
Car 0.0000 0 0.0000 -1.0000 -1.0000 -1.0000 -1.0000 1.7838 1.5714 4.2962 -43.6058 -6.9984 0.2097 0.0430 0.3545
Car 0.0000 0 0.0000 -1.0000 -1.0000 -1.0000 -1.0000 1.8586 1.4979 4.5630 -45.2494 13.8546 -0.1200 -0.0195 0.3288
Car 0.0000 0 0.0000 -1.0000 -1.0000 -1.0000 -1.0000 1.9412 1.5656 4.6188 -4.8198 41.8656 -0.7077 -1.6978 0.3280
Truck 0.0000 0 0.0000 -1.0000 -1.0000 -1.0000 -1.0000 2.9256 3.2395 11.1248 53.6460 5.0423 1.4940 0.0005 0.7177
Cyclist 0.0000 0 0.0000 -1.0000 -1.0000 -1.0000 -1.0000 0.7532 1.5601 1.7301 25.8976 -2.9538 0.6664 0.0418 0.6552
Cyclist 0.0000 0 0.0000 -1.0000 -1.0000 -1.0000 -1.0000 0.6947 1.4470 1.6804 -29.6990 -8.2878 0.3142 -0.0819 0.5277
Cyclist 0.0000 0 0.0000 -1.0000 -1.0000 -1.0000 -1.0000 0.8449 1.5530 1.8766 11.2864 10.3323 0.4866 3.0315 0.4910
Cyclist 0.0000 0 0.0000 -1.0000 -1.0000 -1.0000 -1.0000 0.8845 1.5576 1.9075 2.3149 -3.1196 0.7523 -2.9837 0.4735
Cyclist 0.0000 0 0.0000 -1.0000 -1.0000 -1.0000 -1.0000 0.7330 1.5766 1.6943 -35.1211 -7.4091 0.3137 0.0508 0.4502
Cyclist 0.0000 0 0.0000 -1.0000 -1.0000 -1.0000 -1.0000 0.7675 1.5474 1.7810 28.0112 -14.7245 0.8697 1.8289 0.4225
Cyclist 0.0000 0 0.0000 -1.0000 -1.0000 -1.0000 -1.0000 0.7400 1.5750 1.6911 52.2264 -1.7134 0.6639 3.0816 0.3840
Cyclist 0.0000 0 0.0000 -1.0000 -1.0000 -1.0000 -1.0000 0.7742 1.5194 1.7460 27.6094 -17.3333 0.8335 1.7867 0.3781
Cyclist 0.0000 0 0.0000 -1.0000 -1.0000 -1.0000 -1.0000 0.7731 1.5383 1.7663 10.5988 27.0941 -0.1216 1.2559 0.3668
Cyclist 0.0000 0 0.0000 -1.0000 -1.0000 -1.0000 -1.0000 0.7800 1.6010 1.7307 13.3025 16.7519 0.2633 -2.0998 0.3497
Cyclist 0.0000 0 0.0000 -1.0000 -1.0000 -1.0000 -1.0000 0.6660 1.0945 1.6338 -10.3306 -10.0489 0.5136 0.7949 0.3421
Cyclist 0.0000 0 0.0000 -1.0000 -1.0000 -1.0000 -1.0000 0.7250 1.4380 1.7256 31.4921 11.2382 0.3371 -1.5834 0.3356
Cyclist 0.0000 0 0.0000 -1.0000 -1.0000 -1.0000 -1.0000 0.7146 1.5457 1.6995 -16.5204 12.3616 0.3298 -0.0056 0.3349
Cyclist 0.0000 0 0.0000 -1.0000 -1.0000 -1.0000 -1.0000 0.7110 1.5151 1.6832 -11.9083 -7.9836 0.6812 -3.1365 0.3272
Cyclist 0.0000 0 0.0000 -1.0000 -1.0000 -1.0000 -1.0000 0.6620 1.2739 1.6887 37.7254 14.8669 0.2900 3.0514 0.3202
Cyclist 0.0000 0 0.0000 -1.0000 -1.0000 -1.0000 -1.0000 0.7580 1.3699 1.7802 25.9987 18.7922 0.1710 -1.4018 0.3047
Pedestrian 0.0000 0 0.0000 -1.0000 -1.0000 -1.0000 -1.0000 0.7055 1.6997 0.6771 7.9542 -9.0140 0.9194 3.0232 0.4944
Pedestrian 0.0000 0 0.0000 -1.0000 -1.0000 -1.0000 -1.0000 0.6840 1.6181 0.6303 -26.0743 -10.3520 0.7116 -3.1282 0.4355
Pedestrian 0.0000 0 0.0000 -1.0000 -1.0000 -1.0000 -1.0000 0.6875 1.6204 0.6238 -29.9035 -10.1528 0.5949 0.0293 0.3847
Pedestrian 0.0000 0 0.0000 -1.0000 -1.0000 -1.0000 -1.0000 0.6820 1.6220 0.6106 10.0060 -10.2987 0.8485 2.8583 0.3845
Pedestrian 0.0000 0 0.0000 -1.0000 -1.0000 -1.0000 -1.0000 0.6716 1.5813 0.6171 -21.5052 -10.2314 0.8223 -3.0860 0.3745
Pedestrian 0.0000 0 0.0000 -1.0000 -1.0000 -1.0000 -1.0000 0.6912 1.6883 0.5979 27.7915 14.7838 0.4697 3.0721 0.3613
Pedestrian 0.0000 0 0.0000 -1.0000 -1.0000 -1.0000 -1.0000 0.6691 1.6613 0.5610 25.6978 14.2544 0.4153 0.4103 0.3610
Pedestrian 0.0000 0 0.0000 -1.0000 -1.0000 -1.0000 -1.0000 0.6939 1.6061 0.6283 -16.4332 12.3792 0.3416 -3.1264 0.3017
