Car 0.0000 0 0.0000 -1.0000 -1.0000 -1.0000 -1.0000 1.9758 1.6175 4.4744 -18.2386 5.9596 0.6102 -3.0853 0.7524
Car 0.0000 0 0.0000 -1.0000 -1.0000 -1.0000 -1.0000 1.9612 1.5060 4.6334 -57.7221 4.8767 0.3098 0.0066 0.6339
Car 0.0000 0 0.0000 -1.0000 -1.0000 -1.0000 -1.0000 2.0138 1.6934 4.6131 19.2678 -6.0018 0.9928 -3.1228 0.5619
Car 0.0000 0 0.0000 -1.0000 -1.0000 -1.0000 -1.0000 1.9449 1.5581 4.6134 61.7754 33.3404 0.6237 -1.7821 0.5513
Car 0.0000 0 0.0000 -1.0000 -1.0000 -1.0000 -1.0000 1.9596 1.4495 4.5358 -28.5840 8.0344 0.3811 -3.1108 0.4845
Car 0.0000 0 0.0000 -1.0000 -1.0000 -1.0000 -1.0000 1.9995 1.5283 4.6574 -82.5569 -4.8411 0.2262 -3.0860 0.4397
Car 0.0000 0 0.0000 -1.0000 -1.0000 -1.0000 -1.0000 1.8934 1.5184 4.5066 39.1607 -38.7614 0.9943 0.7004 0.4375
Car 0.0000 0 0.0000 -1.0000 -1.0000 -1.0000 -1.0000 1.9649 1.6863 4.8019 -50.1906 -38.9502 0.7580 1.5625 0.3468
Car 0.0000 0 0.0000 -1.0000 -1.0000 -1.0000 -1.0000 2.1562 2.3687 5.1492 44.3791 -33.2437 1.4202 1.0540 0.3307
Car 0.0000 0 0.0000 -1.0000 -1.0000 -1.0000 -1.0000 1.8780 1.5453 4.5435 22.4471 -35.7547 0.8725 -2.0246 0.3190
Truck 0.0000 0 0.0000 -1.0000 -1.0000 -1.0000 -1.0000 2.5413 2.6239 6.6298 44.3758 -26.1078 1.4765 1.0697 0.5029
Truck 0.0000 0 0.0000 -1.0000 -1.0000 -1.0000 -1.0000 2.5371 2.6255 6.7683 -63.5446 8.2314 0.7765 -3.0697 0.4892
Truck 0.0000 0 0.0000 -1.0000 -1.0000 -1.0000 -1.0000 1.9184 1.9377 4.8258 18.7768 -0.3502 1.1207 3.1027 0.4075
Truck 0.0000 0 0.0000 -1.0000 -1.0000 -1.0000 -1.0000 2.4251 2.3637 6.5861 27.3660 -31.4985 1.2462 1.4865 0.4013
Truck 0.0000 0 0.0000 -1.0000 -1.0000 -1.0000 -1.0000 2.4719 2.4989 7.0014 44.5125 -31.9951 1.4771 1.0870 0.3758
Tricar 0.0000 0 0.0000 -1.0000 -1.0000 -1.0000 -1.0000 1.3047 1.8189 2.9979 43.9041 -19.7992 1.0617 0.7709 0.3732
Cyclist 0.0000 0 0.0000 -1.0000 -1.0000 -1.0000 -1.0000 0.8145 1.5088 1.8352 -44.4275 -19.4429 0.4486 -0.0565 0.4030
Cyclist 0.0000 0 0.0000 -1.0000 -1.0000 -1.0000 -1.0000 0.7653 1.5744 1.7476 -67.9826 20.1359 -0.1501 -0.0082 0.3619
Cyclist 0.0000 0 0.0000 -1.0000 -1.0000 -1.0000 -1.0000 0.7374 1.5251 1.7219 53.3824 22.2388 0.5902 0.5107 0.3432
Pedestrian 0.0000 0 0.0000 -1.0000 -1.0000 -1.0000 -1.0000 0.6863 1.6604 0.6292 -54.7841 -13.8826 0.6524 1.3176 0.3683
