Car 0.0000 0 0.0000 -1.0000 -1.0000 -1.0000 -1.0000 2.0047 1.4458 4.5130 7.9920 -0.5313 0.6995 -0.0053 0.7541
Car 0.0000 0 0.0000 -1.0000 -1.0000 -1.0000 -1.0000 2.0025 1.5163 4.5686 23.1428 4.4673 0.6530 -2.6179 0.7510
Car 0.0000 0 0.0000 -1.0000 -1.0000 -1.0000 -1.0000 1.9314 1.4887 4.4542 -27.4114 -13.1920 0.7378 3.1328 0.7461
Car 0.0000 0 0.0000 -1.0000 -1.0000 -1.0000 -1.0000 1.9253 1.6290 4.5165 -2.2268 -34.1173 0.8387 -0.4618 0.5524
Car 0.0000 0 0.0000 -1.0000 -1.0000 -1.0000 -1.0000 1.9982 1.6399 4.6092 -6.9220 -36.8038 0.9112 0.5536 0.5510
Car 0.0000 0 0.0000 -1.0000 -1.0000 -1.0000 -1.0000 1.9671 1.5601 4.6195 40.0614 25.4995 0.4440 -1.9471 0.5334
Car 0.0000 0 0.0000 -1.0000 -1.0000 -1.0000 -1.0000 1.9137 1.5016 4.6057 2.9738 -39.5665 0.9837 1.8857 0.5070
Car 0.0000 0 0.0000 -1.0000 -1.0000 -1.0000 -1.0000 1.8900 1.5837 4.4425 -35.9516 -31.8274 0.9336 0.0558 0.4759
Car 0.0000 0 0.0000 -1.0000 -1.0000 -1.0000 -1.0000 1.9132 1.5281 4.5479 -13.0798 30.8132 -0.0299 -1.5300 0.4737
Car 0.0000 0 0.0000 -1.0000 -1.0000 -1.0000 -1.0000 1.9061 1.5228 4.5739 -25.7250 -35.9426 0.9094 -1.3921 0.4558
Car 0.0000 0 0.0000 -1.0000 -1.0000 -1.0000 -1.0000 1.9215 1.6244 4.5634 65.6887 4.4896 0.6392 1.6042 0.4467
Car 0.0000 0 0.0000 -1.0000 -1.0000 -1.0000 -1.0000 1.9228 1.6554 4.6480 0.8874 33.2899 -0.0865 -1.5589 0.4182
Car 0.0000 0 0.0000 -1.0000 -1.0000 -1.0000 -1.0000 1.9250 1.6319 4.6140 -16.0408 30.7526 0.0168 -1.5663 0.4117
Car 0.0000 0 0.0000 -1.0000 -1.0000 -1.0000 -1.0000 1.8933 1.6346 4.5355 -5.0696 -41.3409 1.0158 -1.2689 0.3977
Car 0.0000 0 0.0000 -1.0000 -1.0000 -1.0000 -1.0000 1.9045 1.5352 4.5759 35.5256 -30.1318 0.8164 -1.4257 0.3903
Car 0.0000 0 0.0000 -1.0000 -1.0000 -1.0000 -1.0000 1.9278 1.5117 4.5455 -41.4194 -32.6227 0.9329 0.0185 0.3888
Car 0.0000 0 0.0000 -1.0000 -1.0000 -1.0000 -1.0000 1.9432 1.6719 4.6610 -17.9601 30.7557 0.0555 1.5769 0.3693
Car 0.0000 0 0.0000 -1.0000 -1.0000 -1.0000 -1.0000 1.9169 1.5291 4.5805 -19.8789 30.0154 -0.0815 1.6294 0.3686
Car 0.0000 0 0.0000 -1.0000 -1.0000 -1.0000 -1.0000 1.9125 1.5526 4.5828 -17.9003 -41.5728 1.0400 1.6005 0.3685
Car 0.0000 0 0.0000 -1.0000 -1.0000 -1.0000 -1.0000 1.9231 1.5617 4.5806 -30.7951 -33.2883 0.8754 -3.0845 0.3653
Car 0.0000 0 0.0000 -1.0000 -1.0000 -1.0000 -1.0000 1.9173 1.6377 4.5860 67.5559 -15.6119 0.6109 0.8887 0.3633
Car 0.0000 0 0.0000 -1.0000 -1.0000 -1.0000 -1.0000 1.8616 1.5123 4.5185 -47.3715 -31.8970 0.8850 -3.0265 0.3586
Car 0.0000 0 0.0000 -1.0000 -1.0000 -1.0000 -1.0000 1.9074 1.5585 4.5850 -21.4034 -42.2260 1.0493 -1.5206 0.3432
Car 0.0000 0 0.0000 -1.0000 -1.0000 -1.0000 -1.0000 1.8977 1.5121 4.5522 -22.2791 30.3755 -0.1814 1.6283 0.3265
Car 0.0000 0 0.0000 -1.0000 -1.0000 -1.0000 -1.0000 1.9053 1.6151 4.5552 -24.5171 38.5904 0.4062 1.5650 0.3117
Truck 0.0000 0 0.0000 -1.0000 -1.0000 -1.0000 -1.0000 2.9185 3.1947 9.2460 -51.0404 27.7057 1.0167 -3.1278 0.3598
Cyclist 0.0000 0 0.0000 -1.0000 -1.0000 -1.0000 -1.0000 0.7380 1.4569 1.7697 24.0696 -9.0428 0.6995 -2.2648 0.5672
