Car 0.0000 0 0.0000 -1.0000 -1.0000 -1.0000 -1.0000 2.0123 1.4381 4.5603 -18.2237 5.4009 0.7091 2.5391 0.7695
Car 0.0000 0 0.0000 -1.0000 -1.0000 -1.0000 -1.0000 2.0561 1.6816 4.7015 15.9456 2.1409 0.7761 0.1879 0.7242
Car 0.0000 0 0.0000 -1.0000 -1.0000 -1.0000 -1.0000 2.0466 1.5456 4.6530 -0.2456 4.0739 0.7305 -3.0196 0.5105
Car 0.0000 0 0.0000 -1.0000 -1.0000 -1.0000 -1.0000 1.9985 1.4357 4.6672 -19.2080 15.5895 0.3729 2.4433 0.4875
Car 0.0000 0 0.0000 -1.0000 -1.0000 -1.0000 -1.0000 1.9166 1.4765 4.5551 -25.6663 28.0760 0.2738 -1.2074 0.4475
Truck 0.0000 0 0.0000 -1.0000 -1.0000 -1.0000 -1.0000 2.3998 2.5099 6.2721 -47.0946 -6.2087 1.6395 0.1291 0.3449
Tricar 0.0000 0 0.0000 -1.0000 -1.0000 -1.0000 -1.0000 1.4667 1.9135 3.5587 39.3266 12.2160 0.1769 -3.0114 0.7301
Cyclist 0.0000 0 0.0000 -1.0000 -1.0000 -1.0000 -1.0000 0.7794 1.5847 1.7346 -60.6765 -10.5226 1.3057 -3.0505 0.4381
Cyclist 0.0000 0 0.0000 -1.0000 -1.0000 -1.0000 -1.0000 0.8161 1.5344 1.8264 -11.3575 -4.5211 0.8391 0.1316 0.4154
Cyclist 0.0000 0 0.0000 -1.0000 -1.0000 -1.0000 -1.0000 0.7599 1.3371 1.7929 -54.8157 -14.5291 1.1168 -2.9825 0.3653
