Car 0.0000 0 0.0000 -1.0000 -1.0000 -1.0000 -1.0000 1.9331 1.5820 4.5257 -7.7859 -6.6223 0.9389 -0.1298 0.6092
Car 0.0000 0 0.0000 -1.0000 -1.0000 -1.0000 -1.0000 1.8708 1.5581 4.4521 -21.0365 12.6592 0.5856 0.0676 0.5025
Car 0.0000 0 0.0000 -1.0000 -1.0000 -1.0000 -1.0000 1.9561 1.5170 4.6199 -42.1444 7.0562 1.0754 3.1394 0.4901
Car 0.0000 0 0.0000 -1.0000 -1.0000 -1.0000 -1.0000 1.9143 1.5252 4.5317 -22.1290 18.4388 0.4804 -1.5021 0.4854
Car 0.0000 0 0.0000 -1.0000 -1.0000 -1.0000 -1.0000 1.9113 1.5479 4.5692 -13.8943 18.4305 0.4421 -1.6786 0.4282
Car 0.0000 0 0.0000 -1.0000 -1.0000 -1.0000 -1.0000 1.8925 1.4621 4.5176 41.0280 17.8402 0.1624 -1.7932 0.4028
Car 0.0000 0 0.0000 -1.0000 -1.0000 -1.0000 -1.0000 1.9036 1.5414 4.6133 -63.6072 21.6779 0.8942 -1.7162 0.3672
Car 0.0000 0 0.0000 -1.0000 -1.0000 -1.0000 -1.0000 2.0242 1.9038 4.8643 -16.1829 18.6064 0.6183 1.4841 0.3635
Car 0.0000 0 0.0000 -1.0000 -1.0000 -1.0000 -1.0000 1.7934 1.9316 4.2038 -48.1202 12.6913 1.1730 -3.1000 0.3486
Car 0.0000 0 0.0000 -1.0000 -1.0000 -1.0000 -1.0000 1.8931 1.5262 4.5076 20.2408 18.7238 0.2338 -1.5790 0.3083
Truck 0.0000 0 0.0000 -1.0000 -1.0000 -1.0000 -1.0000 2.8173 3.1469 11.0777 31.8056 0.1774 1.5281 0.0117 0.4158
Truck 0.0000 0 0.0000 -1.0000 -1.0000 -1.0000 -1.0000 1.9434 1.9315 4.8672 22.7851 -5.5879 0.9975 3.1298 0.4021
Tricar 0.0000 0 0.0000 -1.0000 -1.0000 -1.0000 -1.0000 1.4887 1.8402 3.3873 -47.9632 12.6121 1.1894 -3.1054 0.4583
Cyclist 0.0000 0 0.0000 -1.0000 -1.0000 -1.0000 -1.0000 0.7818 1.5750 1.7590 -1.3324 7.4238 0.6576 2.4419 0.6316
Cyclist 0.0000 0 0.0000 -1.0000 -1.0000 -1.0000 -1.0000 0.7830 1.5545 1.7518 -10.3787 -4.2866 0.8944 -0.0181 0.6316
Cyclist 0.0000 0 0.0000 -1.0000 -1.0000 -1.0000 -1.0000 0.7237 1.5486 1.6839 53.1548 -6.0387 0.6323 -3.1106 0.5529
Cyclist 0.0000 0 0.0000 -1.0000 -1.0000 -1.0000 -1.0000 0.7364 1.5522 1.6911 -34.7306 3.2304 1.0640 -3.1073 0.4971
Cyclist 0.0000 0 0.0000 -1.0000 -1.0000 -1.0000 -1.0000 0.7570 1.5233 1.7638 -12.1152 13.4675 0.4239 -1.9668 0.3352
Cyclist 0.0000 0 0.0000 -1.0000 -1.0000 -1.0000 -1.0000 0.8900 1.5975 1.8962 48.3539 8.6563 0.3473 3.0705 0.3349
Cyclist 0.0000 0 0.0000 -1.0000 -1.0000 -1.0000 -1.0000 0.7423 1.5068 1.7331 -16.3370 13.2292 0.5008 0.6922 0.3248
Cyclist 0.0000 0 0.0000 -1.0000 -1.0000 -1.0000 -1.0000 0.7139 1.4661 1.6807 -13.6553 -8.5368 1.0153 -3.0544 0.3224
Cyclist 0.0000 0 0.0000 -1.0000 -1.0000 -1.0000 -1.0000 0.6723 1.0229 1.6678 -48.5674 16.4798 0.6633 -3.0375 0.3203
Cyclist 0.0000 0 0.0000 -1.0000 -1.0000 -1.0000 -1.0000 0.7500 1.5850 1.7221 7.3132 -7.2980 0.9107 -0.1838 0.3169
Cyclist 0.0000 0 0.0000 -1.0000 -1.0000 -1.0000 -1.0000 0.8443 1.5911 1.8681 -0.3376 17.2888 0.2746 0.9540 0.3110
Cyclist 0.0000 0 0.0000 -1.0000 -1.0000 -1.0000 -1.0000 0.6759 1.1129 1.6893 -0.5397 -10.7565 0.8197 -3.1269 0.3088
Cyclist 0.0000 0 0.0000 -1.0000 -1.0000 -1.0000 -1.0000 0.7523 1.4759 1.7662 11.6512 -12.4205 1.0024 1.6264 0.3073
Pedestrian 0.0000 0 0.0000 -1.0000 -1.0000 -1.0000 -1.0000 0.6925 1.6577 0.6458 -41.0445 -5.0668 1.2665 0.0112 0.5489
Pedestrian 0.0000 0 0.0000 -1.0000 -1.0000 -1.0000 -1.0000 0.6852 1.5545 0.6798 -27.3955 -4.4012 1.0619 -3.1099 0.4516
Pedestrian 0.0000 0 0.0000 -1.0000 -1.0000 -1.0000 -1.0000 0.6922 1.6303 0.6443 8.6890 -9.1269 0.9564 2.9694 0.4399
Pedestrian 0.0000 0 0.0000 -1.0000 -1.0000 -1.0000 -1.0000 0.7005 1.6285 0.6654 8.9966 -9.9111 1.0092 3.0837 0.3904
Pedestrian 0.0000 0 0.0000 -1.0000 -1.0000 -1.0000 -1.0000 0.7181 1.6462 0.7206 -22.6433 -7.2373 1.1924 0.0266 0.3763
Pedestrian 0.0000 0 0.0000 -1.0000 -1.0000 -1.0000 -1.0000 0.6778 1.6417 0.6108 6.4797 -27.9971 1.8151 2.4498 0.3684
Pedestrian 0.0000 0 0.0000 -1.0000 -1.0000 -1.0000 -1.0000 0.6750 1.6721 0.5751 -18.3132 27.6646 0.5726 0.2000 0.3673
Pedestrian 0.0000 0 0.0000 -1.0000 -1.0000 -1.0000 -1.0000 0.7145 1.6671 0.6419 8.2805 24.4106 0.0927 0.0496 0.3318
Pedestrian 0.0000 0 0.0000 -1.0000 -1.0000 -1.0000 -1.0000 0.6739 1.6543 0.5699 -31.4117 -16.4101 1.6732 3.0950 0.3068
