Car 0.0000 0 0.0000 -1.0000 -1.0000 -1.0000 -1.0000 2.0636 1.6133 4.6933 -38.6813 -3.1759 0.8236 -0.0111 0.7981
Car 0.0000 0 0.0000 -1.0000 -1.0000 -1.0000 -1.0000 1.9330 1.4528 4.5150 -23.7166 2.8011 0.7676 3.1219 0.7916
Car 0.0000 0 0.0000 -1.0000 -1.0000 -1.0000 -1.0000 2.0215 1.5508 4.7398 8.5196 17.8909 0.3671 3.1379 0.7802
Car 0.0000 0 0.0000 -1.0000 -1.0000 -1.0000 -1.0000 1.9383 1.4895 4.4881 1.5762 3.3254 0.7337 3.1091 0.7679
Car 0.0000 0 0.0000 -1.0000 -1.0000 -1.0000 -1.0000 1.9462 1.4810 4.5376 -4.6880 3.3975 0.7438 3.1213 0.7610
Car 0.0000 0 0.0000 -1.0000 -1.0000 -1.0000 -1.0000 1.9548 1.5563 4.5071 -11.7707 3.2013 0.8272 3.1340 0.7506
Car 0.0000 0 0.0000 -1.0000 -1.0000 -1.0000 -1.0000 1.9784 1.6883 4.6748 -6.9992 17.9185 0.4646 0.0115 0.7371
Car 0.0000 0 0.0000 -1.0000 -1.0000 -1.0000 -1.0000 1.9906 1.6268 4.6472 15.5747 -3.2740 0.8666 0.0017 0.7204
Car 0.0000 0 0.0000 -1.0000 -1.0000 -1.0000 -1.0000 1.9572 1.4620 4.5411 21.8335 3.5101 0.8107 0.0014 0.7097
Car 0.0000 0 0.0000 -1.0000 -1.0000 -1.0000 -1.0000 1.9818 1.5103 4.5377 -0.2960 -3.0929 0.7486 -0.0217 0.7008
Car 0.0000 0 0.0000 -1.0000 -1.0000 -1.0000 -1.0000 1.8958 1.4711 4.3830 7.9285 3.4120 0.7222 3.1153 0.6652
Car 0.0000 0 0.0000 -1.0000 -1.0000 -1.0000 -1.0000 1.9366 1.4794 4.5313 1.6006 17.8685 0.3439 3.1415 0.6137
Car 0.0000 0 0.0000 -1.0000 -1.0000 -1.0000 -1.0000 1.9741 1.5320 4.5818 -48.3665 -1.1322 0.7788 -0.0123 0.5868
Car 0.0000 0 0.0000 -1.0000 -1.0000 -1.0000 -1.0000 2.0410 1.4812 4.6311 -20.1802 0.0114 0.7569 -0.0251 0.5646
Car 0.0000 0 0.0000 -1.0000 -1.0000 -1.0000 -1.0000 1.9144 1.9368 4.4158 -1.5748 14.2682 0.7092 -0.0016 0.5605
Car 0.0000 0 0.0000 -1.0000 -1.0000 -1.0000 -1.0000 1.9231 1.4467 4.5690 13.6642 3.4774 0.7520 0.0258 0.5293
Car 0.0000 0 0.0000 -1.0000 -1.0000 -1.0000 -1.0000 1.9256 1.6226 4.5740 -35.6154 14.6508 0.6082 0.0007 0.5284
Car 0.0000 0 0.0000 -1.0000 -1.0000 -1.0000 -1.0000 1.9421 1.5643 4.6219 -13.6483 21.1940 0.2992 3.1409 0.5143
Car 0.0000 0 0.0000 -1.0000 -1.0000 -1.0000 -1.0000 1.9107 1.5100 4.5524 34.7165 4.3853 0.8606 0.2170 0.5020
Car 0.0000 0 0.0000 -1.0000 -1.0000 -1.0000 -1.0000 1.9122 1.4566 4.5237 6.3875 21.2877 0.2542 0.0169 0.5008
Car 0.0000 0 0.0000 -1.0000 -1.0000 -1.0000 -1.0000 1.9475 1.5345 4.5981 10.8250 14.0933 0.4167 0.0146 0.4977
Car 0.0000 0 0.0000 -1.0000 -1.0000 -1.0000 -1.0000 1.9468 1.8063 4.5552 29.0305 5.1761 1.0694 0.0541 0.4869
Car 0.0000 0 0.0000 -1.0000 -1.0000 -1.0000 -1.0000 2.0056 1.4349 4.6039 -45.6574 2.7584 0.8174 3.1157 0.4635
Car 0.0000 0 0.0000 -1.0000 -1.0000 -1.0000 -1.0000 1.9795 1.7595 4.5469 -37.9186 3.7668 0.9798 3.1336 0.4535
Car 0.0000 0 0.0000 -1.0000 -1.0000 -1.0000 -1.0000 1.9332 1.5955 4.5175 -26.4987 15.0264 0.5436 0.0044 0.4484
Car 0.0000 0 0.0000 -1.0000 -1.0000 -1.0000 -1.0000 1.9181 1.7958 4.5880 -36.7162 21.5520 0.5301 3.1228 0.4138
Car 0.0000 0 0.0000 -1.0000 -1.0000 -1.0000 -1.0000 1.9947 1.5707 4.6453 -31.3119 -0.2676 0.7735 -0.0472 0.4031
Car 0.0000 0 0.0000 -1.0000 -1.0000 -1.0000 -1.0000 1.9210 1.5440 4.5411 -4.2598 21.5459 0.3090 -3.1315 0.3984
Car 0.0000 0 0.0000 -1.0000 -1.0000 -1.0000 -1.0000 1.8729 1.6517 4.4950 -31.6985 17.7734 0.4777 0.0276 0.3895
Car 0.0000 0 0.0000 -1.0000 -1.0000 -1.0000 -1.0000 1.9396 1.5704 4.6343 -36.9890 25.0064 0.3177 3.0137 0.3550
Car 0.0000 0 0.0000 -1.0000 -1.0000 -1.0000 -1.0000 1.9203 1.6143 4.5320 16.4895 21.3012 0.4816 3.1327 0.3505
Car 0.0000 0 0.0000 -1.0000 -1.0000 -1.0000 -1.0000 1.9366 1.6210 4.6233 43.2717 2.5799 1.0760 0.0059 0.3493
Car 0.0000 0 0.0000 -1.0000 -1.0000 -1.0000 -1.0000 1.8527 1.6998 4.4784 -17.6506 13.9868 0.7044 -3.1397 0.3408
Car 0.0000 0 0.0000 -1.0000 -1.0000 -1.0000 -1.0000 1.9088 1.5400 4.5951 -54.2451 27.1215 0.0745 -0.3539 0.3252
Car 0.0000 0 0.0000 -1.0000 -1.0000 -1.0000 -1.0000 1.8914 1.5664 4.5578 -41.0062 14.5408 0.7663 3.1211 0.3142
Car 0.0000 0 0.0000 -1.0000 -1.0000 -1.0000 -1.0000 1.9131 1.5811 4.4019 18.6334 14.4334 0.2649 0.0433 0.3095
Car 0.0000 0 0.0000 -1.0000 -1.0000 -1.0000 -1.0000 1.8578 1.6061 4.4648 15.7305 24.4875 0.3971 0.0235 0.3064
Truck 0.0000 0 0.0000 -1.0000 -1.0000 -1.0000 -1.0000 2.3935 2.3392 6.3913 16.4006 0.2523 1.2337 3.1357 0.5250
Truck 0.0000 0 0.0000 -1.0000 -1.0000 -1.0000 -1.0000 1.9979 2.0191 5.0089 7.5341 -0.6721 1.0800 0.0081 0.4730
Cyclist 0.0000 0 0.0000 -1.0000 -1.0000 -1.0000 -1.0000 0.7545 1.5337 1.7371 -24.3825 -4.1983 0.7260 3.1160 0.6893
