Car 0.0000 0 0.0000 -1.0000 -1.0000 -1.0000 -1.0000 2.0173 1.6394 4.6270 -31.7071 6.8444 0.8590 -3.0726 0.6367
Car 0.0000 0 0.0000 -1.0000 -1.0000 -1.0000 -1.0000 1.9395 1.5435 4.5874 31.0908 -27.2182 0.6096 -1.4440 0.6115
Car 0.0000 0 0.0000 -1.0000 -1.0000 -1.0000 -1.0000 1.9263 1.5306 4.5785 -8.8620 -29.4238 0.6858 -1.5976 0.5803
Car 0.0000 0 0.0000 -1.0000 -1.0000 -1.0000 -1.0000 1.9065 1.5542 4.5994 -35.6876 40.7505 0.1409 -1.4891 0.4503
Car 0.0000 0 0.0000 -1.0000 -1.0000 -1.0000 -1.0000 1.9092 1.7868 4.5190 5.4634 -28.3178 0.6973 1.5978 0.4335
Car 0.0000 0 0.0000 -1.0000 -1.0000 -1.0000 -1.0000 1.8804 1.4887 4.5215 -13.7191 -29.9048 0.6061 -1.5466 0.4064
Car 0.0000 0 0.0000 -1.0000 -1.0000 -1.0000 -1.0000 1.9013 1.5747 4.5494 -19.2872 -30.0256 0.7008 -1.5987 0.3593
Car 0.0000 0 0.0000 -1.0000 -1.0000 -1.0000 -1.0000 1.9164 1.5252 4.6297 -30.2875 -30.7902 0.6841 -1.4419 0.3542
Car 0.0000 0 0.0000 -1.0000 -1.0000 -1.0000 -1.0000 2.0565 1.6054 4.6439 -40.1490 1.9265 0.9203 -3.1117 0.3037
Truck 0.0000 0 0.0000 -1.0000 -1.0000 -1.0000 -1.0000 2.8508 3.0029 8.8398 -41.1066 39.1583 1.0683 -1.5401 0.3890
Cyclist 0.0000 0 0.0000 -1.0000 -1.0000 -1.0000 -1.0000 0.7387 1.5403 1.7046 17.4475 -13.0821 0.6986 3.0829 0.5385
