Car 0.0000 0 0.0000 -1.0000 -1.0000 -1.0000 -1.0000 2.0141 1.4576 4.6263 -10.0424 -5.1954 0.7394 -3.1378 0.8450
Car 0.0000 0 0.0000 -1.0000 -1.0000 -1.0000 -1.0000 2.0034 1.4275 4.5928 -16.0810 -4.8526 0.7380 -0.0067 0.8440
Car 0.0000 0 0.0000 -1.0000 -1.0000 -1.0000 -1.0000 1.9116 1.4564 4.4677 18.4239 -5.1609 0.7855 0.0053 0.7944
Car 0.0000 0 0.0000 -1.0000 -1.0000 -1.0000 -1.0000 1.9245 1.4257 4.5176 10.3042 -4.9078 0.7960 3.1201 0.7710
Car 0.0000 0 0.0000 -1.0000 -1.0000 -1.0000 -1.0000 1.9902 1.7926 4.5996 1.2588 -4.8569 0.9571 0.0137 0.7622
Car 0.0000 0 0.0000 -1.0000 -1.0000 -1.0000 -1.0000 1.9433 1.4823 4.5505 26.3035 -5.4353 0.7715 0.0026 0.7592
Car 0.0000 0 0.0000 -1.0000 -1.0000 -1.0000 -1.0000 1.9456 1.4576 4.5510 38.4561 10.7942 0.3888 -0.0811 0.6441
Car 0.0000 0 0.0000 -1.0000 -1.0000 -1.0000 -1.0000 1.9539 1.6712 4.5050 38.4009 -5.5859 0.8330 0.0625 0.5965
Car 0.0000 0 0.0000 -1.0000 -1.0000 -1.0000 -1.0000 1.9866 1.4902 4.5855 -7.2152 9.6269 0.4532 3.0608 0.5870
Car 0.0000 0 0.0000 -1.0000 -1.0000 -1.0000 -1.0000 1.9020 1.4936 4.5686 56.1918 10.2990 0.3899 -3.1109 0.4997
Car 0.0000 0 0.0000 -1.0000 -1.0000 -1.0000 -1.0000 1.8402 1.5059 4.4487 58.7699 -5.3004 0.6581 0.0198 0.3984
Car 0.0000 0 0.0000 -1.0000 -1.0000 -1.0000 -1.0000 1.9414 1.4342 4.5457 3.8923 9.5497 0.5418 2.9548 0.3750
Car 0.0000 0 0.0000 -1.0000 -1.0000 -1.0000 -1.0000 1.8582 1.7811 4.5552 51.1565 -5.3041 0.8446 3.1332 0.3549
Car 0.0000 0 0.0000 -1.0000 -1.0000 -1.0000 -1.0000 1.9343 1.5383 4.6469 76.9616 9.2672 0.3029 3.0784 0.3074
Cyclist 0.0000 0 0.0000 -1.0000 -1.0000 -1.0000 -1.0000 0.6839 1.2283 1.7177 -35.1355 13.9948 0.2877 1.3721 0.3933
Pedestrian 0.0000 0 0.0000 -1.0000 -1.0000 -1.0000 -1.0000 0.6929 1.6806 0.6336 -24.1072 0.9881 0.8626 0.0503 0.5613
Pedestrian 0.0000 0 0.0000 -1.0000 -1.0000 -1.0000 -1.0000 0.6886 1.6374 0.6303 -21.6789 1.3491 0.8194 -3.1157 0.4227
Pedestrian 0.0000 0 0.0000 -1.0000 -1.0000 -1.0000 -1.0000 0.6703 1.6704 0.5648 48.5630 -4.7558 0.8079 3.1357 0.3786
