Car 0.0000 0 0.0000 -1.0000 -1.0000 -1.0000 -1.0000 1.9887 1.5610 4.6484 54.4134 -2.5477 0.9626 3.1410 0.6649
Car 0.0000 0 0.0000 -1.0000 -1.0000 -1.0000 -1.0000 1.9395 1.4414 4.5799 -25.4371 -13.8637 0.6561 -1.5522 0.5455
Car 0.0000 0 0.0000 -1.0000 -1.0000 -1.0000 -1.0000 1.8855 1.4859 4.4924 -22.7161 -29.0782 0.9235 1.6390 0.4074
Car 0.0000 0 0.0000 -1.0000 -1.0000 -1.0000 -1.0000 1.9453 1.5464 4.5834 -63.5662 -3.2318 0.5016 -0.0154 0.4009
Car 0.0000 0 0.0000 -1.0000 -1.0000 -1.0000 -1.0000 1.8963 1.4853 4.5454 6.2570 26.9249 0.2373 -1.4000 0.3748
Car 0.0000 0 0.0000 -1.0000 -1.0000 -1.0000 -1.0000 1.9280 1.5412 4.5270 70.5391 -0.4953 0.9485 0.0248 0.3524
Car 0.0000 0 0.0000 -1.0000 -1.0000 -1.0000 -1.0000 1.9396 1.5829 4.6329 -69.2217 29.9081 0.2168 -0.1476 0.3408
Car 0.0000 0 0.0000 -1.0000 -1.0000 -1.0000 -1.0000 2.1193 2.3148 5.0440 -12.2437 18.2422 0.8515 -2.1473 0.3346
Truck 0.0000 0 0.0000 -1.0000 -1.0000 -1.0000 -1.0000 2.9391 3.3192 9.2680 13.5961 -3.1089 1.6762 -0.0083 0.6599
Truck 0.0000 0 0.0000 -1.0000 -1.0000 -1.0000 -1.0000 2.5041 2.7231 6.5134 -42.1272 14.1140 1.3296 -0.0741 0.4985
Cyclist 0.0000 0 0.0000 -1.0000 -1.0000 -1.0000 -1.0000 0.7867 1.5699 1.7568 -2.8096 -10.4032 0.7709 3.1263 0.6384
