Car 0.0000 0 0.0000 -1.0000 -1.0000 -1.0000 -1.0000 2.0312 1.4989 4.6190 23.7096 0.9348 0.8336 0.0002 0.8308
Car 0.0000 0 0.0000 -1.0000 -1.0000 -1.0000 -1.0000 2.0014 1.4351 4.5133 -14.8537 2.3109 0.7075 0.0257 0.8173
Car 0.0000 0 0.0000 -1.0000 -1.0000 -1.0000 -1.0000 2.0721 1.8000 4.6567 4.4121 6.3029 0.8903 -0.0136 0.8095
Car 0.0000 0 0.0000 -1.0000 -1.0000 -1.0000 -1.0000 2.0401 1.5956 4.5719 28.9620 6.0948 0.8674 -3.1302 0.7285
Car 0.0000 0 0.0000 -1.0000 -1.0000 -1.0000 -1.0000 1.9158 1.4121 4.3782 17.3806 10.1519 0.6670 -3.1187 0.6719
Car 0.0000 0 0.0000 -1.0000 -1.0000 -1.0000 -1.0000 1.9084 1.9806 4.4898 -1.3425 9.9527 0.8886 0.0137 0.5205
Car 0.0000 0 0.0000 -1.0000 -1.0000 -1.0000 -1.0000 1.9618 1.7468 4.6894 70.1105 6.5908 1.3099 0.0005 0.4435
Car 0.0000 0 0.0000 -1.0000 -1.0000 -1.0000 -1.0000 1.9026 1.8580 4.4996 46.5168 6.3338 1.0493 3.1003 0.4147
Truck 0.0000 0 0.0000 -1.0000 -1.0000 -1.0000 -1.0000 3.0731 4.1559 12.6833 -35.7248 8.7060 2.0357 3.1186 0.6626
Truck 0.0000 0 0.0000 -1.0000 -1.0000 -1.0000 -1.0000 2.3873 2.4387 6.2966 -30.7127 3.0068 1.2252 -3.0966 0.4556
Truck 0.0000 0 0.0000 -1.0000 -1.0000 -1.0000 -1.0000 2.0095 2.0846 5.1625 -44.5499 0.3175 1.0141 -0.0545 0.3488
Tricar 0.0000 0 0.0000 -1.0000 -1.0000 -1.0000 -1.0000 1.4101 1.6500 3.1630 65.6414 -0.9532 1.0362 0.0324 0.4716
Tricar 0.0000 0 0.0000 -1.0000 -1.0000 -1.0000 -1.0000 1.3850 1.7847 3.2585 -20.3840 -6.2246 0.8476 -3.1101 0.3654
Cyclist 0.0000 0 0.0000 -1.0000 -1.0000 -1.0000 -1.0000 0.7989 1.5545 1.7920 -39.2788 -9.3458 0.5820 0.1612 0.3002
Pedestrian 0.0000 0 0.0000 -1.0000 -1.0000 -1.0000 -1.0000 0.6872 1.6381 0.6486 -6.6874 12.9573 0.8066 -1.4151 0.3915
