Car 0.0000 0 0.0000 -1.0000 -1.0000 -1.0000 -1.0000 1.9624 1.5752 4.5583 31.2984 6.2912 0.8824 3.1097 0.7837
Car 0.0000 0 0.0000 -1.0000 -1.0000 -1.0000 -1.0000 1.9177 1.4521 4.4841 37.4732 6.3851 0.8658 3.1214 0.7610
Car 0.0000 0 0.0000 -1.0000 -1.0000 -1.0000 -1.0000 1.9825 1.6263 4.6632 -35.1112 6.6850 0.6864 -3.1415 0.7216
Car 0.0000 0 0.0000 -1.0000 -1.0000 -1.0000 -1.0000 2.0361 1.7036 4.7626 -25.2846 2.6758 0.7802 0.0305 0.7216
Car 0.0000 0 0.0000 -1.0000 -1.0000 -1.0000 -1.0000 1.9375 1.4879 4.5463 -20.2521 6.0522 0.6913 0.0362 0.6237
Car 0.0000 0 0.0000 -1.0000 -1.0000 -1.0000 -1.0000 1.8770 1.4460 4.4701 8.4714 6.3996 0.6578 -0.1369 0.5945
Car 0.0000 0 0.0000 -1.0000 -1.0000 -1.0000 -1.0000 1.9005 1.4376 4.4952 -32.7066 -3.1651 0.6428 -0.0066 0.5702
Car 0.0000 0 0.0000 -1.0000 -1.0000 -1.0000 -1.0000 1.9507 1.6753 4.6053 17.7595 12.7713 0.9841 -1.4876 0.5597
Car 0.0000 0 0.0000 -1.0000 -1.0000 -1.0000 -1.0000 1.8759 1.7168 4.2998 19.5689 6.3955 0.8494 -3.1259 0.5437
Car 0.0000 0 0.0000 -1.0000 -1.0000 -1.0000 -1.0000 1.8831 1.4592 4.4953 25.3197 6.3716 0.7656 0.0102 0.5363
Car 0.0000 0 0.0000 -1.0000 -1.0000 -1.0000 -1.0000 1.9053 1.6574 4.4810 13.9624 6.2476 0.7810 3.1375 0.5304
Car 0.0000 0 0.0000 -1.0000 -1.0000 -1.0000 -1.0000 1.9074 1.4588 4.5833 14.3215 12.3340 0.8418 -1.4760 0.4789
Car 0.0000 0 0.0000 -1.0000 -1.0000 -1.0000 -1.0000 1.8718 1.7591 4.3785 49.2771 -3.3235 1.3052 0.0171 0.4727
Car 0.0000 0 0.0000 -1.0000 -1.0000 -1.0000 -1.0000 1.9251 1.7097 4.5549 4.3454 -20.7362 1.1898 1.5130 0.4705
Car 0.0000 0 0.0000 -1.0000 -1.0000 -1.0000 -1.0000 1.8702 1.4967 4.4827 4.5491 -10.8572 0.8524 -1.6157 0.4579
Car 0.0000 0 0.0000 -1.0000 -1.0000 -1.0000 -1.0000 2.2580 2.3460 5.2831 31.6413 2.1829 1.3330 3.1015 0.4509
Car 0.0000 0 0.0000 -1.0000 -1.0000 -1.0000 -1.0000 1.9282 1.7829 4.5644 -13.5710 12.1391 0.7757 1.5624 0.4376
Car 0.0000 0 0.0000 -1.0000 -1.0000 -1.0000 -1.0000 1.8829 1.7762 4.3855 8.8783 12.0218 0.8813 1.5448 0.4058
Car 0.0000 0 0.0000 -1.0000 -1.0000 -1.0000 -1.0000 1.8927 1.4704 4.4950 52.9662 6.2452 1.0846 0.0294 0.3868
Car 0.0000 0 0.0000 -1.0000 -1.0000 -1.0000 -1.0000 1.8650 1.4592 4.4474 -17.7366 12.1772 0.6676 -1.3225 0.3851
Car 0.0000 0 0.0000 -1.0000 -1.0000 -1.0000 -1.0000 1.8927 1.6106 4.5897 -2.0704 4.4829 0.7187 3.0860 0.3833
Car 0.0000 0 0.0000 -1.0000 -1.0000 -1.0000 -1.0000 1.8984 1.8404 4.5447 27.6873 10.6636 1.0960 1.5557 0.3377
Car 0.0000 0 0.0000 -1.0000 -1.0000 -1.0000 -1.0000 2.2020 2.1985 5.2918 -38.9300 17.7206 1.1350 -0.0171 0.3269
Car 0.0000 0 0.0000 -1.0000 -1.0000 -1.0000 -1.0000 1.9492 1.5735 4.6314 -44.3421 10.8170 0.6711 -0.4837 0.3142
Truck 0.0000 0 0.0000 -1.0000 -1.0000 -1.0000 -1.0000 2.5749 3.0540 6.4124 -34.1524 11.8801 1.4396 0.0312 0.3286
Tricar 0.0000 0 0.0000 -1.0000 -1.0000 -1.0000 -1.0000 1.3373 1.7708 3.0851 -4.0762 -3.2375 0.9022 -0.0619 0.5986
Tricar 0.0000 0 0.0000 -1.0000 -1.0000 -1.0000 -1.0000 1.3840 1.7820 3.1734 14.0371 -3.4800 1.0287 -3.1205 0.4839
Tricar 0.0000 0 0.0000 -1.0000 -1.0000 -1.0000 -1.0000 1.2774 1.7097 2.9668 -8.8049 6.2319 0.8051 0.0000 0.4835
Tricar 0.0000 0 0.0000 -1.0000 -1.0000 -1.0000 -1.0000 1.2775 1.7095 2.8549 20.6706 -3.3327 1.0264 0.0095 0.4337
Tricar 0.0000 0 0.0000 -1.0000 -1.0000 -1.0000 -1.0000 1.2521 1.6078 2.9276 -4.8710 6.5285 0.7555 3.1388 0.4327
Cyclist 0.0000 0 0.0000 -1.0000 -1.0000 -1.0000 -1.0000 0.7419 1.5241 1.7218 -21.5214 -2.2212 0.6814 3.0764 0.6526
Cyclist 0.0000 0 0.0000 -1.0000 -1.0000 -1.0000 -1.0000 0.7916 1.5299 1.8207 15.5335 4.2396 0.7432 -0.0122 0.5732
Cyclist 0.0000 0 0.0000 -1.0000 -1.0000 -1.0000 -1.0000 0.7482 1.4877 1.7306 -15.0932 -0.8008 0.6599 3.1309 0.5592
Cyclist 0.0000 0 0.0000 -1.0000 -1.0000 -1.0000 -1.0000 0.7190 1.0753 1.7835 -13.0093 -3.5406 0.5172 0.0582 0.4774
Cyclist 0.0000 0 0.0000 -1.0000 -1.0000 -1.0000 -1.0000 0.7264 1.5814 1.6792 6.6391 -1.5574 0.8597 3.1191 0.4461
Cyclist 0.0000 0 0.0000 -1.0000 -1.0000 -1.0000 -1.0000 0.7256 1.4141 1.6982 -10.4808 11.1185 0.6425 1.7134 0.4240
Cyclist 0.0000 0 0.0000 -1.0000 -1.0000 -1.0000 -1.0000 0.7147 1.4342 1.7017 -18.6044 -1.2132 0.6559 3.1273 0.4218
Cyclist 0.0000 0 0.0000 -1.0000 -1.0000 -1.0000 -1.0000 0.8125 1.5395 1.8890 4.5468 6.5794 0.7384 1.7117 0.3725
Cyclist 0.0000 0 0.0000 -1.0000 -1.0000 -1.0000 -1.0000 0.6467 1.1432 1.6118 16.3618 -8.1128 0.9004 3.1336 0.3332
Pedestrian 0.0000 0 0.0000 -1.0000 -1.0000 -1.0000 -1.0000 0.6593 1.6182 0.5705 -0.5998 18.2724 0.7339 -3.0246 0.4530
Pedestrian 0.0000 0 0.0000 -1.0000 -1.0000 -1.0000 -1.0000 0.6660 1.6241 0.5731 -2.9054 17.9674 0.6937 -3.0482 0.4230
Pedestrian 0.0000 0 0.0000 -1.0000 -1.0000 -1.0000 -1.0000 0.6762 1.6486 0.6001 0.3122 16.0412 0.7689 3.0856 0.3398
Pedestrian 0.0000 0 0.0000 -1.0000 -1.0000 -1.0000 -1.0000 0.6878 1.7830 0.5914 0.8953 22.2624 0.9716 -2.1589 0.3202
Pedestrian 0.0000 0 0.0000 -1.0000 -1.0000 -1.0000 -1.0000 0.6705 1.5935 0.6086 12.6568 -8.5733 1.0137 1.5683 0.3187
Pedestrian 0.0000 0 0.0000 -1.0000 -1.0000 -1.0000 -1.0000 0.7265 1.5877 0.6967 6.6714 -1.5505 0.8181 3.1250 0.3124
