Car 0.0000 0 0.0000 -1.0000 -1.0000 -1.0000 -1.0000 2.0207 1.5807 4.6330 -38.7872 -0.3621 0.8680 -0.0009 0.7187
Car 0.0000 0 0.0000 -1.0000 -1.0000 -1.0000 -1.0000 1.9704 1.4194 4.5922 -21.1049 12.0811 0.4385 -3.1176 0.6106
Car 0.0000 0 0.0000 -1.0000 -1.0000 -1.0000 -1.0000 2.0691 1.7236 4.6587 28.3047 0.3566 0.9527 -3.1384 0.6016
Car 0.0000 0 0.0000 -1.0000 -1.0000 -1.0000 -1.0000 1.9124 1.4793 4.5978 -23.3603 -11.7030 0.9828 -1.4881 0.5261
Car 0.0000 0 0.0000 -1.0000 -1.0000 -1.0000 -1.0000 1.9865 1.7546 4.7171 21.2928 -14.4569 1.2970 1.6447 0.5118
Car 0.0000 0 0.0000 -1.0000 -1.0000 -1.0000 -1.0000 1.8823 1.4482 4.5732 -28.8367 11.3109 0.4628 -3.0670 0.4979
Car 0.0000 0 0.0000 -1.0000 -1.0000 -1.0000 -1.0000 1.9088 1.5225 4.6311 -5.4254 -14.2305 1.1551 1.6388 0.4874
Car 0.0000 0 0.0000 -1.0000 -1.0000 -1.0000 -1.0000 1.9035 1.4919 4.6087 -2.5833 -25.9119 1.3304 -1.4312 0.4830
Car 0.0000 0 0.0000 -1.0000 -1.0000 -1.0000 -1.0000 1.8883 1.5452 4.4465 9.0533 13.3375 0.6107 -1.5466 0.4075
Car 0.0000 0 0.0000 -1.0000 -1.0000 -1.0000 -1.0000 1.9272 1.5724 4.6817 6.9097 -26.1643 1.2345 1.5667 0.4041
Car 0.0000 0 0.0000 -1.0000 -1.0000 -1.0000 -1.0000 1.9097 1.4459 4.5318 11.7850 12.7785 0.5612 -1.6087 0.4010
Car 0.0000 0 0.0000 -1.0000 -1.0000 -1.0000 -1.0000 1.9258 1.6786 4.6701 37.1182 -14.3474 1.3213 1.5900 0.3936
Car 0.0000 0 0.0000 -1.0000 -1.0000 -1.0000 -1.0000 1.9800 1.7235 4.8083 -4.8619 -26.9772 1.5563 1.6697 0.3752
Car 0.0000 0 0.0000 -1.0000 -1.0000 -1.0000 -1.0000 1.9022 1.5853 4.5751 10.1538 -27.1571 1.3130 1.4940 0.3606
Car 0.0000 0 0.0000 -1.0000 -1.0000 -1.0000 -1.0000 2.0857 2.0360 4.8711 32.3371 7.6680 1.0163 -3.1392 0.3595
Car 0.0000 0 0.0000 -1.0000 -1.0000 -1.0000 -1.0000 1.8285 1.5068 4.3469 -64.2777 12.0843 0.6365 -1.2724 0.3583
Car 0.0000 0 0.0000 -1.0000 -1.0000 -1.0000 -1.0000 1.8599 1.5330 4.4524 -9.2539 -14.1594 1.1220 1.5047 0.3527
Car 0.0000 0 0.0000 -1.0000 -1.0000 -1.0000 -1.0000 1.9618 1.5658 4.7756 3.0194 -13.8849 1.1920 1.6804 0.3261
Car 0.0000 0 0.0000 -1.0000 -1.0000 -1.0000 -1.0000 1.9150 1.4907 4.6374 18.3313 -14.5882 1.0653 -1.5184 0.3182
Car 0.0000 0 0.0000 -1.0000 -1.0000 -1.0000 -1.0000 1.9269 1.4826 4.6523 16.2411 -14.8253 1.0276 -1.4376 0.3100
Car 0.0000 0 0.0000 -1.0000 -1.0000 -1.0000 -1.0000 2.1924 2.3090 5.2442 6.5949 -14.0600 1.6350 1.6292 0.3012
Truck 0.0000 0 0.0000 -1.0000 -1.0000 -1.0000 -1.0000 2.8138 3.2265 8.1194 -0.8471 -14.7418 2.1168 1.7149 0.5558
Truck 0.0000 0 0.0000 -1.0000 -1.0000 -1.0000 -1.0000 2.5236 2.3359 6.9629 70.6612 -14.0868 1.6542 3.1084 0.3052
Cyclist 0.0000 0 0.0000 -1.0000 -1.0000 -1.0000 -1.0000 0.7254 1.5504 1.7166 -2.7031 7.4773 0.6626 3.1320 0.5732
Cyclist 0.0000 0 0.0000 -1.0000 -1.0000 -1.0000 -1.0000 0.6855 1.1536 1.6971 7.2607 18.1037 0.4271 -1.3471 0.4094
Cyclist 0.0000 0 0.0000 -1.0000 -1.0000 -1.0000 -1.0000 0.7010 1.1669 1.7211 -8.3682 18.4846 0.2565 1.8364 0.3148
Cyclist 0.0000 0 0.0000 -1.0000 -1.0000 -1.0000 -1.0000 0.6692 1.0653 1.6667 2.6726 16.1589 0.3512 2.0834 0.3132
Pedestrian 0.0000 0 0.0000 -1.0000 -1.0000 -1.0000 -1.0000 0.7002 1.6916 0.6466 15.8726 9.8842 0.7957 3.0744 0.3339
