Car 0.0000 0 0.0000 -1.0000 -1.0000 -1.0000 -1.0000 1.9994 1.4541 4.5145 -37.8278 -3.3806 0.7085 -3.1215 0.7784
Car 0.0000 0 0.0000 -1.0000 -1.0000 -1.0000 -1.0000 2.1302 1.8885 4.7628 -23.3516 -0.4290 0.9223 -0.0021 0.7632
Car 0.0000 0 0.0000 -1.0000 -1.0000 -1.0000 -1.0000 1.9573 1.6235 4.4957 39.6265 -4.2329 0.8997 -3.1080 0.7113
Car 0.0000 0 0.0000 -1.0000 -1.0000 -1.0000 -1.0000 2.0625 1.7237 4.6982 40.1864 -0.2592 0.9294 -3.1231 0.6418
Car 0.0000 0 0.0000 -1.0000 -1.0000 -1.0000 -1.0000 1.9066 1.5979 4.4723 -59.8461 -3.4472 0.7063 0.0391 0.5903
Car 0.0000 0 0.0000 -1.0000 -1.0000 -1.0000 -1.0000 1.9595 1.5646 4.6319 -56.6360 7.4358 0.5705 0.0033 0.5822
Car 0.0000 0 0.0000 -1.0000 -1.0000 -1.0000 -1.0000 2.0296 1.8427 4.6601 -4.4061 -3.7397 0.9212 0.0246 0.5816
Car 0.0000 0 0.0000 -1.0000 -1.0000 -1.0000 -1.0000 1.9713 1.4674 4.6023 61.9670 -4.1859 0.7642 0.0138 0.5535
Car 0.0000 0 0.0000 -1.0000 -1.0000 -1.0000 -1.0000 1.9084 1.5598 4.5127 6.3825 -20.9947 1.0647 1.4900 0.3265
Pedestrian 0.0000 0 0.0000 -1.0000 -1.0000 -1.0000 -1.0000 0.7012 1.6876 0.6341 8.2038 -16.7180 1.1172 0.1523 0.4618
Pedestrian 0.0000 0 0.0000 -1.0000 -1.0000 -1.0000 -1.0000 0.7066 1.7237 0.6394 8.2622 -18.5692 1.1137 0.4507 0.4303
Pedestrian 0.0000 0 0.0000 -1.0000 -1.0000 -1.0000 -1.0000 0.7178 1.7241 0.6758 17.9353 -21.3510 1.2544 1.0784 0.3452
