Car 0.0000 0 0.0000 -1.0000 -1.0000 -1.0000 -1.0000 2.0435 1.6523 4.6122 40.6609 -1.0372 0.9830 -0.0105 0.8188
Car 0.0000 0 0.0000 -1.0000 -1.0000 -1.0000 -1.0000 1.9935 1.5240 4.6673 -14.8184 2.8053 0.7404 3.1270 0.6541
Car 0.0000 0 0.0000 -1.0000 -1.0000 -1.0000 -1.0000 1.9169 1.5101 4.4567 -1.2659 2.6834 0.7115 3.1341 0.6093
Car 0.0000 0 0.0000 -1.0000 -1.0000 -1.0000 -1.0000 1.9345 1.5529 4.5361 -26.9955 6.9306 0.5285 -0.1392 0.5674
Car 0.0000 0 0.0000 -1.0000 -1.0000 -1.0000 -1.0000 1.9228 1.4581 4.4933 -7.5232 2.5205 0.6567 -3.1175 0.5322
Car 0.0000 0 0.0000 -1.0000 -1.0000 -1.0000 -1.0000 1.9211 1.5393 4.5129 -7.8444 5.2118 0.6876 -0.0359 0.4756
Car 0.0000 0 0.0000 -1.0000 -1.0000 -1.0000 -1.0000 1.9216 1.5868 4.5859 -42.9481 29.8082 -0.3646 -1.5524 0.3727
Car 0.0000 0 0.0000 -1.0000 -1.0000 -1.0000 -1.0000 2.0776 1.7714 4.8382 -15.1570 -0.1318 0.9264 0.0181 0.3712
Car 0.0000 0 0.0000 -1.0000 -1.0000 -1.0000 -1.0000 1.8943 1.5233 4.6253 -58.2007 -3.4524 0.4326 2.7692 0.3182
Car 0.0000 0 0.0000 -1.0000 -1.0000 -1.0000 -1.0000 1.9298 1.6234 4.5361 13.0684 -21.5738 1.1562 -3.1252 0.3075
Tricar 0.0000 0 0.0000 -1.0000 -1.0000 -1.0000 -1.0000 1.2968 1.6225 2.9742 -65.3785 -8.7267 0.3575 -0.7573 0.3559
Cyclist 0.0000 0 0.0000 -1.0000 -1.0000 -1.0000 -1.0000 0.7615 1.5387 1.7219 -22.4539 9.5162 0.5013 0.0222 0.4125
Cyclist 0.0000 0 0.0000 -1.0000 -1.0000 -1.0000 -1.0000 0.7508 1.2477 1.7795 22.5583 17.8798 0.5795 -0.0256 0.4034
Cyclist 0.0000 0 0.0000 -1.0000 -1.0000 -1.0000 -1.0000 0.7949 1.5566 1.8216 -36.3654 15.0042 0.2823 0.0100 0.3854
Cyclist 0.0000 0 0.0000 -1.0000 -1.0000 -1.0000 -1.0000 0.7091 1.4830 1.7326 -34.2562 -16.4322 0.9584 -1.6761 0.3774
Cyclist 0.0000 0 0.0000 -1.0000 -1.0000 -1.0000 -1.0000 0.7980 1.5972 1.8363 -52.9419 18.5829 -0.0631 -1.7531 0.3649
Cyclist 0.0000 0 0.0000 -1.0000 -1.0000 -1.0000 -1.0000 0.7725 1.5588 1.7626 -45.6059 17.6369 0.0965 -1.8426 0.3332
Cyclist 0.0000 0 0.0000 -1.0000 -1.0000 -1.0000 -1.0000 0.7367 1.4885 1.7551 -76.1886 -8.3836 0.0587 -3.0338 0.3297
Cyclist 0.0000 0 0.0000 -1.0000 -1.0000 -1.0000 -1.0000 0.7115 1.5156 1.6863 -21.6766 16.7928 0.3763 -0.0807 0.3206
Cyclist 0.0000 0 0.0000 -1.0000 -1.0000 -1.0000 -1.0000 0.6930 1.2775 1.7082 -0.4719 16.3353 0.3821 -1.5901 0.3147
Cyclist 0.0000 0 0.0000 -1.0000 -1.0000 -1.0000 -1.0000 0.7181 1.4127 1.6967 -20.0462 11.6822 0.4056 -0.0308 0.3052
Pedestrian 0.0000 0 0.0000 -1.0000 -1.0000 -1.0000 -1.0000 0.6955 1.6722 0.6195 -23.7255 22.0154 0.3992 -0.4217 0.5511
Pedestrian 0.0000 0 0.0000 -1.0000 -1.0000 -1.0000 -1.0000 0.7265 1.6901 0.7009 -18.1981 -9.2798 1.0671 0.1147 0.5258
Pedestrian 0.0000 0 0.0000 -1.0000 -1.0000 -1.0000 -1.0000 0.6695 1.6228 0.5874 -8.3646 17.8343 0.5866 3.1224 0.5067
Pedestrian 0.0000 0 0.0000 -1.0000 -1.0000 -1.0000 -1.0000 0.7060 1.6610 0.6627 -14.1785 18.5892 0.4932 -0.0740 0.4819
Pedestrian 0.0000 0 0.0000 -1.0000 -1.0000 -1.0000 -1.0000 0.6869 1.6779 0.6002 -25.2794 23.4738 0.3801 2.9645 0.3909
Pedestrian 0.0000 0 0.0000 -1.0000 -1.0000 -1.0000 -1.0000 0.6960 1.6415 0.6201 25.6475 16.4488 0.7944 -0.0004 0.3833
Pedestrian 0.0000 0 0.0000 -1.0000 -1.0000 -1.0000 -1.0000 0.6566 1.6009 0.5709 -25.8970 19.9555 0.3174 -2.8277 0.3759
Pedestrian 0.0000 0 0.0000 -1.0000 -1.0000 -1.0000 -1.0000 0.6816 1.6856 0.5729 -41.3179 19.9066 0.1828 -0.2349 0.3709
Pedestrian 0.0000 0 0.0000 -1.0000 -1.0000 -1.0000 -1.0000 0.6870 1.6180 0.6110 -29.6919 19.8528 0.2729 0.1079 0.3341
Pedestrian 0.0000 0 0.0000 -1.0000 -1.0000 -1.0000 -1.0000 0.6702 1.6254 0.5763 -27.3033 20.0028 0.3077 -2.9142 0.3304
