Car 0.0000 0 0.0000 -1.0000 -1.0000 -1.0000 -1.0000 2.0361 1.5810 4.7222 -19.6901 -2.2254 0.7437 0.0879 0.7495
Car 0.0000 0 0.0000 -1.0000 -1.0000 -1.0000 -1.0000 1.9258 1.5353 4.4890 35.2393 5.2279 1.0882 0.0269 0.6546
Car 0.0000 0 0.0000 -1.0000 -1.0000 -1.0000 -1.0000 1.9909 1.4859 4.5400 24.6011 4.3893 0.9598 0.0123 0.6479
Car 0.0000 0 0.0000 -1.0000 -1.0000 -1.0000 -1.0000 1.9614 1.5285 4.6331 -55.9492 16.6900 0.0877 -1.5186 0.4651
Car 0.0000 0 0.0000 -1.0000 -1.0000 -1.0000 -1.0000 1.9323 1.5531 4.5461 43.6361 5.5107 1.2165 0.0696 0.3131
Truck 0.0000 0 0.0000 -1.0000 -1.0000 -1.0000 -1.0000 2.8526 3.1140 10.5643 22.1721 0.8300 1.7679 0.0027 0.7102
Truck 0.0000 0 0.0000 -1.0000 -1.0000 -1.0000 -1.0000 2.3784 2.7124 5.9563 -1.8086 2.8377 1.4094 0.0705 0.3252
Cyclist 0.0000 0 0.0000 -1.0000 -1.0000 -1.0000 -1.0000 0.8041 1.5472 1.7692 17.0061 -2.1249 0.9358 3.1337 0.5040
Cyclist 0.0000 0 0.0000 -1.0000 -1.0000 -1.0000 -1.0000 0.8350 1.5157 1.8715 -19.3675 12.5449 0.3754 -3.0026 0.4669
Cyclist 0.0000 0 0.0000 -1.0000 -1.0000 -1.0000 -1.0000 0.8390 1.6347 1.7754 43.7046 16.0116 0.8347 -3.1121 0.4363
Cyclist 0.0000 0 0.0000 -1.0000 -1.0000 -1.0000 -1.0000 0.7006 1.2871 1.6943 -51.8954 17.9403 -0.0256 -3.0571 0.3176
