Car 0.0000 0 0.0000 -1.0000 -1.0000 -1.0000 -1.0000 1.9646 1.4747 4.4748 9.9794 0.2925 0.8416 2.6440 0.7442
Car 0.0000 0 0.0000 -1.0000 -1.0000 -1.0000 -1.0000 1.9309 1.4757 4.4486 4.4051 -0.5105 0.7795 -0.2280 0.6894
Car 0.0000 0 0.0000 -1.0000 -1.0000 -1.0000 -1.0000 1.9593 1.5607 4.5780 18.1305 -0.6420 0.8623 2.5765 0.6862
Car 0.0000 0 0.0000 -1.0000 -1.0000 -1.0000 -1.0000 1.9120 1.4324 4.4939 -30.8001 -2.2176 0.4962 0.0441 0.6643
Car 0.0000 0 0.0000 -1.0000 -1.0000 -1.0000 -1.0000 1.9263 1.5523 4.5217 18.1735 -4.6218 0.8580 2.5569 0.5633
Car 0.0000 0 0.0000 -1.0000 -1.0000 -1.0000 -1.0000 1.8877 1.5720 4.4351 31.2324 -9.0235 1.0035 2.5448 0.3981
Car 0.0000 0 0.0000 -1.0000 -1.0000 -1.0000 -1.0000 1.9147 1.5047 4.5296 -23.4440 5.1650 0.5006 -0.0686 0.3833
Car 0.0000 0 0.0000 -1.0000 -1.0000 -1.0000 -1.0000 1.9287 1.9757 4.5201 23.9407 -4.8171 1.0711 2.5219 0.3452
Car 0.0000 0 0.0000 -1.0000 -1.0000 -1.0000 -1.0000 1.7915 1.5539 4.2401 0.7413 8.8152 0.6488 2.8496 0.3348
Truck 0.0000 0 0.0000 -1.0000 -1.0000 -1.0000 -1.0000 3.1098 3.9140 18.0020 -6.2060 4.1088 1.9403 3.0509 0.5755
Truck 0.0000 0 0.0000 -1.0000 -1.0000 -1.0000 -1.0000 2.3591 2.5003 6.1259 -11.2624 0.6362 1.2196 -0.0082 0.4029
Truck 0.0000 0 0.0000 -1.0000 -1.0000 -1.0000 -1.0000 1.9327 1.9380 4.7931 23.9637 -4.7520 1.0746 2.5208 0.3184
