Car 0.0000 0 0.0000 -1.0000 -1.0000 -1.0000 -1.0000 1.9680 1.4718 4.6434 -32.8005 21.4944 0.1362 2.8409 0.7269
Car 0.0000 0 0.0000 -1.0000 -1.0000 -1.0000 -1.0000 1.9410 1.4873 4.5776 -2.4306 19.3499 0.2995 3.1056 0.6908
Car 0.0000 0 0.0000 -1.0000 -1.0000 -1.0000 -1.0000 1.9467 1.5065 4.6807 -40.8845 -24.0949 1.2312 3.1373 0.6731
Car 0.0000 0 0.0000 -1.0000 -1.0000 -1.0000 -1.0000 1.8786 1.4831 4.5092 -38.7833 23.8775 0.0486 2.8986 0.6549
Car 0.0000 0 0.0000 -1.0000 -1.0000 -1.0000 -1.0000 1.9666 1.6476 4.5821 -63.1588 20.0968 0.0456 -0.0226 0.6477
Car 0.0000 0 0.0000 -1.0000 -1.0000 -1.0000 -1.0000 1.8650 1.4623 4.4212 -16.7826 -0.7204 0.7306 -0.0588 0.6025
Car 0.0000 0 0.0000 -1.0000 -1.0000 -1.0000 -1.0000 1.9892 1.7356 4.7279 73.0158 22.0798 0.4581 -1.6530 0.5793
Car 0.0000 0 0.0000 -1.0000 -1.0000 -1.0000 -1.0000 2.0434 1.8170 4.7277 -9.6503 19.3927 0.4640 -3.1281 0.5333
Car 0.0000 0 0.0000 -1.0000 -1.0000 -1.0000 -1.0000 1.9792 1.4823 4.6114 -17.7168 19.1626 0.2930 -3.1327 0.5270
Car 0.0000 0 0.0000 -1.0000 -1.0000 -1.0000 -1.0000 1.9066 1.5886 4.5163 -45.0963 -8.9583 0.7319 1.0200 0.5228
Car 0.0000 0 0.0000 -1.0000 -1.0000 -1.0000 -1.0000 1.8888 1.5411 4.5165 -40.8098 -4.0984 0.6596 0.5668 0.5043
Car 0.0000 0 0.0000 -1.0000 -1.0000 -1.0000 -1.0000 1.8508 1.5195 4.4725 -42.4186 -29.8602 1.4009 -3.0584 0.4679
Car 0.0000 0 0.0000 -1.0000 -1.0000 -1.0000 -1.0000 1.9060 1.4268 4.5184 -24.6534 -0.1981 0.6693 0.0298 0.4630
Car 0.0000 0 0.0000 -1.0000 -1.0000 -1.0000 -1.0000 1.9694 1.5387 4.6692 -52.6340 21.1451 0.0516 -0.0003 0.4491
Car 0.0000 0 0.0000 -1.0000 -1.0000 -1.0000 -1.0000 1.8524 2.0399 4.3082 17.8009 20.6138 0.5530 -3.0147 0.3677
Car 0.0000 0 0.0000 -1.0000 -1.0000 -1.0000 -1.0000 1.9239 1.6339 4.5612 -57.8647 -5.4262 0.7462 -0.0119 0.3442
Car 0.0000 0 0.0000 -1.0000 -1.0000 -1.0000 -1.0000 1.8783 1.4890 4.5541 -41.5621 -26.9097 1.3327 3.0199 0.3421
Tricar 0.0000 0 0.0000 -1.0000 -1.0000 -1.0000 -1.0000 1.4885 1.9068 3.4022 17.8181 20.4681 0.5381 -3.0140 0.3398
Cyclist 0.0000 0 0.0000 -1.0000 -1.0000 -1.0000 -1.0000 0.7842 1.5592 1.7832 -14.3588 16.2697 0.3714 -3.1404 0.6775
Cyclist 0.0000 0 0.0000 -1.0000 -1.0000 -1.0000 -1.0000 0.6878 1.1984 1.7358 4.3124 -2.9617 0.8729 1.3678 0.4514
Cyclist 0.0000 0 0.0000 -1.0000 -1.0000 -1.0000 -1.0000 0.6763 1.2060 1.7095 7.1020 -3.0437 0.8947 1.3942 0.3312
Cyclist 0.0000 0 0.0000 -1.0000 -1.0000 -1.0000 -1.0000 0.6990 1.2110 1.7581 24.1736 22.3338 0.2639 -1.7987 0.3050
Pedestrian 0.0000 0 0.0000 -1.0000 -1.0000 -1.0000 -1.0000 0.7095 1.6609 0.6997 9.1925 18.2530 0.4362 -2.8397 0.5513
