Car 0.0000 0 0.0000 -1.0000 -1.0000 -1.0000 -1.0000 1.9858 1.7132 4.5916 29.4552 -23.3159 1.3233 1.5745 0.6451
Car 0.0000 0 0.0000 -1.0000 -1.0000 -1.0000 -1.0000 1.9518 1.5047 4.6134 -12.7018 -3.8512 0.7158 0.0137 0.4504
Car 0.0000 0 0.0000 -1.0000 -1.0000 -1.0000 -1.0000 1.9446 1.6271 4.6236 30.7216 -39.9494 1.3340 1.5872 0.4410
Car 0.0000 0 0.0000 -1.0000 -1.0000 -1.0000 -1.0000 1.9162 1.4649 4.5837 29.9082 -30.6036 1.2168 1.5772 0.4321
Car 0.0000 0 0.0000 -1.0000 -1.0000 -1.0000 -1.0000 2.2909 2.4320 5.3947 -19.9598 -3.5661 1.2133 3.1238 0.3824
Truck 0.0000 0 0.0000 -1.0000 -1.0000 -1.0000 -1.0000 2.4766 2.5374 6.6758 61.6205 6.3106 1.0716 -0.1431 0.4998
Truck 0.0000 0 0.0000 -1.0000 -1.0000 -1.0000 -1.0000 2.4142 2.4723 6.3606 -4.9739 -3.9254 1.3194 3.1190 0.4355
Truck 0.0000 0 0.0000 -1.0000 -1.0000 -1.0000 -1.0000 2.2088 2.1698 5.6299 -10.3698 -0.2591 1.0515 -0.0249 0.3809
Truck 0.0000 0 0.0000 -1.0000 -1.0000 -1.0000 -1.0000 2.8291 3.1144 9.2217 -28.7106 -4.8304 1.4157 -0.0377 0.3798
Tricar 0.0000 0 0.0000 -1.0000 -1.0000 -1.0000 -1.0000 1.3175 1.7330 3.1836 47.8685 18.9281 0.5975 2.5676 0.4206
