Car 0.0000 0 0.0000 -1.0000 -1.0000 -1.0000 -1.0000 1.9249 1.4587 4.4598 -12.2826 6.4565 0.6559 3.1413 0.7828
Car 0.0000 0 0.0000 -1.0000 -1.0000 -1.0000 -1.0000 2.0126 1.5950 4.5469 25.3314 6.1898 0.7244 -3.1295 0.7718
Car 0.0000 0 0.0000 -1.0000 -1.0000 -1.0000 -1.0000 1.9274 1.6206 4.4286 -2.9809 6.0336 0.7494 -3.1333 0.7408
Car 0.0000 0 0.0000 -1.0000 -1.0000 -1.0000 -1.0000 2.0063 1.5048 4.6525 3.0476 3.3679 0.7053 0.0061 0.7237
Car 0.0000 0 0.0000 -1.0000 -1.0000 -1.0000 -1.0000 1.9911 1.4636 4.6038 25.4810 -0.3871 0.7218 0.0116 0.7220
Car 0.0000 0 0.0000 -1.0000 -1.0000 -1.0000 -1.0000 1.9282 1.4738 4.4352 -22.5532 6.7040 0.6632 -3.1362 0.6932
Car 0.0000 0 0.0000 -1.0000 -1.0000 -1.0000 -1.0000 1.9060 1.5450 4.5305 -29.0767 3.6053 0.7038 -3.1327 0.5941
Car 0.0000 0 0.0000 -1.0000 -1.0000 -1.0000 -1.0000 2.0456 1.8175 4.7054 40.6926 3.6065 0.8579 -0.0189 0.5335
Car 0.0000 0 0.0000 -1.0000 -1.0000 -1.0000 -1.0000 1.9622 1.4577 4.5339 -16.6257 3.5153 0.6839 -3.1393 0.5242
Car 0.0000 0 0.0000 -1.0000 -1.0000 -1.0000 -1.0000 1.9043 1.6807 4.4647 -40.5978 3.5099 0.7754 0.0079 0.4573
Car 0.0000 0 0.0000 -1.0000 -1.0000 -1.0000 -1.0000 1.8401 1.4955 4.4619 -34.7561 6.7608 0.5992 3.1152 0.4538
Car 0.0000 0 0.0000 -1.0000 -1.0000 -1.0000 -1.0000 1.9370 1.7450 4.7075 -57.5659 0.3932 0.8536 3.1144 0.4323
Car 0.0000 0 0.0000 -1.0000 -1.0000 -1.0000 -1.0000 1.9067 1.6469 4.6473 -47.1802 -16.5240 1.1694 1.5138 0.4211
Car 0.0000 0 0.0000 -1.0000 -1.0000 -1.0000 -1.0000 1.9245 1.6843 4.6791 -52.2193 12.2384 0.5174 -0.1493 0.3860
Car 0.0000 0 0.0000 -1.0000 -1.0000 -1.0000 -1.0000 1.8913 1.5970 4.5997 -44.5726 -17.3176 1.1732 -1.5493 0.3383
Car 0.0000 0 0.0000 -1.0000 -1.0000 -1.0000 -1.0000 1.9859 1.5601 4.6172 70.4426 2.9555 0.7999 3.0205 0.3324
Truck 0.0000 0 0.0000 -1.0000 -1.0000 -1.0000 -1.0000 3.0265 3.3014 11.9624 -39.4690 -4.5774 1.6507 3.0294 0.7279
Truck 0.0000 0 0.0000 -1.0000 -1.0000 -1.0000 -1.0000 3.0045 3.3817 11.9061 9.2552 11.5464 1.4937 0.0316 0.6658
Cyclist 0.0000 0 0.0000 -1.0000 -1.0000 -1.0000 -1.0000 0.7237 1.5209 1.6906 12.4255 -11.9793 0.9357 -3.1414 0.6233
Cyclist 0.0000 0 0.0000 -1.0000 -1.0000 -1.0000 -1.0000 0.7483 1.4886 1.7476 5.1005 -11.1798 0.8747 -3.1327 0.5955
Cyclist 0.0000 0 0.0000 -1.0000 -1.0000 -1.0000 -1.0000 0.7221 1.4740 1.7299 -9.3603 17.6863 0.3185 -0.0628 0.3770
Cyclist 0.0000 0 0.0000 -1.0000 -1.0000 -1.0000 -1.0000 0.7159 1.5232 1.6832 5.8379 22.6590 0.3266 0.0397 0.3762
Cyclist 0.0000 0 0.0000 -1.0000 -1.0000 -1.0000 -1.0000 0.7556 1.4917 1.7762 -52.9932 1.6864 0.7062 -0.0544 0.3158
Cyclist 0.0000 0 0.0000 -1.0000 -1.0000 -1.0000 -1.0000 0.6622 1.1618 1.6875 -20.5713 20.4585 0.2244 -1.5540 0.3150
Cyclist 0.0000 0 0.0000 -1.0000 -1.0000 -1.0000 -1.0000 0.6646 1.2121 1.6222 25.6959 -13.8287 0.9290 3.0022 0.3148
Pedestrian 0.0000 0 0.0000 -1.0000 -1.0000 -1.0000 -1.0000 0.7190 1.6706 0.7472 21.3264 -14.0799 1.1889 3.0768 0.4838
Pedestrian 0.0000 0 0.0000 -1.0000 -1.0000 -1.0000 -1.0000 0.6794 1.6289 0.6072 -20.4455 24.3490 0.5362 -3.0869 0.4345
Pedestrian 0.0000 0 0.0000 -1.0000 -1.0000 -1.0000 -1.0000 0.7134 1.6873 0.6619 -62.5518 -15.6062 1.0297 3.1062 0.3773
Pedestrian 0.0000 0 0.0000 -1.0000 -1.0000 -1.0000 -1.0000 0.6812 1.7086 0.6054 -10.4942 26.4467 0.7951 -2.3273 0.3729
Pedestrian 0.0000 0 0.0000 -1.0000 -1.0000 -1.0000 -1.0000 0.6827 1.6992 0.5800 -54.5175 -15.8463 1.0539 3.1318 0.3436
