Car 0.0000 0 0.0000 -1.0000 -1.0000 -1.0000 -1.0000 2.0453 1.5987 4.6258 -8.1550 -3.0058 0.7896 -0.0273 0.7691
Car 0.0000 0 0.0000 -1.0000 -1.0000 -1.0000 -1.0000 2.0642 1.6499 4.6815 -42.1723 -3.4997 0.8213 -0.0312 0.6656
Car 0.0000 0 0.0000 -1.0000 -1.0000 -1.0000 -1.0000 2.0106 1.4796 4.5424 25.3814 -0.1544 0.7377 -0.0030 0.6323
Car 0.0000 0 0.0000 -1.0000 -1.0000 -1.0000 -1.0000 2.0042 1.4993 4.6041 -43.6832 10.6625 0.6079 -3.0919 0.6298
Car 0.0000 0 0.0000 -1.0000 -1.0000 -1.0000 -1.0000 1.9072 1.5147 4.5749 38.5499 -7.9957 0.6996 3.0895 0.5123
Car 0.0000 0 0.0000 -1.0000 -1.0000 -1.0000 -1.0000 1.9293 1.5321 4.5569 -27.7856 10.4999 0.5639 0.1085 0.5042
Car 0.0000 0 0.0000 -1.0000 -1.0000 -1.0000 -1.0000 1.9155 1.7033 4.5836 24.5674 -14.9106 0.8958 1.5676 0.4614
Car 0.0000 0 0.0000 -1.0000 -1.0000 -1.0000 -1.0000 1.8880 1.5130 4.5745 27.7857 -14.5424 0.7806 -1.4207 0.4605
Car 0.0000 0 0.0000 -1.0000 -1.0000 -1.0000 -1.0000 1.9582 1.5326 4.5605 -77.6666 -0.8145 0.6207 -2.8601 0.3849
Truck 0.0000 0 0.0000 -1.0000 -1.0000 -1.0000 -1.0000 2.6354 3.2982 6.3386 -62.0340 -5.2674 1.6086 -0.2233 0.4854
Truck 0.0000 0 0.0000 -1.0000 -1.0000 -1.0000 -1.0000 2.2519 2.2342 5.8914 21.3939 -3.9052 1.0715 -3.1256 0.3739
Cyclist 0.0000 0 0.0000 -1.0000 -1.0000 -1.0000 -1.0000 0.7154 1.5336 1.6513 44.2721 -10.7899 0.6491 0.0117 0.3226
