Car 0.0000 0 0.0000 -1.0000 -1.0000 -1.0000 -1.0000 1.9931 1.5087 4.5603 -30.0495 0.6528 0.8589 -3.0933 0.8187
Car 0.0000 0 0.0000 -1.0000 -1.0000 -1.0000 -1.0000 2.0182 1.5040 4.6187 20.0073 3.3186 0.7373 0.0045 0.8009
Car 0.0000 0 0.0000 -1.0000 -1.0000 -1.0000 -1.0000 2.0104 1.5069 4.5975 -35.6649 17.7962 0.6998 -0.1955 0.7721
Car 0.0000 0 0.0000 -1.0000 -1.0000 -1.0000 -1.0000 1.9477 1.4511 4.5193 -4.2836 7.1665 0.7642 3.1378 0.7703
Car 0.0000 0 0.0000 -1.0000 -1.0000 -1.0000 -1.0000 1.9569 1.5260 4.5192 -14.1415 1.1749 0.8305 3.1158 0.7579
Car 0.0000 0 0.0000 -1.0000 -1.0000 -1.0000 -1.0000 2.0013 1.4445 4.5669 -23.6557 4.0166 0.8365 3.1415 0.7484
Car 0.0000 0 0.0000 -1.0000 -1.0000 -1.0000 -1.0000 1.9583 1.5388 4.5443 -20.1556 7.3517 0.8999 0.0175 0.7308
Car 0.0000 0 0.0000 -1.0000 -1.0000 -1.0000 -1.0000 1.9801 1.4621 4.5473 -11.7821 14.8869 0.6883 3.1100 0.6954
Car 0.0000 0 0.0000 -1.0000 -1.0000 -1.0000 -1.0000 1.9832 1.6520 4.5310 -38.8693 0.5854 1.0482 -3.1229 0.6916
Car 0.0000 0 0.0000 -1.0000 -1.0000 -1.0000 -1.0000 1.9588 1.5328 4.5786 -35.1801 3.4068 0.9262 -3.1345 0.6101
Car 0.0000 0 0.0000 -1.0000 -1.0000 -1.0000 -1.0000 1.9729 1.7778 4.5690 -11.2767 7.4398 0.9577 0.0006 0.5339
Car 0.0000 0 0.0000 -1.0000 -1.0000 -1.0000 -1.0000 1.8246 1.4658 4.4372 -61.6652 14.4682 0.9417 -3.1388 0.5293
Car 0.0000 0 0.0000 -1.0000 -1.0000 -1.0000 -1.0000 1.9308 1.5660 4.5693 37.2284 9.0740 0.6218 0.0248 0.5183
Car 0.0000 0 0.0000 -1.0000 -1.0000 -1.0000 -1.0000 2.0105 1.6633 4.8210 -16.5965 40.8257 0.2779 -1.6831 0.5082
Car 0.0000 0 0.0000 -1.0000 -1.0000 -1.0000 -1.0000 1.9300 1.6509 4.6348 -26.1701 31.7362 0.2200 -1.7300 0.4859
Car 0.0000 0 0.0000 -1.0000 -1.0000 -1.0000 -1.0000 1.8866 1.5438 4.5486 -35.9566 -25.1102 1.0123 -1.9962 0.4313
Car 0.0000 0 0.0000 -1.0000 -1.0000 -1.0000 -1.0000 1.9645 1.8606 4.6335 29.2166 3.4002 0.9467 0.0109 0.4296
Car 0.0000 0 0.0000 -1.0000 -1.0000 -1.0000 -1.0000 1.9099 1.5324 4.6093 -40.7347 -33.6894 1.3667 -1.9852 0.4122
Car 0.0000 0 0.0000 -1.0000 -1.0000 -1.0000 -1.0000 1.9307 1.5708 4.5677 -46.8490 4.3581 0.9939 -0.0297 0.4119
Car 0.0000 0 0.0000 -1.0000 -1.0000 -1.0000 -1.0000 2.0902 2.3976 4.8044 -29.7707 12.6971 1.2540 -0.1230 0.3969
Car 0.0000 0 0.0000 -1.0000 -1.0000 -1.0000 -1.0000 1.9433 1.6092 4.6436 -66.1107 3.2692 1.0262 -3.1076 0.3851
Car 0.0000 0 0.0000 -1.0000 -1.0000 -1.0000 -1.0000 2.1020 1.6825 4.7158 -24.8925 -1.9595 0.9464 -2.9300 0.3835
Car 0.0000 0 0.0000 -1.0000 -1.0000 -1.0000 -1.0000 1.8887 1.5474 4.5532 23.4171 -0.1607 0.7160 0.0087 0.3457
Car 0.0000 0 0.0000 -1.0000 -1.0000 -1.0000 -1.0000 1.9728 1.6566 4.7122 -3.0730 -0.2928 0.8578 -3.1393 0.3283
Car 0.0000 0 0.0000 -1.0000 -1.0000 -1.0000 -1.0000 1.8915 1.5957 4.5319 55.8199 -3.4801 0.8830 -3.1078 0.3168
Truck 0.0000 0 0.0000 -1.0000 -1.0000 -1.0000 -1.0000 2.9663 3.5677 9.9348 2.1765 3.0286 1.7949 3.1308 0.6921
Truck 0.0000 0 0.0000 -1.0000 -1.0000 -1.0000 -1.0000 2.9699 3.7507 11.7014 -44.9900 14.5351 2.1447 3.0196 0.5948
Truck 0.0000 0 0.0000 -1.0000 -1.0000 -1.0000 -1.0000 2.9227 3.5575 8.3861 -28.1477 -10.2399 1.9483 0.9550 0.4269
Truck 0.0000 0 0.0000 -1.0000 -1.0000 -1.0000 -1.0000 1.9591 2.0916 4.8844 11.9938 0.6141 1.0219 3.1414 0.3767
Tricar 0.0000 0 0.0000 -1.0000 -1.0000 -1.0000 -1.0000 1.8432 2.2415 4.1663 11.4520 0.7458 1.1162 3.1143 0.3071
Cyclist 0.0000 0 0.0000 -1.0000 -1.0000 -1.0000 -1.0000 0.7136 1.5280 1.7139 -14.1179 24.3278 0.4162 -0.0637 0.5774
Cyclist 0.0000 0 0.0000 -1.0000 -1.0000 -1.0000 -1.0000 0.7803 1.5333 1.7799 -14.3636 29.3076 0.3305 0.0778 0.4645
Cyclist 0.0000 0 0.0000 -1.0000 -1.0000 -1.0000 -1.0000 0.8460 1.5780 1.8051 -26.2807 -5.3110 0.9066 -0.1023 0.3578
Cyclist 0.0000 0 0.0000 -1.0000 -1.0000 -1.0000 -1.0000 0.6865 1.5033 1.6404 52.0252 -7.8773 0.7241 -3.1327 0.3022
