Car 0.0000 0 0.0000 -1.0000 -1.0000 -1.0000 -1.0000 2.0305 1.4626 4.6130 -35.6122 -0.5792 0.8026 0.0370 0.8279
Car 0.0000 0 0.0000 -1.0000 -1.0000 -1.0000 -1.0000 1.9482 1.4467 4.5474 -52.0560 10.4224 0.6705 -3.0718 0.7791
Car 0.0000 0 0.0000 -1.0000 -1.0000 -1.0000 -1.0000 2.0171 1.6140 4.5869 39.2041 -11.8022 0.7466 -0.3475 0.7622
Car 0.0000 0 0.0000 -1.0000 -1.0000 -1.0000 -1.0000 1.9792 1.4601 4.5521 34.7824 10.9204 0.6531 3.1378 0.7553
Car 0.0000 0 0.0000 -1.0000 -1.0000 -1.0000 -1.0000 2.0509 1.6028 4.6530 -49.1014 -2.2102 0.9181 -0.0779 0.7014
Car 0.0000 0 0.0000 -1.0000 -1.0000 -1.0000 -1.0000 2.0327 1.5218 4.6877 -19.3134 10.1628 0.6197 -0.0170 0.6877
Car 0.0000 0 0.0000 -1.0000 -1.0000 -1.0000 -1.0000 1.9782 1.4594 4.5535 -28.7515 -5.3270 0.7245 3.1063 0.6813
Car 0.0000 0 0.0000 -1.0000 -1.0000 -1.0000 -1.0000 2.0161 1.6769 4.6136 39.8497 7.9338 0.8459 -0.0006 0.6810
Car 0.0000 0 0.0000 -1.0000 -1.0000 -1.0000 -1.0000 1.9085 1.4501 4.5502 -30.1419 27.9735 -0.0128 -0.1754 0.6779
Car 0.0000 0 0.0000 -1.0000 -1.0000 -1.0000 -1.0000 2.1706 1.9732 4.9065 -40.2721 -8.5998 1.0427 -0.0160 0.6736
Car 0.0000 0 0.0000 -1.0000 -1.0000 -1.0000 -1.0000 1.9276 1.4754 4.5558 27.3716 32.9255 -0.1233 -1.6571 0.6196
Car 0.0000 0 0.0000 -1.0000 -1.0000 -1.0000 -1.0000 2.0091 1.8813 4.6504 61.5657 -1.4568 1.2205 0.0237 0.6035
Car 0.0000 0 0.0000 -1.0000 -1.0000 -1.0000 -1.0000 1.9623 1.6062 4.5788 16.5622 27.3699 0.1834 -1.1069 0.5488
Car 0.0000 0 0.0000 -1.0000 -1.0000 -1.0000 -1.0000 1.9839 1.7389 4.5877 -7.3266 9.4377 0.7564 -3.1310 0.5330
Car 0.0000 0 0.0000 -1.0000 -1.0000 -1.0000 -1.0000 1.9284 1.4922 4.5700 59.6436 -30.0486 0.6627 -0.9964 0.5052
Car 0.0000 0 0.0000 -1.0000 -1.0000 -1.0000 -1.0000 1.7964 1.4777 4.2520 -40.9262 13.0858 0.5327 -3.0821 0.5044
Car 0.0000 0 0.0000 -1.0000 -1.0000 -1.0000 -1.0000 1.9360 1.5276 4.5334 13.1546 25.8132 0.1012 -0.9701 0.5022
Car 0.0000 0 0.0000 -1.0000 -1.0000 -1.0000 -1.0000 1.9745 1.7238 4.5739 64.0224 7.4360 0.9929 0.0270 0.4847
Car 0.0000 0 0.0000 -1.0000 -1.0000 -1.0000 -1.0000 1.9539 1.5010 4.5935 9.8215 9.4347 0.5593 3.0935 0.4652
Car 0.0000 0 0.0000 -1.0000 -1.0000 -1.0000 -1.0000 1.8777 1.6121 4.3839 15.6243 11.7488 0.6073 -0.0677 0.4096
Car 0.0000 0 0.0000 -1.0000 -1.0000 -1.0000 -1.0000 1.9336 1.6275 4.6593 -52.2606 39.6261 -0.3568 1.3791 0.3672
Car 0.0000 0 0.0000 -1.0000 -1.0000 -1.0000 -1.0000 1.9267 1.5310 4.6367 29.5728 32.8476 -0.0930 1.4864 0.3394
Truck 0.0000 0 0.0000 -1.0000 -1.0000 -1.0000 -1.0000 2.2176 2.2342 5.8199 -4.7645 -8.7062 1.0556 -3.1212 0.5481
Truck 0.0000 0 0.0000 -1.0000 -1.0000 -1.0000 -1.0000 2.6039 3.2212 6.4801 33.5948 26.0877 0.9573 -0.4634 0.3299
Tricar 0.0000 0 0.0000 -1.0000 -1.0000 -1.0000 -1.0000 1.4192 1.8162 3.6552 42.2974 -15.8479 0.8217 -0.0656 0.5601
Cyclist 0.0000 0 0.0000 -1.0000 -1.0000 -1.0000 -1.0000 0.7861 1.5794 1.7897 20.5383 20.6752 0.3004 -3.0685 0.6243
Cyclist 0.0000 0 0.0000 -1.0000 -1.0000 -1.0000 -1.0000 0.7135 1.5123 1.7129 -32.0193 23.8207 0.0967 -0.0380 0.5710
Cyclist 0.0000 0 0.0000 -1.0000 -1.0000 -1.0000 -1.0000 0.7732 1.5515 1.7527 48.3736 -19.7997 0.7017 3.1280 0.4546
