Car 0.0000 0 0.0000 -1.0000 -1.0000 -1.0000 -1.0000 2.0454 1.4242 4.6174 -23.5572 -6.8287 0.7038 -0.4754 0.7775
Car 0.0000 0 0.0000 -1.0000 -1.0000 -1.0000 -1.0000 2.0685 1.6152 4.6735 35.8184 -0.3331 0.8449 -3.1147 0.6994
Car 0.0000 0 0.0000 -1.0000 -1.0000 -1.0000 -1.0000 1.9857 1.5130 4.5756 -17.6327 -0.1924 0.7645 0.0065 0.6675
Car 0.0000 0 0.0000 -1.0000 -1.0000 -1.0000 -1.0000 2.1339 2.3438 4.9000 22.0196 -4.1714 1.1995 -0.0216 0.5879
Car 0.0000 0 0.0000 -1.0000 -1.0000 -1.0000 -1.0000 1.9125 1.5138 4.5887 -18.0673 -18.8755 0.9948 1.5798 0.5339
Car 0.0000 0 0.0000 -1.0000 -1.0000 -1.0000 -1.0000 1.9736 1.6902 4.7248 25.4572 12.9773 0.6365 3.1083 0.3985
Car 0.0000 0 0.0000 -1.0000 -1.0000 -1.0000 -1.0000 1.7723 1.8357 4.2282 -14.0785 -10.8490 0.9612 0.1003 0.3410
Car 0.0000 0 0.0000 -1.0000 -1.0000 -1.0000 -1.0000 1.9598 1.6713 4.7109 -25.3770 -19.3887 1.0722 -1.7269 0.3096
Truck 0.0000 0 0.0000 -1.0000 -1.0000 -1.0000 -1.0000 2.9968 3.1028 12.0524 81.8942 -3.3376 1.7669 0.0885 0.3053
Tricar 0.0000 0 0.0000 -1.0000 -1.0000 -1.0000 -1.0000 1.5296 1.7484 3.7616 -14.0518 -10.8300 0.9480 0.1081 0.4250
