Car 0.0000 0 0.0000 -1.0000 -1.0000 -1.0000 -1.0000 1.9682 1.4188 4.5620 12.7257 3.0933 0.7986 0.0139 0.8280
Car 0.0000 0 0.0000 -1.0000 -1.0000 -1.0000 -1.0000 1.9014 1.4488 4.4479 -14.6154 3.0785 0.7229 3.1303 0.8124
Car 0.0000 0 0.0000 -1.0000 -1.0000 -1.0000 -1.0000 1.9188 1.4475 4.4465 -0.6761 3.4909 0.7436 0.0387 0.7449
Car 0.0000 0 0.0000 -1.0000 -1.0000 -1.0000 -1.0000 1.9709 1.4498 4.5637 -23.1347 3.0335 0.6935 0.0206 0.7153
Car 0.0000 0 0.0000 -1.0000 -1.0000 -1.0000 -1.0000 1.9857 1.7281 4.5254 6.8101 -0.4787 0.9533 0.0034 0.7078
Car 0.0000 0 0.0000 -1.0000 -1.0000 -1.0000 -1.0000 1.9553 1.4803 4.5529 -36.7071 2.8412 0.5192 -3.1155 0.6740
Car 0.0000 0 0.0000 -1.0000 -1.0000 -1.0000 -1.0000 1.9349 1.4562 4.4739 -11.2761 0.3253 0.7005 -3.1090 0.6654
Car 0.0000 0 0.0000 -1.0000 -1.0000 -1.0000 -1.0000 1.9619 1.4567 4.5036 -7.3646 2.7184 0.7292 -3.1412 0.6548
Car 0.0000 0 0.0000 -1.0000 -1.0000 -1.0000 -1.0000 1.9488 1.4670 4.5196 22.6595 3.5493 0.8928 3.1406 0.6308
Car 0.0000 0 0.0000 -1.0000 -1.0000 -1.0000 -1.0000 2.0507 1.7110 4.7556 -32.1584 -0.6570 0.8109 3.1294 0.5675
Car 0.0000 0 0.0000 -1.0000 -1.0000 -1.0000 -1.0000 1.9715 1.6479 4.7090 -53.7556 2.7516 0.6055 -3.0895 0.4728
Car 0.0000 0 0.0000 -1.0000 -1.0000 -1.0000 -1.0000 1.9209 1.4146 4.4407 5.6266 3.6764 0.7473 3.1319 0.4717
Car 0.0000 0 0.0000 -1.0000 -1.0000 -1.0000 -1.0000 1.8889 1.4707 4.5310 -58.6335 -13.9563 0.6721 -3.0117 0.4713
Car 0.0000 0 0.0000 -1.0000 -1.0000 -1.0000 -1.0000 2.1194 2.3483 5.0037 2.8828 14.8387 1.1362 -3.1217 0.4493
Car 0.0000 0 0.0000 -1.0000 -1.0000 -1.0000 -1.0000 1.9058 1.6175 4.4537 18.4559 -0.2751 0.9388 3.1209 0.4116
Car 0.0000 0 0.0000 -1.0000 -1.0000 -1.0000 -1.0000 1.9076 1.5507 4.5669 63.4613 -6.6835 1.4771 -3.0689 0.3923
Car 0.0000 0 0.0000 -1.0000 -1.0000 -1.0000 -1.0000 1.8968 1.5307 4.5964 -57.5644 -18.5066 0.7645 -2.9115 0.3780
Car 0.0000 0 0.0000 -1.0000 -1.0000 -1.0000 -1.0000 1.8695 1.4974 4.5213 -58.0077 -16.2691 0.6864 -2.9365 0.3620
Car 0.0000 0 0.0000 -1.0000 -1.0000 -1.0000 -1.0000 1.8657 1.5490 4.4789 -18.0659 14.0435 0.4933 -0.0082 0.3288
Car 0.0000 0 0.0000 -1.0000 -1.0000 -1.0000 -1.0000 1.9059 1.4351 4.5080 -20.7685 0.0966 0.6918 0.0115 0.3060
Truck 0.0000 0 0.0000 -1.0000 -1.0000 -1.0000 -1.0000 2.8992 2.8476 9.6141 -61.1884 -0.6744 1.0478 -3.1174 0.5650
Truck 0.0000 0 0.0000 -1.0000 -1.0000 -1.0000 -1.0000 2.1096 2.3636 5.1996 34.2077 3.4779 1.4684 3.1253 0.3264
Truck 0.0000 0 0.0000 -1.0000 -1.0000 -1.0000 -1.0000 2.9056 3.1910 9.8709 68.8697 0.8711 2.4837 0.1095 0.3076
Cyclist 0.0000 0 0.0000 -1.0000 -1.0000 -1.0000 -1.0000 0.7385 1.5421 1.7107 -24.4727 -7.2823 0.6734 3.1069 0.5624
