Car 0.0000 0 0.0000 -1.0000 -1.0000 -1.0000 -1.0000 2.0134 1.6413 4.6442 28.0395 8.0606 0.3739 -0.0054 0.7728
Car 0.0000 0 0.0000 -1.0000 -1.0000 -1.0000 -1.0000 2.0195 1.8054 4.6589 -14.0186 3.0192 0.8596 -0.0228 0.7446
Car 0.0000 0 0.0000 -1.0000 -1.0000 -1.0000 -1.0000 1.9689 1.5839 4.5766 57.9123 -1.3180 0.3908 -3.1123 0.7063
Car 0.0000 0 0.0000 -1.0000 -1.0000 -1.0000 -1.0000 1.8916 1.4526 4.5047 -23.6798 3.2403 0.8015 -0.0093 0.7004
Car 0.0000 0 0.0000 -1.0000 -1.0000 -1.0000 -1.0000 1.9507 1.5984 4.6649 -47.0052 3.2696 1.0250 3.1090 0.5133
Car 0.0000 0 0.0000 -1.0000 -1.0000 -1.0000 -1.0000 1.8430 1.5071 4.4283 -17.7193 -8.2085 0.8755 -0.0026 0.4928
Car 0.0000 0 0.0000 -1.0000 -1.0000 -1.0000 -1.0000 1.9236 1.5981 4.5829 -41.4377 -1.7178 1.0969 1.8428 0.4874
Car 0.0000 0 0.0000 -1.0000 -1.0000 -1.0000 -1.0000 1.9769 1.6201 4.7236 -73.6507 3.0609 0.9505 -0.0624 0.4574
Car 0.0000 0 0.0000 -1.0000 -1.0000 -1.0000 -1.0000 1.9131 1.4626 4.4996 -9.6650 5.7176 0.6194 -0.0577 0.4523
Car 0.0000 0 0.0000 -1.0000 -1.0000 -1.0000 -1.0000 1.9642 1.6387 4.6080 -48.5251 0.0576 1.0557 0.0246 0.4285
Car 0.0000 0 0.0000 -1.0000 -1.0000 -1.0000 -1.0000 1.9208 1.5257 4.5327 -22.9227 -8.4296 0.9719 -3.1101 0.3988
Car 0.0000 0 0.0000 -1.0000 -1.0000 -1.0000 -1.0000 1.9322 1.5144 4.4953 57.1593 1.6575 0.3391 0.0008 0.3741
Truck 0.0000 0 0.0000 -1.0000 -1.0000 -1.0000 -1.0000 2.9627 3.6277 11.3149 -35.1127 4.0881 2.0007 3.1145 0.5890
Cyclist 0.0000 0 0.0000 -1.0000 -1.0000 -1.0000 -1.0000 0.7858 1.5280 1.7673 -8.3577 -5.9584 0.8426 3.0940 0.6864
Cyclist 0.0000 0 0.0000 -1.0000 -1.0000 -1.0000 -1.0000 0.7277 1.5085 1.7090 6.7158 10.5189 0.3482 -0.0299 0.6023
Cyclist 0.0000 0 0.0000 -1.0000 -1.0000 -1.0000 -1.0000 0.8105 1.5937 1.7718 20.5693 -7.7720 0.7736 -0.0152 0.5052
Cyclist 0.0000 0 0.0000 -1.0000 -1.0000 -1.0000 -1.0000 0.7462 1.5754 1.7095 42.2891 9.7282 0.1650 3.1041 0.4894
Cyclist 0.0000 0 0.0000 -1.0000 -1.0000 -1.0000 -1.0000 0.7091 1.5163 1.6542 -25.8478 -6.0241 0.9427 -3.0874 0.4762
Cyclist 0.0000 0 0.0000 -1.0000 -1.0000 -1.0000 -1.0000 0.7518 1.5402 1.7103 36.4915 -8.3954 0.6680 0.0494 0.4664
Cyclist 0.0000 0 0.0000 -1.0000 -1.0000 -1.0000 -1.0000 0.7124 1.4626 1.6937 -46.8267 -7.4700 0.9617 0.0029 0.4352
Cyclist 0.0000 0 0.0000 -1.0000 -1.0000 -1.0000 -1.0000 0.7190 1.5151 1.6916 23.5177 11.6082 0.1733 3.1366 0.4277
Cyclist 0.0000 0 0.0000 -1.0000 -1.0000 -1.0000 -1.0000 0.7494 1.4477 1.7464 34.8300 14.3837 -0.0259 3.1376 0.3913
Cyclist 0.0000 0 0.0000 -1.0000 -1.0000 -1.0000 -1.0000 0.6708 1.2098 1.7153 11.8514 -10.8859 0.8351 1.4678 0.3702
Cyclist 0.0000 0 0.0000 -1.0000 -1.0000 -1.0000 -1.0000 0.8213 1.5832 1.8097 -37.9727 -4.7149 1.1091 -1.9855 0.3702
Cyclist 0.0000 0 0.0000 -1.0000 -1.0000 -1.0000 -1.0000 0.7235 1.3992 1.7688 3.0576 14.7978 0.2441 1.6037 0.3469
Cyclist 0.0000 0 0.0000 -1.0000 -1.0000 -1.0000 -1.0000 0.7222 1.3055 1.7571 -14.0063 -10.7811 0.9563 1.5047 0.3458
Cyclist 0.0000 0 0.0000 -1.0000 -1.0000 -1.0000 -1.0000 0.7366 1.4096 1.7260 -27.4663 15.1613 0.4765 -1.0015 0.3456
Cyclist 0.0000 0 0.0000 -1.0000 -1.0000 -1.0000 -1.0000 0.7910 1.5709 1.7597 -4.6363 -4.7347 0.8708 3.0727 0.3357
Cyclist 0.0000 0 0.0000 -1.0000 -1.0000 -1.0000 -1.0000 0.7000 1.2785 1.7252 6.0833 -10.6406 0.8696 -1.5049 0.3282
Cyclist 0.0000 0 0.0000 -1.0000 -1.0000 -1.0000 -1.0000 0.7028 1.3700 1.6970 -11.0511 16.6454 0.3838 -0.9544 0.3175
Cyclist 0.0000 0 0.0000 -1.0000 -1.0000 -1.0000 -1.0000 0.7396 1.5342 1.7150 39.9099 -7.4361 0.6088 -3.0646 0.3086
Pedestrian 0.0000 0 0.0000 -1.0000 -1.0000 -1.0000 -1.0000 0.6766 1.6575 0.6141 -22.1373 8.8197 0.7358 3.0647 0.5745
Pedestrian 0.0000 0 0.0000 -1.0000 -1.0000 -1.0000 -1.0000 0.6658 1.6528 0.5705 -19.7356 8.5934 0.7529 2.9281 0.5176
Pedestrian 0.0000 0 0.0000 -1.0000 -1.0000 -1.0000 -1.0000 0.6711 1.6469 0.5949 16.2070 -12.1270 1.1028 -2.6114 0.4834
Pedestrian 0.0000 0 0.0000 -1.0000 -1.0000 -1.0000 -1.0000 0.6811 1.6290 0.6237 32.8674 16.5092 0.0684 0.0203 0.4667
Pedestrian 0.0000 0 0.0000 -1.0000 -1.0000 -1.0000 -1.0000 0.6825 1.6240 0.6151 -10.0922 -8.9926 0.9926 3.0941 0.3848
Pedestrian 0.0000 0 0.0000 -1.0000 -1.0000 -1.0000 -1.0000 0.6482 1.5556 0.5588 -12.2998 8.8696 0.7516 -1.6286 0.3600
Pedestrian 0.0000 0 0.0000 -1.0000 -1.0000 -1.0000 -1.0000 0.6649 1.5939 0.5900 -8.7535 8.9287 0.7055 1.3743 0.3587
Pedestrian 0.0000 0 0.0000 -1.0000 -1.0000 -1.0000 -1.0000 0.6817 1.6251 0.6400 6.4901 16.4296 0.3577 -1.2679 0.3551
Pedestrian 0.0000 0 0.0000 -1.0000 -1.0000 -1.0000 -1.0000 0.6945 1.7019 0.6344 -1.2645 14.7517 0.5511 -1.9080 0.3290
