Car 0.0000 0 0.0000 -1.0000 -1.0000 -1.0000 -1.0000 1.9937 1.4493 4.5735 -10.3934 -4.5563 0.7707 -3.1372 0.8592
Car 0.0000 0 0.0000 -1.0000 -1.0000 -1.0000 -1.0000 1.9898 1.5359 4.6157 -16.0193 -4.4054 0.7839 0.0041 0.8274
Car 0.0000 0 0.0000 -1.0000 -1.0000 -1.0000 -1.0000 1.9557 1.4327 4.5258 -4.4979 -4.5507 0.7567 3.1360 0.8009
Car 0.0000 0 0.0000 -1.0000 -1.0000 -1.0000 -1.0000 2.1078 1.7540 4.8268 1.4087 -4.6307 0.9476 -3.1217 0.7790
Car 0.0000 0 0.0000 -1.0000 -1.0000 -1.0000 -1.0000 1.8893 1.4385 4.4523 -27.3344 7.0561 0.4739 -3.1371 0.7784
Car 0.0000 0 0.0000 -1.0000 -1.0000 -1.0000 -1.0000 1.9784 1.5602 4.5794 -22.2430 -4.5578 0.7781 -3.1104 0.7646
Car 0.0000 0 0.0000 -1.0000 -1.0000 -1.0000 -1.0000 1.9048 1.4708 4.4373 -14.6002 7.1706 0.5160 -3.1167 0.7484
Car 0.0000 0 0.0000 -1.0000 -1.0000 -1.0000 -1.0000 1.8916 1.4211 4.4537 -27.7974 -4.5905 0.6807 0.0015 0.7254
Car 0.0000 0 0.0000 -1.0000 -1.0000 -1.0000 -1.0000 1.9237 1.4272 4.5129 1.5534 7.1571 0.5533 -0.0117 0.7048
Car 0.0000 0 0.0000 -1.0000 -1.0000 -1.0000 -1.0000 1.8839 1.4393 4.4855 -34.8074 -4.5676 0.6582 -3.1213 0.7002
Car 0.0000 0 0.0000 -1.0000 -1.0000 -1.0000 -1.0000 1.8412 1.4328 4.3569 -9.3709 7.0465 0.5218 0.0122 0.6749
Car 0.0000 0 0.0000 -1.0000 -1.0000 -1.0000 -1.0000 1.9857 1.4649 4.6358 -21.6509 3.1736 0.5898 -3.1262 0.6689
Car 0.0000 0 0.0000 -1.0000 -1.0000 -1.0000 -1.0000 1.8753 1.4199 4.4396 -3.9291 6.9861 0.5065 -0.0134 0.6665
Car 0.0000 0 0.0000 -1.0000 -1.0000 -1.0000 -1.0000 1.9535 1.7224 4.5353 -50.3359 7.0786 0.6096 -3.1283 0.6334
Car 0.0000 0 0.0000 -1.0000 -1.0000 -1.0000 -1.0000 1.8875 1.4740 4.4899 -40.4563 -4.3638 0.6093 3.1240 0.6315
Car 0.0000 0 0.0000 -1.0000 -1.0000 -1.0000 -1.0000 1.8572 1.4292 4.4519 -32.9807 7.3154 0.4043 -0.0414 0.6110
Car 0.0000 0 0.0000 -1.0000 -1.0000 -1.0000 -1.0000 2.0344 1.6814 4.7133 32.2316 0.9719 0.5946 2.8518 0.6100
Car 0.0000 0 0.0000 -1.0000 -1.0000 -1.0000 -1.0000 1.8734 1.5209 4.4471 -46.9586 -4.7121 0.6124 -3.1258 0.5980
Car 0.0000 0 0.0000 -1.0000 -1.0000 -1.0000 -1.0000 1.9203 1.4638 4.5196 45.3160 11.2385 -0.0375 -2.0713 0.5617
Car 0.0000 0 0.0000 -1.0000 -1.0000 -1.0000 -1.0000 1.8946 1.4808 4.5471 37.6282 -11.8584 0.4593 -1.3253 0.5531
Car 0.0000 0 0.0000 -1.0000 -1.0000 -1.0000 -1.0000 1.9276 1.6366 4.6894 -52.2381 -4.3478 0.6962 -0.0076 0.4738
Car 0.0000 0 0.0000 -1.0000 -1.0000 -1.0000 -1.0000 1.9137 1.6624 4.5690 58.2439 10.3098 -0.1658 -1.3795 0.3792
Car 0.0000 0 0.0000 -1.0000 -1.0000 -1.0000 -1.0000 1.9539 1.4118 4.4620 20.3645 -0.0653 0.6484 3.1283 0.3718
Car 0.0000 0 0.0000 -1.0000 -1.0000 -1.0000 -1.0000 1.9023 1.5672 4.6241 58.1242 -4.2527 0.2077 1.4939 0.3281
Car 0.0000 0 0.0000 -1.0000 -1.0000 -1.0000 -1.0000 1.8865 1.7089 4.4703 -37.9673 7.5523 0.5824 -3.1183 0.3204
Cyclist 0.0000 0 0.0000 -1.0000 -1.0000 -1.0000 -1.0000 0.7182 1.5040 1.7006 20.3540 -3.1594 0.7518 -3.0838 0.4545
Cyclist 0.0000 0 0.0000 -1.0000 -1.0000 -1.0000 -1.0000 0.7620 1.5107 1.7563 23.9986 -2.8613 0.7317 -0.0215 0.4409
Cyclist 0.0000 0 0.0000 -1.0000 -1.0000 -1.0000 -1.0000 0.7429 1.4719 1.7715 53.7704 10.4429 -0.2194 -1.4299 0.4152
