Car 0.0000 0 0.0000 -1.0000 -1.0000 -1.0000 -1.0000 2.0095 1.4413 4.5930 -25.4929 -3.0279 0.7009 3.1406 0.7997
Car 0.0000 0 0.0000 -1.0000 -1.0000 -1.0000 -1.0000 1.9140 1.4619 4.3680 18.6523 -3.5306 0.7976 -3.1033 0.7459
Car 0.0000 0 0.0000 -1.0000 -1.0000 -1.0000 -1.0000 1.9769 1.5017 4.5736 -32.9218 10.0122 0.4676 0.0473 0.7408
Car 0.0000 0 0.0000 -1.0000 -1.0000 -1.0000 -1.0000 1.9220 1.4483 4.4429 50.1747 6.4602 0.7228 0.0077 0.7023
Car 0.0000 0 0.0000 -1.0000 -1.0000 -1.0000 -1.0000 2.0703 1.6609 4.7186 -30.1375 -7.8008 0.7681 -0.0215 0.6584
Car 0.0000 0 0.0000 -1.0000 -1.0000 -1.0000 -1.0000 1.9372 1.4997 4.5080 -35.8659 6.1710 0.5092 -3.0934 0.6560
Car 0.0000 0 0.0000 -1.0000 -1.0000 -1.0000 -1.0000 1.9447 1.6095 4.6327 69.2987 6.2148 0.7668 0.0014 0.6086
Car 0.0000 0 0.0000 -1.0000 -1.0000 -1.0000 -1.0000 2.0224 1.5884 4.5877 13.5913 6.1462 0.7161 -3.1255 0.5822
Car 0.0000 0 0.0000 -1.0000 -1.0000 -1.0000 -1.0000 2.0393 1.5013 4.6044 -7.0448 -3.9524 0.7334 -3.1089 0.5691
Car 0.0000 0 0.0000 -1.0000 -1.0000 -1.0000 -1.0000 1.8830 1.9032 4.3606 62.4751 -0.6401 1.1405 3.1304 0.5612
Car 0.0000 0 0.0000 -1.0000 -1.0000 -1.0000 -1.0000 1.9990 1.6196 4.7223 -68.9426 14.4897 0.4078 -0.0169 0.4268
Car 0.0000 0 0.0000 -1.0000 -1.0000 -1.0000 -1.0000 1.9397 1.5164 4.4891 39.9589 13.3262 0.5009 0.0012 0.3337
Car 0.0000 0 0.0000 -1.0000 -1.0000 -1.0000 -1.0000 1.9964 1.5473 4.7507 -71.4405 0.3213 0.5781 -0.1324 0.3042
Truck 0.0000 0 0.0000 -1.0000 -1.0000 -1.0000 -1.0000 2.6421 2.8473 7.1352 68.6206 9.8604 1.3299 -0.0214 0.5082
