Car 0.0000 0 0.0000 -1.0000 -1.0000 -1.0000 -1.0000 1.9229 1.4332 4.4522 23.6797 6.8092 0.9030 3.1348 0.8079
Car 0.0000 0 0.0000 -1.0000 -1.0000 -1.0000 -1.0000 2.0124 1.5118 4.5608 17.8028 3.1841 0.9505 0.0226 0.7672
Car 0.0000 0 0.0000 -1.0000 -1.0000 -1.0000 -1.0000 1.9356 1.4249 4.4844 2.3994 3.3223 0.7712 3.1272 0.7617
Car 0.0000 0 0.0000 -1.0000 -1.0000 -1.0000 -1.0000 2.0124 1.5261 4.5888 -40.5511 2.5260 0.5607 -0.0466 0.7335
Car 0.0000 0 0.0000 -1.0000 -1.0000 -1.0000 -1.0000 2.0288 1.6984 4.7052 -6.9406 3.2894 0.8517 0.0210 0.7253
Car 0.0000 0 0.0000 -1.0000 -1.0000 -1.0000 -1.0000 1.9487 1.4637 4.5033 15.1078 6.9221 0.8617 3.1044 0.6816
Car 0.0000 0 0.0000 -1.0000 -1.0000 -1.0000 -1.0000 2.3516 2.3627 5.3859 -52.6060 4.7517 0.9869 -0.0321 0.6095
Car 0.0000 0 0.0000 -1.0000 -1.0000 -1.0000 -1.0000 1.9983 1.6871 4.6009 2.0594 6.5855 0.8547 -0.0129 0.5564
Car 0.0000 0 0.0000 -1.0000 -1.0000 -1.0000 -1.0000 1.9911 1.4573 4.6826 -16.5490 0.0441 0.6317 -3.1322 0.5345
Car 0.0000 0 0.0000 -1.0000 -1.0000 -1.0000 -1.0000 1.8529 1.9194 4.3078 31.0111 2.3184 1.2421 3.1329 0.5213
Car 0.0000 0 0.0000 -1.0000 -1.0000 -1.0000 -1.0000 1.8554 1.7036 4.3338 37.5145 6.6956 1.2259 -3.1119 0.4240
Car 0.0000 0 0.0000 -1.0000 -1.0000 -1.0000 -1.0000 1.9409 1.4790 4.5562 -32.0888 0.4478 0.5991 -3.1212 0.4039
Car 0.0000 0 0.0000 -1.0000 -1.0000 -1.0000 -1.0000 1.9249 1.7627 4.5225 -51.1338 1.1575 0.7130 -3.1406 0.3828
Truck 0.0000 0 0.0000 -1.0000 -1.0000 -1.0000 -1.0000 2.8620 2.8908 9.5951 -17.9164 3.6302 1.4092 -3.1224 0.5893
Truck 0.0000 0 0.0000 -1.0000 -1.0000 -1.0000 -1.0000 2.8403 3.3569 11.0437 18.6807 -0.4408 1.8782 0.0382 0.4955
Truck 0.0000 0 0.0000 -1.0000 -1.0000 -1.0000 -1.0000 2.4220 2.7514 6.0041 -8.6160 7.3804 1.4585 0.0253 0.4470
Cyclist 0.0000 0 0.0000 -1.0000 -1.0000 -1.0000 -1.0000 0.7585 1.5107 1.7248 14.5097 -4.1008 0.9268 0.0532 0.5684
Cyclist 0.0000 0 0.0000 -1.0000 -1.0000 -1.0000 -1.0000 0.7386 1.5467 1.6849 24.3029 -3.5338 1.0453 0.0281 0.4663
