Car 0.0000 0 0.0000 -1.0000 -1.0000 -1.0000 -1.0000 1.9806 1.4495 4.5108 -9.9056 0.3118 0.7888 3.1359 0.7421
Car 0.0000 0 0.0000 -1.0000 -1.0000 -1.0000 -1.0000 2.0084 1.9463 4.6290 -0.1554 3.3584 1.0225 3.1133 0.6170
Car 0.0000 0 0.0000 -1.0000 -1.0000 -1.0000 -1.0000 1.9994 1.5156 4.6659 53.8026 16.3343 0.1587 -0.0060 0.5511
Car 0.0000 0 0.0000 -1.0000 -1.0000 -1.0000 -1.0000 1.8600 1.4994 4.4773 -4.5271 -12.2944 0.9052 1.5466 0.4652
Car 0.0000 0 0.0000 -1.0000 -1.0000 -1.0000 -1.0000 1.8793 1.5133 4.4437 35.3194 14.9449 0.2973 -1.7513 0.4414
Car 0.0000 0 0.0000 -1.0000 -1.0000 -1.0000 -1.0000 1.9274 1.5226 4.5552 -8.6657 -11.7976 0.8857 1.5740 0.4396
Car 0.0000 0 0.0000 -1.0000 -1.0000 -1.0000 -1.0000 1.9779 1.4809 4.6588 53.6187 14.1703 0.1366 3.0534 0.4294
Car 0.0000 0 0.0000 -1.0000 -1.0000 -1.0000 -1.0000 1.8801 1.4984 4.5050 -6.4721 -12.0089 0.8587 1.6302 0.3704
Car 0.0000 0 0.0000 -1.0000 -1.0000 -1.0000 -1.0000 1.8864 1.5440 4.5052 -11.6554 -12.1118 0.9305 -1.4841 0.3653
Car 0.0000 0 0.0000 -1.0000 -1.0000 -1.0000 -1.0000 1.9089 1.5906 4.5378 -7.0992 -16.5806 1.0312 -1.5194 0.3490
Car 0.0000 0 0.0000 -1.0000 -1.0000 -1.0000 -1.0000 1.8989 1.5191 4.5737 -1.3540 -12.7489 0.9587 -1.7127 0.3441
Car 0.0000 0 0.0000 -1.0000 -1.0000 -1.0000 -1.0000 1.9094 1.6446 4.5358 -10.9048 -16.6520 1.0852 -1.5196 0.3154
Car 0.0000 0 0.0000 -1.0000 -1.0000 -1.0000 -1.0000 1.8743 1.8042 4.4943 -21.5314 17.4504 0.8919 -3.1367 0.3083
Truck 0.0000 0 0.0000 -1.0000 -1.0000 -1.0000 -1.0000 2.2213 2.2130 5.8522 33.7347 -12.1809 0.8790 -2.1690 0.5968
Truck 0.0000 0 0.0000 -1.0000 -1.0000 -1.0000 -1.0000 2.0565 2.0891 5.2437 -24.0865 -0.1967 1.2217 -0.0190 0.3011
Tricar 0.0000 0 0.0000 -1.0000 -1.0000 -1.0000 -1.0000 1.3271 1.6796 3.3975 -6.7283 -6.8038 0.9569 3.1043 0.5648
Tricar 0.0000 0 0.0000 -1.0000 -1.0000 -1.0000 -1.0000 1.1493 1.4239 2.7377 15.9496 -11.4070 0.5419 -0.6887 0.3881
Tricar 0.0000 0 0.0000 -1.0000 -1.0000 -1.0000 -1.0000 1.8110 2.1117 4.0358 -23.7316 -0.3179 1.1806 -0.0515 0.3633
Cyclist 0.0000 0 0.0000 -1.0000 -1.0000 -1.0000 -1.0000 0.7463 1.5632 1.7261 40.9785 22.0162 -0.0299 -2.9640 0.6181
Cyclist 0.0000 0 0.0000 -1.0000 -1.0000 -1.0000 -1.0000 0.7445 1.5093 1.7246 14.4504 -6.8981 0.5643 0.1586 0.5683
Cyclist 0.0000 0 0.0000 -1.0000 -1.0000 -1.0000 -1.0000 0.7238 1.5216 1.7311 37.0758 12.8775 0.3449 -1.9839 0.3456
Cyclist 0.0000 0 0.0000 -1.0000 -1.0000 -1.0000 -1.0000 0.7436 1.5354 1.7285 43.7952 25.1527 -0.1732 0.1287 0.3282
