Car 0.0000 0 0.0000 -1.0000 -1.0000 -1.0000 -1.0000 1.9868 1.4436 4.6004 -12.3055 -4.0495 0.6681 -0.0064 0.7485
Car 0.0000 0 0.0000 -1.0000 -1.0000 -1.0000 -1.0000 1.9888 1.5537 4.6499 27.3189 -2.8634 1.1666 0.4013 0.7199
Car 0.0000 0 0.0000 -1.0000 -1.0000 -1.0000 -1.0000 2.0304 1.5620 4.5488 34.2298 -0.6396 1.2867 -0.0472 0.6865
Car 0.0000 0 0.0000 -1.0000 -1.0000 -1.0000 -1.0000 1.8593 1.4897 4.4253 -12.1508 -27.9093 1.3152 0.2850 0.6607
Car 0.0000 0 0.0000 -1.0000 -1.0000 -1.0000 -1.0000 1.9312 1.5018 4.5045 44.6247 12.5549 1.0931 3.1347 0.6566
Car 0.0000 0 0.0000 -1.0000 -1.0000 -1.0000 -1.0000 1.9216 1.4574 4.5061 19.9624 -2.8520 0.9683 1.0113 0.6414
Car 0.0000 0 0.0000 -1.0000 -1.0000 -1.0000 -1.0000 1.8933 1.4377 4.5002 8.5464 -11.9708 0.8127 -1.5343 0.6332
Car 0.0000 0 0.0000 -1.0000 -1.0000 -1.0000 -1.0000 1.9549 1.6133 4.5836 -1.6199 -15.3953 1.0188 -1.8944 0.5543
Car 0.0000 0 0.0000 -1.0000 -1.0000 -1.0000 -1.0000 2.0513 1.5535 4.7435 -28.7667 0.0940 0.6474 -0.0183 0.5258
Car 0.0000 0 0.0000 -1.0000 -1.0000 -1.0000 -1.0000 1.9639 1.5019 4.5985 -44.6234 -0.2980 0.4428 3.1340 0.4055
Car 0.0000 0 0.0000 -1.0000 -1.0000 -1.0000 -1.0000 1.9174 1.5086 4.6604 5.0894 31.0599 0.3467 1.6436 0.3079
Car 0.0000 0 0.0000 -1.0000 -1.0000 -1.0000 -1.0000 1.9069 1.6067 4.5919 11.7431 31.5315 0.5269 -1.3613 0.3068
Car 0.0000 0 0.0000 -1.0000 -1.0000 -1.0000 -1.0000 1.8290 1.6623 4.1501 13.0305 3.1364 0.9971 1.9358 0.3040
Car 0.0000 0 0.0000 -1.0000 -1.0000 -1.0000 -1.0000 1.8924 1.5306 4.6260 -12.8084 -17.4488 1.1819 -1.3638 0.3018
Tricar 0.0000 0 0.0000 -1.0000 -1.0000 -1.0000 -1.0000 1.2965 1.7030 3.3155 22.3276 15.9790 0.8230 0.9669 0.6041
Tricar 0.0000 0 0.0000 -1.0000 -1.0000 -1.0000 -1.0000 1.2798 1.8430 2.8273 8.3357 -20.3774 1.1148 -0.4957 0.4423
Tricar 0.0000 0 0.0000 -1.0000 -1.0000 -1.0000 -1.0000 1.3110 1.6766 3.2551 12.9823 3.2143 0.9988 1.8209 0.4321
Tricar 0.0000 0 0.0000 -1.0000 -1.0000 -1.0000 -1.0000 1.1932 1.5164 2.8751 6.4561 -23.7586 1.0714 -2.9813 0.3259
Cyclist 0.0000 0 0.0000 -1.0000 -1.0000 -1.0000 -1.0000 0.8095 1.5355 1.8071 -6.2481 -23.2720 1.3258 0.3304 0.6394
Cyclist 0.0000 0 0.0000 -1.0000 -1.0000 -1.0000 -1.0000 0.7158 1.5090 1.6849 18.1991 -9.0392 0.8573 3.1130 0.5522
Cyclist 0.0000 0 0.0000 -1.0000 -1.0000 -1.0000 -1.0000 0.7504 1.4823 1.7343 9.0698 -16.7700 0.7966 2.5823 0.4760
Cyclist 0.0000 0 0.0000 -1.0000 -1.0000 -1.0000 -1.0000 0.7636 1.5519 1.7352 13.8623 -15.6304 0.8891 -2.3554 0.4544
Cyclist 0.0000 0 0.0000 -1.0000 -1.0000 -1.0000 -1.0000 0.7954 1.4452 1.7929 -16.1815 -30.8215 1.2539 0.1976 0.4146
Cyclist 0.0000 0 0.0000 -1.0000 -1.0000 -1.0000 -1.0000 0.7057 1.4920 1.6480 23.5551 -9.5132 0.9142 3.0405 0.3849
Cyclist 0.0000 0 0.0000 -1.0000 -1.0000 -1.0000 -1.0000 0.7205 1.5190 1.6812 25.1703 -11.7376 0.9895 0.0661 0.3652
Cyclist 0.0000 0 0.0000 -1.0000 -1.0000 -1.0000 -1.0000 0.7361 1.5071 1.6943 25.3421 -10.4292 0.9787 -0.0125 0.3572
Cyclist 0.0000 0 0.0000 -1.0000 -1.0000 -1.0000 -1.0000 0.7466 1.5466 1.6902 19.4455 -13.2165 0.9407 0.6684 0.3567
Cyclist 0.0000 0 0.0000 -1.0000 -1.0000 -1.0000 -1.0000 0.7245 1.3173 1.7172 18.0710 -14.9837 0.8169 -2.2474 0.3562
Cyclist 0.0000 0 0.0000 -1.0000 -1.0000 -1.0000 -1.0000 0.7273 1.5041 1.6950 19.3703 -16.2783 0.9550 1.0547 0.3465
Pedestrian 0.0000 0 0.0000 -1.0000 -1.0000 -1.0000 -1.0000 0.6732 1.6293 0.5936 12.2008 -21.7264 0.9954 2.3994 0.4771
