Car 0.0000 0 0.0000 -1.0000 -1.0000 -1.0000 -1.0000 2.1338 1.9038 4.8448 -18.6005 -0.5836 0.9759 -3.1084 0.7206
Car 0.0000 0 0.0000 -1.0000 -1.0000 -1.0000 -1.0000 2.0117 1.4648 4.5836 26.1406 -0.4188 0.8834 -0.0071 0.6871
Car 0.0000 0 0.0000 -1.0000 -1.0000 -1.0000 -1.0000 1.8164 1.4261 4.3590 14.3318 -9.0508 0.6802 0.0117 0.6534
Car 0.0000 0 0.0000 -1.0000 -1.0000 -1.0000 -1.0000 1.9339 1.5484 4.4674 5.8643 -8.9787 0.7932 -3.1111 0.5886
Car 0.0000 0 0.0000 -1.0000 -1.0000 -1.0000 -1.0000 1.9171 1.4576 4.6078 -63.7198 5.9762 0.5682 -0.0201 0.5809
Car 0.0000 0 0.0000 -1.0000 -1.0000 -1.0000 -1.0000 1.9736 1.5369 4.5998 -40.9933 -7.5109 0.6980 -3.1375 0.5708
Car 0.0000 0 0.0000 -1.0000 -1.0000 -1.0000 -1.0000 1.8597 1.3919 4.3725 -23.4292 -7.3170 0.6807 -3.1252 0.5540
Car 0.0000 0 0.0000 -1.0000 -1.0000 -1.0000 -1.0000 1.8705 1.4850 4.4827 20.1103 -9.3250 0.7554 -3.1410 0.5414
Car 0.0000 0 0.0000 -1.0000 -1.0000 -1.0000 -1.0000 1.8913 1.4707 4.5033 25.7018 -9.7891 0.8131 -0.1100 0.5006
Car 0.0000 0 0.0000 -1.0000 -1.0000 -1.0000 -1.0000 1.8393 1.4095 4.4103 -34.0104 -7.3820 0.6328 0.0059 0.5002
Car 0.0000 0 0.0000 -1.0000 -1.0000 -1.0000 -1.0000 1.8747 1.5579 4.4925 39.3355 11.6759 0.7197 3.1391 0.4945
Car 0.0000 0 0.0000 -1.0000 -1.0000 -1.0000 -1.0000 1.8995 1.5161 4.5000 22.8333 12.1319 0.6382 -3.1411 0.4938
Car 0.0000 0 0.0000 -1.0000 -1.0000 -1.0000 -1.0000 1.9762 1.4244 4.6204 -32.2121 4.3654 0.5844 -3.1384 0.4746
Car 0.0000 0 0.0000 -1.0000 -1.0000 -1.0000 -1.0000 1.9123 1.6418 4.5674 -18.4255 12.3826 0.5943 -3.0755 0.4721
Car 0.0000 0 0.0000 -1.0000 -1.0000 -1.0000 -1.0000 1.9031 1.4922 4.5253 27.8881 12.0143 0.5884 3.1036 0.4064
Car 0.0000 0 0.0000 -1.0000 -1.0000 -1.0000 -1.0000 1.8933 1.4482 4.5239 -7.4355 -14.3296 0.7046 -1.4432 0.4021
Car 0.0000 0 0.0000 -1.0000 -1.0000 -1.0000 -1.0000 1.9036 1.4573 4.5357 -28.3446 -7.7861 0.7724 -3.1112 0.4003
Car 0.0000 0 0.0000 -1.0000 -1.0000 -1.0000 -1.0000 1.9079 1.7018 4.5533 -3.5316 -33.1381 0.3628 1.6232 0.3026
Cyclist 0.0000 0 0.0000 -1.0000 -1.0000 -1.0000 -1.0000 0.7662 1.5721 1.7349 -48.9169 -5.6398 0.7010 -2.8003 0.5794
Cyclist 0.0000 0 0.0000 -1.0000 -1.0000 -1.0000 -1.0000 0.7665 1.4805 1.7603 -32.8560 -4.6873 0.7031 3.1084 0.5788
Cyclist 0.0000 0 0.0000 -1.0000 -1.0000 -1.0000 -1.0000 0.7464 1.5717 1.6835 27.3219 9.8182 0.6594 3.1034 0.4966
Cyclist 0.0000 0 0.0000 -1.0000 -1.0000 -1.0000 -1.0000 0.7837 1.4569 1.8388 -18.9879 -5.2647 0.6970 -0.0067 0.4899
Cyclist 0.0000 0 0.0000 -1.0000 -1.0000 -1.0000 -1.0000 0.6921 1.4816 1.6872 -6.5031 10.8891 0.5221 3.1161 0.4670
Cyclist 0.0000 0 0.0000 -1.0000 -1.0000 -1.0000 -1.0000 0.7504 1.5396 1.7261 35.0673 8.1398 0.7327 3.1296 0.4589
Cyclist 0.0000 0 0.0000 -1.0000 -1.0000 -1.0000 -1.0000 0.6855 1.2632 1.7280 -30.9476 14.8732 0.4715 -1.4840 0.4200
Cyclist 0.0000 0 0.0000 -1.0000 -1.0000 -1.0000 -1.0000 0.7042 1.4249 1.7452 12.2422 23.9985 0.3926 -1.4889 0.3902
Cyclist 0.0000 0 0.0000 -1.0000 -1.0000 -1.0000 -1.0000 0.6606 1.2143 1.6986 -13.7530 -10.2766 0.7579 1.7131 0.3662
Cyclist 0.0000 0 0.0000 -1.0000 -1.0000 -1.0000 -1.0000 0.7374 1.2489 1.7688 -13.9367 14.4817 0.5704 -1.4855 0.3395
Cyclist 0.0000 0 0.0000 -1.0000 -1.0000 -1.0000 -1.0000 0.7425 1.3577 1.7303 5.0954 12.7557 0.5025 -2.7156 0.3210
Pedestrian 0.0000 0 0.0000 -1.0000 -1.0000 -1.0000 -1.0000 0.6716 1.6419 0.6005 4.9593 16.5154 0.7106 0.2148 0.6494
Pedestrian 0.0000 0 0.0000 -1.0000 -1.0000 -1.0000 -1.0000 0.6832 1.6797 0.6263 -9.0651 -10.4262 0.8753 3.0948 0.5641
Pedestrian 0.0000 0 0.0000 -1.0000 -1.0000 -1.0000 -1.0000 0.6795 1.6335 0.6063 -25.9179 -10.1849 0.9497 -3.0784 0.3789
Pedestrian 0.0000 0 0.0000 -1.0000 -1.0000 -1.0000 -1.0000 0.7103 1.7265 0.6249 -40.4885 16.4159 0.7629 3.1092 0.3573
Pedestrian 0.0000 0 0.0000 -1.0000 -1.0000 -1.0000 -1.0000 0.7025 1.6559 0.6471 -57.6407 15.7457 0.6341 -0.0321 0.3470
