Car 0.0000 0 0.0000 -1.0000 -1.0000 -1.0000 -1.0000 1.9807 1.4849 4.5544 -40.9454 -3.0627 0.5879 -0.0378 0.7995
Car 0.0000 0 0.0000 -1.0000 -1.0000 -1.0000 -1.0000 1.9259 1.4069 4.4305 -22.3421 16.1792 0.6837 -3.0767 0.7956
Car 0.0000 0 0.0000 -1.0000 -1.0000 -1.0000 -1.0000 2.0361 1.7467 4.5684 30.7779 12.3260 0.8351 -3.1044 0.7319
Car 0.0000 0 0.0000 -1.0000 -1.0000 -1.0000 -1.0000 2.0320 1.5103 4.6417 15.0443 15.5818 0.6856 -3.1218 0.7140
Car 0.0000 0 0.0000 -1.0000 -1.0000 -1.0000 -1.0000 1.9512 1.4824 4.5515 3.3631 12.2217 0.7008 -3.1310 0.7086
Car 0.0000 0 0.0000 -1.0000 -1.0000 -1.0000 -1.0000 1.9667 1.4851 4.4898 51.9446 16.6568 0.7243 -3.1163 0.6899
Car 0.0000 0 0.0000 -1.0000 -1.0000 -1.0000 -1.0000 2.2037 2.2166 5.0592 46.8522 0.4384 1.1433 0.0149 0.6471
Car 0.0000 0 0.0000 -1.0000 -1.0000 -1.0000 -1.0000 1.8898 1.4839 4.5393 -63.5956 -2.9680 0.4351 -0.0535 0.5886
Car 0.0000 0 0.0000 -1.0000 -1.0000 -1.0000 -1.0000 1.9213 1.4661 4.5169 -42.1786 15.7029 0.5901 -3.1392 0.5712
Car 0.0000 0 0.0000 -1.0000 -1.0000 -1.0000 -1.0000 1.9487 1.4860 4.6364 -63.5861 1.6675 0.4904 -0.1037 0.5475
Car 0.0000 0 0.0000 -1.0000 -1.0000 -1.0000 -1.0000 2.1314 2.1436 4.9949 -56.2410 12.8764 0.9674 -0.0290 0.5238
Car 0.0000 0 0.0000 -1.0000 -1.0000 -1.0000 -1.0000 1.9251 1.8682 4.4280 17.1437 -2.6367 0.9714 0.0049 0.5095
Car 0.0000 0 0.0000 -1.0000 -1.0000 -1.0000 -1.0000 1.9232 1.4781 4.5001 -49.7902 9.1611 0.6291 -0.0177 0.4273
Car 0.0000 0 0.0000 -1.0000 -1.0000 -1.0000 -1.0000 1.9344 1.5098 4.4861 40.9881 9.1519 0.7364 -3.1282 0.3748
Car 0.0000 0 0.0000 -1.0000 -1.0000 -1.0000 -1.0000 1.9359 1.5718 4.6030 -80.5134 -1.6597 0.2794 3.0163 0.3624
Car 0.0000 0 0.0000 -1.0000 -1.0000 -1.0000 -1.0000 1.9782 1.6453 4.7388 63.3616 10.3104 0.7213 0.0526 0.3532
