Car 0.0000 0 0.0000 -1.0000 -1.0000 -1.0000 -1.0000 1.9347 1.4943 4.5873 48.5138 6.2261 1.0443 3.1357 0.6718
Car 0.0000 0 0.0000 -1.0000 -1.0000 -1.0000 -1.0000 1.8930 1.4510 4.4499 -24.1812 3.7320 0.5606 0.0018 0.5328
Car 0.0000 0 0.0000 -1.0000 -1.0000 -1.0000 -1.0000 2.0535 1.5867 4.7808 -13.2176 -0.2640 0.7938 -3.0880 0.4890
Car 0.0000 0 0.0000 -1.0000 -1.0000 -1.0000 -1.0000 1.9326 1.4570 4.5911 38.5933 8.5642 0.8436 -1.5147 0.3752
Car 0.0000 0 0.0000 -1.0000 -1.0000 -1.0000 -1.0000 1.8587 1.5344 4.4409 54.1226 6.4842 1.0575 -2.9886 0.3668
Tricar 0.0000 0 0.0000 -1.0000 -1.0000 -1.0000 -1.0000 1.2854 1.8181 3.1978 4.2139 4.7678 0.8531 -0.1932 0.7220
Tricar 0.0000 0 0.0000 -1.0000 -1.0000 -1.0000 -1.0000 1.3145 1.7972 2.9988 -21.5584 -1.9209 0.8986 -0.0323 0.4578
Cyclist 0.0000 0 0.0000 -1.0000 -1.0000 -1.0000 -1.0000 0.6984 1.5307 1.6394 6.0685 -0.9193 0.8242 0.0341 0.6238
Cyclist 0.0000 0 0.0000 -1.0000 -1.0000 -1.0000 -1.0000 0.7795 1.5658 1.7465 28.4349 -1.7145 1.1312 -3.1255 0.5741
Cyclist 0.0000 0 0.0000 -1.0000 -1.0000 -1.0000 -1.0000 0.7134 1.2005 1.7168 -10.5013 4.7247 0.5135 -2.9366 0.5059
Cyclist 0.0000 0 0.0000 -1.0000 -1.0000 -1.0000 -1.0000 0.7144 1.3220 1.7362 11.0183 5.1766 0.7154 3.0189 0.4383
Cyclist 0.0000 0 0.0000 -1.0000 -1.0000 -1.0000 -1.0000 0.6670 1.1797 1.6981 16.9383 6.5737 0.6649 -1.8979 0.4182
Cyclist 0.0000 0 0.0000 -1.0000 -1.0000 -1.0000 -1.0000 0.7809 1.5587 1.7420 54.0533 0.1735 1.0942 -3.0575 0.4125
Cyclist 0.0000 0 0.0000 -1.0000 -1.0000 -1.0000 -1.0000 0.7050 1.2243 1.7158 15.3878 -2.8439 0.7793 -0.0431 0.4050
Cyclist 0.0000 0 0.0000 -1.0000 -1.0000 -1.0000 -1.0000 0.6664 1.1578 1.6895 4.3453 10.9474 0.6951 1.5024 0.3754
Cyclist 0.0000 0 0.0000 -1.0000 -1.0000 -1.0000 -1.0000 0.6934 1.4475 1.6452 14.1126 -5.2789 0.9003 3.0172 0.3615
Cyclist 0.0000 0 0.0000 -1.0000 -1.0000 -1.0000 -1.0000 0.7845 1.5509 1.7123 54.2420 -2.0589 1.1842 3.1211 0.3512
Cyclist 0.0000 0 0.0000 -1.0000 -1.0000 -1.0000 -1.0000 0.7461 1.2084 1.7824 -1.6190 -6.1528 0.8210 0.3851 0.3440
Cyclist 0.0000 0 0.0000 -1.0000 -1.0000 -1.0000 -1.0000 0.6670 1.1009 1.6680 -2.0615 4.8499 0.5065 0.1387 0.3278
Cyclist 0.0000 0 0.0000 -1.0000 -1.0000 -1.0000 -1.0000 0.6448 1.1779 1.6656 -34.8414 -4.1097 0.4202 0.0641 0.3264
Cyclist 0.0000 0 0.0000 -1.0000 -1.0000 -1.0000 -1.0000 0.6847 1.3647 1.6712 -23.5877 -6.2890 0.7145 -0.2156 0.3253
Cyclist 0.0000 0 0.0000 -1.0000 -1.0000 -1.0000 -1.0000 0.6614 1.2859 1.6861 -15.8776 -6.4711 0.8426 1.6971 0.3168
Cyclist 0.0000 0 0.0000 -1.0000 -1.0000 -1.0000 -1.0000 0.7789 1.5806 1.6694 54.2376 -1.2606 1.1807 -3.1161 0.3124
Cyclist 0.0000 0 0.0000 -1.0000 -1.0000 -1.0000 -1.0000 0.7167 1.4709 1.7300 -29.8907 -2.6842 0.6484 -0.0327 0.3077
Cyclist 0.0000 0 0.0000 -1.0000 -1.0000 -1.0000 -1.0000 0.8354 1.5100 1.8907 -29.1546 1.9427 0.5955 0.0513 0.3077
Cyclist 0.0000 0 0.0000 -1.0000 -1.0000 -1.0000 -1.0000 0.6533 1.1895 1.6603 -4.8200 7.2524 0.6052 -0.1578 0.3053
Cyclist 0.0000 0 0.0000 -1.0000 -1.0000 -1.0000 -1.0000 0.7597 1.5678 1.6934 33.8625 -4.3293 1.0935 -3.0428 0.3014
Pedestrian 0.0000 0 0.0000 -1.0000 -1.0000 -1.0000 -1.0000 0.6812 1.6134 0.5926 -40.6461 -6.4752 0.5899 -2.8945 0.3496
