Car 0.0000 0 0.0000 -1.0000 -1.0000 -1.0000 -1.0000 2.0774 1.5042 4.7043 -10.8022 -4.5337 0.7538 0.0365 0.8663
Car 0.0000 0 0.0000 -1.0000 -1.0000 -1.0000 -1.0000 2.1291 1.6585 4.7620 -29.9116 -4.6054 0.8472 -3.1385 0.8532
Car 0.0000 0 0.0000 -1.0000 -1.0000 -1.0000 -1.0000 2.0577 1.7208 4.6295 25.7164 -4.3257 0.8616 0.0358 0.8251
Car 0.0000 0 0.0000 -1.0000 -1.0000 -1.0000 -1.0000 2.0148 1.4202 4.6106 -33.4462 -0.1869 0.6850 0.0019 0.7129
Car 0.0000 0 0.0000 -1.0000 -1.0000 -1.0000 -1.0000 1.9350 1.4991 4.4469 1.6773 3.3833 0.7609 3.1205 0.6975
Car 0.0000 0 0.0000 -1.0000 -1.0000 -1.0000 -1.0000 1.9857 1.4800 4.5414 43.6938 -4.4605 0.7476 0.0206 0.6648
Car 0.0000 0 0.0000 -1.0000 -1.0000 -1.0000 -1.0000 1.9402 1.5619 4.4008 6.5366 -4.0541 0.7820 3.1389 0.6564
Car 0.0000 0 0.0000 -1.0000 -1.0000 -1.0000 -1.0000 2.0482 1.8489 4.6591 -60.5934 2.4138 0.8912 -3.1140 0.6295
Car 0.0000 0 0.0000 -1.0000 -1.0000 -1.0000 -1.0000 2.0885 1.5928 4.6399 -41.8390 -3.4852 0.7910 -3.1222 0.6108
Car 0.0000 0 0.0000 -1.0000 -1.0000 -1.0000 -1.0000 2.0552 1.6803 4.7072 45.9117 -0.2194 0.8622 -0.0046 0.5566
Car 0.0000 0 0.0000 -1.0000 -1.0000 -1.0000 -1.0000 2.0084 1.4421 4.6102 -28.9830 3.8516 0.7330 0.0011 0.3647
Car 0.0000 0 0.0000 -1.0000 -1.0000 -1.0000 -1.0000 1.9212 1.9741 4.4909 58.3362 -4.1387 0.9140 0.0118 0.3350
Truck 0.0000 0 0.0000 -1.0000 -1.0000 -1.0000 -1.0000 1.9833 2.0094 4.9757 58.5526 -4.2862 0.8599 0.0043 0.3065
