Car 0.0000 0 0.0000 -1.0000 -1.0000 -1.0000 -1.0000 1.9375 1.4714 4.4990 -21.6914 0.3938 0.7680 3.1133 0.7465
Car 0.0000 0 0.0000 -1.0000 -1.0000 -1.0000 -1.0000 1.9382 1.4907 4.4517 -8.9843 5.3804 0.6771 3.1365 0.7308
Car 0.0000 0 0.0000 -1.0000 -1.0000 -1.0000 -1.0000 1.9935 1.4883 4.6266 -56.2988 8.5562 0.7095 -0.0474 0.7099
Car 0.0000 0 0.0000 -1.0000 -1.0000 -1.0000 -1.0000 1.9226 1.4423 4.5226 -2.8340 2.8339 0.6578 3.0828 0.6753
Car 0.0000 0 0.0000 -1.0000 -1.0000 -1.0000 -1.0000 2.0300 1.4759 4.6119 20.1699 0.1449 0.6512 -3.1111 0.6164
Car 0.0000 0 0.0000 -1.0000 -1.0000 -1.0000 -1.0000 1.9581 1.5483 4.5585 6.7793 27.1830 0.5125 1.2568 0.6125
Car 0.0000 0 0.0000 -1.0000 -1.0000 -1.0000 -1.0000 1.9324 1.5138 4.4958 -35.2009 1.3488 0.7173 -0.0117 0.5998
Car 0.0000 0 0.0000 -1.0000 -1.0000 -1.0000 -1.0000 1.9320 1.6097 4.4811 7.9114 10.7066 0.4557 -0.0092 0.5242
Car 0.0000 0 0.0000 -1.0000 -1.0000 -1.0000 -1.0000 1.9247 1.4783 4.5489 -56.7374 3.2954 0.7007 -0.0225 0.5179
Car 0.0000 0 0.0000 -1.0000 -1.0000 -1.0000 -1.0000 1.9764 1.4547 4.6247 -19.3958 3.2776 0.7390 3.0920 0.4886
Car 0.0000 0 0.0000 -1.0000 -1.0000 -1.0000 -1.0000 1.9591 1.5295 4.5827 -27.8812 5.5253 0.7323 -3.1222 0.4803
Car 0.0000 0 0.0000 -1.0000 -1.0000 -1.0000 -1.0000 1.9176 1.7375 4.5678 -1.4198 28.7258 0.5322 -1.5214 0.4676
Car 0.0000 0 0.0000 -1.0000 -1.0000 -1.0000 -1.0000 1.9051 1.5391 4.5706 -4.8405 27.9062 0.4441 -1.5236 0.4204
Car 0.0000 0 0.0000 -1.0000 -1.0000 -1.0000 -1.0000 1.9168 1.5682 4.5918 -14.1503 30.8488 0.3316 -1.7799 0.4159
Truck 0.0000 0 0.0000 -1.0000 -1.0000 -1.0000 -1.0000 2.9362 3.1432 10.9375 -18.3516 10.8909 1.4391 3.1058 0.7437
Truck 0.0000 0 0.0000 -1.0000 -1.0000 -1.0000 -1.0000 2.9901 3.3794 11.4669 -42.9281 -3.6133 1.7775 3.0797 0.5354
Truck 0.0000 0 0.0000 -1.0000 -1.0000 -1.0000 -1.0000 2.9556 3.4080 11.3971 -31.1500 11.8474 1.5448 -0.0941 0.4012
Cyclist 0.0000 0 0.0000 -1.0000 -1.0000 -1.0000 -1.0000 0.8139 1.6186 1.7819 44.6547 7.2454 0.5053 -2.9871 0.6205
Cyclist 0.0000 0 0.0000 -1.0000 -1.0000 -1.0000 -1.0000 0.7555 1.5445 1.7051 -2.6730 -11.8122 0.7792 -3.1352 0.5894
Cyclist 0.0000 0 0.0000 -1.0000 -1.0000 -1.0000 -1.0000 0.7569 1.5307 1.7451 -15.0899 -11.0471 0.8114 3.0917 0.5141
Cyclist 0.0000 0 0.0000 -1.0000 -1.0000 -1.0000 -1.0000 0.7989 1.5603 1.8306 4.6200 6.6543 0.6358 1.5912 0.5017
Cyclist 0.0000 0 0.0000 -1.0000 -1.0000 -1.0000 -1.0000 0.7546 1.5389 1.7303 28.9921 -13.7908 0.7402 2.2370 0.4877
Cyclist 0.0000 0 0.0000 -1.0000 -1.0000 -1.0000 -1.0000 0.7678 1.5379 1.7504 33.7863 -15.6153 0.8341 0.4371 0.4768
Cyclist 0.0000 0 0.0000 -1.0000 -1.0000 -1.0000 -1.0000 0.7237 1.5027 1.7110 35.8746 23.9118 0.2920 -3.1242 0.4074
Cyclist 0.0000 0 0.0000 -1.0000 -1.0000 -1.0000 -1.0000 0.7320 1.4167 1.7243 21.2344 19.5318 0.1933 -1.4648 0.3503
Cyclist 0.0000 0 0.0000 -1.0000 -1.0000 -1.0000 -1.0000 0.7348 1.5499 1.7195 61.4386 20.5372 -0.0050 -3.0279 0.3295
Cyclist 0.0000 0 0.0000 -1.0000 -1.0000 -1.0000 -1.0000 0.7132 1.5396 1.6661 17.9290 26.5941 0.4476 2.9239 0.3222
Cyclist 0.0000 0 0.0000 -1.0000 -1.0000 -1.0000 -1.0000 0.7576 1.4644 1.7468 6.6982 -9.5853 0.7450 1.7697 0.3150
Cyclist 0.0000 0 0.0000 -1.0000 -1.0000 -1.0000 -1.0000 0.7771 1.5765 1.7742 45.0044 18.9004 0.2288 0.0799 0.3086
Pedestrian 0.0000 0 0.0000 -1.0000 -1.0000 -1.0000 -1.0000 0.6907 1.6908 0.6183 29.6886 21.3000 0.3898 -1.9164 0.3514
