Car 0.0000 0 0.0000 -1.0000 -1.0000 -1.0000 -1.0000 1.9883 1.4835 4.4892 18.4699 3.2444 0.7875 -0.0324 0.8489
Car 0.0000 0 0.0000 -1.0000 -1.0000 -1.0000 -1.0000 2.1108 1.6562 4.7456 -39.0288 -4.3082 0.8725 0.0062 0.8298
Car 0.0000 0 0.0000 -1.0000 -1.0000 -1.0000 -1.0000 2.0687 1.4334 4.6304 -20.5837 -4.1537 0.7563 0.0202 0.8125
Car 0.0000 0 0.0000 -1.0000 -1.0000 -1.0000 -1.0000 2.0371 1.4478 4.6319 -35.1878 0.4555 0.7617 -0.0177 0.7946
Car 0.0000 0 0.0000 -1.0000 -1.0000 -1.0000 -1.0000 1.9922 1.5343 4.5354 2.7649 -4.2612 0.7821 0.0034 0.7775
Car 0.0000 0 0.0000 -1.0000 -1.0000 -1.0000 -1.0000 2.0507 1.7195 4.6455 23.1450 -4.3521 0.8731 0.0143 0.7508
Car 0.0000 0 0.0000 -1.0000 -1.0000 -1.0000 -1.0000 1.9760 1.4839 4.5557 45.1742 -4.4251 0.7484 0.0140 0.7272
Car 0.0000 0 0.0000 -1.0000 -1.0000 -1.0000 -1.0000 2.0226 1.6173 4.6124 -47.2012 -1.2963 0.8984 0.0425 0.6634
Car 0.0000 0 0.0000 -1.0000 -1.0000 -1.0000 -1.0000 1.9850 1.5032 4.5337 -7.7117 3.5943 0.7249 3.1367 0.5379
Car 0.0000 0 0.0000 -1.0000 -1.0000 -1.0000 -1.0000 2.0990 1.8659 4.8866 -44.6783 3.5417 0.9923 0.0114 0.5049
Car 0.0000 0 0.0000 -1.0000 -1.0000 -1.0000 -1.0000 2.0470 1.6808 4.6561 54.7390 0.1563 0.8474 0.0030 0.3559
Car 0.0000 0 0.0000 -1.0000 -1.0000 -1.0000 -1.0000 1.8799 1.8162 4.4287 57.7541 -3.9730 0.8590 3.1374 0.3300
