Car 0.0000 0 0.0000 -1.0000 -1.0000 -1.0000 -1.0000 1.9558 1.4410 4.5113 -17.3749 3.1013 0.8295 3.1367 0.7388
Car 0.0000 0 0.0000 -1.0000 -1.0000 -1.0000 -1.0000 1.9684 1.4613 4.5890 -25.6265 21.2759 0.3880 -0.1418 0.6851
Car 0.0000 0 0.0000 -1.0000 -1.0000 -1.0000 -1.0000 1.9777 1.5358 4.6191 46.0694 3.0067 0.6060 0.0252 0.6849
Car 0.0000 0 0.0000 -1.0000 -1.0000 -1.0000 -1.0000 1.9736 1.5570 4.6193 -52.6532 6.1081 1.0698 0.0030 0.6679
Car 0.0000 0 0.0000 -1.0000 -1.0000 -1.0000 -1.0000 1.9948 1.5742 4.6323 27.5225 19.9234 0.2926 -0.0662 0.6620
Car 0.0000 0 0.0000 -1.0000 -1.0000 -1.0000 -1.0000 2.0429 1.8362 4.8828 23.5589 -23.8798 0.9838 1.4545 0.6436
Car 0.0000 0 0.0000 -1.0000 -1.0000 -1.0000 -1.0000 1.9053 1.5171 4.4762 20.1970 9.7926 0.4545 -3.1078 0.6175
Car 0.0000 0 0.0000 -1.0000 -1.0000 -1.0000 -1.0000 1.9295 1.6315 4.6106 23.6547 -16.1227 0.8039 -1.7133 0.6173
Car 0.0000 0 0.0000 -1.0000 -1.0000 -1.0000 -1.0000 1.9627 1.4965 4.4633 8.6603 6.1172 0.6132 0.0635 0.6117
Car 0.0000 0 0.0000 -1.0000 -1.0000 -1.0000 -1.0000 2.0089 1.7780 4.7174 -15.0440 -11.7335 0.9658 1.7199 0.5358
Car 0.0000 0 0.0000 -1.0000 -1.0000 -1.0000 -1.0000 1.9077 1.4842 4.5447 -11.8657 -23.6679 0.8152 1.5986 0.5247
Car 0.0000 0 0.0000 -1.0000 -1.0000 -1.0000 -1.0000 1.9240 1.6183 4.5405 -53.7516 1.2448 1.2025 -0.0626 0.5104
Car 0.0000 0 0.0000 -1.0000 -1.0000 -1.0000 -1.0000 1.9084 1.5085 4.5359 17.9117 21.6096 0.2461 -1.5621 0.5019
Car 0.0000 0 0.0000 -1.0000 -1.0000 -1.0000 -1.0000 2.0069 1.9575 4.6270 41.8320 -16.4500 0.5236 -3.1287 0.4760
Car 0.0000 0 0.0000 -1.0000 -1.0000 -1.0000 -1.0000 1.8940 1.5825 4.6103 6.8979 16.9343 0.5063 0.0288 0.4618
Car 0.0000 0 0.0000 -1.0000 -1.0000 -1.0000 -1.0000 2.0467 1.4763 4.6807 -26.9553 0.0078 0.9491 3.1329 0.4295
Car 0.0000 0 0.0000 -1.0000 -1.0000 -1.0000 -1.0000 1.9635 1.6406 4.6243 -54.0080 9.4884 1.0623 0.0033 0.3895
Car 0.0000 0 0.0000 -1.0000 -1.0000 -1.0000 -1.0000 1.9412 1.7176 4.5493 9.7793 21.2043 0.4844 -1.5148 0.3706
Car 0.0000 0 0.0000 -1.0000 -1.0000 -1.0000 -1.0000 1.8976 1.5424 4.4962 22.4481 21.3769 0.2737 -1.4279 0.3658
Car 0.0000 0 0.0000 -1.0000 -1.0000 -1.0000 -1.0000 1.8914 1.6458 4.5520 39.4321 -29.1504 0.5678 3.0372 0.3569
Car 0.0000 0 0.0000 -1.0000 -1.0000 -1.0000 -1.0000 1.8669 1.5014 4.4773 45.4714 22.2991 0.3889 3.0877 0.3446
Car 0.0000 0 0.0000 -1.0000 -1.0000 -1.0000 -1.0000 1.9309 1.6214 4.6433 -44.4706 -3.3582 1.1452 3.1123 0.3282
Car 0.0000 0 0.0000 -1.0000 -1.0000 -1.0000 -1.0000 1.9210 1.5582 4.6177 42.2903 -19.4500 0.3861 3.1195 0.3013
Truck 0.0000 0 0.0000 -1.0000 -1.0000 -1.0000 -1.0000 2.1739 2.0942 5.6655 7.1353 2.7026 1.0360 0.0242 0.5253
Truck 0.0000 0 0.0000 -1.0000 -1.0000 -1.0000 -1.0000 2.7679 3.2381 7.7955 -77.5352 2.8747 2.0011 0.0250 0.5112
Truck 0.0000 0 0.0000 -1.0000 -1.0000 -1.0000 -1.0000 3.0392 3.4352 12.3535 -65.5405 -0.5948 1.9402 -0.0373 0.4807
Truck 0.0000 0 0.0000 -1.0000 -1.0000 -1.0000 -1.0000 2.2042 2.4457 5.5646 -5.4475 -17.9954 1.3192 3.0744 0.3408
Tricar 0.0000 0 0.0000 -1.0000 -1.0000 -1.0000 -1.0000 1.3298 1.7913 3.4558 9.4273 10.2816 0.7452 0.0384 0.5910
Tricar 0.0000 0 0.0000 -1.0000 -1.0000 -1.0000 -1.0000 1.3045 1.7442 2.8676 -54.6421 17.3309 0.8765 -0.0001 0.4583
Tricar 0.0000 0 0.0000 -1.0000 -1.0000 -1.0000 -1.0000 1.3965 1.7617 3.0113 -56.2936 20.0405 0.8698 -0.0951 0.3345
Cyclist 0.0000 0 0.0000 -1.0000 -1.0000 -1.0000 -1.0000 0.7792 1.5479 1.7518 2.4684 13.7472 0.4578 0.3326 0.5998
Cyclist 0.0000 0 0.0000 -1.0000 -1.0000 -1.0000 -1.0000 0.8163 1.5462 1.8509 30.9501 -16.1681 0.5605 1.2925 0.3905
Cyclist 0.0000 0 0.0000 -1.0000 -1.0000 -1.0000 -1.0000 0.6398 1.1432 1.6197 -19.5516 -29.4213 0.7400 -2.3667 0.3596
Cyclist 0.0000 0 0.0000 -1.0000 -1.0000 -1.0000 -1.0000 0.8252 1.6179 1.7872 21.6435 -4.5749 0.7156 -1.0248 0.3523
Pedestrian 0.0000 0 0.0000 -1.0000 -1.0000 -1.0000 -1.0000 0.6861 1.6559 0.6102 -19.8587 -21.5983 0.8913 0.8555 0.4859
Pedestrian 0.0000 0 0.0000 -1.0000 -1.0000 -1.0000 -1.0000 0.6751 1.6852 0.5754 2.4775 23.8075 0.3200 1.1600 0.3064
