Car 0.0000 0 0.0000 -1.0000 -1.0000 -1.0000 -1.0000 1.9520 1.5548 4.5879 -1.0915 13.6848 0.6728 3.1271 0.8104
Car 0.0000 0 0.0000 -1.0000 -1.0000 -1.0000 -1.0000 1.8998 1.5401 4.5138 -6.5314 13.8646 0.5942 3.1062 0.7410
Car 0.0000 0 0.0000 -1.0000 -1.0000 -1.0000 -1.0000 1.8962 1.4336 4.4460 -29.6736 -9.9183 0.7484 0.0333 0.7289
Car 0.0000 0 0.0000 -1.0000 -1.0000 -1.0000 -1.0000 2.0354 1.6652 4.6270 -24.4409 -9.8105 0.8979 -0.0112 0.7229
Car 0.0000 0 0.0000 -1.0000 -1.0000 -1.0000 -1.0000 1.9502 1.4302 4.4981 47.3135 3.2427 0.8301 2.9691 0.7169
Car 0.0000 0 0.0000 -1.0000 -1.0000 -1.0000 -1.0000 1.8650 1.4254 4.4153 -11.7455 13.8768 0.5094 -0.0048 0.6551
Car 0.0000 0 0.0000 -1.0000 -1.0000 -1.0000 -1.0000 2.0401 1.7474 4.7428 -4.8388 -9.5144 0.9812 3.1103 0.6162
Car 0.0000 0 0.0000 -1.0000 -1.0000 -1.0000 -1.0000 1.9953 1.4916 4.6550 -51.9458 2.7264 0.6333 0.0762 0.5994
Car 0.0000 0 0.0000 -1.0000 -1.0000 -1.0000 -1.0000 2.0302 1.5218 4.7116 -17.7015 -9.6332 0.9034 3.1406 0.5925
Car 0.0000 0 0.0000 -1.0000 -1.0000 -1.0000 -1.0000 1.8931 1.4293 4.5462 5.3354 13.6101 0.6076 3.1147 0.5884
Car 0.0000 0 0.0000 -1.0000 -1.0000 -1.0000 -1.0000 1.8722 1.4438 4.4101 -17.4008 13.9044 0.5062 -3.1367 0.5866
Car 0.0000 0 0.0000 -1.0000 -1.0000 -1.0000 -1.0000 1.9636 1.5919 4.5600 -35.1125 -9.7242 0.8749 -0.0290 0.5581
Car 0.0000 0 0.0000 -1.0000 -1.0000 -1.0000 -1.0000 1.9772 1.4602 4.6031 -39.7561 13.2163 0.4597 -3.1353 0.5475
Car 0.0000 0 0.0000 -1.0000 -1.0000 -1.0000 -1.0000 1.9175 1.4318 4.4927 -26.2064 13.5604 0.5178 -3.1283 0.5447
Car 0.0000 0 0.0000 -1.0000 -1.0000 -1.0000 -1.0000 1.8956 1.4736 4.5073 -73.5279 11.2092 0.4543 -3.1109 0.5319
Car 0.0000 0 0.0000 -1.0000 -1.0000 -1.0000 -1.0000 1.8879 1.5134 4.4658 -31.9304 13.6075 0.4886 -3.0895 0.4955
Car 0.0000 0 0.0000 -1.0000 -1.0000 -1.0000 -1.0000 1.9576 1.4402 4.5429 -11.2170 -9.3328 0.8367 -0.0405 0.4710
Car 0.0000 0 0.0000 -1.0000 -1.0000 -1.0000 -1.0000 1.8593 1.5026 4.4380 -49.0046 -10.6957 0.7714 -3.0166 0.4619
Car 0.0000 0 0.0000 -1.0000 -1.0000 -1.0000 -1.0000 1.9021 1.5919 4.4948 80.5368 -3.5883 0.8599 2.8659 0.4514
Car 0.0000 0 0.0000 -1.0000 -1.0000 -1.0000 -1.0000 1.9522 1.5635 4.5544 13.7587 13.3252 0.7379 -0.0151 0.4481
Car 0.0000 0 0.0000 -1.0000 -1.0000 -1.0000 -1.0000 1.9897 1.5774 4.7435 -78.7992 0.7745 0.5647 0.1001 0.4232
Car 0.0000 0 0.0000 -1.0000 -1.0000 -1.0000 -1.0000 1.8744 1.6617 4.4151 -66.3150 11.7461 0.5834 -3.0862 0.3930
Tricar 0.0000 0 0.0000 -1.0000 -1.0000 -1.0000 -1.0000 1.4240 1.8522 3.2450 64.3197 -3.8449 0.8716 3.0705 0.4395
Tricar 0.0000 0 0.0000 -1.0000 -1.0000 -1.0000 -1.0000 1.5272 1.8163 3.5539 63.0637 1.4598 0.8228 3.0089 0.4383
Tricar 0.0000 0 0.0000 -1.0000 -1.0000 -1.0000 -1.0000 1.2837 1.7600 2.9926 51.1136 18.1933 0.6716 1.4099 0.3066
Cyclist 0.0000 0 0.0000 -1.0000 -1.0000 -1.0000 -1.0000 0.7731 1.5594 1.7500 38.0131 -4.3449 1.0105 -3.0575 0.4853
Cyclist 0.0000 0 0.0000 -1.0000 -1.0000 -1.0000 -1.0000 0.7502 1.5453 1.7343 -47.5104 7.3157 0.5516 -3.1279 0.4616
Cyclist 0.0000 0 0.0000 -1.0000 -1.0000 -1.0000 -1.0000 0.8313 1.5547 1.8154 27.0690 -5.0678 0.9481 2.8249 0.4552
Cyclist 0.0000 0 0.0000 -1.0000 -1.0000 -1.0000 -1.0000 0.6810 1.1910 1.6845 9.2357 13.7267 0.5425 -0.0016 0.3896
Cyclist 0.0000 0 0.0000 -1.0000 -1.0000 -1.0000 -1.0000 0.7380 1.5226 1.7055 -35.9098 -7.1862 0.8047 -3.1113 0.3841
Cyclist 0.0000 0 0.0000 -1.0000 -1.0000 -1.0000 -1.0000 0.7296 1.5412 1.6855 38.3525 20.4442 0.4679 -2.1130 0.3715
Cyclist 0.0000 0 0.0000 -1.0000 -1.0000 -1.0000 -1.0000 0.7311 1.3378 1.7952 49.0732 15.4862 0.4156 1.4609 0.3459
Cyclist 0.0000 0 0.0000 -1.0000 -1.0000 -1.0000 -1.0000 0.7386 1.5046 1.7209 -49.1670 11.2030 0.4872 -0.1350 0.3176
Pedestrian 0.0000 0 0.0000 -1.0000 -1.0000 -1.0000 -1.0000 0.6783 1.6381 0.6269 29.3193 -12.2775 1.0938 2.9605 0.5850
Pedestrian 0.0000 0 0.0000 -1.0000 -1.0000 -1.0000 -1.0000 0.6829 1.6696 0.6059 52.8298 8.8506 0.7376 2.9948 0.4698
Pedestrian 0.0000 0 0.0000 -1.0000 -1.0000 -1.0000 -1.0000 0.6679 1.6464 0.5842 -8.6514 17.7541 0.8336 0.0451 0.3829
Pedestrian 0.0000 0 0.0000 -1.0000 -1.0000 -1.0000 -1.0000 0.7095 1.7048 0.6404 28.2164 16.5586 0.7495 -0.1894 0.3249
