Car 0.0000 0 0.0000 -1.0000 -1.0000 -1.0000 -1.0000 2.0359 1.6148 4.6284 -18.1390 2.8593 0.8134 3.1240 0.8298
Car 0.0000 0 0.0000 -1.0000 -1.0000 -1.0000 -1.0000 1.9715 1.4228 4.5412 16.0160 2.7950 0.7662 3.1270 0.8090
Car 0.0000 0 0.0000 -1.0000 -1.0000 -1.0000 -1.0000 1.9731 1.7532 4.5031 3.4361 2.8191 0.9729 3.1240 0.7595
Car 0.0000 0 0.0000 -1.0000 -1.0000 -1.0000 -1.0000 1.9613 1.4856 4.5556 -27.9847 2.6704 0.6875 0.0218 0.7373
Car 0.0000 0 0.0000 -1.0000 -1.0000 -1.0000 -1.0000 2.0408 1.9331 4.6956 -10.0887 3.0373 0.9756 3.1194 0.7234
Car 0.0000 0 0.0000 -1.0000 -1.0000 -1.0000 -1.0000 1.9253 1.5072 4.5085 -2.4482 2.3892 0.8102 3.1212 0.7231
Car 0.0000 0 0.0000 -1.0000 -1.0000 -1.0000 -1.0000 1.9321 1.5820 4.5233 36.9165 3.0230 0.9144 0.1791 0.7013
Car 0.0000 0 0.0000 -1.0000 -1.0000 -1.0000 -1.0000 1.9707 1.4870 4.5588 -37.7937 2.4399 0.5855 -3.1258 0.6604
Car 0.0000 0 0.0000 -1.0000 -1.0000 -1.0000 -1.0000 1.9033 1.4558 4.4908 -20.1275 -0.3227 0.7195 -0.0017 0.6033
Car 0.0000 0 0.0000 -1.0000 -1.0000 -1.0000 -1.0000 2.0242 1.6569 4.5680 5.9743 -0.7039 0.9085 -3.1259 0.5899
Car 0.0000 0 0.0000 -1.0000 -1.0000 -1.0000 -1.0000 1.9277 1.5034 4.5548 9.8713 3.2381 0.8262 0.0068 0.5263
Car 0.0000 0 0.0000 -1.0000 -1.0000 -1.0000 -1.0000 1.8834 1.5082 4.4983 29.8893 3.2705 0.8672 3.1365 0.5003
Car 0.0000 0 0.0000 -1.0000 -1.0000 -1.0000 -1.0000 1.9337 1.7585 4.5429 -16.2689 10.2079 0.9713 0.0268 0.4998
Car 0.0000 0 0.0000 -1.0000 -1.0000 -1.0000 -1.0000 1.9823 1.6238 4.5983 -28.3296 -0.5989 0.8343 3.1202 0.4928
Car 0.0000 0 0.0000 -1.0000 -1.0000 -1.0000 -1.0000 1.9601 1.4889 4.6083 23.1109 2.7642 0.8061 0.0147 0.4920
Car 0.0000 0 0.0000 -1.0000 -1.0000 -1.0000 -1.0000 1.9789 1.6715 4.6668 24.0425 -7.6884 1.0093 -0.0442 0.4083
Car 0.0000 0 0.0000 -1.0000 -1.0000 -1.0000 -1.0000 1.7680 1.5835 4.1887 14.7403 -0.4993 0.8571 3.1230 0.3522
Car 0.0000 0 0.0000 -1.0000 -1.0000 -1.0000 -1.0000 1.9021 1.5533 4.5374 27.4263 -0.4091 0.8826 0.0206 0.3501
Car 0.0000 0 0.0000 -1.0000 -1.0000 -1.0000 -1.0000 1.9601 1.4554 4.5227 -11.5627 0.0213 0.7262 -3.1311 0.3418
Truck 0.0000 0 0.0000 -1.0000 -1.0000 -1.0000 -1.0000 2.9789 2.9917 11.0157 -47.9974 -0.7791 1.4229 -3.1003 0.6011
