Car 0.0000 0 0.0000 -1.0000 -1.0000 -1.0000 -1.0000 1.9775 1.4731 4.5024 29.8426 -6.4916 0.6985 2.8784 0.8386
Car 0.0000 0 0.0000 -1.0000 -1.0000 -1.0000 -1.0000 1.9336 1.4832 4.4648 4.7743 -5.3322 0.7507 -0.1751 0.7847
Car 0.0000 0 0.0000 -1.0000 -1.0000 -1.0000 -1.0000 1.9767 1.4957 4.5460 -2.9192 3.3078 0.7030 3.0456 0.7310
Car 0.0000 0 0.0000 -1.0000 -1.0000 -1.0000 -1.0000 1.8667 1.4113 4.4285 -21.8224 9.0174 0.5943 3.1405 0.7302
Car 0.0000 0 0.0000 -1.0000 -1.0000 -1.0000 -1.0000 1.8537 1.4505 4.3920 -0.9000 -4.3233 0.7357 -0.1507 0.7091
Car 0.0000 0 0.0000 -1.0000 -1.0000 -1.0000 -1.0000 1.9081 1.5106 4.4366 -11.1692 8.4062 0.6204 -0.0637 0.6890
Car 0.0000 0 0.0000 -1.0000 -1.0000 -1.0000 -1.0000 2.0047 1.8117 4.5914 22.2701 -9.0266 0.9009 -0.2780 0.6554
Car 0.0000 0 0.0000 -1.0000 -1.0000 -1.0000 -1.0000 1.9511 1.5350 4.4661 68.3295 -18.0894 0.7924 2.8377 0.6526
Car 0.0000 0 0.0000 -1.0000 -1.0000 -1.0000 -1.0000 1.8828 1.4323 4.4349 -5.2833 7.8698 0.5586 3.0525 0.6526
Car 0.0000 0 0.0000 -1.0000 -1.0000 -1.0000 -1.0000 1.8910 1.5071 4.5620 48.6519 -4.4611 0.6197 2.8646 0.6398
Car 0.0000 0 0.0000 -1.0000 -1.0000 -1.0000 -1.0000 1.9678 1.6038 4.4896 -5.7805 -3.6107 0.8172 -0.1375 0.6190
Car 0.0000 0 0.0000 -1.0000 -1.0000 -1.0000 -1.0000 1.9550 1.7623 4.6169 38.4476 -1.4020 0.6781 2.8245 0.6004
Car 0.0000 0 0.0000 -1.0000 -1.0000 -1.0000 -1.0000 1.9737 1.5863 4.6642 -67.7696 -7.1649 1.2069 -2.9164 0.5946
Car 0.0000 0 0.0000 -1.0000 -1.0000 -1.0000 -1.0000 1.8804 1.4306 4.5308 33.0920 0.4460 0.4017 2.8631 0.5888
Car 0.0000 0 0.0000 -1.0000 -1.0000 -1.0000 -1.0000 1.9019 1.4468 4.5505 17.5642 4.3950 0.4853 2.9228 0.5749
Car 0.0000 0 0.0000 -1.0000 -1.0000 -1.0000 -1.0000 1.9508 1.7432 4.6351 0.2250 7.1519 0.7156 2.9710 0.5630
Car 0.0000 0 0.0000 -1.0000 -1.0000 -1.0000 -1.0000 1.8986 1.7515 4.5290 -16.1077 8.6818 0.7650 -0.0992 0.5624
Car 0.0000 0 0.0000 -1.0000 -1.0000 -1.0000 -1.0000 1.9868 1.7427 4.6691 11.6110 1.3361 0.7937 2.9362 0.5617
Car 0.0000 0 0.0000 -1.0000 -1.0000 -1.0000 -1.0000 1.9217 1.5297 4.5011 10.6878 -6.3710 0.7419 -0.2134 0.5546
Car 0.0000 0 0.0000 -1.0000 -1.0000 -1.0000 -1.0000 1.9468 1.6191 4.6031 23.4450 2.9321 0.6396 2.8668 0.4942
Car 0.0000 0 0.0000 -1.0000 -1.0000 -1.0000 -1.0000 1.9270 1.4759 4.5635 11.4776 5.5458 0.5626 2.9417 0.4625
Car 0.0000 0 0.0000 -1.0000 -1.0000 -1.0000 -1.0000 1.8888 1.6115 4.4157 16.3474 -7.4652 0.7900 -0.2439 0.4552
Car 0.0000 0 0.0000 -1.0000 -1.0000 -1.0000 -1.0000 1.9084 1.5423 4.5676 27.5727 -10.0039 0.7553 -0.3060 0.4161
Car 0.0000 0 0.0000 -1.0000 -1.0000 -1.0000 -1.0000 1.8662 1.4603 4.5242 53.9827 -6.3626 0.5590 2.8137 0.3028
Cyclist 0.0000 0 0.0000 -1.0000 -1.0000 -1.0000 -1.0000 0.7732 1.5168 1.7793 -15.0260 6.8587 0.6509 -0.0023 0.5101
Cyclist 0.0000 0 0.0000 -1.0000 -1.0000 -1.0000 -1.0000 0.7290 1.5351 1.6909 10.1637 -4.2703 0.7994 2.9518 0.4905
Cyclist 0.0000 0 0.0000 -1.0000 -1.0000 -1.0000 -1.0000 0.7433 1.5797 1.6832 63.2777 -19.8549 0.8365 2.8612 0.4547
Cyclist 0.0000 0 0.0000 -1.0000 -1.0000 -1.0000 -1.0000 0.6972 1.5511 1.6478 -24.0682 -4.3866 0.8999 -3.0893 0.3742
Cyclist 0.0000 0 0.0000 -1.0000 -1.0000 -1.0000 -1.0000 0.7009 1.3254 1.6999 37.1720 -19.2820 0.7998 -0.5043 0.3297
Cyclist 0.0000 0 0.0000 -1.0000 -1.0000 -1.0000 -1.0000 0.6677 1.2379 1.6605 -53.9844 10.5763 0.6056 -2.9435 0.3070
Pedestrian 0.0000 0 0.0000 -1.0000 -1.0000 -1.0000 -1.0000 0.7026 1.6787 0.6614 19.7272 -13.9131 1.1036 2.8267 0.3873
Pedestrian 0.0000 0 0.0000 -1.0000 -1.0000 -1.0000 -1.0000 0.6899 1.6706 0.6316 -30.8662 12.1845 0.9471 2.4572 0.3242
Pedestrian 0.0000 0 0.0000 -1.0000 -1.0000 -1.0000 -1.0000 0.7159 1.5589 0.7372 -24.0878 -4.3369 0.9062 -3.1034 0.3126
