Car 0.0000 0 0.0000 -1.0000 -1.0000 -1.0000 -1.0000 1.9990 1.5506 4.5517 28.9722 0.5166 0.7363 -3.1006 0.7712
Car 0.0000 0 0.0000 -1.0000 -1.0000 -1.0000 -1.0000 1.9376 1.6432 4.5461 -25.4620 2.6288 0.8155 3.1389 0.7124
Car 0.0000 0 0.0000 -1.0000 -1.0000 -1.0000 -1.0000 1.9371 1.4475 4.5591 17.6823 3.1852 0.7155 0.0094 0.6991
Car 0.0000 0 0.0000 -1.0000 -1.0000 -1.0000 -1.0000 2.0012 1.7504 4.5993 -5.4885 2.3858 0.8214 -3.1092 0.6596
Car 0.0000 0 0.0000 -1.0000 -1.0000 -1.0000 -1.0000 1.9495 1.5504 4.5512 49.2203 4.6616 0.7023 -3.0930 0.5590
Car 0.0000 0 0.0000 -1.0000 -1.0000 -1.0000 -1.0000 1.8892 1.6272 4.4284 7.1991 3.3084 0.7983 0.0543 0.5577
Car 0.0000 0 0.0000 -1.0000 -1.0000 -1.0000 -1.0000 1.9072 1.4929 4.5289 56.1455 3.5258 0.5907 0.0178 0.5315
Car 0.0000 0 0.0000 -1.0000 -1.0000 -1.0000 -1.0000 1.8936 1.6207 4.4492 -15.8037 3.0447 0.7893 3.0904 0.5210
Car 0.0000 0 0.0000 -1.0000 -1.0000 -1.0000 -1.0000 1.9065 1.5712 4.5890 -46.7167 2.0043 0.7325 3.1381 0.5201
Car 0.0000 0 0.0000 -1.0000 -1.0000 -1.0000 -1.0000 1.8915 1.5888 4.5233 -34.9520 2.5786 0.8285 0.0023 0.4953
Car 0.0000 0 0.0000 -1.0000 -1.0000 -1.0000 -1.0000 1.9113 1.5286 4.5957 65.7086 -0.7871 0.8578 3.0788 0.4358
Car 0.0000 0 0.0000 -1.0000 -1.0000 -1.0000 -1.0000 2.0039 1.7262 4.7385 -17.9443 -0.0087 0.8925 -0.0139 0.4169
Car 0.0000 0 0.0000 -1.0000 -1.0000 -1.0000 -1.0000 1.8116 1.8947 4.4070 -29.2332 5.1326 1.0042 -0.0312 0.3507
Car 0.0000 0 0.0000 -1.0000 -1.0000 -1.0000 -1.0000 1.9044 1.8951 4.4391 12.9358 5.2309 0.9837 -3.0984 0.3308
Car 0.0000 0 0.0000 -1.0000 -1.0000 -1.0000 -1.0000 1.9162 1.6168 4.6067 -44.1828 6.9928 0.8243 -0.0386 0.3279
Truck 0.0000 0 0.0000 -1.0000 -1.0000 -1.0000 -1.0000 2.9944 3.4687 14.1510 75.1581 6.9599 1.5842 0.0337 0.4147
Truck 0.0000 0 0.0000 -1.0000 -1.0000 -1.0000 -1.0000 2.4860 2.5503 6.8219 -56.4127 -0.6354 1.4315 -0.0161 0.3861
Cyclist 0.0000 0 0.0000 -1.0000 -1.0000 -1.0000 -1.0000 0.7907 1.5236 1.7808 4.7324 5.5489 0.7934 -3.0037 0.6127
Cyclist 0.0000 0 0.0000 -1.0000 -1.0000 -1.0000 -1.0000 0.8108 1.5467 1.7957 20.1855 -0.8911 0.7894 0.0783 0.6115
Cyclist 0.0000 0 0.0000 -1.0000 -1.0000 -1.0000 -1.0000 0.7642 1.5662 1.7046 20.7102 5.4878 0.7841 3.1205 0.5297
Cyclist 0.0000 0 0.0000 -1.0000 -1.0000 -1.0000 -1.0000 0.7550 1.5049 1.7209 -12.1139 4.5274 0.7781 -0.0221 0.4483
Cyclist 0.0000 0 0.0000 -1.0000 -1.0000 -1.0000 -1.0000 0.7645 1.5167 1.7343 8.5111 6.1768 0.8518 -3.1257 0.3866
Pedestrian 0.0000 0 0.0000 -1.0000 -1.0000 -1.0000 -1.0000 0.6814 1.6467 0.6220 -12.2456 -2.7728 0.8777 0.0448 0.5111
Pedestrian 0.0000 0 0.0000 -1.0000 -1.0000 -1.0000 -1.0000 0.6659 1.6432 0.5876 33.3776 -2.3992 0.8334 3.1018 0.5036
Pedestrian 0.0000 0 0.0000 -1.0000 -1.0000 -1.0000 -1.0000 0.6844 1.6445 0.6385 14.8080 -3.1073 0.8660 0.0186 0.4901
Pedestrian 0.0000 0 0.0000 -1.0000 -1.0000 -1.0000 -1.0000 0.7002 1.7019 0.6392 23.8874 -2.4637 0.8899 -3.1322 0.4890
Pedestrian 0.0000 0 0.0000 -1.0000 -1.0000 -1.0000 -1.0000 0.6758 1.6317 0.6001 -15.7460 -2.8813 0.8894 -3.0977 0.4650
Pedestrian 0.0000 0 0.0000 -1.0000 -1.0000 -1.0000 -1.0000 0.7264 1.7358 0.7394 0.3300 -3.0920 0.9788 0.0026 0.4620
Pedestrian 0.0000 0 0.0000 -1.0000 -1.0000 -1.0000 -1.0000 0.6683 1.6152 0.5981 -10.8720 -2.8088 0.8352 0.0342 0.4574
Pedestrian 0.0000 0 0.0000 -1.0000 -1.0000 -1.0000 -1.0000 0.6818 1.6352 0.6243 -18.5266 -2.9170 0.9255 0.0439 0.4224
Pedestrian 0.0000 0 0.0000 -1.0000 -1.0000 -1.0000 -1.0000 0.6991 1.6500 0.6694 -7.3083 -2.8870 0.8444 3.1278 0.4148
Pedestrian 0.0000 0 0.0000 -1.0000 -1.0000 -1.0000 -1.0000 0.7064 1.6939 0.6364 44.6475 4.3488 0.7916 1.1555 0.3981
Pedestrian 0.0000 0 0.0000 -1.0000 -1.0000 -1.0000 -1.0000 0.6651 1.6110 0.5950 -14.5570 -2.9031 0.8878 0.0027 0.3659
