Car 0.0000 0 0.0000 -1.0000 -1.0000 -1.0000 -1.0000 1.8605 1.4245 4.4321 -36.7991 12.0993 0.8758 -3.0723 0.6857
Car 0.0000 0 0.0000 -1.0000 -1.0000 -1.0000 -1.0000 1.9549 1.5222 4.5828 44.2358 16.5522 0.4760 -1.6200 0.6725
Car 0.0000 0 0.0000 -1.0000 -1.0000 -1.0000 -1.0000 1.9457 1.4767 4.4984 -53.7706 -3.0794 1.2090 -0.0724 0.6460
Car 0.0000 0 0.0000 -1.0000 -1.0000 -1.0000 -1.0000 1.8946 1.4254 4.4187 -28.4951 12.0526 0.7670 0.0176 0.5929
Car 0.0000 0 0.0000 -1.0000 -1.0000 -1.0000 -1.0000 1.9503 1.5338 4.5985 68.4644 34.6773 -0.1850 -3.0968 0.5604
Car 0.0000 0 0.0000 -1.0000 -1.0000 -1.0000 -1.0000 1.9444 1.5907 4.5463 24.7487 -5.5771 1.0811 1.4782 0.5203
Car 0.0000 0 0.0000 -1.0000 -1.0000 -1.0000 -1.0000 1.9401 1.5136 4.5663 -57.4401 11.5228 1.1464 -0.0164 0.4353
Car 0.0000 0 0.0000 -1.0000 -1.0000 -1.0000 -1.0000 2.0004 1.7738 4.7899 -63.8024 35.0767 0.8100 -0.3939 0.3636
Car 0.0000 0 0.0000 -1.0000 -1.0000 -1.0000 -1.0000 1.9309 1.5120 4.5492 -63.2658 11.8268 1.1905 -3.1352 0.3629
Car 0.0000 0 0.0000 -1.0000 -1.0000 -1.0000 -1.0000 1.9145 1.7457 4.5551 69.1657 29.9876 0.0513 1.4438 0.3588
Car 0.0000 0 0.0000 -1.0000 -1.0000 -1.0000 -1.0000 1.8875 1.4887 4.5178 78.4896 35.7756 -0.1719 -1.0714 0.3361
Car 0.0000 0 0.0000 -1.0000 -1.0000 -1.0000 -1.0000 1.9585 1.6682 4.6901 74.6980 41.6475 -0.0972 -1.9127 0.3353
Car 0.0000 0 0.0000 -1.0000 -1.0000 -1.0000 -1.0000 1.9294 1.5774 4.6281 71.6613 29.4020 -0.0644 -1.8142 0.3193
Cyclist 0.0000 0 0.0000 -1.0000 -1.0000 -1.0000 -1.0000 0.7943 1.6402 1.7350 15.0545 5.9562 0.7933 -2.6339 0.4851
Cyclist 0.0000 0 0.0000 -1.0000 -1.0000 -1.0000 -1.0000 0.6962 1.2313 1.7262 -14.6225 16.2784 0.4047 1.6199 0.4660
Cyclist 0.0000 0 0.0000 -1.0000 -1.0000 -1.0000 -1.0000 0.7319 1.4202 1.7570 9.8779 25.7401 0.2893 -1.2611 0.3687
Cyclist 0.0000 0 0.0000 -1.0000 -1.0000 -1.0000 -1.0000 0.6700 1.1910 1.7367 -12.8816 16.2245 0.4059 1.5827 0.3658
Cyclist 0.0000 0 0.0000 -1.0000 -1.0000 -1.0000 -1.0000 0.7272 1.3173 1.7269 -17.5023 13.7613 0.5220 -0.5817 0.3609
Cyclist 0.0000 0 0.0000 -1.0000 -1.0000 -1.0000 -1.0000 0.6742 1.1323 1.6626 -15.4837 16.2464 0.4250 -1.5659 0.3533
Pedestrian 0.0000 0 0.0000 -1.0000 -1.0000 -1.0000 -1.0000 0.7053 1.6656 0.6621 4.6181 20.2922 0.5533 0.0966 0.5757
Pedestrian 0.0000 0 0.0000 -1.0000 -1.0000 -1.0000 -1.0000 0.7035 1.6573 0.6743 6.8350 12.2243 0.6198 0.4259 0.5704
Pedestrian 0.0000 0 0.0000 -1.0000 -1.0000 -1.0000 -1.0000 0.7011 1.6653 0.6619 62.5376 8.2233 0.5509 0.8897 0.3997
Pedestrian 0.0000 0 0.0000 -1.0000 -1.0000 -1.0000 -1.0000 0.6907 1.6260 0.6607 12.9739 -33.4705 1.7708 0.9071 0.3279
