Car 0.0000 0 0.0000 -1.0000 -1.0000 -1.0000 -1.0000 2.0125 1.4423 4.5910 -13.8323 3.5246 0.6872 -3.1071 0.7345
Car 0.0000 0 0.0000 -1.0000 -1.0000 -1.0000 -1.0000 1.9842 1.4998 4.5387 -5.8673 3.2264 0.7353 0.0036 0.7111
Car 0.0000 0 0.0000 -1.0000 -1.0000 -1.0000 -1.0000 1.9991 1.4447 4.6342 -26.2343 3.5017 0.6045 -3.1377 0.6859
Car 0.0000 0 0.0000 -1.0000 -1.0000 -1.0000 -1.0000 2.0577 2.0542 4.7551 -18.2631 9.6667 0.8674 -3.0993 0.6517
Car 0.0000 0 0.0000 -1.0000 -1.0000 -1.0000 -1.0000 2.0074 1.6371 4.6171 2.0282 3.3339 0.8533 3.1297 0.5927
Car 0.0000 0 0.0000 -1.0000 -1.0000 -1.0000 -1.0000 1.9928 1.6629 4.5323 20.4262 5.5186 0.9994 -2.9244 0.5693
Car 0.0000 0 0.0000 -1.0000 -1.0000 -1.0000 -1.0000 1.9793 1.5724 4.6148 -36.5330 -0.6276 0.6921 -0.0002 0.5382
Car 0.0000 0 0.0000 -1.0000 -1.0000 -1.0000 -1.0000 2.0225 1.4699 4.6419 10.7725 3.6968 0.8100 0.0141 0.5183
Car 0.0000 0 0.0000 -1.0000 -1.0000 -1.0000 -1.0000 1.9076 1.5581 4.5893 48.1979 -33.7483 1.0653 -1.6060 0.4910
Car 0.0000 0 0.0000 -1.0000 -1.0000 -1.0000 -1.0000 2.0393 1.5200 4.6201 -21.3599 0.0268 0.7407 -0.0134 0.4808
Car 0.0000 0 0.0000 -1.0000 -1.0000 -1.0000 -1.0000 1.9065 1.6127 4.5925 48.8026 -40.8363 1.0412 1.6619 0.3720
Truck 0.0000 0 0.0000 -1.0000 -1.0000 -1.0000 -1.0000 2.9182 3.4069 8.8055 13.7329 10.1041 1.7094 0.0560 0.6628
Truck 0.0000 0 0.0000 -1.0000 -1.0000 -1.0000 -1.0000 2.8998 3.1165 11.3128 -58.6538 10.6395 1.1254 -3.1381 0.5176
Truck 0.0000 0 0.0000 -1.0000 -1.0000 -1.0000 -1.0000 2.4606 2.7388 6.1893 -36.0477 2.7555 1.3404 -0.0245 0.5116
Truck 0.0000 0 0.0000 -1.0000 -1.0000 -1.0000 -1.0000 2.2833 2.2914 5.8740 50.2309 -12.2676 1.5019 1.2858 0.5076
Truck 0.0000 0 0.0000 -1.0000 -1.0000 -1.0000 -1.0000 2.8050 2.8888 9.3110 17.4265 0.2382 1.5907 -3.1275 0.4234
Cyclist 0.0000 0 0.0000 -1.0000 -1.0000 -1.0000 -1.0000 0.7876 1.5713 1.7598 27.4662 -4.1460 1.0504 -3.0632 0.6969
Cyclist 0.0000 0 0.0000 -1.0000 -1.0000 -1.0000 -1.0000 0.8237 1.5585 1.7906 16.3151 -4.1767 0.9191 2.9455 0.6755
Cyclist 0.0000 0 0.0000 -1.0000 -1.0000 -1.0000 -1.0000 0.7833 1.5458 1.7907 33.2378 14.7088 0.7806 3.1233 0.5499
Cyclist 0.0000 0 0.0000 -1.0000 -1.0000 -1.0000 -1.0000 0.8340 1.5593 1.7946 17.7757 -6.9112 0.9501 -0.2070 0.5374
Cyclist 0.0000 0 0.0000 -1.0000 -1.0000 -1.0000 -1.0000 0.8621 1.5322 1.9322 -10.0878 14.1154 0.4891 -3.0968 0.5351
Cyclist 0.0000 0 0.0000 -1.0000 -1.0000 -1.0000 -1.0000 0.7934 1.4954 1.8213 1.3684 14.7320 0.5006 -3.0861 0.5282
Cyclist 0.0000 0 0.0000 -1.0000 -1.0000 -1.0000 -1.0000 0.7612 1.5575 1.7394 -58.2467 14.2568 0.1933 -0.0222 0.5211
Cyclist 0.0000 0 0.0000 -1.0000 -1.0000 -1.0000 -1.0000 0.7732 1.5870 1.7813 -1.6960 11.3407 0.6067 -3.1348 0.4932
Pedestrian 0.0000 0 0.0000 -1.0000 -1.0000 -1.0000 -1.0000 0.6803 1.6105 0.6345 40.7954 -4.6817 1.0697 0.1258 0.4802
Pedestrian 0.0000 0 0.0000 -1.0000 -1.0000 -1.0000 -1.0000 0.7264 1.6563 0.6788 -43.2246 13.9154 0.3093 -0.0231 0.3131
