Car 0.0000 0 0.0000 -1.0000 -1.0000 -1.0000 -1.0000 1.9806 1.4388 4.5593 -18.1560 0.3135 0.6728 -0.0253 0.8031
Car 0.0000 0 0.0000 -1.0000 -1.0000 -1.0000 -1.0000 1.9873 1.8482 4.6835 37.1331 2.9471 0.4163 0.0332 0.6885
Car 0.0000 0 0.0000 -1.0000 -1.0000 -1.0000 -1.0000 1.9307 1.6484 4.5339 -38.6094 3.2520 0.8280 3.1347 0.6294
Car 0.0000 0 0.0000 -1.0000 -1.0000 -1.0000 -1.0000 1.9191 1.4858 4.4916 26.4677 3.3704 0.4494 3.0294 0.6268
Car 0.0000 0 0.0000 -1.0000 -1.0000 -1.0000 -1.0000 1.9685 1.5009 4.6124 18.7077 22.9969 0.4911 -1.4737 0.5644
Car 0.0000 0 0.0000 -1.0000 -1.0000 -1.0000 -1.0000 1.8460 1.4552 4.4114 -24.3707 3.0258 0.6788 0.0766 0.5563
Car 0.0000 0 0.0000 -1.0000 -1.0000 -1.0000 -1.0000 1.8993 1.5739 4.4828 30.2412 26.2430 0.3865 -1.4539 0.5449
Car 0.0000 0 0.0000 -1.0000 -1.0000 -1.0000 -1.0000 2.0357 1.4947 4.6065 -12.0501 -3.7391 0.7189 -0.5563 0.5048
Car 0.0000 0 0.0000 -1.0000 -1.0000 -1.0000 -1.0000 1.9310 1.5565 4.5790 29.6192 38.5005 0.2766 -1.4830 0.4997
Car 0.0000 0 0.0000 -1.0000 -1.0000 -1.0000 -1.0000 1.9876 1.6700 4.6573 22.9759 11.8009 0.5983 -0.9631 0.4786
Car 0.0000 0 0.0000 -1.0000 -1.0000 -1.0000 -1.0000 1.9286 1.4860 4.5765 19.2573 -15.9625 0.7175 1.6671 0.4191
Car 0.0000 0 0.0000 -1.0000 -1.0000 -1.0000 -1.0000 1.9564 1.6194 4.6663 45.9078 13.1814 0.2982 -3.0840 0.4108
Car 0.0000 0 0.0000 -1.0000 -1.0000 -1.0000 -1.0000 2.0559 1.8289 4.7800 12.7834 -3.7042 0.8987 -0.9987 0.3895
Car 0.0000 0 0.0000 -1.0000 -1.0000 -1.0000 -1.0000 1.9147 1.6071 4.4477 30.1760 32.6316 0.3715 1.6115 0.3713
Car 0.0000 0 0.0000 -1.0000 -1.0000 -1.0000 -1.0000 1.8997 1.5599 4.5191 -84.3718 6.2849 0.8972 -0.2047 0.3147
Car 0.0000 0 0.0000 -1.0000 -1.0000 -1.0000 -1.0000 1.8542 1.5517 4.4756 -50.7034 6.4616 0.8236 -0.0538 0.3138
Car 0.0000 0 0.0000 -1.0000 -1.0000 -1.0000 -1.0000 1.9228 1.7048 4.6007 83.4289 4.1747 0.2902 0.0497 0.3105
Car 0.0000 0 0.0000 -1.0000 -1.0000 -1.0000 -1.0000 1.9545 1.6115 4.6953 77.2096 7.8688 0.1461 0.0216 0.3017
Tricar 0.0000 0 0.0000 -1.0000 -1.0000 -1.0000 -1.0000 1.4221 1.8781 3.1591 62.2679 0.4009 0.1015 0.2790 0.4408
Cyclist 0.0000 0 0.0000 -1.0000 -1.0000 -1.0000 -1.0000 0.7523 1.5179 1.7455 -23.6948 5.3950 0.6903 0.0264 0.7121
Cyclist 0.0000 0 0.0000 -1.0000 -1.0000 -1.0000 -1.0000 0.8058 1.5116 1.8528 -2.5019 7.3478 0.6949 -3.1189 0.6973
Cyclist 0.0000 0 0.0000 -1.0000 -1.0000 -1.0000 -1.0000 0.7606 1.4966 1.7544 -4.7338 9.9078 0.6056 3.0006 0.6500
Cyclist 0.0000 0 0.0000 -1.0000 -1.0000 -1.0000 -1.0000 0.8211 1.5807 1.8038 -0.5813 -8.7989 0.8567 -2.5302 0.6129
Cyclist 0.0000 0 0.0000 -1.0000 -1.0000 -1.0000 -1.0000 0.7335 1.5588 1.7149 2.5526 5.6079 0.7700 3.0235 0.5747
Cyclist 0.0000 0 0.0000 -1.0000 -1.0000 -1.0000 -1.0000 0.7367 1.5222 1.6958 -29.1181 8.0714 0.8697 0.0552 0.5735
Cyclist 0.0000 0 0.0000 -1.0000 -1.0000 -1.0000 -1.0000 0.7639 1.5314 1.7545 -3.0802 -12.3283 0.8539 1.0672 0.5521
Cyclist 0.0000 0 0.0000 -1.0000 -1.0000 -1.0000 -1.0000 0.7579 1.5058 1.7133 -12.4722 9.0704 0.6058 -0.9280 0.5377
Cyclist 0.0000 0 0.0000 -1.0000 -1.0000 -1.0000 -1.0000 0.7231 1.5438 1.6860 -4.5110 -2.1231 0.7801 2.9916 0.5307
Cyclist 0.0000 0 0.0000 -1.0000 -1.0000 -1.0000 -1.0000 0.7300 1.5091 1.7217 -17.0684 5.4690 0.6693 0.0869 0.4521
Cyclist 0.0000 0 0.0000 -1.0000 -1.0000 -1.0000 -1.0000 0.7923 1.5713 1.7367 -1.6178 -3.9060 0.8465 -0.1455 0.4451
Cyclist 0.0000 0 0.0000 -1.0000 -1.0000 -1.0000 -1.0000 0.7665 1.5382 1.7502 -49.8137 -0.3078 0.7892 -0.0141 0.4106
Cyclist 0.0000 0 0.0000 -1.0000 -1.0000 -1.0000 -1.0000 0.7201 1.4614 1.7081 0.6348 -3.2599 0.7457 2.9696 0.3903
Cyclist 0.0000 0 0.0000 -1.0000 -1.0000 -1.0000 -1.0000 0.7192 1.4121 1.7704 -7.2621 14.9112 0.6232 -1.6807 0.3866
Cyclist 0.0000 0 0.0000 -1.0000 -1.0000 -1.0000 -1.0000 0.8169 1.5356 1.7888 9.7754 -5.3582 0.7878 -0.6045 0.3853
Cyclist 0.0000 0 0.0000 -1.0000 -1.0000 -1.0000 -1.0000 0.8999 1.5782 1.9474 -7.5084 7.7592 0.7125 0.0498 0.3434
Cyclist 0.0000 0 0.0000 -1.0000 -1.0000 -1.0000 -1.0000 0.7483 1.5390 1.7231 -63.2911 0.3480 0.7955 -0.0144 0.3359
Cyclist 0.0000 0 0.0000 -1.0000 -1.0000 -1.0000 -1.0000 0.6970 1.3507 1.6776 -9.9075 27.3312 0.5851 -0.0000 0.3188
Cyclist 0.0000 0 0.0000 -1.0000 -1.0000 -1.0000 -1.0000 0.7398 1.5018 1.7807 -9.1393 -30.6036 0.7165 1.5752 0.3070
Pedestrian 0.0000 0 0.0000 -1.0000 -1.0000 -1.0000 -1.0000 0.6859 1.6593 0.6573 11.9067 10.4639 0.7465 2.9055 0.5815
