Car 0.0000 0 0.0000 -1.0000 -1.0000 -1.0000 -1.0000 2.0121 1.6959 4.5519 -18.4828 6.0687 0.7977 -3.1364 0.7382
Car 0.0000 0 0.0000 -1.0000 -1.0000 -1.0000 -1.0000 1.9470 1.5065 4.4528 -3.3951 4.4739 0.7305 -0.0135 0.7030
Car 0.0000 0 0.0000 -1.0000 -1.0000 -1.0000 -1.0000 1.9088 1.4852 4.5389 -8.5963 21.3134 0.5173 -1.5247 0.5089
Car 0.0000 0 0.0000 -1.0000 -1.0000 -1.0000 -1.0000 1.9702 1.5249 4.5765 40.3211 -0.6805 1.0147 -0.0806 0.4986
Car 0.0000 0 0.0000 -1.0000 -1.0000 -1.0000 -1.0000 1.9511 1.5212 4.6030 49.8835 5.3810 1.0718 -0.0733 0.4123
Car 0.0000 0 0.0000 -1.0000 -1.0000 -1.0000 -1.0000 1.9224 1.5604 4.6122 -33.4224 17.7319 0.6104 -1.4479 0.4115
Car 0.0000 0 0.0000 -1.0000 -1.0000 -1.0000 -1.0000 1.9223 1.5354 4.6090 -27.7089 17.9737 0.5713 -1.4878 0.4096
Car 0.0000 0 0.0000 -1.0000 -1.0000 -1.0000 -1.0000 1.9418 1.6028 4.7364 4.7917 -30.9231 1.2128 3.1327 0.4023
Car 0.0000 0 0.0000 -1.0000 -1.0000 -1.0000 -1.0000 1.9387 1.5046 4.6358 -21.8960 17.8754 0.5413 -1.5088 0.3921
Car 0.0000 0 0.0000 -1.0000 -1.0000 -1.0000 -1.0000 1.9240 1.5684 4.5770 -19.4298 18.0893 0.5840 -1.5501 0.3729
Car 0.0000 0 0.0000 -1.0000 -1.0000 -1.0000 -1.0000 1.8544 1.7478 4.3938 24.0959 14.2872 0.7977 1.5130 0.3674
Car 0.0000 0 0.0000 -1.0000 -1.0000 -1.0000 -1.0000 1.9041 1.5203 4.6057 -31.4713 18.0135 0.5919 -1.4367 0.3174
Car 0.0000 0 0.0000 -1.0000 -1.0000 -1.0000 -1.0000 1.9601 1.6509 4.6994 -38.3773 27.0100 0.9276 -0.0226 0.3125
Car 0.0000 0 0.0000 -1.0000 -1.0000 -1.0000 -1.0000 1.8342 1.5932 4.4599 -57.5079 7.1472 0.7749 0.0054 0.3105
Car 0.0000 0 0.0000 -1.0000 -1.0000 -1.0000 -1.0000 1.8737 1.6071 4.4913 -36.5122 16.8324 0.6228 -1.4002 0.3020
Truck 0.0000 0 0.0000 -1.0000 -1.0000 -1.0000 -1.0000 2.6954 3.2446 6.6567 -46.2160 26.3797 1.8257 -3.1208 0.3642
Tricar 0.0000 0 0.0000 -1.0000 -1.0000 -1.0000 -1.0000 1.2365 1.6207 3.2688 22.2109 8.1514 0.8222 3.0601 0.6528
Cyclist 0.0000 0 0.0000 -1.0000 -1.0000 -1.0000 -1.0000 0.7122 1.5092 1.6884 -30.8192 6.8611 0.6802 3.1409 0.4763
Cyclist 0.0000 0 0.0000 -1.0000 -1.0000 -1.0000 -1.0000 0.6707 1.0898 1.7079 -18.0356 27.4873 0.4150 1.3583 0.3290
Pedestrian 0.0000 0 0.0000 -1.0000 -1.0000 -1.0000 -1.0000 0.7024 1.6436 0.6811 -12.2076 -8.2808 1.0331 -0.0148 0.5419
Pedestrian 0.0000 0 0.0000 -1.0000 -1.0000 -1.0000 -1.0000 0.7081 1.6556 0.6803 -7.3337 12.4030 0.6433 2.9255 0.3620
Pedestrian 0.0000 0 0.0000 -1.0000 -1.0000 -1.0000 -1.0000 0.7069 1.6422 0.6725 -10.2929 11.2405 0.6861 3.0784 0.3414
