Car 0.0000 0 0.0000 -1.0000 -1.0000 -1.0000 -1.0000 2.0477 1.6878 4.6163 19.7007 3.3991 0.9504 0.5318 0.7582
Car 0.0000 0 0.0000 -1.0000 -1.0000 -1.0000 -1.0000 2.0740 1.6174 4.6352 2.2771 16.0566 0.6213 -2.4889 0.7548
Car 0.0000 0 0.0000 -1.0000 -1.0000 -1.0000 -1.0000 1.9473 1.7194 4.4504 11.9805 -0.1909 0.9321 -2.8504 0.5771
Car 0.0000 0 0.0000 -1.0000 -1.0000 -1.0000 -1.0000 1.9689 1.4548 4.5569 29.0678 8.4474 0.8307 0.7002 0.5445
Car 0.0000 0 0.0000 -1.0000 -1.0000 -1.0000 -1.0000 1.9241 1.7222 4.6170 -69.1276 4.6559 0.9647 -2.6305 0.5128
Car 0.0000 0 0.0000 -1.0000 -1.0000 -1.0000 -1.0000 1.9351 1.5576 4.4815 -18.2838 -0.2845 0.7951 -3.1281 0.4975
Car 0.0000 0 0.0000 -1.0000 -1.0000 -1.0000 -1.0000 2.0049 1.4798 4.5790 5.4771 -0.1294 0.7714 0.0690 0.4562
Car 0.0000 0 0.0000 -1.0000 -1.0000 -1.0000 -1.0000 2.0086 1.6359 4.6369 -10.2649 0.0013 0.8544 0.0158 0.3993
Car 0.0000 0 0.0000 -1.0000 -1.0000 -1.0000 -1.0000 1.8993 1.5646 4.5123 46.4373 15.7398 0.4736 -2.3046 0.3596
Car 0.0000 0 0.0000 -1.0000 -1.0000 -1.0000 -1.0000 1.9966 1.6413 4.6507 -28.9707 -0.2591 0.8926 -3.1056 0.3198
Truck 0.0000 0 0.0000 -1.0000 -1.0000 -1.0000 -1.0000 2.9663 3.4065 8.9899 -20.1247 7.3107 1.6848 -3.1235 0.5810
Truck 0.0000 0 0.0000 -1.0000 -1.0000 -1.0000 -1.0000 2.3615 2.4480 6.0941 39.5593 -17.2644 1.4936 1.9606 0.5791
Tricar 0.0000 0 0.0000 -1.0000 -1.0000 -1.0000 -1.0000 1.2815 1.6745 3.0328 3.3452 30.3053 0.5035 2.2166 0.4370
Cyclist 0.0000 0 0.0000 -1.0000 -1.0000 -1.0000 -1.0000 0.7788 1.5139 1.8015 2.3678 -12.9160 0.7727 -3.1129 0.6297
Cyclist 0.0000 0 0.0000 -1.0000 -1.0000 -1.0000 -1.0000 0.7452 1.4722 1.7527 -20.8041 17.9384 0.2858 0.0198 0.5395
Cyclist 0.0000 0 0.0000 -1.0000 -1.0000 -1.0000 -1.0000 0.7886 1.6197 1.7693 29.2376 35.5048 0.4511 -1.7678 0.5284
Cyclist 0.0000 0 0.0000 -1.0000 -1.0000 -1.0000 -1.0000 0.7700 1.4557 1.8056 19.1559 15.6421 0.6373 0.3956 0.3971
Cyclist 0.0000 0 0.0000 -1.0000 -1.0000 -1.0000 -1.0000 0.7645 1.5427 1.7607 -41.7928 -13.6877 0.7692 0.0504 0.3816
Pedestrian 0.0000 0 0.0000 -1.0000 -1.0000 -1.0000 -1.0000 0.7440 1.6739 0.7844 11.2241 -20.5083 1.0853 -0.3113 0.3003
