Car 0.0000 0 0.0000 -1.0000 -1.0000 -1.0000 -1.0000 1.9376 1.4475 4.4657 -1.2463 3.2481 0.7453 3.1408 0.7685
Car 0.0000 0 0.0000 -1.0000 -1.0000 -1.0000 -1.0000 2.0603 1.7710 4.6989 7.0336 3.3394 0.8331 0.0246 0.7659
Car 0.0000 0 0.0000 -1.0000 -1.0000 -1.0000 -1.0000 2.0129 1.4803 4.6619 2.6659 10.6865 0.7498 -2.9948 0.7513
Car 0.0000 0 0.0000 -1.0000 -1.0000 -1.0000 -1.0000 1.9707 1.5661 4.5266 -38.8370 0.4185 1.1372 -3.1002 0.6960
Car 0.0000 0 0.0000 -1.0000 -1.0000 -1.0000 -1.0000 1.9657 1.5368 4.4577 -22.2459 -0.2044 0.8932 -0.0054 0.6562
Car 0.0000 0 0.0000 -1.0000 -1.0000 -1.0000 -1.0000 2.3920 2.5098 5.4381 -17.9879 2.9602 1.3238 0.0198 0.6476
Car 0.0000 0 0.0000 -1.0000 -1.0000 -1.0000 -1.0000 1.9907 1.5583 4.6927 21.3166 14.1904 0.5495 0.0420 0.5873
Car 0.0000 0 0.0000 -1.0000 -1.0000 -1.0000 -1.0000 1.9384 1.4215 4.4409 -11.3738 3.5778 0.7661 -3.1157 0.5855
Car 0.0000 0 0.0000 -1.0000 -1.0000 -1.0000 -1.0000 2.0013 1.6668 4.7984 -43.1436 14.8643 1.3077 -0.0601 0.5353
Car 0.0000 0 0.0000 -1.0000 -1.0000 -1.0000 -1.0000 1.9628 1.8433 4.5543 -1.7413 15.0469 0.9498 -3.0564 0.5045
Car 0.0000 0 0.0000 -1.0000 -1.0000 -1.0000 -1.0000 1.7770 1.6191 4.3031 35.7467 3.1120 0.4293 3.1260 0.4052
Car 0.0000 0 0.0000 -1.0000 -1.0000 -1.0000 -1.0000 1.9660 1.4430 4.5449 11.2448 15.2563 0.6138 0.0876 0.3904
Car 0.0000 0 0.0000 -1.0000 -1.0000 -1.0000 -1.0000 1.8692 1.6904 4.4430 47.3484 2.5799 0.4731 3.1089 0.3526
Truck 0.0000 0 0.0000 -1.0000 -1.0000 -1.0000 -1.0000 3.0355 3.7002 8.9898 -24.1517 14.4413 2.0082 3.1363 0.6499
Truck 0.0000 0 0.0000 -1.0000 -1.0000 -1.0000 -1.0000 2.8027 3.3716 7.4213 18.9791 2.7536 1.6077 0.0096 0.5803
Truck 0.0000 0 0.0000 -1.0000 -1.0000 -1.0000 -1.0000 2.7986 3.1733 7.5126 -47.9079 3.1574 2.1585 0.0041 0.5742
Truck 0.0000 0 0.0000 -1.0000 -1.0000 -1.0000 -1.0000 2.7106 2.9418 8.6550 -32.0279 7.9376 1.8422 0.0241 0.4859
Truck 0.0000 0 0.0000 -1.0000 -1.0000 -1.0000 -1.0000 2.2474 2.4124 5.8237 16.9329 0.3220 1.0738 -3.0996 0.3058
Tricar 0.0000 0 0.0000 -1.0000 -1.0000 -1.0000 -1.0000 1.4313 1.8488 3.4470 -13.0000 11.3866 1.0514 -3.1005 0.4414
