Car 0.0000 0 0.0000 -1.0000 -1.0000 -1.0000 -1.0000 1.9641 1.4472 4.5680 -29.2689 -0.8481 0.6585 -3.1266 0.7505
Car 0.0000 0 0.0000 -1.0000 -1.0000 -1.0000 -1.0000 1.9616 1.5614 4.5779 60.1291 3.1741 0.5440 3.1113 0.7082
Car 0.0000 0 0.0000 -1.0000 -1.0000 -1.0000 -1.0000 1.9478 1.5335 4.4382 13.1093 -0.4798 0.7699 -0.0214 0.7014
Car 0.0000 0 0.0000 -1.0000 -1.0000 -1.0000 -1.0000 2.0039 1.7408 4.6768 -64.0359 2.8422 0.7792 -3.0923 0.6610
Car 0.0000 0 0.0000 -1.0000 -1.0000 -1.0000 -1.0000 1.9252 1.4628 4.4710 12.7092 -9.1999 0.9185 -3.1304 0.5902
Car 0.0000 0 0.0000 -1.0000 -1.0000 -1.0000 -1.0000 1.9475 1.6016 4.4270 -11.3180 -1.0543 0.8302 3.1415 0.5508
Car 0.0000 0 0.0000 -1.0000 -1.0000 -1.0000 -1.0000 1.9944 1.5133 4.6540 37.4581 -0.2245 0.6596 -0.0043 0.5375
Car 0.0000 0 0.0000 -1.0000 -1.0000 -1.0000 -1.0000 1.9889 1.6533 4.5888 18.5394 -9.2501 0.9611 -0.0065 0.4822
Car 0.0000 0 0.0000 -1.0000 -1.0000 -1.0000 -1.0000 1.9951 1.6881 4.6490 -39.8357 -0.2583 0.8015 -3.1378 0.4315
Car 0.0000 0 0.0000 -1.0000 -1.0000 -1.0000 -1.0000 1.8744 1.5438 4.4522 2.6788 -10.5837 1.0123 -0.0571 0.3867
Car 0.0000 0 0.0000 -1.0000 -1.0000 -1.0000 -1.0000 1.9160 1.5802 4.6091 80.5370 -2.2086 0.8647 3.0773 0.3769
Car 0.0000 0 0.0000 -1.0000 -1.0000 -1.0000 -1.0000 1.8359 1.5848 4.4443 -41.3920 12.1323 0.3272 -3.0842 0.3554
Car 0.0000 0 0.0000 -1.0000 -1.0000 -1.0000 -1.0000 1.8947 1.8381 4.5303 -24.2017 -9.4772 0.9519 0.0296 0.3468
Car 0.0000 0 0.0000 -1.0000 -1.0000 -1.0000 -1.0000 1.9101 1.6503 4.5434 69.4078 -0.2260 0.6676 3.1391 0.3291
Car 0.0000 0 0.0000 -1.0000 -1.0000 -1.0000 -1.0000 1.8780 1.5058 4.4708 7.3759 -9.3266 0.9593 -0.0150 0.3273
Car 0.0000 0 0.0000 -1.0000 -1.0000 -1.0000 -1.0000 1.9036 1.6255 4.5178 -13.8630 -9.6024 1.0954 -0.0069 0.3249
Tricar 0.0000 0 0.0000 -1.0000 -1.0000 -1.0000 -1.0000 1.2715 1.7299 2.7919 -48.2144 -7.3598 0.9942 -0.0349 0.4761
Cyclist 0.0000 0 0.0000 -1.0000 -1.0000 -1.0000 -1.0000 0.6949 1.3200 1.6790 -16.1284 -15.1233 1.1254 0.0092 0.4542
Cyclist 0.0000 0 0.0000 -1.0000 -1.0000 -1.0000 -1.0000 0.7176 1.5030 1.6795 -9.7190 -7.3562 0.9311 0.0044 0.4265
Cyclist 0.0000 0 0.0000 -1.0000 -1.0000 -1.0000 -1.0000 0.7170 1.5098 1.7094 23.4630 11.0639 0.3382 3.1140 0.4113
Cyclist 0.0000 0 0.0000 -1.0000 -1.0000 -1.0000 -1.0000 0.7135 1.5158 1.6668 -20.7305 10.3018 0.4355 3.1330 0.3828
Cyclist 0.0000 0 0.0000 -1.0000 -1.0000 -1.0000 -1.0000 0.7403 1.5346 1.7182 -25.1789 10.0019 0.4280 0.0339 0.3507
Cyclist 0.0000 0 0.0000 -1.0000 -1.0000 -1.0000 -1.0000 0.7279 1.5321 1.7136 -30.7457 9.1229 0.4150 0.0465 0.3168
Cyclist 0.0000 0 0.0000 -1.0000 -1.0000 -1.0000 -1.0000 0.8777 1.5981 1.8865 -0.4980 9.2915 0.7191 -0.0682 0.3109
Pedestrian 0.0000 0 0.0000 -1.0000 -1.0000 -1.0000 -1.0000 0.6999 1.6870 0.6282 -24.3575 15.6196 0.5685 3.0878 0.4057
Pedestrian 0.0000 0 0.0000 -1.0000 -1.0000 -1.0000 -1.0000 0.7060 1.6912 0.6322 33.4794 -12.5794 1.1138 3.1404 0.3781
Pedestrian 0.0000 0 0.0000 -1.0000 -1.0000 -1.0000 -1.0000 0.7072 1.7080 0.6313 2.6336 -15.6067 1.5511 3.0957 0.3583
Pedestrian 0.0000 0 0.0000 -1.0000 -1.0000 -1.0000 -1.0000 0.6936 1.6606 0.6021 5.0887 -13.9036 1.3295 3.1151 0.3478
Pedestrian 0.0000 0 0.0000 -1.0000 -1.0000 -1.0000 -1.0000 0.7073 1.7418 0.6279 3.1443 -14.9369 1.4297 3.0822 0.3177
