Car 0.0000 0 0.0000 -1.0000 -1.0000 -1.0000 -1.0000 1.9602 1.4549 4.4916 37.7918 -0.7794 0.7501 0.0150 0.7623
Car 0.0000 0 0.0000 -1.0000 -1.0000 -1.0000 -1.0000 1.9032 1.4519 4.5001 -21.7280 -2.3643 0.7775 0.0340 0.7374
Car 0.0000 0 0.0000 -1.0000 -1.0000 -1.0000 -1.0000 1.9764 1.5182 4.6391 -33.5803 2.5319 0.7207 0.0535 0.7320
Car 0.0000 0 0.0000 -1.0000 -1.0000 -1.0000 -1.0000 1.9745 1.4392 4.6210 -15.5411 0.7580 0.7242 3.1321 0.6392
Car 0.0000 0 0.0000 -1.0000 -1.0000 -1.0000 -1.0000 1.8892 1.4656 4.4728 -30.9904 -2.4676 0.7715 0.0313 0.6099
Car 0.0000 0 0.0000 -1.0000 -1.0000 -1.0000 -1.0000 1.9518 1.4614 4.5771 -15.8041 -2.0693 0.8119 0.0216 0.5927
Car 0.0000 0 0.0000 -1.0000 -1.0000 -1.0000 -1.0000 1.9627 1.4857 4.5789 55.1587 4.0463 0.6596 0.0539 0.3949
Truck 0.0000 0 0.0000 -1.0000 -1.0000 -1.0000 -1.0000 2.8130 3.2633 8.2148 19.3913 6.0345 1.4836 -3.1116 0.5449
Tricar 0.0000 0 0.0000 -1.0000 -1.0000 -1.0000 -1.0000 1.1759 1.8330 2.5471 1.3029 3.1262 0.8905 3.1257 0.3441
Cyclist 0.0000 0 0.0000 -1.0000 -1.0000 -1.0000 -1.0000 0.7257 1.5003 1.7309 9.8625 3.9631 0.6708 3.0498 0.5953
Cyclist 0.0000 0 0.0000 -1.0000 -1.0000 -1.0000 -1.0000 0.7935 1.5439 1.8013 41.2861 5.3676 0.6077 -3.1298 0.5073
Cyclist 0.0000 0 0.0000 -1.0000 -1.0000 -1.0000 -1.0000 0.7385 1.5090 1.7329 23.0378 3.5506 0.6321 0.0975 0.4820
Cyclist 0.0000 0 0.0000 -1.0000 -1.0000 -1.0000 -1.0000 0.7534 1.5723 1.6974 17.5436 3.3931 0.7522 -3.1261 0.4342
Cyclist 0.0000 0 0.0000 -1.0000 -1.0000 -1.0000 -1.0000 0.7543 1.4439 1.7365 -10.6147 8.5471 0.6428 -0.9586 0.3864
Cyclist 0.0000 0 0.0000 -1.0000 -1.0000 -1.0000 -1.0000 0.7666 1.5418 1.7494 70.2016 1.0874 0.5879 0.0475 0.3707
Cyclist 0.0000 0 0.0000 -1.0000 -1.0000 -1.0000 -1.0000 0.8344 1.6019 1.7870 -64.1566 -1.5384 0.8197 0.0459 0.3426
Cyclist 0.0000 0 0.0000 -1.0000 -1.0000 -1.0000 -1.0000 0.7844 1.5367 1.7682 -61.4022 2.6445 0.7034 -3.1248 0.3198
Pedestrian 0.0000 0 0.0000 -1.0000 -1.0000 -1.0000 -1.0000 0.6851 1.6515 0.6244 10.7120 -4.3412 1.0039 3.0561 0.5068
Pedestrian 0.0000 0 0.0000 -1.0000 -1.0000 -1.0000 -1.0000 0.6916 1.6791 0.6380 18.4948 -2.5507 1.0266 0.0011 0.4995
Pedestrian 0.0000 0 0.0000 -1.0000 -1.0000 -1.0000 -1.0000 0.7044 1.7265 0.6541 3.0275 -2.8824 1.2279 0.0426 0.4089
Pedestrian 0.0000 0 0.0000 -1.0000 -1.0000 -1.0000 -1.0000 0.6799 1.6583 0.5959 7.3318 12.8847 0.6654 0.1019 0.3318
Pedestrian 0.0000 0 0.0000 -1.0000 -1.0000 -1.0000 -1.0000 0.6683 1.6386 0.5890 16.2786 12.2700 0.9004 3.1176 0.3275
