Car 0.0000 0 0.0000 -1.0000 -1.0000 -1.0000 -1.0000 2.0033 1.5046 4.6008 -6.2889 -7.1617 0.7322 0.0410 0.8376
Car 0.0000 0 0.0000 -1.0000 -1.0000 -1.0000 -1.0000 2.0219 1.4965 4.5825 14.0797 -0.5710 0.7309 -3.1136 0.8313
Car 0.0000 0 0.0000 -1.0000 -1.0000 -1.0000 -1.0000 2.0497 1.4866 4.5916 -22.3947 -1.4720 0.7416 -0.0550 0.8197
Car 0.0000 0 0.0000 -1.0000 -1.0000 -1.0000 -1.0000 2.0144 1.4757 4.5687 4.9149 -3.5661 0.7510 3.1350 0.8149
Car 0.0000 0 0.0000 -1.0000 -1.0000 -1.0000 -1.0000 2.0021 1.4658 4.5824 28.2686 -4.1855 0.6610 0.0792 0.7571
Car 0.0000 0 0.0000 -1.0000 -1.0000 -1.0000 -1.0000 2.0698 1.5524 4.6755 -32.2394 -4.3922 0.6942 -0.0097 0.7128
Car 0.0000 0 0.0000 -1.0000 -1.0000 -1.0000 -1.0000 1.9573 1.4788 4.5886 18.5548 8.2001 0.5436 -1.1821 0.6524
Car 0.0000 0 0.0000 -1.0000 -1.0000 -1.0000 -1.0000 2.0357 1.7055 4.6670 -44.6398 -0.2936 0.7740 0.0222 0.6503
Car 0.0000 0 0.0000 -1.0000 -1.0000 -1.0000 -1.0000 2.0218 1.7193 4.6310 -12.5157 -3.8388 0.8642 0.0252 0.5205
Car 0.0000 0 0.0000 -1.0000 -1.0000 -1.0000 -1.0000 2.0544 1.7736 4.8672 11.2019 14.2447 0.5426 -3.0892 0.5188
Car 0.0000 0 0.0000 -1.0000 -1.0000 -1.0000 -1.0000 1.9213 1.5837 4.5392 75.9773 -3.3527 0.5939 3.0352 0.4451
Car 0.0000 0 0.0000 -1.0000 -1.0000 -1.0000 -1.0000 1.9048 1.5167 4.6130 -59.6032 -14.6991 0.5355 -1.5174 0.3798
Car 0.0000 0 0.0000 -1.0000 -1.0000 -1.0000 -1.0000 1.9540 1.6003 4.6180 -79.4102 -7.1238 0.5640 -0.1375 0.3352
Car 0.0000 0 0.0000 -1.0000 -1.0000 -1.0000 -1.0000 1.9593 1.5060 4.6274 -65.0672 -3.9880 0.4953 -2.6155 0.3269
Truck 0.0000 0 0.0000 -1.0000 -1.0000 -1.0000 -1.0000 2.5556 2.9706 6.5583 36.3745 15.7925 1.0142 -3.1394 0.3978
Cyclist 0.0000 0 0.0000 -1.0000 -1.0000 -1.0000 -1.0000 0.8055 1.6073 1.7689 26.5261 18.6608 0.2933 0.1054 0.3246
Pedestrian 0.0000 0 0.0000 -1.0000 -1.0000 -1.0000 -1.0000 0.6890 1.6542 0.6249 -49.0947 -13.9568 0.7867 -3.1110 0.4349
