Car 0.0000 0 0.0000 -1.0000 -1.0000 -1.0000 -1.0000 2.1156 1.7604 4.7564 12.2991 8.7772 0.8406 -0.0091 0.8288
Car 0.0000 0 0.0000 -1.0000 -1.0000 -1.0000 -1.0000 1.9769 1.4714 4.5948 2.7609 9.1403 0.7143 0.0102 0.7812
Car 0.0000 0 0.0000 -1.0000 -1.0000 -1.0000 -1.0000 2.0177 1.6543 4.6147 -21.4022 -0.9345 0.9002 3.1390 0.7192
Car 0.0000 0 0.0000 -1.0000 -1.0000 -1.0000 -1.0000 1.9996 1.4478 4.6016 -12.3276 9.3656 0.6670 0.0446 0.6319
Car 0.0000 0 0.0000 -1.0000 -1.0000 -1.0000 -1.0000 1.9257 1.7899 4.4181 -0.8778 12.3164 0.8314 3.1270 0.6208
Car 0.0000 0 0.0000 -1.0000 -1.0000 -1.0000 -1.0000 1.9195 1.6202 4.5807 10.1835 -29.6871 1.1228 1.5214 0.6150
Car 0.0000 0 0.0000 -1.0000 -1.0000 -1.0000 -1.0000 1.9662 1.7957 4.5955 -22.4722 12.6643 0.8665 3.1314 0.6090
Car 0.0000 0 0.0000 -1.0000 -1.0000 -1.0000 -1.0000 1.9654 1.5050 4.5656 15.5431 12.2351 0.6341 3.1065 0.5657
Car 0.0000 0 0.0000 -1.0000 -1.0000 -1.0000 -1.0000 1.9509 1.6659 4.4570 -3.9809 9.0977 0.8066 3.1254 0.5535
Car 0.0000 0 0.0000 -1.0000 -1.0000 -1.0000 -1.0000 1.8950 1.4687 4.5371 -7.9123 12.7907 0.6465 3.1054 0.5428
Car 0.0000 0 0.0000 -1.0000 -1.0000 -1.0000 -1.0000 1.8852 1.5752 4.4483 -35.6170 6.0742 0.9004 0.0392 0.4906
Car 0.0000 0 0.0000 -1.0000 -1.0000 -1.0000 -1.0000 2.0120 1.4547 4.6132 26.8590 -0.1898 0.8020 -3.1306 0.4887
Car 0.0000 0 0.0000 -1.0000 -1.0000 -1.0000 -1.0000 1.9473 1.6057 4.4874 6.0728 12.0891 0.7400 -0.0379 0.4825
Car 0.0000 0 0.0000 -1.0000 -1.0000 -1.0000 -1.0000 1.9253 1.5085 4.6123 -17.9884 -29.7612 0.9795 -1.4858 0.4632
Car 0.0000 0 0.0000 -1.0000 -1.0000 -1.0000 -1.0000 1.9206 1.5668 4.5094 -22.4810 9.4817 0.7740 0.0338 0.4301
Car 0.0000 0 0.0000 -1.0000 -1.0000 -1.0000 -1.0000 1.9046 1.6147 4.5134 22.4342 11.8233 0.6380 3.1397 0.4069
Car 0.0000 0 0.0000 -1.0000 -1.0000 -1.0000 -1.0000 1.8893 1.5282 4.5554 4.2801 -29.9589 0.9019 -1.6346 0.3985
Car 0.0000 0 0.0000 -1.0000 -1.0000 -1.0000 -1.0000 1.8849 1.5121 4.5602 12.6284 -30.2038 1.0096 1.5742 0.3969
Car 0.0000 0 0.0000 -1.0000 -1.0000 -1.0000 -1.0000 1.9043 1.5212 4.6103 -12.0807 -29.6053 0.8996 1.6414 0.3582
Car 0.0000 0 0.0000 -1.0000 -1.0000 -1.0000 -1.0000 1.9240 1.5583 4.6104 -43.0002 9.9318 0.8551 3.0996 0.3573
Car 0.0000 0 0.0000 -1.0000 -1.0000 -1.0000 -1.0000 2.0019 1.6225 4.7484 76.6004 -0.7777 0.9973 0.0371 0.3409
Car 0.0000 0 0.0000 -1.0000 -1.0000 -1.0000 -1.0000 1.8890 1.4874 4.4781 -53.0210 1.6369 0.8703 -3.0531 0.3317
Car 0.0000 0 0.0000 -1.0000 -1.0000 -1.0000 -1.0000 1.8594 1.5198 4.4799 15.8178 -30.0515 0.9899 1.5218 0.3279
Car 0.0000 0 0.0000 -1.0000 -1.0000 -1.0000 -1.0000 1.9017 1.5217 4.5640 -14.6386 -29.4346 0.8893 1.6357 0.3163
Car 0.0000 0 0.0000 -1.0000 -1.0000 -1.0000 -1.0000 1.9142 1.5639 4.6463 -31.6101 -29.7074 0.9583 -1.8053 0.3153
Car 0.0000 0 0.0000 -1.0000 -1.0000 -1.0000 -1.0000 1.8906 1.6737 4.6012 -43.4385 6.2427 0.9571 0.0441 0.3138
Car 0.0000 0 0.0000 -1.0000 -1.0000 -1.0000 -1.0000 1.9092 1.5486 4.6333 -3.1149 -29.9082 0.9212 1.4381 0.3032
Truck 0.0000 0 0.0000 -1.0000 -1.0000 -1.0000 -1.0000 1.9786 1.9893 5.1283 -30.6026 9.8452 1.1327 3.1367 0.4834
Truck 0.0000 0 0.0000 -1.0000 -1.0000 -1.0000 -1.0000 2.1218 2.0743 5.4412 -15.0601 12.6221 1.0098 3.1058 0.4418
Truck 0.0000 0 0.0000 -1.0000 -1.0000 -1.0000 -1.0000 2.1642 2.0988 5.2242 -32.7462 12.2690 1.0080 -0.0265 0.3648
Truck 0.0000 0 0.0000 -1.0000 -1.0000 -1.0000 -1.0000 1.9418 2.0033 4.9039 -35.6133 9.3149 1.1382 3.1314 0.3336
Cyclist 0.0000 0 0.0000 -1.0000 -1.0000 -1.0000 -1.0000 0.7135 1.5177 1.7036 -15.7394 26.3479 0.1878 -3.0846 0.3813
Cyclist 0.0000 0 0.0000 -1.0000 -1.0000 -1.0000 -1.0000 0.7657 1.5687 1.7558 7.8774 24.9748 0.2801 -3.0167 0.3413
