Car 0.0000 0 0.0000 -1.0000 -1.0000 -1.0000 -1.0000 2.0484 1.6546 4.6960 -20.8332 -2.5588 0.8064 3.1335 0.6313
Car 0.0000 0 0.0000 -1.0000 -1.0000 -1.0000 -1.0000 1.9452 1.4875 4.5560 -1.5605 -2.9746 0.7905 -3.1096 0.6134
Car 0.0000 0 0.0000 -1.0000 -1.0000 -1.0000 -1.0000 2.0155 1.4345 4.6160 -8.0678 -0.2562 0.7006 0.0045 0.6045
Car 0.0000 0 0.0000 -1.0000 -1.0000 -1.0000 -1.0000 1.9436 1.4768 4.5306 55.7904 10.3096 0.4602 -0.0047 0.4098
Car 0.0000 0 0.0000 -1.0000 -1.0000 -1.0000 -1.0000 1.8800 1.5703 4.4807 27.7157 -36.9374 0.6377 3.1063 0.3577
Car 0.0000 0 0.0000 -1.0000 -1.0000 -1.0000 -1.0000 1.9253 1.7724 4.4939 -8.5367 -36.0153 0.5628 -0.0110 0.3442
Car 0.0000 0 0.0000 -1.0000 -1.0000 -1.0000 -1.0000 2.0425 1.9842 4.8283 -83.7416 -3.2248 0.9049 -0.1503 0.3312
Car 0.0000 0 0.0000 -1.0000 -1.0000 -1.0000 -1.0000 2.1480 2.1905 5.0742 54.8944 7.3816 0.9907 3.1246 0.3243
Car 0.0000 0 0.0000 -1.0000 -1.0000 -1.0000 -1.0000 1.8545 1.5633 4.4828 -67.7714 -23.6287 0.7981 -2.9505 0.3210
Truck 0.0000 0 0.0000 -1.0000 -1.0000 -1.0000 -1.0000 2.9996 3.2753 10.7892 -11.1388 -6.2575 1.6476 3.1197 0.7277
Truck 0.0000 0 0.0000 -1.0000 -1.0000 -1.0000 -1.0000 2.9461 3.2703 12.5052 57.4482 13.7047 1.2676 -3.1135 0.5415
Truck 0.0000 0 0.0000 -1.0000 -1.0000 -1.0000 -1.0000 2.8602 3.2438 9.4695 83.6078 8.3026 1.6641 -3.0434 0.5200
