Car 0.0000 0 0.0000 -1.0000 -1.0000 -1.0000 -1.0000 2.0977 1.8904 4.7706 2.8747 -3.0052 0.9405 -3.1226 0.7577
Car 0.0000 0 0.0000 -1.0000 -1.0000 -1.0000 -1.0000 1.8853 1.4643 4.4507 18.2488 5.1746 0.8509 3.1231 0.7371
Car 0.0000 0 0.0000 -1.0000 -1.0000 -1.0000 -1.0000 1.9425 1.4786 4.5816 -24.2743 -0.5805 0.6341 0.0423 0.7282
Car 0.0000 0 0.0000 -1.0000 -1.0000 -1.0000 -1.0000 1.9370 1.5107 4.5470 -29.5304 -3.5160 0.5748 0.0081 0.7279
Car 0.0000 0 0.0000 -1.0000 -1.0000 -1.0000 -1.0000 1.9297 1.5293 4.5721 -2.9753 5.2377 0.7285 -0.0280 0.7183
Car 0.0000 0 0.0000 -1.0000 -1.0000 -1.0000 -1.0000 1.9428 1.6160 4.4516 27.8759 4.5855 0.8952 -2.6460 0.7033
Car 0.0000 0 0.0000 -1.0000 -1.0000 -1.0000 -1.0000 1.8986 1.4583 4.4537 -8.3822 5.3207 0.6895 0.0498 0.6956
Car 0.0000 0 0.0000 -1.0000 -1.0000 -1.0000 -1.0000 1.9283 1.6107 4.5192 12.8973 5.2922 0.9142 -0.0431 0.6851
Car 0.0000 0 0.0000 -1.0000 -1.0000 -1.0000 -1.0000 1.9602 1.6924 4.5384 -13.6475 5.2989 0.8137 -0.0039 0.6525
Car 0.0000 0 0.0000 -1.0000 -1.0000 -1.0000 -1.0000 1.9110 1.4422 4.5757 -16.5454 -5.9928 0.5934 0.0394 0.5774
Car 0.0000 0 0.0000 -1.0000 -1.0000 -1.0000 -1.0000 1.8686 1.4409 4.5348 -56.2449 4.5712 0.4816 3.1196 0.5185
Car 0.0000 0 0.0000 -1.0000 -1.0000 -1.0000 -1.0000 1.8284 1.4858 4.3770 2.3576 4.4559 0.7061 -0.0113 0.4999
Car 0.0000 0 0.0000 -1.0000 -1.0000 -1.0000 -1.0000 1.9021 1.6164 4.4819 76.7447 2.4255 0.7789 0.0633 0.4986
Car 0.0000 0 0.0000 -1.0000 -1.0000 -1.0000 -1.0000 1.9114 1.5060 4.5212 -51.2071 4.6409 0.5007 -0.0121 0.4413
Car 0.0000 0 0.0000 -1.0000 -1.0000 -1.0000 -1.0000 1.8657 1.5487 4.4440 -11.1055 -0.3650 0.7256 0.0070 0.4375
Car 0.0000 0 0.0000 -1.0000 -1.0000 -1.0000 -1.0000 1.9249 1.5089 4.6076 -19.3786 4.7795 0.7303 -3.1074 0.4238
Car 0.0000 0 0.0000 -1.0000 -1.0000 -1.0000 -1.0000 1.9258 1.5681 4.5591 -32.6323 0.0963 0.6435 0.0246 0.4103
Car 0.0000 0 0.0000 -1.0000 -1.0000 -1.0000 -1.0000 1.9311 1.4691 4.5922 -46.2115 4.6184 0.5164 -0.0247 0.3870
Car 0.0000 0 0.0000 -1.0000 -1.0000 -1.0000 -1.0000 1.8274 1.4666 4.4205 -40.9581 4.7854 0.5554 -0.0061 0.3750
Car 0.0000 0 0.0000 -1.0000 -1.0000 -1.0000 -1.0000 1.9695 1.5631 4.5241 -56.4313 -2.1158 0.5887 -0.0052 0.3644
Car 0.0000 0 0.0000 -1.0000 -1.0000 -1.0000 -1.0000 1.9111 1.6205 4.5535 82.9204 5.3748 0.6812 0.1084 0.3292
Truck 0.0000 0 0.0000 -1.0000 -1.0000 -1.0000 -1.0000 2.9095 3.0680 10.4380 -6.4574 -6.7693 1.4841 0.0419 0.7824
Truck 0.0000 0 0.0000 -1.0000 -1.0000 -1.0000 -1.0000 2.9387 3.0805 10.6219 -61.1886 -5.4353 1.3263 3.1215 0.6512
Truck 0.0000 0 0.0000 -1.0000 -1.0000 -1.0000 -1.0000 2.8119 3.4018 8.4255 12.9650 -0.6308 1.7723 0.0726 0.5711
Truck 0.0000 0 0.0000 -1.0000 -1.0000 -1.0000 -1.0000 2.8914 3.0271 11.2605 9.1313 -6.2624 1.4740 -3.1240 0.5050
Tricar 0.0000 0 0.0000 -1.0000 -1.0000 -1.0000 -1.0000 1.3317 1.6394 2.9242 45.9674 3.7283 0.9099 3.1170 0.3185
Cyclist 0.0000 0 0.0000 -1.0000 -1.0000 -1.0000 -1.0000 0.7811 1.5157 1.8004 24.2032 1.0937 0.7564 0.1373 0.6366
Cyclist 0.0000 0 0.0000 -1.0000 -1.0000 -1.0000 -1.0000 0.8587 1.6031 1.8137 -5.2938 -3.1112 0.7786 0.0477 0.5463
Cyclist 0.0000 0 0.0000 -1.0000 -1.0000 -1.0000 -1.0000 0.7860 1.5275 1.8131 -27.4075 -7.9262 0.5466 -0.0228 0.5459
Cyclist 0.0000 0 0.0000 -1.0000 -1.0000 -1.0000 -1.0000 0.7424 1.5842 1.7002 -22.3283 -4.2980 0.6822 -3.0831 0.5396
Cyclist 0.0000 0 0.0000 -1.0000 -1.0000 -1.0000 -1.0000 0.7947 1.5265 1.7810 -8.5477 -2.7294 0.7204 0.0248 0.5360
Cyclist 0.0000 0 0.0000 -1.0000 -1.0000 -1.0000 -1.0000 0.7291 1.5337 1.7277 -48.6990 -7.8132 0.3840 -0.0153 0.5261
Cyclist 0.0000 0 0.0000 -1.0000 -1.0000 -1.0000 -1.0000 0.8519 1.5887 1.7978 10.2569 2.1210 0.8786 -3.1410 0.4882
Cyclist 0.0000 0 0.0000 -1.0000 -1.0000 -1.0000 -1.0000 0.7609 1.5816 1.7001 -14.3297 -3.5675 0.7560 -3.1295 0.4737
Cyclist 0.0000 0 0.0000 -1.0000 -1.0000 -1.0000 -1.0000 0.8023 1.5696 1.7692 -12.6447 -2.4370 0.7473 0.0399 0.3906
Cyclist 0.0000 0 0.0000 -1.0000 -1.0000 -1.0000 -1.0000 0.7382 1.3144 1.7558 45.4360 -12.0296 0.5909 1.6631 0.3479
Cyclist 0.0000 0 0.0000 -1.0000 -1.0000 -1.0000 -1.0000 0.7505 1.5412 1.7036 51.3706 5.3039 0.8172 -3.0929 0.3027
Pedestrian 0.0000 0 0.0000 -1.0000 -1.0000 -1.0000 -1.0000 0.6788 1.6523 0.6140 31.6508 -10.0648 0.7678 3.0961 0.5270
Pedestrian 0.0000 0 0.0000 -1.0000 -1.0000 -1.0000 -1.0000 0.6843 1.6251 0.6247 -3.3215 9.9556 1.0754 3.1137 0.4852
Pedestrian 0.0000 0 0.0000 -1.0000 -1.0000 -1.0000 -1.0000 0.7064 1.7021 0.6420 -22.2914 9.0305 1.1266 0.0145 0.4128
Pedestrian 0.0000 0 0.0000 -1.0000 -1.0000 -1.0000 -1.0000 0.7020 1.6785 0.6254 -14.7406 9.9143 1.0832 0.0107 0.4067
Pedestrian 0.0000 0 0.0000 -1.0000 -1.0000 -1.0000 -1.0000 0.6726 1.6062 0.5886 -46.7712 -13.9380 0.6008 0.0797 0.3969
Pedestrian 0.0000 0 0.0000 -1.0000 -1.0000 -1.0000 -1.0000 0.7180 1.7150 0.6873 -9.7161 8.9251 1.0935 0.0415 0.3809
Pedestrian 0.0000 0 0.0000 -1.0000 -1.0000 -1.0000 -1.0000 0.6883 1.6603 0.6435 -9.0768 8.4040 0.9962 0.0078 0.3426
Pedestrian 0.0000 0 0.0000 -1.0000 -1.0000 -1.0000 -1.0000 0.7063 1.6442 0.6432 -20.2153 9.8104 1.1308 3.1177 0.3286
