Car 0.0000 0 0.0000 -1.0000 -1.0000 -1.0000 -1.0000 2.1010 1.7114 4.6936 -31.9460 -10.8170 0.8810 -2.7148 0.7899
Car 0.0000 0 0.0000 -1.0000 -1.0000 -1.0000 -1.0000 2.1753 1.8762 4.8933 -30.4010 -2.8495 0.9040 -2.6128 0.6762
Car 0.0000 0 0.0000 -1.0000 -1.0000 -1.0000 -1.0000 2.0593 1.6739 4.6779 42.1925 32.9367 0.9444 -2.5599 0.6107
Car 0.0000 0 0.0000 -1.0000 -1.0000 -1.0000 -1.0000 1.9454 1.7143 4.6273 -68.0818 -28.1088 0.4112 0.2695 0.5676
Car 0.0000 0 0.0000 -1.0000 -1.0000 -1.0000 -1.0000 1.9427 1.5215 4.5508 22.7999 -10.7204 1.0371 -0.9480 0.5498
Car 0.0000 0 0.0000 -1.0000 -1.0000 -1.0000 -1.0000 1.9042 1.4439 4.4534 -7.4767 31.6034 0.2513 -1.0520 0.5400
Car 0.0000 0 0.0000 -1.0000 -1.0000 -1.0000 -1.0000 1.9046 1.5051 4.5063 -11.2781 29.3200 0.2419 -1.0843 0.4407
Car 0.0000 0 0.0000 -1.0000 -1.0000 -1.0000 -1.0000 1.9410 1.5915 4.6296 15.0834 -0.1278 1.0025 1.7972 0.4250
Car 0.0000 0 0.0000 -1.0000 -1.0000 -1.0000 -1.0000 1.8922 1.5082 4.5473 -12.9321 39.4025 0.2500 -0.9790 0.3860
Car 0.0000 0 0.0000 -1.0000 -1.0000 -1.0000 -1.0000 1.8598 1.5296 4.4555 -16.5036 37.2352 0.2470 -1.9909 0.3127
Cyclist 0.0000 0 0.0000 -1.0000 -1.0000 -1.0000 -1.0000 0.7393 1.5531 1.6948 -19.9146 -14.1047 0.7284 0.4965 0.6268
Pedestrian 0.0000 0 0.0000 -1.0000 -1.0000 -1.0000 -1.0000 0.6983 1.6492 0.6890 6.3636 -10.6840 0.9895 3.1386 0.6360
