Car 0.0000 0 0.0000 -1.0000 -1.0000 -1.0000 -1.0000 1.9781 1.4791 4.5496 29.6366 -2.7984 1.0215 0.0305 0.8105
Car 0.0000 0 0.0000 -1.0000 -1.0000 -1.0000 -1.0000 2.0742 1.6721 4.6839 -11.6112 -3.2605 0.8404 -0.0104 0.7122
Car 0.0000 0 0.0000 -1.0000 -1.0000 -1.0000 -1.0000 2.0006 1.8796 4.5922 41.3753 6.5802 1.0886 3.1309 0.6831
Car 0.0000 0 0.0000 -1.0000 -1.0000 -1.0000 -1.0000 1.9786 1.6147 4.5465 -14.9834 10.2879 0.4904 -3.1080 0.6498
Car 0.0000 0 0.0000 -1.0000 -1.0000 -1.0000 -1.0000 1.9756 1.7667 4.5550 17.6879 7.1404 0.8146 -0.0124 0.6029
Car 0.0000 0 0.0000 -1.0000 -1.0000 -1.0000 -1.0000 2.0700 1.4714 4.6928 -31.2898 -2.0062 0.6236 -0.0104 0.5746
Car 0.0000 0 0.0000 -1.0000 -1.0000 -1.0000 -1.0000 1.9701 1.7362 4.5708 75.9307 1.3720 1.3109 0.1606 0.5226
Car 0.0000 0 0.0000 -1.0000 -1.0000 -1.0000 -1.0000 2.0541 2.0554 4.8642 -4.9780 9.2689 0.7645 0.0184 0.4832
Car 0.0000 0 0.0000 -1.0000 -1.0000 -1.0000 -1.0000 1.8716 1.4530 4.4540 31.4375 9.7018 0.7397 3.1325 0.4653
Car 0.0000 0 0.0000 -1.0000 -1.0000 -1.0000 -1.0000 1.8525 1.5144 4.4046 -29.5586 6.9174 0.4936 -0.0245 0.4523
Car 0.0000 0 0.0000 -1.0000 -1.0000 -1.0000 -1.0000 1.9687 1.8309 4.6739 -57.9386 6.8488 0.6060 -0.0107 0.4354
Car 0.0000 0 0.0000 -1.0000 -1.0000 -1.0000 -1.0000 1.8583 1.5162 4.4772 -52.9845 10.4128 0.3290 0.0026 0.4196
Car 0.0000 0 0.0000 -1.0000 -1.0000 -1.0000 -1.0000 1.9884 1.4883 4.5949 -60.1186 -0.2770 0.4102 -3.1175 0.4151
Car 0.0000 0 0.0000 -1.0000 -1.0000 -1.0000 -1.0000 1.8830 1.5143 4.5346 57.8056 11.3357 0.7266 0.0256 0.3794
