Car 0.0000 0 0.0000 -1.0000 -1.0000 -1.0000 -1.0000 1.9945 1.4414 4.6693 -21.3128 2.4800 0.7306 0.0205 0.6918
Car 0.0000 0 0.0000 -1.0000 -1.0000 -1.0000 -1.0000 1.9019 1.4093 4.4414 -18.8163 6.6231 0.6930 0.0158 0.6805
Car 0.0000 0 0.0000 -1.0000 -1.0000 -1.0000 -1.0000 1.8999 1.4333 4.4204 -24.4636 6.5829 0.6605 -0.0130 0.6784
Car 0.0000 0 0.0000 -1.0000 -1.0000 -1.0000 -1.0000 1.9673 1.6600 4.6759 8.8994 -38.6120 1.2134 0.2948 0.6680
Car 0.0000 0 0.0000 -1.0000 -1.0000 -1.0000 -1.0000 1.8845 1.6243 4.4874 -42.7650 7.1546 0.7772 -0.0139 0.5560
Car 0.0000 0 0.0000 -1.0000 -1.0000 -1.0000 -1.0000 1.9460 1.4645 4.5140 -30.6680 7.0644 0.6722 -0.0281 0.5183
Car 0.0000 0 0.0000 -1.0000 -1.0000 -1.0000 -1.0000 1.8925 1.5145 4.5616 -0.2152 -18.0428 0.9311 -1.2920 0.4418
Car 0.0000 0 0.0000 -1.0000 -1.0000 -1.0000 -1.0000 1.9326 1.7514 4.5841 16.8830 -21.9384 1.1184 0.1592 0.4179
Car 0.0000 0 0.0000 -1.0000 -1.0000 -1.0000 -1.0000 1.8907 1.5463 4.5040 15.8918 -18.6400 0.8650 -2.8829 0.3717
Car 0.0000 0 0.0000 -1.0000 -1.0000 -1.0000 -1.0000 2.0086 1.7998 4.6957 32.6637 -3.9264 1.0463 -0.0912 0.3589
Car 0.0000 0 0.0000 -1.0000 -1.0000 -1.0000 -1.0000 1.8242 1.7151 4.3216 -4.3457 -10.9352 1.1423 -2.9918 0.3226
Car 0.0000 0 0.0000 -1.0000 -1.0000 -1.0000 -1.0000 1.8580 1.5696 4.5086 -48.3285 7.1781 0.7845 -0.0013 0.3076
Car 0.0000 0 0.0000 -1.0000 -1.0000 -1.0000 -1.0000 1.8717 1.5006 4.4298 -52.8456 7.1542 0.7047 -3.1208 0.3024
Truck 0.0000 0 0.0000 -1.0000 -1.0000 -1.0000 -1.0000 2.9449 3.5169 9.2963 -43.2050 1.9534 1.7922 -3.0965 0.4534
Truck 0.0000 0 0.0000 -1.0000 -1.0000 -1.0000 -1.0000 2.4381 2.7138 6.2132 8.3753 -15.5503 1.5141 1.8620 0.4377
Tricar 0.0000 0 0.0000 -1.0000 -1.0000 -1.0000 -1.0000 1.2504 1.6719 2.8590 33.9964 6.3283 0.8358 -0.1293 0.3363
Cyclist 0.0000 0 0.0000 -1.0000 -1.0000 -1.0000 -1.0000 0.7801 1.5725 1.7680 36.6032 0.4752 0.7879 -3.1044 0.5529
Cyclist 0.0000 0 0.0000 -1.0000 -1.0000 -1.0000 -1.0000 0.7503 1.5506 1.7107 -3.0394 -3.2194 0.7804 3.1194 0.4446
Cyclist 0.0000 0 0.0000 -1.0000 -1.0000 -1.0000 -1.0000 0.7697 1.5713 1.7401 -64.2083 -1.0757 0.7651 -0.1549 0.3754
Pedestrian 0.0000 0 0.0000 -1.0000 -1.0000 -1.0000 -1.0000 0.7325 1.6765 0.7502 12.9185 9.2590 0.9079 0.0129 0.4006
