Car 0.0000 0 0.0000 -1.0000 -1.0000 -1.0000 -1.0000 1.9530 1.4669 4.5156 -8.5435 3.1603 0.6703 -3.0761 0.7676
Car 0.0000 0 0.0000 -1.0000 -1.0000 -1.0000 -1.0000 2.0106 1.4370 4.6421 5.3712 3.1148 0.6932 3.1339 0.7535
Car 0.0000 0 0.0000 -1.0000 -1.0000 -1.0000 -1.0000 2.0040 1.5544 4.5580 21.9448 -0.6401 0.8825 -0.1023 0.7518
Car 0.0000 0 0.0000 -1.0000 -1.0000 -1.0000 -1.0000 1.9567 1.4862 4.5530 -2.4765 3.3163 0.6734 -3.1253 0.7409
Car 0.0000 0 0.0000 -1.0000 -1.0000 -1.0000 -1.0000 1.9946 1.8200 4.6147 12.7847 2.6409 0.9001 3.1130 0.7347
Car 0.0000 0 0.0000 -1.0000 -1.0000 -1.0000 -1.0000 2.0305 1.5605 4.6780 51.1391 -5.3580 1.1896 3.1115 0.7232
Car 0.0000 0 0.0000 -1.0000 -1.0000 -1.0000 -1.0000 1.8830 1.4122 4.4666 21.4111 2.3185 0.7603 3.0802 0.6575
Car 0.0000 0 0.0000 -1.0000 -1.0000 -1.0000 -1.0000 1.8764 1.6060 4.4270 -41.6454 0.8382 0.6640 -1.7570 0.5779
Car 0.0000 0 0.0000 -1.0000 -1.0000 -1.0000 -1.0000 1.9293 1.5747 4.5701 -16.2557 33.0726 0.3929 -1.3929 0.5727
Car 0.0000 0 0.0000 -1.0000 -1.0000 -1.0000 -1.0000 2.0149 1.4859 4.6794 45.1564 -0.0132 0.9885 3.0451 0.5596
Car 0.0000 0 0.0000 -1.0000 -1.0000 -1.0000 -1.0000 1.9110 1.5371 4.5081 -10.2301 14.2618 0.5690 -1.7474 0.5347
Car 0.0000 0 0.0000 -1.0000 -1.0000 -1.0000 -1.0000 1.9474 1.5587 4.6336 -14.3434 38.6316 0.3339 -1.2430 0.5232
Car 0.0000 0 0.0000 -1.0000 -1.0000 -1.0000 -1.0000 1.9352 1.4704 4.6137 -69.6796 -1.5789 0.3399 -0.0717 0.4980
Car 0.0000 0 0.0000 -1.0000 -1.0000 -1.0000 -1.0000 1.8300 1.7573 4.4173 31.8963 -5.3243 1.0412 3.0793 0.4903
Car 0.0000 0 0.0000 -1.0000 -1.0000 -1.0000 -1.0000 1.9195 1.5235 4.5937 -14.0782 33.4174 0.3646 -1.4100 0.4568
Car 0.0000 0 0.0000 -1.0000 -1.0000 -1.0000 -1.0000 1.9827 1.6559 4.7027 58.7184 -7.9406 1.3933 3.0317 0.4235
Car 0.0000 0 0.0000 -1.0000 -1.0000 -1.0000 -1.0000 1.8748 1.7291 4.4562 -14.4301 25.1006 0.5361 -1.5181 0.3797
Car 0.0000 0 0.0000 -1.0000 -1.0000 -1.0000 -1.0000 1.8808 1.5704 4.5164 -14.0473 14.9792 0.5607 1.4931 0.3009
Truck 0.0000 0 0.0000 -1.0000 -1.0000 -1.0000 -1.0000 2.8725 3.1444 12.2393 -19.1353 2.6112 1.5447 0.0836 0.6532
Truck 0.0000 0 0.0000 -1.0000 -1.0000 -1.0000 -1.0000 2.2713 2.6227 5.6997 14.9711 9.5214 1.3958 3.0880 0.3800
Cyclist 0.0000 0 0.0000 -1.0000 -1.0000 -1.0000 -1.0000 0.7798 1.5370 1.7997 -47.4086 -3.3636 0.7384 -1.8918 0.4956
Cyclist 0.0000 0 0.0000 -1.0000 -1.0000 -1.0000 -1.0000 0.7183 1.4949 1.6934 17.8774 -2.3041 0.8453 -0.0155 0.4952
Cyclist 0.0000 0 0.0000 -1.0000 -1.0000 -1.0000 -1.0000 0.7994 1.5795 1.8318 -40.7441 -6.5697 0.9019 1.5123 0.4929
Cyclist 0.0000 0 0.0000 -1.0000 -1.0000 -1.0000 -1.0000 0.7759 1.5181 1.7773 -19.5761 8.0556 0.5796 0.0025 0.4839
Cyclist 0.0000 0 0.0000 -1.0000 -1.0000 -1.0000 -1.0000 0.6797 1.1862 1.6731 -4.9020 14.0249 0.4428 -0.3618 0.4615
Cyclist 0.0000 0 0.0000 -1.0000 -1.0000 -1.0000 -1.0000 0.7971 1.5262 1.7816 -58.8721 -2.9790 0.5893 -0.0816 0.4046
Cyclist 0.0000 0 0.0000 -1.0000 -1.0000 -1.0000 -1.0000 0.6908 1.3515 1.6772 -7.3086 16.3157 0.5132 -0.3792 0.4005
Cyclist 0.0000 0 0.0000 -1.0000 -1.0000 -1.0000 -1.0000 0.7371 1.2463 1.7765 7.9782 15.6193 0.5321 0.0001 0.3816
Cyclist 0.0000 0 0.0000 -1.0000 -1.0000 -1.0000 -1.0000 0.6843 1.1585 1.6781 -6.8366 11.8627 0.4925 0.2984 0.3764
Cyclist 0.0000 0 0.0000 -1.0000 -1.0000 -1.0000 -1.0000 0.6639 1.1095 1.6597 13.2794 16.5351 0.4536 -1.9431 0.3729
Cyclist 0.0000 0 0.0000 -1.0000 -1.0000 -1.0000 -1.0000 0.6513 1.1005 1.6738 13.0099 18.2244 0.4803 1.6777 0.3485
Cyclist 0.0000 0 0.0000 -1.0000 -1.0000 -1.0000 -1.0000 0.6863 1.3776 1.7215 11.2057 19.6609 0.6668 -1.4738 0.3429
Cyclist 0.0000 0 0.0000 -1.0000 -1.0000 -1.0000 -1.0000 0.7831 1.5505 1.7660 -21.4899 8.7685 0.6113 -0.0230 0.3322
Cyclist 0.0000 0 0.0000 -1.0000 -1.0000 -1.0000 -1.0000 0.7534 1.5772 1.7230 -63.4836 -4.0002 0.5128 -0.1484 0.3303
Pedestrian 0.0000 0 0.0000 -1.0000 -1.0000 -1.0000 -1.0000 0.6719 1.5973 0.6304 -8.3404 -4.3692 0.8919 -3.0643 0.5571
Pedestrian 0.0000 0 0.0000 -1.0000 -1.0000 -1.0000 -1.0000 0.6761 1.6454 0.6139 -0.4597 11.9622 0.7691 2.8339 0.4735
Pedestrian 0.0000 0 0.0000 -1.0000 -1.0000 -1.0000 -1.0000 0.7180 1.6943 0.6756 3.0413 -5.9486 1.1509 0.1814 0.3647
Pedestrian 0.0000 0 0.0000 -1.0000 -1.0000 -1.0000 -1.0000 0.7040 1.7247 0.6229 -14.0536 -10.3840 1.2638 0.1727 0.3252
