Car 0.0000 0 0.0000 -1.0000 -1.0000 -1.0000 -1.0000 1.9898 1.5081 4.5830 5.0111 6.4801 0.8623 3.1384 0.8233
Car 0.0000 0 0.0000 -1.0000 -1.0000 -1.0000 -1.0000 1.9925 1.5027 4.5989 -1.3995 6.3793 0.7911 3.1257 0.8219
Car 0.0000 0 0.0000 -1.0000 -1.0000 -1.0000 -1.0000 1.9634 1.4340 4.5639 3.3038 2.6954 0.7936 0.0061 0.8034
Car 0.0000 0 0.0000 -1.0000 -1.0000 -1.0000 -1.0000 1.9702 1.4907 4.5688 -48.8522 2.7119 0.8450 -2.9474 0.7566
Car 0.0000 0 0.0000 -1.0000 -1.0000 -1.0000 -1.0000 2.0502 1.7608 4.7563 -19.5306 6.9488 0.9294 0.0199 0.7120
Car 0.0000 0 0.0000 -1.0000 -1.0000 -1.0000 -1.0000 1.9816 1.4808 4.5952 -5.9080 2.8008 0.7534 0.0102 0.7011
Car 0.0000 0 0.0000 -1.0000 -1.0000 -1.0000 -1.0000 2.1728 2.0326 4.9461 -15.0683 3.1466 1.0273 3.1410 0.6918
Car 0.0000 0 0.0000 -1.0000 -1.0000 -1.0000 -1.0000 1.9048 1.4695 4.4298 -5.0524 9.7699 0.7499 3.1255 0.6785
Car 0.0000 0 0.0000 -1.0000 -1.0000 -1.0000 -1.0000 1.8848 1.4475 4.4065 -24.5136 2.8940 0.7340 0.0188 0.6609
Car 0.0000 0 0.0000 -1.0000 -1.0000 -1.0000 -1.0000 1.9945 1.4741 4.6026 3.1576 10.1247 0.7925 3.1234 0.6401
Car 0.0000 0 0.0000 -1.0000 -1.0000 -1.0000 -1.0000 1.9601 1.4467 4.5320 -45.5283 -0.5386 0.7727 -2.9597 0.6304
Car 0.0000 0 0.0000 -1.0000 -1.0000 -1.0000 -1.0000 1.9698 1.4293 4.5595 -13.6498 -0.5765 0.6743 -3.1104 0.6049
Car 0.0000 0 0.0000 -1.0000 -1.0000 -1.0000 -1.0000 1.9448 1.7696 4.5164 11.0906 7.0830 1.0586 3.1392 0.6007
Car 0.0000 0 0.0000 -1.0000 -1.0000 -1.0000 -1.0000 1.9415 1.7277 4.5128 23.4288 10.3015 1.2668 -3.1031 0.5741
Car 0.0000 0 0.0000 -1.0000 -1.0000 -1.0000 -1.0000 1.9523 1.6127 4.4710 9.3851 3.4022 0.9341 3.1366 0.5353
Car 0.0000 0 0.0000 -1.0000 -1.0000 -1.0000 -1.0000 1.9524 1.5115 4.5423 -7.5794 6.3892 0.7662 -3.1281 0.5262
Car 0.0000 0 0.0000 -1.0000 -1.0000 -1.0000 -1.0000 1.9473 1.6234 4.5488 17.7366 6.8721 1.0023 0.0077 0.4356
Car 0.0000 0 0.0000 -1.0000 -1.0000 -1.0000 -1.0000 1.9075 1.8223 4.4487 -5.5315 14.5858 0.8742 3.1272 0.4170
Car 0.0000 0 0.0000 -1.0000 -1.0000 -1.0000 -1.0000 1.8895 1.5587 4.5486 53.8628 -10.7694 1.4489 1.1587 0.4136
Car 0.0000 0 0.0000 -1.0000 -1.0000 -1.0000 -1.0000 1.9791 1.7059 4.6084 -55.5197 1.7260 0.9318 -2.9997 0.3704
Car 0.0000 0 0.0000 -1.0000 -1.0000 -1.0000 -1.0000 1.9144 1.5724 4.6013 -11.1051 10.3296 0.7508 0.0082 0.3582
Car 0.0000 0 0.0000 -1.0000 -1.0000 -1.0000 -1.0000 1.8897 1.6468 4.5199 -25.2470 10.0167 0.8170 0.0304 0.3190
Car 0.0000 0 0.0000 -1.0000 -1.0000 -1.0000 -1.0000 1.9133 1.7098 4.4522 23.7811 6.6785 1.0987 0.0061 0.3112
Truck 0.0000 0 0.0000 -1.0000 -1.0000 -1.0000 -1.0000 2.3017 2.2086 6.0254 23.5976 3.1039 1.3028 0.0237 0.5255
Truck 0.0000 0 0.0000 -1.0000 -1.0000 -1.0000 -1.0000 2.8581 3.3649 8.2963 -65.1666 3.2892 1.9588 0.1277 0.5071
Truck 0.0000 0 0.0000 -1.0000 -1.0000 -1.0000 -1.0000 2.7475 3.2061 7.1534 -21.3245 -15.4211 1.6390 1.9699 0.4919
Truck 0.0000 0 0.0000 -1.0000 -1.0000 -1.0000 -1.0000 2.0296 2.1303 5.2187 16.0082 3.2050 1.2635 0.0310 0.4570
Truck 0.0000 0 0.0000 -1.0000 -1.0000 -1.0000 -1.0000 2.6838 3.0992 7.2727 32.8576 6.5023 2.0498 0.0024 0.4481
Truck 0.0000 0 0.0000 -1.0000 -1.0000 -1.0000 -1.0000 1.7914 1.8571 4.3654 -17.9723 10.1743 0.9982 3.1078 0.4226
Truck 0.0000 0 0.0000 -1.0000 -1.0000 -1.0000 -1.0000 1.9134 1.8882 4.7663 10.8090 10.5522 1.1194 3.0938 0.3839
Truck 0.0000 0 0.0000 -1.0000 -1.0000 -1.0000 -1.0000 1.8878 1.9911 4.7397 9.7994 0.2355 1.1564 0.0422 0.3262
Cyclist 0.0000 0 0.0000 -1.0000 -1.0000 -1.0000 -1.0000 0.7412 1.5376 1.7374 -14.7412 -6.3401 0.6847 -3.0981 0.5287
Cyclist 0.0000 0 0.0000 -1.0000 -1.0000 -1.0000 -1.0000 0.7230 1.4862 1.6785 26.9179 -11.5799 0.9079 -0.0887 0.3756
Cyclist 0.0000 0 0.0000 -1.0000 -1.0000 -1.0000 -1.0000 0.7893 1.6243 1.7212 38.4535 -8.4170 1.1547 2.8429 0.3019
