Car 0.0000 0 0.0000 -1.0000 -1.0000 -1.0000 -1.0000 1.9974 1.4627 4.5925 14.1150 10.6385 0.6796 0.0041 0.8389
Car 0.0000 0 0.0000 -1.0000 -1.0000 -1.0000 -1.0000 2.1015 1.6477 4.7844 14.1661 13.9664 0.6942 -3.1375 0.7973
Car 0.0000 0 0.0000 -1.0000 -1.0000 -1.0000 -1.0000 2.0440 1.7323 4.5762 9.8473 -2.8680 0.9395 -3.1365 0.7768
Car 0.0000 0 0.0000 -1.0000 -1.0000 -1.0000 -1.0000 2.0215 1.4722 4.5374 -35.9269 -1.2642 0.5714 -0.0221 0.7299
Car 0.0000 0 0.0000 -1.0000 -1.0000 -1.0000 -1.0000 1.9223 1.6522 4.5446 65.7884 1.3591 1.2032 0.0567 0.5251
Car 0.0000 0 0.0000 -1.0000 -1.0000 -1.0000 -1.0000 1.9182 1.4987 4.5385 48.1301 16.9455 0.6113 3.0637 0.4863
Car 0.0000 0 0.0000 -1.0000 -1.0000 -1.0000 -1.0000 1.9539 1.6894 4.5848 -7.7515 18.0015 0.4241 -0.0162 0.4826
Car 0.0000 0 0.0000 -1.0000 -1.0000 -1.0000 -1.0000 1.9639 1.5512 4.7024 -38.3957 14.9770 0.3649 -2.9959 0.3573
Car 0.0000 0 0.0000 -1.0000 -1.0000 -1.0000 -1.0000 1.9840 1.6585 4.6493 55.5223 13.2762 0.7514 3.0948 0.3161
Truck 0.0000 0 0.0000 -1.0000 -1.0000 -1.0000 -1.0000 1.9343 1.9266 4.7166 35.2463 -2.7244 1.2466 3.1164 0.4790
Truck 0.0000 0 0.0000 -1.0000 -1.0000 -1.0000 -1.0000 2.4865 2.2450 6.7174 19.9088 -3.6575 1.2856 -0.0343 0.3882
