Car 0.0000 0 0.0000 -1.0000 -1.0000 -1.0000 -1.0000 2.0030 1.5032 4.5401 12.0170 -3.5310 0.7550 0.0086 0.8064
Car 0.0000 0 0.0000 -1.0000 -1.0000 -1.0000 -1.0000 2.0065 1.4379 4.5617 -24.4095 -7.1630 0.7359 3.1278 0.7994
Car 0.0000 0 0.0000 -1.0000 -1.0000 -1.0000 -1.0000 1.9458 1.5382 4.4391 35.0259 6.4681 0.6785 3.1367 0.7978
Car 0.0000 0 0.0000 -1.0000 -1.0000 -1.0000 -1.0000 2.0166 1.4512 4.6415 5.1513 9.9440 0.5821 0.0018 0.7577
Car 0.0000 0 0.0000 -1.0000 -1.0000 -1.0000 -1.0000 1.9747 1.4422 4.5370 18.0719 -7.8868 0.7359 3.1350 0.7054
Car 0.0000 0 0.0000 -1.0000 -1.0000 -1.0000 -1.0000 1.9125 1.6770 4.3954 -10.7299 6.1780 0.7936 -3.0941 0.6883
Car 0.0000 0 0.0000 -1.0000 -1.0000 -1.0000 -1.0000 2.0083 1.7487 4.5751 42.2329 -0.6633 0.8161 3.1354 0.6658
Car 0.0000 0 0.0000 -1.0000 -1.0000 -1.0000 -1.0000 1.9792 1.4774 4.6502 -44.5875 13.6198 0.4766 -0.1266 0.6412
Car 0.0000 0 0.0000 -1.0000 -1.0000 -1.0000 -1.0000 2.0396 1.5154 4.6190 -22.7596 -0.9638 0.8071 -3.1236 0.6198
Car 0.0000 0 0.0000 -1.0000 -1.0000 -1.0000 -1.0000 1.8876 1.5017 4.4856 -23.5388 13.6724 0.4924 3.1095 0.4864
Car 0.0000 0 0.0000 -1.0000 -1.0000 -1.0000 -1.0000 1.9488 1.8795 4.5864 56.6761 5.9937 0.7950 3.1254 0.4698
Car 0.0000 0 0.0000 -1.0000 -1.0000 -1.0000 -1.0000 1.8938 1.4406 4.4473 23.2246 -3.8939 0.6989 0.0098 0.4651
Car 0.0000 0 0.0000 -1.0000 -1.0000 -1.0000 -1.0000 1.9294 1.8468 4.5435 -28.8242 10.6936 0.7593 3.1181 0.4087
Car 0.0000 0 0.0000 -1.0000 -1.0000 -1.0000 -1.0000 1.8966 1.5931 4.4554 -35.1971 6.9136 0.6693 0.0176 0.3987
Car 0.0000 0 0.0000 -1.0000 -1.0000 -1.0000 -1.0000 2.0172 1.5522 4.5782 -60.8235 0.1613 0.8740 -3.1198 0.3341
Truck 0.0000 0 0.0000 -1.0000 -1.0000 -1.0000 -1.0000 2.8534 2.7328 9.0785 -39.7659 32.9542 0.8446 -3.1086 0.5614
Truck 0.0000 0 0.0000 -1.0000 -1.0000 -1.0000 -1.0000 2.9513 3.2836 9.8581 -55.1759 34.2593 0.9664 -3.1060 0.3604
