Car 0.0000 0 0.0000 -1.0000 -1.0000 -1.0000 -1.0000 2.0501 1.4933 4.6147 -23.9111 -4.1141 0.7724 0.0011 0.8240
Car 0.0000 0 0.0000 -1.0000 -1.0000 -1.0000 -1.0000 1.9187 1.5212 4.3931 -10.7239 9.9949 0.5404 0.0074 0.7724
Car 0.0000 0 0.0000 -1.0000 -1.0000 -1.0000 -1.0000 2.0038 1.7001 4.6575 -0.7995 10.7259 0.6264 -0.0217 0.6567
Car 0.0000 0 0.0000 -1.0000 -1.0000 -1.0000 -1.0000 1.9025 1.5059 4.4526 -22.1832 6.0886 0.6511 -3.1108 0.5988
Car 0.0000 0 0.0000 -1.0000 -1.0000 -1.0000 -1.0000 1.9325 1.5139 4.5235 -2.6328 6.8032 0.5716 -3.1340 0.5574
Car 0.0000 0 0.0000 -1.0000 -1.0000 -1.0000 -1.0000 2.0530 1.9622 4.7780 27.1784 11.6119 0.8415 -3.1411 0.5489
Car 0.0000 0 0.0000 -1.0000 -1.0000 -1.0000 -1.0000 2.0638 1.9113 4.6877 -27.0569 -7.7392 0.9871 3.1260 0.5128
Car 0.0000 0 0.0000 -1.0000 -1.0000 -1.0000 -1.0000 2.0056 1.5417 4.5990 -58.6309 -0.8317 0.9753 -3.1012 0.4954
Car 0.0000 0 0.0000 -1.0000 -1.0000 -1.0000 -1.0000 2.0050 1.5073 4.6982 57.4712 -4.9118 1.0714 3.1266 0.4900
Car 0.0000 0 0.0000 -1.0000 -1.0000 -1.0000 -1.0000 1.9030 1.6348 4.5832 82.8018 -1.5085 1.1985 0.0248 0.3689
Car 0.0000 0 0.0000 -1.0000 -1.0000 -1.0000 -1.0000 2.0236 1.9724 4.8362 -28.8421 9.6758 0.8017 -3.1300 0.3413
Truck 0.0000 0 0.0000 -1.0000 -1.0000 -1.0000 -1.0000 2.8663 3.1437 11.6583 50.4683 6.1423 1.8887 0.0234 0.4243
