Car 0.0000 0 0.0000 -1.0000 -1.0000 -1.0000 -1.0000 2.0196 1.5038 4.5786 -40.8935 2.4954 0.7595 -3.0879 0.8056
Car 0.0000 0 0.0000 -1.0000 -1.0000 -1.0000 -1.0000 1.9671 1.5480 4.4542 26.0784 2.7821 0.7983 3.1012 0.8048
Car 0.0000 0 0.0000 -1.0000 -1.0000 -1.0000 -1.0000 1.9426 1.4979 4.5854 -48.2199 -2.3948 0.7094 0.0384 0.6807
Car 0.0000 0 0.0000 -1.0000 -1.0000 -1.0000 -1.0000 2.1012 2.2570 4.8296 22.0823 9.0529 1.1796 -0.0421 0.5526
Car 0.0000 0 0.0000 -1.0000 -1.0000 -1.0000 -1.0000 1.9886 1.6717 4.6106 -21.7076 -0.0132 0.8788 0.0211 0.5045
Car 0.0000 0 0.0000 -1.0000 -1.0000 -1.0000 -1.0000 1.9201 1.5032 4.4982 -32.3124 -0.9174 0.7203 0.0350 0.4971
Car 0.0000 0 0.0000 -1.0000 -1.0000 -1.0000 -1.0000 1.9969 1.4823 4.5921 -23.1423 3.6867 0.7625 0.0359 0.4455
Car 0.0000 0 0.0000 -1.0000 -1.0000 -1.0000 -1.0000 1.9667 1.4677 4.4847 5.5486 3.7662 0.7227 3.1262 0.4372
Car 0.0000 0 0.0000 -1.0000 -1.0000 -1.0000 -1.0000 2.3699 2.6710 5.3800 20.7239 -0.6314 1.3796 -0.0376 0.3468
Truck 0.0000 0 0.0000 -1.0000 -1.0000 -1.0000 -1.0000 2.8951 3.1475 8.9247 -68.7272 7.4033 1.1760 -0.0398 0.5458
Truck 0.0000 0 0.0000 -1.0000 -1.0000 -1.0000 -1.0000 2.8276 3.2256 8.8891 -60.7860 -3.3642 1.5942 -3.0786 0.5420
Truck 0.0000 0 0.0000 -1.0000 -1.0000 -1.0000 -1.0000 2.9481 3.4788 9.9045 83.9108 5.0245 1.8058 3.0585 0.5114
Truck 0.0000 0 0.0000 -1.0000 -1.0000 -1.0000 -1.0000 3.0149 3.1161 9.8423 -55.6611 1.8430 1.4573 -3.0875 0.4824
Truck 0.0000 0 0.0000 -1.0000 -1.0000 -1.0000 -1.0000 2.5252 2.7729 7.7264 22.1952 -0.9553 1.3951 3.1254 0.4130
Truck 0.0000 0 0.0000 -1.0000 -1.0000 -1.0000 -1.0000 2.0179 2.0072 5.1384 47.4259 2.2702 0.9067 3.1182 0.3369
