Car 0.0000 0 0.0000 -1.0000 -1.0000 -1.0000 -1.0000 2.1013 1.5039 4.7820 -19.9259 -0.7202 0.7879 0.0534 0.8408
Car 0.0000 0 0.0000 -1.0000 -1.0000 -1.0000 -1.0000 1.9921 1.5691 4.5655 20.0843 7.1073 0.6010 0.0161 0.8085
Car 0.0000 0 0.0000 -1.0000 -1.0000 -1.0000 -1.0000 2.0631 1.6842 4.6530 -20.6076 -4.4919 0.9017 -3.1243 0.8056
Car 0.0000 0 0.0000 -1.0000 -1.0000 -1.0000 -1.0000 2.0295 1.6778 4.6064 2.9846 4.2587 0.7647 -3.1210 0.7545
Car 0.0000 0 0.0000 -1.0000 -1.0000 -1.0000 -1.0000 1.9908 1.6404 4.5626 6.7798 -4.0438 0.8448 0.0327 0.7005
Car 0.0000 0 0.0000 -1.0000 -1.0000 -1.0000 -1.0000 1.9511 1.4465 4.5605 -14.1085 3.5553 0.6743 0.0386 0.6945
Car 0.0000 0 0.0000 -1.0000 -1.0000 -1.0000 -1.0000 2.0092 1.7058 4.6418 17.6087 -0.2672 0.8415 3.1406 0.6773
Car 0.0000 0 0.0000 -1.0000 -1.0000 -1.0000 -1.0000 1.9386 1.4482 4.4637 17.3804 -3.3849 0.6968 0.0118 0.6041
Car 0.0000 0 0.0000 -1.0000 -1.0000 -1.0000 -1.0000 2.0416 1.5203 4.7062 -36.5540 4.4679 0.6812 -3.1405 0.6023
Car 0.0000 0 0.0000 -1.0000 -1.0000 -1.0000 -1.0000 1.9661 1.5104 4.5879 -29.8272 -0.6971 0.7363 -3.1252 0.5801
Car 0.0000 0 0.0000 -1.0000 -1.0000 -1.0000 -1.0000 2.0235 1.5531 4.6775 -39.4881 -0.4887 0.7506 -0.0256 0.5750
Car 0.0000 0 0.0000 -1.0000 -1.0000 -1.0000 -1.0000 1.9468 1.6800 4.5351 -19.3535 31.9355 0.2834 -1.6424 0.5699
Car 0.0000 0 0.0000 -1.0000 -1.0000 -1.0000 -1.0000 1.9953 1.6255 4.6017 30.1799 4.0843 0.6320 0.0059 0.5678
Car 0.0000 0 0.0000 -1.0000 -1.0000 -1.0000 -1.0000 2.0109 1.6570 4.5936 -5.8342 6.4413 0.7264 3.1398 0.5543
Car 0.0000 0 0.0000 -1.0000 -1.0000 -1.0000 -1.0000 1.8969 1.6147 4.5643 61.4923 -3.0518 0.6144 0.1031 0.5249
Car 0.0000 0 0.0000 -1.0000 -1.0000 -1.0000 -1.0000 2.0246 1.6452 4.5978 -38.0878 -5.5168 0.8506 -3.1333 0.5043
Car 0.0000 0 0.0000 -1.0000 -1.0000 -1.0000 -1.0000 2.0091 1.5580 4.6593 57.1152 4.2300 0.4578 0.0143 0.4448
Car 0.0000 0 0.0000 -1.0000 -1.0000 -1.0000 -1.0000 1.9175 1.7405 4.5599 46.7087 -29.5711 0.9688 -1.3930 0.4418
Car 0.0000 0 0.0000 -1.0000 -1.0000 -1.0000 -1.0000 1.9135 1.5922 4.5852 44.3333 6.7019 0.5096 3.0903 0.4347
Car 0.0000 0 0.0000 -1.0000 -1.0000 -1.0000 -1.0000 1.9381 1.7577 4.7005 62.0956 -28.1604 0.8075 1.3942 0.4309
Car 0.0000 0 0.0000 -1.0000 -1.0000 -1.0000 -1.0000 1.9223 1.4657 4.4632 -22.6064 11.3542 0.4658 -3.1282 0.4166
Car 0.0000 0 0.0000 -1.0000 -1.0000 -1.0000 -1.0000 1.9548 1.4872 4.5088 47.5659 -4.0228 0.5991 3.1372 0.4038
Car 0.0000 0 0.0000 -1.0000 -1.0000 -1.0000 -1.0000 1.9180 1.5747 4.5770 63.4469 -15.0293 0.5154 0.9059 0.3982
Car 0.0000 0 0.0000 -1.0000 -1.0000 -1.0000 -1.0000 1.8812 1.4739 4.4738 0.5633 -17.8475 0.9299 3.1179 0.3709
Car 0.0000 0 0.0000 -1.0000 -1.0000 -1.0000 -1.0000 1.9281 1.5334 4.5252 -10.5788 12.7980 0.5093 -0.0190 0.3616
Car 0.0000 0 0.0000 -1.0000 -1.0000 -1.0000 -1.0000 1.9466 1.6230 4.6216 55.9545 -29.0407 0.9453 1.5090 0.3550
Car 0.0000 0 0.0000 -1.0000 -1.0000 -1.0000 -1.0000 1.9019 1.6003 4.5970 51.3811 -39.0167 1.0156 1.6190 0.3523
Car 0.0000 0 0.0000 -1.0000 -1.0000 -1.0000 -1.0000 1.9281 1.7110 4.6028 -67.6879 0.4627 0.8296 -0.0041 0.3373
Car 0.0000 0 0.0000 -1.0000 -1.0000 -1.0000 -1.0000 1.9771 1.5559 4.5846 26.9014 -3.6694 0.7596 3.1368 0.3298
Car 0.0000 0 0.0000 -1.0000 -1.0000 -1.0000 -1.0000 1.8835 1.6261 4.5533 54.6632 -37.3225 0.9812 1.6299 0.3106
Car 0.0000 0 0.0000 -1.0000 -1.0000 -1.0000 -1.0000 1.9212 1.7852 4.5943 -67.0001 -12.7588 1.1971 2.9879 0.3074
Truck 0.0000 0 0.0000 -1.0000 -1.0000 -1.0000 -1.0000 2.9110 3.2197 11.3559 -35.5280 8.4659 1.5045 3.1387 0.7302
Truck 0.0000 0 0.0000 -1.0000 -1.0000 -1.0000 -1.0000 2.9340 3.4160 11.6440 -50.3877 8.2738 1.5355 0.0121 0.6444
Truck 0.0000 0 0.0000 -1.0000 -1.0000 -1.0000 -1.0000 2.8034 3.2814 8.2157 -71.1212 6.3388 1.5963 -0.0783 0.3749
Cyclist 0.0000 0 0.0000 -1.0000 -1.0000 -1.0000 -1.0000 0.7354 1.6237 1.6539 6.0292 -10.6142 0.8983 0.0300 0.5034
Cyclist 0.0000 0 0.0000 -1.0000 -1.0000 -1.0000 -1.0000 0.7730 1.5566 1.7389 -31.6107 -13.9291 0.8578 -0.2530 0.4303
Cyclist 0.0000 0 0.0000 -1.0000 -1.0000 -1.0000 -1.0000 0.7196 1.5475 1.6779 22.1571 -11.8398 0.7246 3.0735 0.4028
Cyclist 0.0000 0 0.0000 -1.0000 -1.0000 -1.0000 -1.0000 0.7051 1.5333 1.6771 4.9095 20.6951 0.3529 0.0021 0.3956
Cyclist 0.0000 0 0.0000 -1.0000 -1.0000 -1.0000 -1.0000 0.7315 1.5819 1.6882 35.9496 -11.2853 0.6886 -3.0741 0.3921
Cyclist 0.0000 0 0.0000 -1.0000 -1.0000 -1.0000 -1.0000 0.7332 1.5614 1.6898 31.7343 15.0992 0.3343 0.0289 0.3885
Cyclist 0.0000 0 0.0000 -1.0000 -1.0000 -1.0000 -1.0000 0.9139 1.6667 1.8596 -17.9023 -19.2967 1.0960 -0.1607 0.3300
Pedestrian 0.0000 0 0.0000 -1.0000 -1.0000 -1.0000 -1.0000 0.6822 1.6694 0.6071 0.8134 -21.8289 1.1504 3.0837 0.5507
Pedestrian 0.0000 0 0.0000 -1.0000 -1.0000 -1.0000 -1.0000 0.6908 1.6465 0.6203 -22.0777 19.8932 0.3660 -0.0426 0.5189
Pedestrian 0.0000 0 0.0000 -1.0000 -1.0000 -1.0000 -1.0000 0.6997 1.7014 0.6357 -35.4795 -18.3313 1.0511 3.1367 0.5075
Pedestrian 0.0000 0 0.0000 -1.0000 -1.0000 -1.0000 -1.0000 0.7119 1.6772 0.6684 34.8333 17.6750 0.3501 -3.0937 0.4553
Pedestrian 0.0000 0 0.0000 -1.0000 -1.0000 -1.0000 -1.0000 0.6787 1.6387 0.5732 -27.6258 20.2733 0.2885 0.1660 0.4209
Pedestrian 0.0000 0 0.0000 -1.0000 -1.0000 -1.0000 -1.0000 0.6982 1.6419 0.6338 31.2529 19.7178 0.4299 -3.0443 0.4118
Pedestrian 0.0000 0 0.0000 -1.0000 -1.0000 -1.0000 -1.0000 0.6756 1.6272 0.6005 -24.3736 21.6558 0.3838 0.0012 0.4113
Pedestrian 0.0000 0 0.0000 -1.0000 -1.0000 -1.0000 -1.0000 0.6841 1.6179 0.6325 34.9466 20.2362 0.3508 0.0417 0.3856
Pedestrian 0.0000 0 0.0000 -1.0000 -1.0000 -1.0000 -1.0000 0.7024 1.6580 0.6182 -25.7071 14.9285 0.4508 -0.0230 0.3609
Pedestrian 0.0000 0 0.0000 -1.0000 -1.0000 -1.0000 -1.0000 0.6935 1.6558 0.6066 -26.2433 19.5187 0.3932 3.0570 0.3234
Pedestrian 0.0000 0 0.0000 -1.0000 -1.0000 -1.0000 -1.0000 0.6679 1.6666 0.5481 -14.6086 29.7151 0.2412 3.0515 0.3220
Pedestrian 0.0000 0 0.0000 -1.0000 -1.0000 -1.0000 -1.0000 0.7179 1.5875 0.6951 4.9300 20.6407 0.3722 -0.0082 0.3099
Pedestrian 0.0000 0 0.0000 -1.0000 -1.0000 -1.0000 -1.0000 0.7015 1.6142 0.6473 22.1179 -11.9453 0.7394 3.0677 0.3082
