Car 0.0000 0 0.0000 -1.0000 -1.0000 -1.0000 -1.0000 1.9320 1.4014 4.4808 10.5639 6.1794 0.7004 3.1290 0.8204
Car 0.0000 0 0.0000 -1.0000 -1.0000 -1.0000 -1.0000 1.9991 1.4471 4.6045 -22.0488 6.0293 0.7219 3.1402 0.8173
Car 0.0000 0 0.0000 -1.0000 -1.0000 -1.0000 -1.0000 1.9493 1.4036 4.4655 -14.9065 6.1769 0.6776 3.1373 0.7553
Car 0.0000 0 0.0000 -1.0000 -1.0000 -1.0000 -1.0000 1.9680 1.5202 4.6359 -35.5379 5.1726 0.7404 0.0327 0.7278
Car 0.0000 0 0.0000 -1.0000 -1.0000 -1.0000 -1.0000 1.9849 1.4519 4.5296 16.2502 5.4476 0.7144 -0.0073 0.7136
Car 0.0000 0 0.0000 -1.0000 -1.0000 -1.0000 -1.0000 1.9302 1.4555 4.5252 3.2250 5.8356 0.7440 3.1043 0.6750
Car 0.0000 0 0.0000 -1.0000 -1.0000 -1.0000 -1.0000 1.9537 1.6043 4.6154 37.7993 -21.5209 1.3108 1.8829 0.6213
Car 0.0000 0 0.0000 -1.0000 -1.0000 -1.0000 -1.0000 1.9099 1.4949 4.4950 -29.8340 6.2246 0.6936 -2.6279 0.6206
Car 0.0000 0 0.0000 -1.0000 -1.0000 -1.0000 -1.0000 1.9656 1.5475 4.6009 33.8304 4.0271 0.7436 3.1314 0.6150
Car 0.0000 0 0.0000 -1.0000 -1.0000 -1.0000 -1.0000 1.8818 1.4403 4.4727 14.7203 0.3706 0.7490 0.0091 0.5395
Car 0.0000 0 0.0000 -1.0000 -1.0000 -1.0000 -1.0000 2.0814 1.5050 4.7194 -15.4907 0.1696 0.7674 -3.1318 0.5381
Car 0.0000 0 0.0000 -1.0000 -1.0000 -1.0000 -1.0000 1.9559 1.5624 4.5586 -51.7344 -5.2564 0.9133 -3.1403 0.5313
Car 0.0000 0 0.0000 -1.0000 -1.0000 -1.0000 -1.0000 1.9614 1.4570 4.5762 -38.4980 -1.0178 0.7733 0.0102 0.5128
Car 0.0000 0 0.0000 -1.0000 -1.0000 -1.0000 -1.0000 1.9898 1.6679 4.5572 -4.3673 5.7136 0.8362 3.1188 0.5029
Car 0.0000 0 0.0000 -1.0000 -1.0000 -1.0000 -1.0000 1.9152 1.5077 4.6252 33.4890 -23.3134 1.2495 1.5648 0.5008
Car 0.0000 0 0.0000 -1.0000 -1.0000 -1.0000 -1.0000 1.9458 1.7059 4.4623 -16.9376 -5.3048 0.8930 0.0181 0.4900
Car 0.0000 0 0.0000 -1.0000 -1.0000 -1.0000 -1.0000 2.0250 1.7328 4.7939 18.8264 27.2241 0.3684 -3.0317 0.4828
Car 0.0000 0 0.0000 -1.0000 -1.0000 -1.0000 -1.0000 1.8847 1.5700 4.4232 12.8204 26.0459 0.1635 -1.4283 0.4672
Car 0.0000 0 0.0000 -1.0000 -1.0000 -1.0000 -1.0000 1.8362 1.4138 4.3983 21.5484 5.6162 0.6612 3.1414 0.4579
Car 0.0000 0 0.0000 -1.0000 -1.0000 -1.0000 -1.0000 1.9358 1.7452 4.5644 -48.6946 -1.8214 0.9948 3.1001 0.4572
Car 0.0000 0 0.0000 -1.0000 -1.0000 -1.0000 -1.0000 1.9134 1.6831 4.5432 -44.0891 5.0683 0.8693 0.0212 0.4492
Car 0.0000 0 0.0000 -1.0000 -1.0000 -1.0000 -1.0000 1.8635 1.4436 4.5219 27.2685 5.8855 0.7305 3.1119 0.4411
Car 0.0000 0 0.0000 -1.0000 -1.0000 -1.0000 -1.0000 2.0474 2.0044 4.7224 33.5577 6.7424 0.9573 0.0005 0.4397
Car 0.0000 0 0.0000 -1.0000 -1.0000 -1.0000 -1.0000 1.9012 1.5219 4.6229 4.7919 -21.0571 1.2442 -1.4458 0.4000
Car 0.0000 0 0.0000 -1.0000 -1.0000 -1.0000 -1.0000 1.9837 1.7394 4.6067 23.6628 -0.0811 0.9312 -0.0065 0.3959
Car 0.0000 0 0.0000 -1.0000 -1.0000 -1.0000 -1.0000 1.9103 1.5443 4.5309 -43.5521 8.1791 0.7046 -3.1413 0.3842
Car 0.0000 0 0.0000 -1.0000 -1.0000 -1.0000 -1.0000 1.8792 1.5373 4.5190 10.4346 -20.5780 1.1505 -1.5452 0.3836
Car 0.0000 0 0.0000 -1.0000 -1.0000 -1.0000 -1.0000 1.8624 1.6182 4.4402 -51.0965 5.0489 0.9178 -3.0973 0.3797
Car 0.0000 0 0.0000 -1.0000 -1.0000 -1.0000 -1.0000 1.8147 1.6281 4.3786 -63.5578 4.9218 0.9264 -3.1270 0.3534
Car 0.0000 0 0.0000 -1.0000 -1.0000 -1.0000 -1.0000 1.9397 1.5118 4.6270 40.6688 3.3144 0.6627 3.1400 0.3382
Car 0.0000 0 0.0000 -1.0000 -1.0000 -1.0000 -1.0000 1.9238 1.8614 4.5313 -1.5366 -20.4766 1.3981 -1.3605 0.3160
Car 0.0000 0 0.0000 -1.0000 -1.0000 -1.0000 -1.0000 1.9089 1.6872 4.6070 23.1655 -22.2817 1.2404 1.1226 0.3055
Truck 0.0000 0 0.0000 -1.0000 -1.0000 -1.0000 -1.0000 2.9007 3.1051 10.4094 28.0909 11.9053 1.5361 -3.0964 0.4669
Truck 0.0000 0 0.0000 -1.0000 -1.0000 -1.0000 -1.0000 2.7648 2.9602 8.1292 52.5560 12.1514 1.8921 0.0322 0.4544
Tricar 0.0000 0 0.0000 -1.0000 -1.0000 -1.0000 -1.0000 1.2719 1.7070 2.9395 -32.7912 -11.9785 1.0788 -3.1067 0.4046
Tricar 0.0000 0 0.0000 -1.0000 -1.0000 -1.0000 -1.0000 1.2731 1.6355 3.0193 -11.1587 -28.0057 1.5624 -0.0275 0.3187
Cyclist 0.0000 0 0.0000 -1.0000 -1.0000 -1.0000 -1.0000 0.7635 1.5030 1.7421 -4.2891 -11.9552 0.8590 -3.1141 0.5972
Cyclist 0.0000 0 0.0000 -1.0000 -1.0000 -1.0000 -1.0000 0.7086 1.5045 1.6561 -3.5108 -10.0291 0.8713 3.1303 0.4097
Cyclist 0.0000 0 0.0000 -1.0000 -1.0000 -1.0000 -1.0000 0.6683 1.1522 1.7148 12.5909 -15.4910 0.8991 1.7823 0.3049
Pedestrian 0.0000 0 0.0000 -1.0000 -1.0000 -1.0000 -1.0000 0.7298 1.6921 0.6828 -23.8001 20.0067 0.2980 -3.1409 0.4524
Pedestrian 0.0000 0 0.0000 -1.0000 -1.0000 -1.0000 -1.0000 0.7277 1.6622 0.7096 1.4353 20.7189 0.3807 0.0283 0.3742
Pedestrian 0.0000 0 0.0000 -1.0000 -1.0000 -1.0000 -1.0000 0.6904 1.6571 0.6027 47.2803 -12.0771 1.0261 0.0241 0.3370
Pedestrian 0.0000 0 0.0000 -1.0000 -1.0000 -1.0000 -1.0000 0.7018 1.6955 0.5974 16.4349 23.4134 0.2240 -2.8499 0.3282
