Car 0.0000 0 0.0000 -1.0000 -1.0000 -1.0000 -1.0000 2.0096 1.6442 4.5963 -35.3085 0.3856 1.0219 -0.0032 0.7308
Car 0.0000 0 0.0000 -1.0000 -1.0000 -1.0000 -1.0000 1.9632 1.5441 4.5254 -12.3653 6.1024 0.7767 -3.0728 0.7010
Car 0.0000 0 0.0000 -1.0000 -1.0000 -1.0000 -1.0000 1.9380 1.4808 4.4663 23.2595 9.0676 0.7197 -3.0498 0.6945
Car 0.0000 0 0.0000 -1.0000 -1.0000 -1.0000 -1.0000 1.9180 1.4866 4.5117 -39.0395 10.5185 1.3674 -3.1219 0.6545
Car 0.0000 0 0.0000 -1.0000 -1.0000 -1.0000 -1.0000 2.0160 1.4807 4.5873 20.0450 19.2087 0.7292 -2.9905 0.6139
Car 0.0000 0 0.0000 -1.0000 -1.0000 -1.0000 -1.0000 2.0548 1.8002 4.7742 14.4743 -8.8306 0.9120 0.0048 0.5496
Car 0.0000 0 0.0000 -1.0000 -1.0000 -1.0000 -1.0000 1.9932 1.5807 4.6065 4.6783 7.5786 0.7354 -3.0331 0.4792
Car 0.0000 0 0.0000 -1.0000 -1.0000 -1.0000 -1.0000 1.9146 1.5459 4.6117 -59.5704 13.9843 2.0755 -3.1310 0.4699
Car 0.0000 0 0.0000 -1.0000 -1.0000 -1.0000 -1.0000 1.9582 1.5842 4.4472 18.8995 3.7334 0.8047 -3.0551 0.4198
Truck 0.0000 0 0.0000 -1.0000 -1.0000 -1.0000 -1.0000 3.0774 4.3559 16.5275 -7.5050 -8.6614 2.1072 2.9129 0.6334
Truck 0.0000 0 0.0000 -1.0000 -1.0000 -1.0000 -1.0000 2.3192 2.2015 6.1731 -34.8664 -4.2440 1.1849 3.0551 0.4716
Truck 0.0000 0 0.0000 -1.0000 -1.0000 -1.0000 -1.0000 2.6263 2.8259 7.9862 48.8965 8.3142 1.5116 -2.9653 0.4591
Cyclist 0.0000 0 0.0000 -1.0000 -1.0000 -1.0000 -1.0000 0.6969 1.5029 1.6665 63.9704 30.1615 0.8907 0.2643 0.4685
Cyclist 0.0000 0 0.0000 -1.0000 -1.0000 -1.0000 -1.0000 0.7776 1.5159 1.7725 58.3022 29.6296 0.8320 -3.0143 0.3118
