Car 0.0000 0 0.0000 -1.0000 -1.0000 -1.0000 -1.0000 1.9313 1.4904 4.5185 27.5107 -0.9449 1.0300 2.8922 0.7777
Car 0.0000 0 0.0000 -1.0000 -1.0000 -1.0000 -1.0000 2.0172 1.6636 4.7156 20.3445 -17.9205 0.9200 -1.6629 0.7563
Car 0.0000 0 0.0000 -1.0000 -1.0000 -1.0000 -1.0000 1.9292 1.4742 4.5742 12.0396 27.6141 1.3799 -1.6291 0.6666
Car 0.0000 0 0.0000 -1.0000 -1.0000 -1.0000 -1.0000 1.9506 1.5406 4.6054 20.0661 -25.0323 0.8084 -1.6319 0.5867
Car 0.0000 0 0.0000 -1.0000 -1.0000 -1.0000 -1.0000 1.9356 1.6322 4.5475 35.6854 -2.2867 1.1174 0.0830 0.5216
Car 0.0000 0 0.0000 -1.0000 -1.0000 -1.0000 -1.0000 1.9846 1.4845 4.6745 -42.1193 -3.9261 0.5630 -0.0502 0.3189
Tricar 0.0000 0 0.0000 -1.0000 -1.0000 -1.0000 -1.0000 1.2129 1.7552 2.7578 23.6453 2.5908 1.2052 3.0109 0.5755
Tricar 0.0000 0 0.0000 -1.0000 -1.0000 -1.0000 -1.0000 1.5972 2.1272 3.6260 8.0746 -4.5463 1.1728 -0.1408 0.5693
Cyclist 0.0000 0 0.0000 -1.0000 -1.0000 -1.0000 -1.0000 0.7509 1.5358 1.6996 33.1386 5.3075 1.0804 3.1221 0.6537
Cyclist 0.0000 0 0.0000 -1.0000 -1.0000 -1.0000 -1.0000 0.7998 1.4419 1.8385 -7.1945 6.0436 0.7357 0.1876 0.6264
Cyclist 0.0000 0 0.0000 -1.0000 -1.0000 -1.0000 -1.0000 0.7293 1.4884 1.7038 -9.6117 6.8369 0.7639 0.0617 0.5697
Cyclist 0.0000 0 0.0000 -1.0000 -1.0000 -1.0000 -1.0000 0.7766 1.5345 1.7867 -12.0954 -1.8469 0.6813 3.0778 0.4552
