Car 0.0000 0 0.0000 -1.0000 -1.0000 -1.0000 -1.0000 2.0636 1.5289 4.7299 -29.5647 -0.9725 0.7536 -0.0078 0.7899
Car 0.0000 0 0.0000 -1.0000 -1.0000 -1.0000 -1.0000 1.9802 1.4558 4.6895 -37.0800 1.0512 0.6550 0.0596 0.7309
Car 0.0000 0 0.0000 -1.0000 -1.0000 -1.0000 -1.0000 1.9071 1.6641 4.4476 -48.2044 0.9957 0.8304 -3.1381 0.6131
Car 0.0000 0 0.0000 -1.0000 -1.0000 -1.0000 -1.0000 1.9265 1.4837 4.5710 17.8725 25.6626 0.3120 0.6382 0.6070
Car 0.0000 0 0.0000 -1.0000 -1.0000 -1.0000 -1.0000 1.9199 1.5018 4.5009 58.7891 7.0210 0.4611 0.0606 0.5925
Car 0.0000 0 0.0000 -1.0000 -1.0000 -1.0000 -1.0000 1.9491 1.6124 4.5274 17.6102 16.3468 0.5712 0.5894 0.5536
Car 0.0000 0 0.0000 -1.0000 -1.0000 -1.0000 -1.0000 1.9281 1.5464 4.6648 17.2876 21.5804 0.3510 0.5629 0.4070
Car 0.0000 0 0.0000 -1.0000 -1.0000 -1.0000 -1.0000 1.9090 1.5278 4.5697 -52.0216 -1.4862 0.8176 -3.0834 0.3861
Cyclist 0.0000 0 0.0000 -1.0000 -1.0000 -1.0000 -1.0000 0.7598 1.5374 1.7244 12.3356 -2.1140 0.7996 3.1248 0.6678
Cyclist 0.0000 0 0.0000 -1.0000 -1.0000 -1.0000 -1.0000 0.7691 1.4904 1.7889 -35.2077 4.1979 0.6323 0.0986 0.5936
Cyclist 0.0000 0 0.0000 -1.0000 -1.0000 -1.0000 -1.0000 0.7473 1.5139 1.7254 2.3905 -2.0112 0.7791 3.1083 0.5517
Cyclist 0.0000 0 0.0000 -1.0000 -1.0000 -1.0000 -1.0000 0.7742 1.5269 1.7478 3.4910 4.0405 0.7053 -3.0450 0.5365
Cyclist 0.0000 0 0.0000 -1.0000 -1.0000 -1.0000 -1.0000 0.8209 1.5965 1.8186 24.3436 8.5129 0.8096 1.3840 0.5288
Cyclist 0.0000 0 0.0000 -1.0000 -1.0000 -1.0000 -1.0000 0.8153 1.5288 1.8144 6.3500 3.0442 0.7171 -0.0194 0.5037
Cyclist 0.0000 0 0.0000 -1.0000 -1.0000 -1.0000 -1.0000 0.7438 1.5425 1.6947 47.0234 14.0656 0.7221 0.1201 0.4648
Cyclist 0.0000 0 0.0000 -1.0000 -1.0000 -1.0000 -1.0000 0.7130 1.2093 1.7244 -6.9678 8.5551 0.6655 -0.0352 0.4579
Cyclist 0.0000 0 0.0000 -1.0000 -1.0000 -1.0000 -1.0000 0.6665 1.0377 1.6736 -29.9205 4.7377 0.4944 3.0783 0.3911
Cyclist 0.0000 0 0.0000 -1.0000 -1.0000 -1.0000 -1.0000 0.7219 1.5175 1.7062 62.1767 9.6899 0.3971 -3.1050 0.3615
Cyclist 0.0000 0 0.0000 -1.0000 -1.0000 -1.0000 -1.0000 0.6842 1.0377 1.6945 -12.3779 8.2944 0.5913 1.7801 0.3342
Cyclist 0.0000 0 0.0000 -1.0000 -1.0000 -1.0000 -1.0000 0.6390 1.1285 1.6359 -9.9251 8.4838 0.5958 2.0526 0.3258
Cyclist 0.0000 0 0.0000 -1.0000 -1.0000 -1.0000 -1.0000 0.6708 1.2094 1.6836 4.4467 11.1054 0.6562 0.9638 0.3212
Cyclist 0.0000 0 0.0000 -1.0000 -1.0000 -1.0000 -1.0000 0.7557 1.5361 1.7728 23.0937 13.0805 0.6679 1.3594 0.3096
Pedestrian 0.0000 0 0.0000 -1.0000 -1.0000 -1.0000 -1.0000 0.6816 1.6468 0.6068 20.3577 10.6525 0.7906 -2.0216 0.3859
Pedestrian 0.0000 0 0.0000 -1.0000 -1.0000 -1.0000 -1.0000 0.7023 1.7018 0.6356 56.8828 -18.0228 1.1762 2.9511 0.3491
