Car 0.0000 0 0.0000 -1.0000 -1.0000 -1.0000 -1.0000 2.0458 1.6582 4.7303 -52.0842 4.4891 0.8192 -0.0233 0.7888
Car 0.0000 0 0.0000 -1.0000 -1.0000 -1.0000 -1.0000 1.9969 1.4815 4.6006 -12.1104 15.8139 0.4900 -0.0178 0.7882
Car 0.0000 0 0.0000 -1.0000 -1.0000 -1.0000 -1.0000 2.0223 1.8045 4.7464 3.3571 16.0514 0.6551 0.0074 0.7192
Car 0.0000 0 0.0000 -1.0000 -1.0000 -1.0000 -1.0000 1.9649 1.4855 4.5794 -29.3712 16.6310 0.5116 3.1068 0.7123
Car 0.0000 0 0.0000 -1.0000 -1.0000 -1.0000 -1.0000 1.8662 1.4422 4.3640 -39.5261 6.7327 0.6277 0.0189 0.7011
Car 0.0000 0 0.0000 -1.0000 -1.0000 -1.0000 -1.0000 1.9033 1.5842 4.4947 -42.5805 16.1688 0.5138 0.0049 0.6915
Car 0.0000 0 0.0000 -1.0000 -1.0000 -1.0000 -1.0000 1.9657 1.4289 4.5528 5.4088 12.8135 0.5689 -3.1264 0.6872
Car 0.0000 0 0.0000 -1.0000 -1.0000 -1.0000 -1.0000 2.0809 1.5470 4.7214 -17.0853 3.3935 0.7800 -3.1365 0.6452
Car 0.0000 0 0.0000 -1.0000 -1.0000 -1.0000 -1.0000 1.9503 1.6064 4.5193 -5.5177 12.9589 0.6669 3.0760 0.6209
Car 0.0000 0 0.0000 -1.0000 -1.0000 -1.0000 -1.0000 2.0219 1.4296 4.5455 21.4184 5.8316 0.7783 3.1055 0.6208
Car 0.0000 0 0.0000 -1.0000 -1.0000 -1.0000 -1.0000 1.9746 1.4862 4.5849 -48.0832 13.1675 0.5239 -3.1222 0.5440
Car 0.0000 0 0.0000 -1.0000 -1.0000 -1.0000 -1.0000 2.0755 1.9149 4.7847 53.9474 3.6958 1.1602 0.0133 0.5075
Car 0.0000 0 0.0000 -1.0000 -1.0000 -1.0000 -1.0000 1.8728 1.7730 4.3860 -52.3689 8.2582 0.8307 0.0023 0.5052
Car 0.0000 0 0.0000 -1.0000 -1.0000 -1.0000 -1.0000 2.0076 1.6204 4.6164 -30.1845 13.5737 0.6356 -0.0207 0.4636
Car 0.0000 0 0.0000 -1.0000 -1.0000 -1.0000 -1.0000 1.9566 1.5361 4.5533 -65.6337 13.1712 0.6674 -0.0260 0.4329
Car 0.0000 0 0.0000 -1.0000 -1.0000 -1.0000 -1.0000 1.9640 1.5623 4.6704 -55.6025 16.5882 0.4953 -3.0907 0.3186
Car 0.0000 0 0.0000 -1.0000 -1.0000 -1.0000 -1.0000 1.8798 1.6955 4.4969 74.9952 3.4612 1.1484 0.0012 0.3020
Truck 0.0000 0 0.0000 -1.0000 -1.0000 -1.0000 -1.0000 2.9558 3.3125 11.1256 -61.7460 -0.5227 1.6429 2.9393 0.6375
Truck 0.0000 0 0.0000 -1.0000 -1.0000 -1.0000 -1.0000 2.8517 3.0831 10.9300 58.7329 0.2763 1.8136 0.0262 0.5825
Truck 0.0000 0 0.0000 -1.0000 -1.0000 -1.0000 -1.0000 2.7380 3.0485 9.6976 74.3354 -3.3053 1.6765 3.1294 0.4833
