Car 0.0000 0 0.0000 -1.0000 -1.0000 -1.0000 -1.0000 1.9692 1.5762 4.5324 -21.2822 0.1005 0.8848 -0.0222 0.7199
Car 0.0000 0 0.0000 -1.0000 -1.0000 -1.0000 -1.0000 2.0800 1.8847 4.7662 -18.5106 3.9485 1.0520 -0.0382 0.6572
Car 0.0000 0 0.0000 -1.0000 -1.0000 -1.0000 -1.0000 1.9163 1.4408 4.5168 -11.9220 3.4777 0.7863 0.0035 0.6484
Car 0.0000 0 0.0000 -1.0000 -1.0000 -1.0000 -1.0000 2.0032 1.4631 4.5525 6.9563 3.6198 0.7311 0.0067 0.6465
Car 0.0000 0 0.0000 -1.0000 -1.0000 -1.0000 -1.0000 1.9547 1.4856 4.5481 0.3100 3.5209 0.7150 3.1367 0.6289
Car 0.0000 0 0.0000 -1.0000 -1.0000 -1.0000 -1.0000 1.9370 1.8915 4.5079 26.3695 16.4352 0.6760 0.0594 0.6010
Car 0.0000 0 0.0000 -1.0000 -1.0000 -1.0000 -1.0000 1.9712 1.9298 4.4429 15.4450 12.1231 0.8815 -3.0432 0.5596
Car 0.0000 0 0.0000 -1.0000 -1.0000 -1.0000 -1.0000 1.9636 1.5191 4.5688 -24.4709 4.1969 0.8137 -0.0035 0.4870
Car 0.0000 0 0.0000 -1.0000 -1.0000 -1.0000 -1.0000 2.0703 1.7939 4.7125 14.6337 3.7026 0.8857 0.0274 0.4815
Car 0.0000 0 0.0000 -1.0000 -1.0000 -1.0000 -1.0000 2.3296 2.4718 5.2656 -5.5769 3.0319 1.2299 0.0558 0.4432
Car 0.0000 0 0.0000 -1.0000 -1.0000 -1.0000 -1.0000 1.9213 1.5671 4.5187 -35.5704 0.7110 0.9657 -0.0293 0.4358
Car 0.0000 0 0.0000 -1.0000 -1.0000 -1.0000 -1.0000 1.8743 1.5817 4.4814 29.6945 13.4664 0.5004 0.1436 0.3588
Truck 0.0000 0 0.0000 -1.0000 -1.0000 -1.0000 -1.0000 3.0882 3.8004 9.0159 2.2488 14.3886 1.7858 0.0232 0.6865
Truck 0.0000 0 0.0000 -1.0000 -1.0000 -1.0000 -1.0000 2.6300 3.3549 6.5627 25.5943 3.0126 1.6151 0.0174 0.5072
Truck 0.0000 0 0.0000 -1.0000 -1.0000 -1.0000 -1.0000 2.9706 3.4687 9.0986 -37.7832 3.9969 1.8712 -0.0209 0.4683
Truck 0.0000 0 0.0000 -1.0000 -1.0000 -1.0000 -1.0000 1.8954 2.0709 4.7307 13.3696 0.7923 1.0566 0.0168 0.3701
Truck 0.0000 0 0.0000 -1.0000 -1.0000 -1.0000 -1.0000 2.4618 2.4640 6.9417 -15.7996 8.8398 1.4348 -0.0096 0.3655
