Car 0.0000 0 0.0000 -1.0000 -1.0000 -1.0000 -1.0000 1.9351 1.5226 4.5107 1.6492 -3.1839 0.8119 -0.0956 0.6588
Car 0.0000 0 0.0000 -1.0000 -1.0000 -1.0000 -1.0000 1.8952 1.4775 4.5063 -36.8207 2.4281 0.5559 -0.0363 0.5907
Car 0.0000 0 0.0000 -1.0000 -1.0000 -1.0000 -1.0000 1.8861 1.4486 4.4472 -43.5046 -3.0825 0.4320 3.1134 0.5677
Car 0.0000 0 0.0000 -1.0000 -1.0000 -1.0000 -1.0000 2.0905 2.0397 4.9416 48.1344 -3.4500 1.3561 0.0153 0.4287
Car 0.0000 0 0.0000 -1.0000 -1.0000 -1.0000 -1.0000 2.0037 1.8804 4.8473 -13.9813 -3.3467 0.9108 0.0365 0.4258
Car 0.0000 0 0.0000 -1.0000 -1.0000 -1.0000 -1.0000 1.8329 1.5065 4.4822 -44.4283 2.6076 0.4895 -3.1215 0.3738
Car 0.0000 0 0.0000 -1.0000 -1.0000 -1.0000 -1.0000 1.8758 1.4767 4.4561 -54.4374 -2.2324 0.3713 -0.0118 0.3294
Cyclist 0.0000 0 0.0000 -1.0000 -1.0000 -1.0000 -1.0000 0.8082 1.5382 1.8013 -11.9408 -0.4008 0.6650 -3.1377 0.6412
Cyclist 0.0000 0 0.0000 -1.0000 -1.0000 -1.0000 -1.0000 0.8207 1.6044 1.7242 50.3707 -0.2792 1.1055 -3.0381 0.5822
Cyclist 0.0000 0 0.0000 -1.0000 -1.0000 -1.0000 -1.0000 0.8330 1.6300 1.7533 58.1750 0.2895 1.2722 -2.9533 0.4155
Cyclist 0.0000 0 0.0000 -1.0000 -1.0000 -1.0000 -1.0000 0.7855 1.5378 1.7575 -13.9012 -1.0919 0.6876 0.0105 0.3697
Cyclist 0.0000 0 0.0000 -1.0000 -1.0000 -1.0000 -1.0000 0.6685 1.0803 1.6834 -8.2767 6.3689 0.8152 1.7724 0.3643
Cyclist 0.0000 0 0.0000 -1.0000 -1.0000 -1.0000 -1.0000 0.8714 1.5418 1.9594 -38.5268 -2.2129 0.4993 3.1322 0.3510
Cyclist 0.0000 0 0.0000 -1.0000 -1.0000 -1.0000 -1.0000 0.8677 1.6296 1.8483 7.5352 1.3720 0.9277 3.0799 0.3268
Cyclist 0.0000 0 0.0000 -1.0000 -1.0000 -1.0000 -1.0000 0.7201 1.5143 1.6974 -2.4529 4.2921 0.9540 0.0027 0.3259
Cyclist 0.0000 0 0.0000 -1.0000 -1.0000 -1.0000 -1.0000 0.6721 1.0673 1.6803 -20.3167 6.4688 0.6397 1.7288 0.3007
Pedestrian 0.0000 0 0.0000 -1.0000 -1.0000 -1.0000 -1.0000 0.6965 1.5681 0.6451 -2.4376 4.2760 0.9569 -3.1375 0.3281
