Car 0.0000 0 0.0000 -1.0000 -1.0000 -1.0000 -1.0000 1.9118 1.4474 4.4359 9.1447 3.2454 0.6413 2.7475 0.7589
Car 0.0000 0 0.0000 -1.0000 -1.0000 -1.0000 -1.0000 1.9440 1.5100 4.5276 4.8145 -0.5828 0.7595 3.0507 0.7418
Car 0.0000 0 0.0000 -1.0000 -1.0000 -1.0000 -1.0000 2.0096 1.4525 4.6503 16.3208 2.2193 0.6254 2.5809 0.6798
Car 0.0000 0 0.0000 -1.0000 -1.0000 -1.0000 -1.0000 1.8424 1.4669 4.4266 -29.9263 -1.0190 0.7642 0.0590 0.6161
Car 0.0000 0 0.0000 -1.0000 -1.0000 -1.0000 -1.0000 1.8891 1.4660 4.4228 14.5192 -3.2008 0.6931 2.6075 0.5681
Car 0.0000 0 0.0000 -1.0000 -1.0000 -1.0000 -1.0000 2.4184 2.7084 5.5033 -10.5807 0.8574 1.3826 0.0086 0.4959
Car 0.0000 0 0.0000 -1.0000 -1.0000 -1.0000 -1.0000 1.9063 1.4945 4.5707 -23.4211 6.0685 0.5849 0.0636 0.3796
Truck 0.0000 0 0.0000 -1.0000 -1.0000 -1.0000 -1.0000 3.0135 3.8769 16.7807 -4.0040 4.4696 1.9038 3.0312 0.7008
Truck 0.0000 0 0.0000 -1.0000 -1.0000 -1.0000 -1.0000 2.5170 2.8610 6.3416 -29.2538 10.6037 1.3371 -3.0663 0.5076
Truck 0.0000 0 0.0000 -1.0000 -1.0000 -1.0000 -1.0000 1.9614 2.0359 4.9128 22.9812 -2.3519 1.0095 2.5168 0.4214
