Car 0.0000 0 0.0000 -1.0000 -1.0000 -1.0000 -1.0000 1.9109 1.4711 4.5386 -10.0196 -18.1755 0.6508 -1.4910 0.5907
Car 0.0000 0 0.0000 -1.0000 -1.0000 -1.0000 -1.0000 1.9356 1.4702 4.6126 -6.7127 -17.9331 0.6926 1.6641 0.5799
Car 0.0000 0 0.0000 -1.0000 -1.0000 -1.0000 -1.0000 1.8847 1.5737 4.5412 12.3369 -17.8814 1.0065 1.5013 0.5430
Car 0.0000 0 0.0000 -1.0000 -1.0000 -1.0000 -1.0000 1.9002 1.5217 4.5799 -20.0606 -18.2864 0.5789 1.5807 0.4768
Car 0.0000 0 0.0000 -1.0000 -1.0000 -1.0000 -1.0000 1.8702 1.4709 4.4792 -3.0530 -17.8597 0.7634 1.6010 0.4638
Car 0.0000 0 0.0000 -1.0000 -1.0000 -1.0000 -1.0000 2.0527 1.7253 4.8732 -16.7340 31.5979 0.3778 -0.0321 0.4522
Car 0.0000 0 0.0000 -1.0000 -1.0000 -1.0000 -1.0000 1.8901 1.4922 4.5414 -0.4726 -18.2590 0.7728 1.6139 0.4337
Car 0.0000 0 0.0000 -1.0000 -1.0000 -1.0000 -1.0000 1.9014 1.5260 4.5852 -23.8599 -18.0750 0.4667 1.5684 0.4284
Car 0.0000 0 0.0000 -1.0000 -1.0000 -1.0000 -1.0000 1.9118 1.5030 4.6133 5.1588 -18.0790 0.8673 1.6056 0.4247
Car 0.0000 0 0.0000 -1.0000 -1.0000 -1.0000 -1.0000 1.9195 1.6082 4.5958 -58.9274 -15.5442 0.1307 -1.4402 0.4025
Car 0.0000 0 0.0000 -1.0000 -1.0000 -1.0000 -1.0000 1.9067 1.5343 4.5586 2.1617 21.9480 0.2369 -0.0106 0.3992
Car 0.0000 0 0.0000 -1.0000 -1.0000 -1.0000 -1.0000 1.9246 1.4892 4.6014 8.2061 -17.4215 0.9313 1.5372 0.3948
Car 0.0000 0 0.0000 -1.0000 -1.0000 -1.0000 -1.0000 1.8813 1.5143 4.5524 -18.1816 -18.3399 0.5929 1.5706 0.3909
Car 0.0000 0 0.0000 -1.0000 -1.0000 -1.0000 -1.0000 1.9364 1.7221 4.6576 -14.6587 -18.4490 0.7935 -1.4678 0.3880
Car 0.0000 0 0.0000 -1.0000 -1.0000 -1.0000 -1.0000 1.9116 1.6888 4.6676 -29.0416 -18.3698 0.4796 1.5311 0.3366
Car 0.0000 0 0.0000 -1.0000 -1.0000 -1.0000 -1.0000 1.9103 1.4895 4.5994 3.0366 -18.6594 0.8295 1.6327 0.3021
