Car 0.0000 0 0.0000 -1.0000 -1.0000 -1.0000 -1.0000 1.9813 1.5952 4.5860 23.4189 2.9968 0.8492 0.0854 0.7934
Car 0.0000 0 0.0000 -1.0000 -1.0000 -1.0000 -1.0000 2.0928 1.7659 4.7478 -15.5498 -4.4476 0.8658 -3.0392 0.7669
Car 0.0000 0 0.0000 -1.0000 -1.0000 -1.0000 -1.0000 2.0017 1.5014 4.6173 -59.8999 -8.7562 0.6375 -2.9894 0.7632
Car 0.0000 0 0.0000 -1.0000 -1.0000 -1.0000 -1.0000 1.8707 1.4053 4.4356 -15.6969 4.8267 0.6350 -3.0997 0.7038
Car 0.0000 0 0.0000 -1.0000 -1.0000 -1.0000 -1.0000 1.9389 1.5903 4.5129 36.7877 6.6694 0.7897 -0.1079 0.6621
Car 0.0000 0 0.0000 -1.0000 -1.0000 -1.0000 -1.0000 1.8990 1.4344 4.4529 -1.4578 5.9140 0.7017 -3.0947 0.5748
Car 0.0000 0 0.0000 -1.0000 -1.0000 -1.0000 -1.0000 1.8914 1.4361 4.4930 -8.1177 5.5456 0.6661 -3.1238 0.5666
Car 0.0000 0 0.0000 -1.0000 -1.0000 -1.0000 -1.0000 1.9376 1.6839 4.4941 -51.8345 1.4331 0.7015 -3.0461 0.5317
Car 0.0000 0 0.0000 -1.0000 -1.0000 -1.0000 -1.0000 1.8845 1.5429 4.4328 17.3231 7.2737 0.7836 -3.0921 0.4728
Car 0.0000 0 0.0000 -1.0000 -1.0000 -1.0000 -1.0000 1.8954 1.4747 4.4848 20.3722 -3.8040 0.7349 0.1481 0.4691
Car 0.0000 0 0.0000 -1.0000 -1.0000 -1.0000 -1.0000 1.9849 1.5167 4.6136 66.0925 3.6248 0.7825 3.1146 0.4011
Car 0.0000 0 0.0000 -1.0000 -1.0000 -1.0000 -1.0000 1.9208 1.5568 4.6202 77.6771 0.4586 0.8661 0.1399 0.3260
Tricar 0.0000 0 0.0000 -1.0000 -1.0000 -1.0000 -1.0000 1.1549 1.5444 2.9481 -34.4629 1.0221 0.6409 -3.0444 0.5813
Tricar 0.0000 0 0.0000 -1.0000 -1.0000 -1.0000 -1.0000 1.1204 1.5997 2.3893 -41.1911 -0.1720 0.6439 -3.0502 0.3483
Cyclist 0.0000 0 0.0000 -1.0000 -1.0000 -1.0000 -1.0000 0.8160 1.5691 1.8083 8.5758 4.3273 0.8334 -3.1194 0.5662
Cyclist 0.0000 0 0.0000 -1.0000 -1.0000 -1.0000 -1.0000 0.7731 1.5749 1.7194 21.1150 -0.8738 0.8208 0.0995 0.5625
Cyclist 0.0000 0 0.0000 -1.0000 -1.0000 -1.0000 -1.0000 0.7672 1.4904 1.7691 -8.6412 -2.9253 0.6826 0.1207 0.5349
Cyclist 0.0000 0 0.0000 -1.0000 -1.0000 -1.0000 -1.0000 0.7691 1.5624 1.7097 26.2754 7.1462 0.7260 0.2462 0.4639
Cyclist 0.0000 0 0.0000 -1.0000 -1.0000 -1.0000 -1.0000 0.8128 1.5232 1.7944 7.7944 -3.1764 0.7471 -0.1042 0.4306
Cyclist 0.0000 0 0.0000 -1.0000 -1.0000 -1.0000 -1.0000 0.9278 1.6182 1.9773 -41.2064 -0.2964 0.6529 0.1227 0.4091
Cyclist 0.0000 0 0.0000 -1.0000 -1.0000 -1.0000 -1.0000 0.9034 1.6226 1.8511 -29.5279 4.2583 0.7005 0.5662 0.4056
Cyclist 0.0000 0 0.0000 -1.0000 -1.0000 -1.0000 -1.0000 0.9855 1.5738 2.0424 -34.0549 1.0881 0.6490 -3.0441 0.3920
Cyclist 0.0000 0 0.0000 -1.0000 -1.0000 -1.0000 -1.0000 0.7092 1.5184 1.6590 -8.9118 -1.1405 0.7536 -3.1020 0.3867
Cyclist 0.0000 0 0.0000 -1.0000 -1.0000 -1.0000 -1.0000 0.7022 1.2106 1.7438 2.1420 -3.6005 0.5831 -0.0306 0.3565
Cyclist 0.0000 0 0.0000 -1.0000 -1.0000 -1.0000 -1.0000 0.6514 1.0782 1.6583 -11.0125 -10.8841 0.7630 1.8543 0.3452
Cyclist 0.0000 0 0.0000 -1.0000 -1.0000 -1.0000 -1.0000 0.7094 1.2546 1.6930 31.1298 -2.7565 0.6595 -3.1318 0.3336
Cyclist 0.0000 0 0.0000 -1.0000 -1.0000 -1.0000 -1.0000 0.8240 1.5866 1.8086 -34.9960 6.8278 0.7668 -2.3021 0.3138
Pedestrian 0.0000 0 0.0000 -1.0000 -1.0000 -1.0000 -1.0000 0.6952 1.6850 0.6618 -23.9641 -10.7560 1.0252 0.0820 0.6436
Pedestrian 0.0000 0 0.0000 -1.0000 -1.0000 -1.0000 -1.0000 0.6805 1.6720 0.6409 6.4345 -8.1768 1.0951 0.0420 0.6266
Pedestrian 0.0000 0 0.0000 -1.0000 -1.0000 -1.0000 -1.0000 0.6889 1.6978 0.6324 28.0580 -2.5533 0.9050 3.1393 0.5624
Pedestrian 0.0000 0 0.0000 -1.0000 -1.0000 -1.0000 -1.0000 0.6764 1.6474 0.6230 19.8167 10.5317 0.9808 0.0971 0.5188
Pedestrian 0.0000 0 0.0000 -1.0000 -1.0000 -1.0000 -1.0000 0.7194 1.6594 0.7357 -6.0820 9.1229 0.9568 0.0842 0.5000
Pedestrian 0.0000 0 0.0000 -1.0000 -1.0000 -1.0000 -1.0000 0.7170 1.7349 0.6946 12.8999 8.8637 1.0643 0.0765 0.4973
Pedestrian 0.0000 0 0.0000 -1.0000 -1.0000 -1.0000 -1.0000 0.6969 1.6518 0.6595 27.1279 5.0157 0.8381 -3.0158 0.4892
Pedestrian 0.0000 0 0.0000 -1.0000 -1.0000 -1.0000 -1.0000 0.6908 1.6373 0.6546 14.7603 10.3345 1.0109 0.0316 0.4771
Pedestrian 0.0000 0 0.0000 -1.0000 -1.0000 -1.0000 -1.0000 0.7139 1.7326 0.6597 -19.9475 -7.9593 0.9967 -2.9900 0.4272
Pedestrian 0.0000 0 0.0000 -1.0000 -1.0000 -1.0000 -1.0000 0.7040 1.6656 0.6327 31.3881 9.1101 0.8096 0.3961 0.4110
Pedestrian 0.0000 0 0.0000 -1.0000 -1.0000 -1.0000 -1.0000 0.6917 1.6890 0.6584 -12.8773 8.2616 0.9662 0.0691 0.3938
Pedestrian 0.0000 0 0.0000 -1.0000 -1.0000 -1.0000 -1.0000 0.6795 1.6643 0.6188 13.8606 8.9305 0.9672 -3.0950 0.3442
Pedestrian 0.0000 0 0.0000 -1.0000 -1.0000 -1.0000 -1.0000 0.7039 1.6805 0.6316 -46.6391 -11.0871 0.8263 0.2708 0.3325
Pedestrian 0.0000 0 0.0000 -1.0000 -1.0000 -1.0000 -1.0000 0.6978 1.6647 0.6666 24.5707 10.7843 0.9627 0.1387 0.3260
Pedestrian 0.0000 0 0.0000 -1.0000 -1.0000 -1.0000 -1.0000 0.6620 1.6311 0.5834 23.9024 12.1857 0.9225 -2.9974 0.3234
