Car 0.0000 0 0.0000 -1.0000 -1.0000 -1.0000 -1.0000 2.0021 1.4658 4.5656 -32.0012 -0.8278 0.7030 -3.1042 0.8138
Car 0.0000 0 0.0000 -1.0000 -1.0000 -1.0000 -1.0000 1.9385 1.5555 4.3876 -20.4206 4.8352 0.7917 -0.1330 0.7146
Car 0.0000 0 0.0000 -1.0000 -1.0000 -1.0000 -1.0000 1.9705 1.4727 4.4860 19.7253 4.8494 0.8491 -0.0099 0.7142
Car 0.0000 0 0.0000 -1.0000 -1.0000 -1.0000 -1.0000 1.8991 1.4713 4.4419 26.2792 4.9699 0.8613 0.0666 0.6943
Car 0.0000 0 0.0000 -1.0000 -1.0000 -1.0000 -1.0000 2.1409 1.8590 4.8485 -19.4980 -3.3999 0.8704 -3.0897 0.6759
Car 0.0000 0 0.0000 -1.0000 -1.0000 -1.0000 -1.0000 1.9227 1.4053 4.4825 -14.8965 4.6687 0.7027 3.1145 0.6725
Car 0.0000 0 0.0000 -1.0000 -1.0000 -1.0000 -1.0000 1.9496 1.6456 4.4451 -8.7704 -2.4445 0.8082 -3.1387 0.6690
Car 0.0000 0 0.0000 -1.0000 -1.0000 -1.0000 -1.0000 1.8604 1.4327 4.4182 4.4300 4.7741 0.7304 -0.0016 0.6579
Car 0.0000 0 0.0000 -1.0000 -1.0000 -1.0000 -1.0000 1.9340 1.4164 4.4919 42.4442 1.7456 0.9133 0.1045 0.5738
Car 0.0000 0 0.0000 -1.0000 -1.0000 -1.0000 -1.0000 1.9182 1.4378 4.4746 9.3889 4.8003 0.7799 -0.0741 0.5727
Car 0.0000 0 0.0000 -1.0000 -1.0000 -1.0000 -1.0000 1.8799 1.5560 4.4838 -0.3983 4.5668 0.7789 -0.0557 0.5418
Car 0.0000 0 0.0000 -1.0000 -1.0000 -1.0000 -1.0000 1.9777 1.5690 4.5554 -9.7691 5.0889 0.7652 -0.0087 0.5357
Car 0.0000 0 0.0000 -1.0000 -1.0000 -1.0000 -1.0000 1.8676 1.5149 4.4445 -25.7276 4.4249 0.7624 -0.0089 0.5329
Car 0.0000 0 0.0000 -1.0000 -1.0000 -1.0000 -1.0000 1.8843 1.6720 4.4791 52.3884 -0.8801 1.1017 0.0197 0.5158
Car 0.0000 0 0.0000 -1.0000 -1.0000 -1.0000 -1.0000 1.8999 1.4484 4.3716 14.6696 4.7413 0.8270 3.1069 0.5021
Car 0.0000 0 0.0000 -1.0000 -1.0000 -1.0000 -1.0000 1.9540 1.6050 4.6312 -9.0189 7.8281 0.8963 -0.0319 0.4886
Car 0.0000 0 0.0000 -1.0000 -1.0000 -1.0000 -1.0000 1.8949 1.6370 4.4511 47.1284 5.4948 1.0141 0.0917 0.4877
Car 0.0000 0 0.0000 -1.0000 -1.0000 -1.0000 -1.0000 1.8682 1.4684 4.4491 -5.0557 4.8981 0.7241 3.1200 0.4856
Car 0.0000 0 0.0000 -1.0000 -1.0000 -1.0000 -1.0000 1.9292 1.4928 4.5328 -40.8573 -1.7977 0.6977 -0.0468 0.4538
Car 0.0000 0 0.0000 -1.0000 -1.0000 -1.0000 -1.0000 1.9511 1.6416 4.6410 -52.8175 -3.7315 0.7895 -0.0474 0.4400
Car 0.0000 0 0.0000 -1.0000 -1.0000 -1.0000 -1.0000 1.8006 1.5299 4.3966 -31.7604 4.1628 0.7170 2.9894 0.4323
Car 0.0000 0 0.0000 -1.0000 -1.0000 -1.0000 -1.0000 1.8895 1.4734 4.4560 41.4169 5.3717 0.9228 -3.0850 0.4013
Car 0.0000 0 0.0000 -1.0000 -1.0000 -1.0000 -1.0000 1.8497 1.5798 4.5035 -37.1310 4.4010 0.7700 -3.0989 0.3682
Truck 0.0000 0 0.0000 -1.0000 -1.0000 -1.0000 -1.0000 2.9591 3.2608 12.0862 0.4568 -5.3637 1.5977 0.0174 0.7029
Truck 0.0000 0 0.0000 -1.0000 -1.0000 -1.0000 -1.0000 2.6369 3.2420 6.4457 9.6866 -1.4534 1.6876 -3.1402 0.4846
Cyclist 0.0000 0 0.0000 -1.0000 -1.0000 -1.0000 -1.0000 0.8084 1.5359 1.8531 -20.3783 1.6752 0.7182 -0.0032 0.7122
Cyclist 0.0000 0 0.0000 -1.0000 -1.0000 -1.0000 -1.0000 0.7610 1.5358 1.7506 -36.9810 -4.2126 0.6537 0.0113 0.6653
Cyclist 0.0000 0 0.0000 -1.0000 -1.0000 -1.0000 -1.0000 0.8518 1.6067 1.8218 15.6741 2.6809 0.9070 -0.0389 0.5369
Cyclist 0.0000 0 0.0000 -1.0000 -1.0000 -1.0000 -1.0000 0.7379 1.6038 1.6541 -13.2026 -1.0897 0.7601 0.0053 0.4939
Cyclist 0.0000 0 0.0000 -1.0000 -1.0000 -1.0000 -1.0000 0.7250 1.5423 1.6814 -41.3186 -4.3389 0.6600 -3.0497 0.3984
Cyclist 0.0000 0 0.0000 -1.0000 -1.0000 -1.0000 -1.0000 0.7765 1.6201 1.7215 -22.2455 8.7009 0.9829 -0.0508 0.3973
Cyclist 0.0000 0 0.0000 -1.0000 -1.0000 -1.0000 -1.0000 0.7733 1.5190 1.7618 -58.5029 1.1228 0.7600 3.1275 0.3714
Cyclist 0.0000 0 0.0000 -1.0000 -1.0000 -1.0000 -1.0000 0.8953 1.5723 1.9318 -25.5723 1.3387 0.7408 0.0200 0.3690
Cyclist 0.0000 0 0.0000 -1.0000 -1.0000 -1.0000 -1.0000 0.7259 1.2917 1.7316 -2.5557 7.2477 0.7859 -1.3802 0.3545
Cyclist 0.0000 0 0.0000 -1.0000 -1.0000 -1.0000 -1.0000 0.8485 1.5827 1.8723 -49.8372 1.7094 0.7403 3.1322 0.3496
Cyclist 0.0000 0 0.0000 -1.0000 -1.0000 -1.0000 -1.0000 0.7280 1.5637 1.6572 10.1859 9.3414 1.0525 -3.1067 0.3238
Cyclist 0.0000 0 0.0000 -1.0000 -1.0000 -1.0000 -1.0000 0.7915 1.5873 1.7132 54.2769 1.4636 1.0683 -3.1182 0.3068
Pedestrian 0.0000 0 0.0000 -1.0000 -1.0000 -1.0000 -1.0000 0.6972 1.7194 0.6326 0.8473 8.9125 1.1083 3.0485 0.6067
Pedestrian 0.0000 0 0.0000 -1.0000 -1.0000 -1.0000 -1.0000 0.6754 1.6951 0.5745 -12.4192 8.7400 1.0283 3.1244 0.5586
Pedestrian 0.0000 0 0.0000 -1.0000 -1.0000 -1.0000 -1.0000 0.6872 1.6866 0.5952 25.9992 -11.9199 0.8794 3.1340 0.4030
Pedestrian 0.0000 0 0.0000 -1.0000 -1.0000 -1.0000 -1.0000 0.6868 1.6538 0.5946 20.4605 10.1232 1.1987 3.1140 0.3722
Pedestrian 0.0000 0 0.0000 -1.0000 -1.0000 -1.0000 -1.0000 0.6700 1.6126 0.5964 -33.7980 -16.1745 0.7924 -3.1361 0.3478
Pedestrian 0.0000 0 0.0000 -1.0000 -1.0000 -1.0000 -1.0000 0.6968 1.7003 0.6219 -51.1040 -6.7334 0.7515 -3.1344 0.3474
Pedestrian 0.0000 0 0.0000 -1.0000 -1.0000 -1.0000 -1.0000 0.7146 1.6326 0.6825 10.1424 9.3000 1.0821 -3.1279 0.3188
Pedestrian 0.0000 0 0.0000 -1.0000 -1.0000 -1.0000 -1.0000 0.7186 1.6313 0.6889 -22.1873 8.7068 0.9807 -0.0322 0.3178
