Car 0.0000 0 0.0000 -1.0000 -1.0000 -1.0000 -1.0000 2.0687 1.5230 4.6608 -25.3466 3.4933 0.7557 -3.0395 0.7578
Car 0.0000 0 0.0000 -1.0000 -1.0000 -1.0000 -1.0000 1.9873 1.5231 4.6017 48.1306 2.9739 0.4397 3.1403 0.7475
Car 0.0000 0 0.0000 -1.0000 -1.0000 -1.0000 -1.0000 2.1799 1.8877 4.9626 -39.2792 -4.1601 0.9378 0.0395 0.6727
Car 0.0000 0 0.0000 -1.0000 -1.0000 -1.0000 -1.0000 2.0631 1.5256 4.7218 9.3413 17.6176 0.7708 0.1237 0.6481
Car 0.0000 0 0.0000 -1.0000 -1.0000 -1.0000 -1.0000 2.0445 1.7922 4.7475 13.9473 14.7044 0.8433 -3.0403 0.6044
Car 0.0000 0 0.0000 -1.0000 -1.0000 -1.0000 -1.0000 1.9751 1.4429 4.5471 -18.1818 17.3680 0.5308 -3.0712 0.5938
Car 0.0000 0 0.0000 -1.0000 -1.0000 -1.0000 -1.0000 1.9864 1.5650 4.6905 -74.6563 13.9962 0.3816 -2.9816 0.4802
Car 0.0000 0 0.0000 -1.0000 -1.0000 -1.0000 -1.0000 1.9602 1.4964 4.5220 28.7897 6.0045 0.5585 -3.1301 0.4540
Car 0.0000 0 0.0000 -1.0000 -1.0000 -1.0000 -1.0000 2.3576 2.6492 5.4535 7.8585 5.2481 1.3252 -3.0793 0.4393
Car 0.0000 0 0.0000 -1.0000 -1.0000 -1.0000 -1.0000 1.8911 1.5297 4.5406 -54.1508 -4.3262 0.7071 0.0234 0.3171
Truck 0.0000 0 0.0000 -1.0000 -1.0000 -1.0000 -1.0000 2.8761 3.1808 11.5070 19.3146 -0.9118 1.5740 0.0095 0.7092
Truck 0.0000 0 0.0000 -1.0000 -1.0000 -1.0000 -1.0000 2.7115 2.5288 7.6613 -20.6474 0.3575 1.2768 -3.0534 0.5237
Truck 0.0000 0 0.0000 -1.0000 -1.0000 -1.0000 -1.0000 2.2909 2.4136 6.1197 81.1202 25.5761 1.5323 0.1500 0.3189
