Car 0.0000 0 0.0000 -1.0000 -1.0000 -1.0000 -1.0000 2.0316 1.8367 4.6143 -1.3633 -3.4896 0.8813 -3.1170 0.7262
Car 0.0000 0 0.0000 -1.0000 -1.0000 -1.0000 -1.0000 1.9547 1.6959 4.5530 8.4767 5.4390 0.8545 -0.0120 0.6876
Car 0.0000 0 0.0000 -1.0000 -1.0000 -1.0000 -1.0000 2.0076 1.6027 4.4864 -13.1661 -1.2711 0.7502 -3.1218 0.6578
Car 0.0000 0 0.0000 -1.0000 -1.0000 -1.0000 -1.0000 1.8827 1.4524 4.4632 -33.3547 5.5351 0.6505 3.1186 0.5959
Car 0.0000 0 0.0000 -1.0000 -1.0000 -1.0000 -1.0000 1.9291 1.4454 4.4242 -6.9687 6.0134 0.7927 -0.0505 0.5793
Car 0.0000 0 0.0000 -1.0000 -1.0000 -1.0000 -1.0000 1.9766 1.4500 4.5828 -18.2313 5.5152 0.7290 3.1399 0.5762
Car 0.0000 0 0.0000 -1.0000 -1.0000 -1.0000 -1.0000 1.9259 1.4812 4.6153 -28.0355 0.1434 0.6994 3.0976 0.5611
Car 0.0000 0 0.0000 -1.0000 -1.0000 -1.0000 -1.0000 1.9084 1.7380 4.5182 -58.4618 -1.6595 0.7611 -0.0581 0.5546
Car 0.0000 0 0.0000 -1.0000 -1.0000 -1.0000 -1.0000 1.9280 1.5258 4.5202 -38.5063 5.2066 0.6547 -0.0304 0.5440
Car 0.0000 0 0.0000 -1.0000 -1.0000 -1.0000 -1.0000 1.9323 1.4715 4.5765 5.0982 -5.9104 0.6108 0.0172 0.5335
Car 0.0000 0 0.0000 -1.0000 -1.0000 -1.0000 -1.0000 1.8921 1.5736 4.5123 -19.4612 8.9925 0.8948 -0.0247 0.5299
Car 0.0000 0 0.0000 -1.0000 -1.0000 -1.0000 -1.0000 1.9014 1.4103 4.4488 -23.4560 5.5282 0.6893 3.0875 0.5243
Car 0.0000 0 0.0000 -1.0000 -1.0000 -1.0000 -1.0000 1.9641 1.5468 4.5558 13.9162 5.5277 0.8416 -3.1306 0.5106
Car 0.0000 0 0.0000 -1.0000 -1.0000 -1.0000 -1.0000 1.9466 1.6221 4.5378 -55.1188 2.3863 0.7600 3.0795 0.5041
Car 0.0000 0 0.0000 -1.0000 -1.0000 -1.0000 -1.0000 1.8793 1.4772 4.3977 3.1022 5.3806 0.7359 3.0979 0.5031
Car 0.0000 0 0.0000 -1.0000 -1.0000 -1.0000 -1.0000 1.8510 1.5909 4.4370 -25.4461 8.7875 0.9247 -0.0834 0.4793
Car 0.0000 0 0.0000 -1.0000 -1.0000 -1.0000 -1.0000 1.9150 1.6424 4.5353 74.6893 0.2083 0.7673 3.0568 0.4144
Car 0.0000 0 0.0000 -1.0000 -1.0000 -1.0000 -1.0000 1.8877 1.4643 4.4367 -12.3262 5.4455 0.7674 0.0292 0.4095
Car 0.0000 0 0.0000 -1.0000 -1.0000 -1.0000 -1.0000 1.8734 1.4580 4.4769 -28.4463 5.8613 0.7215 3.0579 0.3975
Car 0.0000 0 0.0000 -1.0000 -1.0000 -1.0000 -1.0000 1.9731 1.4627 4.6425 -37.9117 -0.2757 0.6747 3.1201 0.3826
Car 0.0000 0 0.0000 -1.0000 -1.0000 -1.0000 -1.0000 1.8840 1.4481 4.4207 -2.0680 5.2431 0.7314 3.1031 0.3125
Truck 0.0000 0 0.0000 -1.0000 -1.0000 -1.0000 -1.0000 2.9273 3.1854 10.6391 15.2264 -6.5236 1.4650 3.1327 0.7648
Truck 0.0000 0 0.0000 -1.0000 -1.0000 -1.0000 -1.0000 2.8257 3.2261 10.6858 12.8549 -0.9921 1.6612 0.0323 0.6594
Truck 0.0000 0 0.0000 -1.0000 -1.0000 -1.0000 -1.0000 2.9327 3.3095 10.8073 -38.7201 -3.5182 1.5670 -0.0630 0.4416
Tricar 0.0000 0 0.0000 -1.0000 -1.0000 -1.0000 -1.0000 1.5533 2.1915 3.2260 12.3372 3.1930 1.1719 3.1343 0.4043
Cyclist 0.0000 0 0.0000 -1.0000 -1.0000 -1.0000 -1.0000 0.7816 1.5904 1.7206 -31.6274 -1.6001 0.7442 3.0852 0.6134
Cyclist 0.0000 0 0.0000 -1.0000 -1.0000 -1.0000 -1.0000 0.8076 1.5423 1.7998 -12.7320 3.0143 0.7535 0.0325 0.6115
Cyclist 0.0000 0 0.0000 -1.0000 -1.0000 -1.0000 -1.0000 0.7343 1.5392 1.7108 -0.2049 3.5492 0.7386 0.0037 0.5803
Cyclist 0.0000 0 0.0000 -1.0000 -1.0000 -1.0000 -1.0000 0.7240 1.5169 1.6979 -35.4468 -7.2406 0.5757 -0.0497 0.5166
Cyclist 0.0000 0 0.0000 -1.0000 -1.0000 -1.0000 -1.0000 0.7882 1.5792 1.7907 -17.0719 -3.9492 0.6698 3.0795 0.5032
Cyclist 0.0000 0 0.0000 -1.0000 -1.0000 -1.0000 -1.0000 0.6974 1.2397 1.7005 -8.2380 -10.7007 0.4487 -2.6698 0.4118
Cyclist 0.0000 0 0.0000 -1.0000 -1.0000 -1.0000 -1.0000 0.7198 1.5186 1.6596 -39.7036 -6.8402 0.5236 3.1036 0.3913
Cyclist 0.0000 0 0.0000 -1.0000 -1.0000 -1.0000 -1.0000 0.7070 1.1457 1.7178 -17.4783 -12.0144 0.4042 1.6378 0.3748
Cyclist 0.0000 0 0.0000 -1.0000 -1.0000 -1.0000 -1.0000 0.9785 1.7409 1.8734 -25.3761 2.3907 0.9919 -0.0742 0.3474
Cyclist 0.0000 0 0.0000 -1.0000 -1.0000 -1.0000 -1.0000 0.6824 1.2931 1.7160 -5.4169 -12.0343 0.5025 -1.4819 0.3392
Cyclist 0.0000 0 0.0000 -1.0000 -1.0000 -1.0000 -1.0000 0.7113 1.4258 1.6938 -11.7299 -10.7483 0.5052 2.9705 0.3388
Cyclist 0.0000 0 0.0000 -1.0000 -1.0000 -1.0000 -1.0000 0.7061 1.3899 1.7045 -14.5287 -12.4965 0.5354 -1.1640 0.3209
Cyclist 0.0000 0 0.0000 -1.0000 -1.0000 -1.0000 -1.0000 0.7114 1.3227 1.6860 -10.5239 -12.5112 0.4992 0.4371 0.3017
Pedestrian 0.0000 0 0.0000 -1.0000 -1.0000 -1.0000 -1.0000 0.7025 1.7281 0.6602 -10.3230 8.9901 1.1689 0.0040 0.6290
Pedestrian 0.0000 0 0.0000 -1.0000 -1.0000 -1.0000 -1.0000 0.7036 1.6656 0.6802 2.2092 10.1049 1.1729 3.1392 0.4548
Pedestrian 0.0000 0 0.0000 -1.0000 -1.0000 -1.0000 -1.0000 0.6800 1.7123 0.5928 -31.9951 -12.7225 0.7451 2.6959 0.3979
Pedestrian 0.0000 0 0.0000 -1.0000 -1.0000 -1.0000 -1.0000 0.6903 1.5839 0.6271 -7.0181 10.1818 1.0568 -3.1341 0.3481
Pedestrian 0.0000 0 0.0000 -1.0000 -1.0000 -1.0000 -1.0000 0.7086 1.6630 0.6395 -46.4850 11.1245 1.0572 3.1408 0.3438
