Car 0.0000 0 0.0000 -1.0000 -1.0000 -1.0000 -1.0000 1.9073 1.4276 4.4663 5.0500 -2.9715 0.7710 0.1044 0.8032
Car 0.0000 0 0.0000 -1.0000 -1.0000 -1.0000 -1.0000 1.8751 1.4925 4.3985 -0.3645 -2.9559 0.7930 -3.0817 0.7378
Car 0.0000 0 0.0000 -1.0000 -1.0000 -1.0000 -1.0000 1.9421 1.6976 4.4505 -27.0071 -1.4254 1.0103 -2.9193 0.6770
Car 0.0000 0 0.0000 -1.0000 -1.0000 -1.0000 -1.0000 1.8792 1.4534 4.3395 -5.6000 -3.2822 0.7468 0.0124 0.6280
Car 0.0000 0 0.0000 -1.0000 -1.0000 -1.0000 -1.0000 1.8671 1.5072 4.4139 -27.6719 -5.3586 0.8788 -2.8696 0.6025
Car 0.0000 0 0.0000 -1.0000 -1.0000 -1.0000 -1.0000 2.0499 1.7594 4.7535 -34.9027 -9.0953 1.3002 0.6072 0.5422
Car 0.0000 0 0.0000 -1.0000 -1.0000 -1.0000 -1.0000 1.9188 1.4489 4.5332 -20.5497 -4.0079 0.8072 0.1607 0.5257
Car 0.0000 0 0.0000 -1.0000 -1.0000 -1.0000 -1.0000 1.8799 1.4938 4.4715 4.5660 28.2968 0.9120 1.4788 0.5100
Car 0.0000 0 0.0000 -1.0000 -1.0000 -1.0000 -1.0000 1.9171 1.4690 4.5655 4.0527 16.9424 0.7525 -1.6124 0.5057
Car 0.0000 0 0.0000 -1.0000 -1.0000 -1.0000 -1.0000 2.0227 1.5735 4.6612 -14.2404 -3.8542 0.8646 0.0687 0.4850
Car 0.0000 0 0.0000 -1.0000 -1.0000 -1.0000 -1.0000 2.0048 1.6547 4.7262 -23.1106 8.6204 0.9788 -2.0857 0.4732
Car 0.0000 0 0.0000 -1.0000 -1.0000 -1.0000 -1.0000 1.8917 1.4777 4.5712 4.6331 22.4359 0.8571 -1.5782 0.4478
Car 0.0000 0 0.0000 -1.0000 -1.0000 -1.0000 -1.0000 1.8982 1.5852 4.5573 -57.7855 2.1641 2.1999 -3.1407 0.4365
Car 0.0000 0 0.0000 -1.0000 -1.0000 -1.0000 -1.0000 1.9430 1.6082 4.6463 47.2961 16.7893 -0.3004 1.4992 0.4029
Car 0.0000 0 0.0000 -1.0000 -1.0000 -1.0000 -1.0000 1.8916 1.5343 4.4873 -2.3451 16.9516 0.9678 -1.5800 0.3993
Car 0.0000 0 0.0000 -1.0000 -1.0000 -1.0000 -1.0000 1.9132 1.6130 4.6593 -66.1666 -24.0808 1.9600 -0.0989 0.3891
Car 0.0000 0 0.0000 -1.0000 -1.0000 -1.0000 -1.0000 1.8329 1.4850 4.5527 -56.0347 -2.3263 1.8511 -0.0280 0.3869
Car 0.0000 0 0.0000 -1.0000 -1.0000 -1.0000 -1.0000 1.9086 1.6970 4.5460 42.2904 9.9221 0.0749 -1.6779 0.3627
Car 0.0000 0 0.0000 -1.0000 -1.0000 -1.0000 -1.0000 1.9324 1.7045 4.6298 -60.8237 5.0079 2.5277 0.0115 0.3165
Car 0.0000 0 0.0000 -1.0000 -1.0000 -1.0000 -1.0000 1.8681 1.6829 4.5988 -56.6365 -8.1215 1.9602 -0.0851 0.3151
Truck 0.0000 0 0.0000 -1.0000 -1.0000 -1.0000 -1.0000 3.0349 3.4067 12.0684 52.4165 18.9787 0.8496 -1.6610 0.6121
Cyclist 0.0000 0 0.0000 -1.0000 -1.0000 -1.0000 -1.0000 0.7844 1.5165 1.7847 -22.1354 0.1241 0.8034 0.1653 0.5754
Cyclist 0.0000 0 0.0000 -1.0000 -1.0000 -1.0000 -1.0000 0.7762 1.5476 1.7867 32.3612 6.3669 0.3686 1.3745 0.5133
Cyclist 0.0000 0 0.0000 -1.0000 -1.0000 -1.0000 -1.0000 0.8727 1.6375 1.8303 -32.2396 -5.0308 1.0645 0.3263 0.4799
Cyclist 0.0000 0 0.0000 -1.0000 -1.0000 -1.0000 -1.0000 0.7586 1.5789 1.7762 52.5689 -5.5444 -0.1056 -1.9921 0.3366
Cyclist 0.0000 0 0.0000 -1.0000 -1.0000 -1.0000 -1.0000 0.6558 1.0512 1.6611 -4.4687 4.4967 0.5683 1.8002 0.3241
Cyclist 0.0000 0 0.0000 -1.0000 -1.0000 -1.0000 -1.0000 0.8137 1.6097 1.8533 53.1489 3.9627 -0.4214 -1.7557 0.3182
Pedestrian 0.0000 0 0.0000 -1.0000 -1.0000 -1.0000 -1.0000 0.7262 1.6716 0.7195 24.5381 -8.4985 0.9375 -0.2690 0.4581
