Car 0.0000 0 0.0000 -1.0000 -1.0000 -1.0000 -1.0000 1.9764 1.4487 4.5375 -10.2510 2.6690 0.8198 -3.1294 0.8274
Car 0.0000 0 0.0000 -1.0000 -1.0000 -1.0000 -1.0000 2.0040 1.5502 4.5889 23.5162 3.3997 0.6011 0.0045 0.7925
Car 0.0000 0 0.0000 -1.0000 -1.0000 -1.0000 -1.0000 2.0036 1.4581 4.5351 -24.6536 3.2214 0.9009 -3.1308 0.6927
Car 0.0000 0 0.0000 -1.0000 -1.0000 -1.0000 -1.0000 1.9121 1.4384 4.4569 6.0060 3.3682 0.6930 3.1202 0.6811
Car 0.0000 0 0.0000 -1.0000 -1.0000 -1.0000 -1.0000 2.0011 1.6432 4.6728 -39.2547 -0.3576 1.2875 -0.0180 0.6675
Car 0.0000 0 0.0000 -1.0000 -1.0000 -1.0000 -1.0000 1.9584 1.5318 4.5342 -30.9026 0.4406 1.0867 -3.1303 0.6376
Car 0.0000 0 0.0000 -1.0000 -1.0000 -1.0000 -1.0000 1.9518 1.4960 4.5286 -42.2289 3.4366 1.1353 -3.1401 0.6142
Car 0.0000 0 0.0000 -1.0000 -1.0000 -1.0000 -1.0000 1.9939 1.4289 4.5610 -19.3854 0.1257 0.8792 -0.0059 0.5890
Car 0.0000 0 0.0000 -1.0000 -1.0000 -1.0000 -1.0000 1.9504 1.5065 4.6207 56.1910 2.4103 0.3930 0.0114 0.5820
Car 0.0000 0 0.0000 -1.0000 -1.0000 -1.0000 -1.0000 1.9733 1.6348 4.4910 11.1868 -0.1366 0.7883 -3.1414 0.5500
Car 0.0000 0 0.0000 -1.0000 -1.0000 -1.0000 -1.0000 1.9702 1.4895 4.5769 43.5644 3.5529 0.4899 3.1345 0.5214
Car 0.0000 0 0.0000 -1.0000 -1.0000 -1.0000 -1.0000 1.8985 1.4482 4.5044 28.1282 -17.5498 0.7908 1.5782 0.5169
