Car 0.0000 0 0.0000 -1.0000 -1.0000 -1.0000 -1.0000 1.9711 1.4649 4.4838 -6.9093 3.2520 0.7489 0.0030 0.8079
Car 0.0000 0 0.0000 -1.0000 -1.0000 -1.0000 -1.0000 1.9645 1.4642 4.5137 -5.2688 10.5057 0.6296 -0.0588 0.7734
Car 0.0000 0 0.0000 -1.0000 -1.0000 -1.0000 -1.0000 1.9254 1.5340 4.4801 -44.5221 10.7133 0.6969 -3.0525 0.7263
Car 0.0000 0 0.0000 -1.0000 -1.0000 -1.0000 -1.0000 1.9493 1.5423 4.4737 -9.1327 7.2645 0.7279 3.0818 0.7246
Car 0.0000 0 0.0000 -1.0000 -1.0000 -1.0000 -1.0000 2.0091 1.9067 4.6575 -6.1619 14.1542 0.7928 -3.1062 0.6512
Car 0.0000 0 0.0000 -1.0000 -1.0000 -1.0000 -1.0000 1.9725 1.7856 4.6835 -25.8725 -18.2208 0.7652 -3.0709 0.6404
Car 0.0000 0 0.0000 -1.0000 -1.0000 -1.0000 -1.0000 1.9797 1.6436 4.6476 69.0499 0.5389 0.7868 0.0215 0.6380
Car 0.0000 0 0.0000 -1.0000 -1.0000 -1.0000 -1.0000 1.9559 1.7787 4.5596 -12.1922 -11.8211 0.8942 -0.0328 0.6218
Car 0.0000 0 0.0000 -1.0000 -1.0000 -1.0000 -1.0000 2.0396 1.5142 4.6064 42.1300 10.4761 0.6495 -0.0362 0.6091
Car 0.0000 0 0.0000 -1.0000 -1.0000 -1.0000 -1.0000 1.9767 1.4692 4.5976 52.4810 -2.2207 0.7518 -0.1236 0.5947
Car 0.0000 0 0.0000 -1.0000 -1.0000 -1.0000 -1.0000 1.9074 1.7768 4.5551 74.8988 8.9015 0.8830 3.1106 0.5266
Car 0.0000 0 0.0000 -1.0000 -1.0000 -1.0000 -1.0000 1.9191 1.4826 4.5390 -7.2025 -26.2994 0.0583 -1.5399 0.4891
Car 0.0000 0 0.0000 -1.0000 -1.0000 -1.0000 -1.0000 1.8711 1.6652 4.4670 8.4492 -10.0280 0.9127 -3.1411 0.4849
Car 0.0000 0 0.0000 -1.0000 -1.0000 -1.0000 -1.0000 1.8310 1.4518 4.4473 1.1858 -9.7707 0.7364 3.1230 0.4821
Car 0.0000 0 0.0000 -1.0000 -1.0000 -1.0000 -1.0000 1.8918 1.4960 4.4230 -2.3792 -13.0325 0.6915 -0.1104 0.4777
Car 0.0000 0 0.0000 -1.0000 -1.0000 -1.0000 -1.0000 1.9703 1.5146 4.5876 -57.5137 15.8869 0.4964 -3.0311 0.4643
Car 0.0000 0 0.0000 -1.0000 -1.0000 -1.0000 -1.0000 1.9700 1.8355 4.5792 -49.0780 -15.1178 0.9057 -3.0771 0.3868
Car 0.0000 0 0.0000 -1.0000 -1.0000 -1.0000 -1.0000 1.9617 1.9258 4.6915 -6.7757 -36.0492 0.3942 -1.5072 0.3462
Car 0.0000 0 0.0000 -1.0000 -1.0000 -1.0000 -1.0000 1.8455 1.5254 4.4736 1.6009 -16.5273 0.6599 3.0659 0.3187
Car 0.0000 0 0.0000 -1.0000 -1.0000 -1.0000 -1.0000 1.8736 1.4672 4.5864 8.3557 -16.7607 0.4847 0.0166 0.3080
Car 0.0000 0 0.0000 -1.0000 -1.0000 -1.0000 -1.0000 2.0173 1.9614 4.8487 14.9214 -9.8843 1.0995 -3.1162 0.3064
Truck 0.0000 0 0.0000 -1.0000 -1.0000 -1.0000 -1.0000 2.4782 2.4752 6.5547 -42.4534 -0.8170 1.2401 0.0379 0.5173
Cyclist 0.0000 0 0.0000 -1.0000 -1.0000 -1.0000 -1.0000 0.7344 1.5360 1.7042 -56.3754 20.4207 0.3742 0.0235 0.4235
Cyclist 0.0000 0 0.0000 -1.0000 -1.0000 -1.0000 -1.0000 0.7482 1.5429 1.6844 -51.1885 -8.8504 0.7233 3.1364 0.3778
Pedestrian 0.0000 0 0.0000 -1.0000 -1.0000 -1.0000 -1.0000 0.6670 1.6371 0.5846 -6.1368 -12.6700 0.7699 2.9979 0.4641
