Car 0.0000 0 0.0000 -1.0000 -1.0000 -1.0000 -1.0000 1.9891 1.5717 4.5089 25.1124 5.3592 0.8673 -3.1357 0.6705
Car 0.0000 0 0.0000 -1.0000 -1.0000 -1.0000 -1.0000 1.8498 1.4208 4.4373 -16.3514 5.3303 0.6421 0.0665 0.6701
Car 0.0000 0 0.0000 -1.0000 -1.0000 -1.0000 -1.0000 1.8876 1.4419 4.3751 14.7279 4.9386 0.7503 -3.0295 0.6250
Car 0.0000 0 0.0000 -1.0000 -1.0000 -1.0000 -1.0000 1.9774 1.4460 4.5146 41.5778 4.8476 0.7917 -0.0157 0.5955
Car 0.0000 0 0.0000 -1.0000 -1.0000 -1.0000 -1.0000 2.0900 1.7328 4.8779 -15.4607 -0.6673 0.8008 0.0133 0.5944
Car 0.0000 0 0.0000 -1.0000 -1.0000 -1.0000 -1.0000 1.9472 1.4861 4.5130 -21.5941 5.6064 0.6323 -0.0005 0.4657
Car 0.0000 0 0.0000 -1.0000 -1.0000 -1.0000 -1.0000 1.9128 1.4428 4.4971 30.5543 4.7806 0.7852 -0.0067 0.4407
Car 0.0000 0 0.0000 -1.0000 -1.0000 -1.0000 -1.0000 1.8748 1.5245 4.4237 3.3543 5.1827 0.7370 -0.0103 0.4403
Car 0.0000 0 0.0000 -1.0000 -1.0000 -1.0000 -1.0000 1.8797 1.4850 4.4921 -31.7264 -8.7292 0.3784 -1.7768 0.4344
Car 0.0000 0 0.0000 -1.0000 -1.0000 -1.0000 -1.0000 1.9270 1.5308 4.5505 67.5172 -0.1328 0.8213 3.0945 0.4276
Car 0.0000 0 0.0000 -1.0000 -1.0000 -1.0000 -1.0000 1.8175 1.5456 4.3862 57.2212 5.1310 0.8480 0.0382 0.3415
Car 0.0000 0 0.0000 -1.0000 -1.0000 -1.0000 -1.0000 1.8828 1.4689 4.5179 -31.8323 8.0550 0.4758 -1.3962 0.3149
Truck 0.0000 0 0.0000 -1.0000 -1.0000 -1.0000 -1.0000 1.9506 1.9859 4.9402 -26.9930 0.8614 0.9401 3.1372 0.4361
Tricar 0.0000 0 0.0000 -1.0000 -1.0000 -1.0000 -1.0000 1.1115 1.6021 2.5498 15.5113 -4.6905 0.8829 0.1080 0.4897
Tricar 0.0000 0 0.0000 -1.0000 -1.0000 -1.0000 -1.0000 1.4351 1.8379 3.1621 -65.7362 5.5920 0.5308 -0.0946 0.4224
Cyclist 0.0000 0 0.0000 -1.0000 -1.0000 -1.0000 -1.0000 0.7063 1.5460 1.6683 5.0184 -1.9800 0.7663 -3.0937 0.5472
Cyclist 0.0000 0 0.0000 -1.0000 -1.0000 -1.0000 -1.0000 0.7718 1.5643 1.7463 40.5141 2.2524 0.8280 3.1147 0.5272
Cyclist 0.0000 0 0.0000 -1.0000 -1.0000 -1.0000 -1.0000 0.6564 1.1971 1.6526 -6.0076 -4.5786 0.6011 2.9051 0.4798
Cyclist 0.0000 0 0.0000 -1.0000 -1.0000 -1.0000 -1.0000 0.6825 1.1731 1.7348 -6.4097 5.0312 0.6291 1.5934 0.4336
Cyclist 0.0000 0 0.0000 -1.0000 -1.0000 -1.0000 -1.0000 0.7436 1.1524 1.7704 -3.0760 -5.0665 0.6202 0.1594 0.4032
Cyclist 0.0000 0 0.0000 -1.0000 -1.0000 -1.0000 -1.0000 0.7035 1.2838 1.7333 -18.2957 -4.4600 0.4972 -2.9720 0.4013
Cyclist 0.0000 0 0.0000 -1.0000 -1.0000 -1.0000 -1.0000 0.8033 1.5639 1.7360 26.0457 -2.3792 0.9022 0.0288 0.3982
Cyclist 0.0000 0 0.0000 -1.0000 -1.0000 -1.0000 -1.0000 0.6877 1.0840 1.6837 -14.5431 8.1399 0.5536 -3.0566 0.3668
Cyclist 0.0000 0 0.0000 -1.0000 -1.0000 -1.0000 -1.0000 0.6526 1.1999 1.6737 11.2256 5.3771 0.6242 1.8740 0.3582
Cyclist 0.0000 0 0.0000 -1.0000 -1.0000 -1.0000 -1.0000 0.9977 1.5926 2.0592 15.5822 -4.6323 0.8914 -3.0453 0.3581
Cyclist 0.0000 0 0.0000 -1.0000 -1.0000 -1.0000 -1.0000 0.7242 1.1292 1.7425 -14.6639 -6.9979 0.6240 -1.3400 0.3529
Cyclist 0.0000 0 0.0000 -1.0000 -1.0000 -1.0000 -1.0000 0.6927 1.1005 1.6987 -12.5787 9.0180 0.5703 0.0573 0.3517
Cyclist 0.0000 0 0.0000 -1.0000 -1.0000 -1.0000 -1.0000 0.7050 1.3008 1.6830 -17.6887 -6.5185 0.5916 -0.0271 0.3503
Cyclist 0.0000 0 0.0000 -1.0000 -1.0000 -1.0000 -1.0000 0.6625 1.1034 1.6174 -16.3267 -6.3187 0.5839 2.0440 0.3488
Cyclist 0.0000 0 0.0000 -1.0000 -1.0000 -1.0000 -1.0000 0.7724 1.5253 1.7690 71.5272 -2.3149 0.8615 2.9377 0.3464
Cyclist 0.0000 0 0.0000 -1.0000 -1.0000 -1.0000 -1.0000 0.6772 1.1915 1.7120 -4.4292 4.9861 0.5974 1.5198 0.3303
Cyclist 0.0000 0 0.0000 -1.0000 -1.0000 -1.0000 -1.0000 0.8248 1.5590 1.8179 70.9682 2.3445 0.8019 -3.1226 0.3292
Cyclist 0.0000 0 0.0000 -1.0000 -1.0000 -1.0000 -1.0000 0.7048 1.3403 1.6966 8.9171 6.9990 0.6775 -1.6245 0.3239
Cyclist 0.0000 0 0.0000 -1.0000 -1.0000 -1.0000 -1.0000 0.6659 1.1388 1.6676 -12.0697 -6.6384 0.6314 1.8502 0.3196
Cyclist 0.0000 0 0.0000 -1.0000 -1.0000 -1.0000 -1.0000 0.6697 1.0551 1.6492 -3.2629 -8.0450 0.6916 0.7202 0.3187
Cyclist 0.0000 0 0.0000 -1.0000 -1.0000 -1.0000 -1.0000 0.6668 1.0952 1.6617 -4.4704 -8.0222 0.7087 -2.0338 0.3138
Pedestrian 0.0000 0 0.0000 -1.0000 -1.0000 -1.0000 -1.0000 0.7276 1.6583 0.6978 30.0383 -1.7009 0.9790 0.0016 0.3250
Pedestrian 0.0000 0 0.0000 -1.0000 -1.0000 -1.0000 -1.0000 0.6729 1.5630 0.6239 -6.4217 -9.9734 1.0203 -1.6526 0.3023
