Car 0.0000 0 0.0000 -1.0000 -1.0000 -1.0000 -1.0000 1.9834 1.7104 4.5903 23.4194 -17.8531 1.1785 1.5465 0.7636
Car 0.0000 0 0.0000 -1.0000 -1.0000 -1.0000 -1.0000 1.9423 1.4536 4.5763 -8.6798 21.6944 0.7381 1.5944 0.7476
Car 0.0000 0 0.0000 -1.0000 -1.0000 -1.0000 -1.0000 1.9826 1.8827 4.6234 -12.5145 21.7161 0.9195 1.6004 0.7082
Car 0.0000 0 0.0000 -1.0000 -1.0000 -1.0000 -1.0000 1.9160 1.4847 4.5587 -23.8445 -22.1708 1.0169 -1.6158 0.6842
Car 0.0000 0 0.0000 -1.0000 -1.0000 -1.0000 -1.0000 1.9419 1.4950 4.6079 -4.2568 21.7324 0.7533 -1.6946 0.6509
Car 0.0000 0 0.0000 -1.0000 -1.0000 -1.0000 -1.0000 1.9215 1.4487 4.5339 12.6187 -17.2045 0.9989 1.5140 0.6031
Car 0.0000 0 0.0000 -1.0000 -1.0000 -1.0000 -1.0000 1.8989 1.4866 4.5033 14.3986 -33.2573 1.3391 1.6600 0.5856
Car 0.0000 0 0.0000 -1.0000 -1.0000 -1.0000 -1.0000 1.9232 1.4867 4.5831 16.3355 19.7470 0.7250 -1.5393 0.5814
Car 0.0000 0 0.0000 -1.0000 -1.0000 -1.0000 -1.0000 1.9322 1.4888 4.5520 -14.9502 17.7103 0.6830 -1.5255 0.5786
Car 0.0000 0 0.0000 -1.0000 -1.0000 -1.0000 -1.0000 1.9627 1.5726 4.6272 19.5761 16.8548 0.7800 -1.6237 0.5539
Car 0.0000 0 0.0000 -1.0000 -1.0000 -1.0000 -1.0000 1.8953 1.4787 4.5672 -20.4828 27.7074 0.7164 -1.7419 0.5476
Car 0.0000 0 0.0000 -1.0000 -1.0000 -1.0000 -1.0000 1.9818 1.6014 4.6153 -54.8656 3.1082 0.9369 -3.1173 0.5427
Car 0.0000 0 0.0000 -1.0000 -1.0000 -1.0000 -1.0000 1.8960 1.4667 4.5677 -19.9639 -33.1371 1.1328 1.5688 0.5301
Car 0.0000 0 0.0000 -1.0000 -1.0000 -1.0000 -1.0000 1.9555 1.4889 4.6453 21.5688 -23.2320 1.1203 -1.4336 0.5205
Car 0.0000 0 0.0000 -1.0000 -1.0000 -1.0000 -1.0000 1.8934 1.4910 4.5196 -20.3493 -22.4090 0.9830 1.5546 0.4934
Car 0.0000 0 0.0000 -1.0000 -1.0000 -1.0000 -1.0000 1.8655 1.5667 4.4607 22.1011 -33.3054 1.2993 1.5806 0.4920
Car 0.0000 0 0.0000 -1.0000 -1.0000 -1.0000 -1.0000 1.9357 1.7565 4.6032 -23.6318 38.6490 0.8463 1.3741 0.4895
Car 0.0000 0 0.0000 -1.0000 -1.0000 -1.0000 -1.0000 1.9073 1.7398 4.5249 18.1477 -23.1985 1.2189 1.6227 0.4266
Car 0.0000 0 0.0000 -1.0000 -1.0000 -1.0000 -1.0000 1.9161 1.5725 4.6238 -16.0659 38.6008 0.7878 1.5321 0.4228
Car 0.0000 0 0.0000 -1.0000 -1.0000 -1.0000 -1.0000 1.9034 1.5235 4.6140 33.4326 -32.1552 1.2153 1.7700 0.3992
Car 0.0000 0 0.0000 -1.0000 -1.0000 -1.0000 -1.0000 1.9107 1.5354 4.5880 -12.5260 38.1001 0.7584 1.3855 0.3908
Car 0.0000 0 0.0000 -1.0000 -1.0000 -1.0000 -1.0000 1.9105 1.4946 4.5609 -16.9187 -32.9198 1.1923 1.6131 0.3845
Car 0.0000 0 0.0000 -1.0000 -1.0000 -1.0000 -1.0000 1.8618 1.5152 4.5299 30.2604 22.1636 0.8782 1.7162 0.3844
Car 0.0000 0 0.0000 -1.0000 -1.0000 -1.0000 -1.0000 1.8908 1.5118 4.5449 -17.7582 -22.9130 0.9507 1.6092 0.3839
Car 0.0000 0 0.0000 -1.0000 -1.0000 -1.0000 -1.0000 1.9102 1.4917 4.5350 17.5786 -32.5825 1.2853 1.6176 0.3644
Car 0.0000 0 0.0000 -1.0000 -1.0000 -1.0000 -1.0000 1.8829 1.4999 4.5810 37.6166 24.3506 0.8535 1.5504 0.3618
Car 0.0000 0 0.0000 -1.0000 -1.0000 -1.0000 -1.0000 1.8972 1.5280 4.6022 -23.4813 -33.1359 1.0881 1.4341 0.3254
Car 0.0000 0 0.0000 -1.0000 -1.0000 -1.0000 -1.0000 1.8472 1.4579 4.4420 14.9908 -23.3042 1.0741 1.5565 0.3253
Car 0.0000 0 0.0000 -1.0000 -1.0000 -1.0000 -1.0000 1.9239 1.4710 4.6155 22.1404 16.7921 0.7467 -1.6126 0.3187
Car 0.0000 0 0.0000 -1.0000 -1.0000 -1.0000 -1.0000 1.9196 1.5456 4.6457 25.3505 -33.5426 1.2994 1.6113 0.3114
Truck 0.0000 0 0.0000 -1.0000 -1.0000 -1.0000 -1.0000 2.5920 2.8075 6.8506 -40.5698 -9.4074 1.5407 2.0303 0.3965
Tricar 0.0000 0 0.0000 -1.0000 -1.0000 -1.0000 -1.0000 1.3038 1.7264 3.1792 9.2734 5.7567 0.8635 2.9866 0.6161
Tricar 0.0000 0 0.0000 -1.0000 -1.0000 -1.0000 -1.0000 1.2644 1.7324 2.9004 19.9352 32.0192 1.0489 -2.8083 0.5177
Cyclist 0.0000 0 0.0000 -1.0000 -1.0000 -1.0000 -1.0000 0.8068 1.5177 1.8183 33.0694 7.8486 0.8194 3.0880 0.5093
Cyclist 0.0000 0 0.0000 -1.0000 -1.0000 -1.0000 -1.0000 0.7758 1.4749 1.7710 31.2657 9.2068 0.8209 3.0821 0.4794
Cyclist 0.0000 0 0.0000 -1.0000 -1.0000 -1.0000 -1.0000 0.7926 1.4423 1.8037 47.1608 8.7378 1.1074 3.0935 0.3782
