Car 0.0000 0 0.0000 -1.0000 -1.0000 -1.0000 -1.0000 1.9625 1.4240 4.5000 6.4746 3.0791 0.7850 3.1164 0.8345
Car 0.0000 0 0.0000 -1.0000 -1.0000 -1.0000 -1.0000 1.9669 1.4350 4.4744 -19.3976 -2.7019 0.7208 -0.0703 0.8088
Car 0.0000 0 0.0000 -1.0000 -1.0000 -1.0000 -1.0000 2.0309 1.6113 4.5759 19.4752 2.5135 0.9261 3.0978 0.7707
Car 0.0000 0 0.0000 -1.0000 -1.0000 -1.0000 -1.0000 1.9196 1.4244 4.4434 -8.2113 8.4976 0.6014 0.0316 0.7698
Car 0.0000 0 0.0000 -1.0000 -1.0000 -1.0000 -1.0000 1.9697 1.5824 4.5635 12.5253 8.9961 0.8011 3.1263 0.7597
Car 0.0000 0 0.0000 -1.0000 -1.0000 -1.0000 -1.0000 1.9913 1.5682 4.5884 27.9531 5.8194 0.8275 0.0373 0.7590
Car 0.0000 0 0.0000 -1.0000 -1.0000 -1.0000 -1.0000 1.9867 1.7463 4.5477 32.0698 2.5851 0.9898 0.0162 0.7058
Car 0.0000 0 0.0000 -1.0000 -1.0000 -1.0000 -1.0000 1.9381 1.4352 4.4947 17.7766 -0.2599 0.8692 3.0747 0.6591
Car 0.0000 0 0.0000 -1.0000 -1.0000 -1.0000 -1.0000 1.9355 1.5189 4.5779 -16.7303 21.9004 0.5856 -1.3780 0.6004
Car 0.0000 0 0.0000 -1.0000 -1.0000 -1.0000 -1.0000 1.9174 1.4707 4.5860 -12.7259 21.5864 0.6045 -1.4530 0.5762
Car 0.0000 0 0.0000 -1.0000 -1.0000 -1.0000 -1.0000 1.9505 1.4681 4.4823 -28.5748 8.4517 0.6228 -3.0620 0.5754
Car 0.0000 0 0.0000 -1.0000 -1.0000 -1.0000 -1.0000 1.9105 1.5749 4.5307 23.9568 31.7277 0.2642 -1.6131 0.5750
Car 0.0000 0 0.0000 -1.0000 -1.0000 -1.0000 -1.0000 1.9402 1.5162 4.6240 -4.9140 21.5334 0.6648 -1.4376 0.5653
Car 0.0000 0 0.0000 -1.0000 -1.0000 -1.0000 -1.0000 1.9632 1.7624 4.6863 -31.2050 21.6369 0.6849 1.9942 0.5617
Car 0.0000 0 0.0000 -1.0000 -1.0000 -1.0000 -1.0000 1.8866 1.5282 4.4531 2.4385 29.1983 0.6317 -1.6972 0.5444
Car 0.0000 0 0.0000 -1.0000 -1.0000 -1.0000 -1.0000 1.9314 1.5378 4.6030 53.9224 -6.8229 0.8827 -1.5210 0.5285
Car 0.0000 0 0.0000 -1.0000 -1.0000 -1.0000 -1.0000 1.9297 1.6067 4.5983 -28.1095 21.8366 0.6462 1.8786 0.5198
Car 0.0000 0 0.0000 -1.0000 -1.0000 -1.0000 -1.0000 2.0131 1.9029 4.7378 25.7588 9.1475 0.9659 3.1394 0.5171
Car 0.0000 0 0.0000 -1.0000 -1.0000 -1.0000 -1.0000 1.9160 1.5148 4.5808 27.1959 31.1068 0.3098 -1.6151 0.5165
Car 0.0000 0 0.0000 -1.0000 -1.0000 -1.0000 -1.0000 1.9026 1.5462 4.5395 -54.2334 20.3602 0.4399 -1.5159 0.4951
Car 0.0000 0 0.0000 -1.0000 -1.0000 -1.0000 -1.0000 1.9242 1.5777 4.5451 -38.6002 21.7856 0.4947 -1.0485 0.4913
Car 0.0000 0 0.0000 -1.0000 -1.0000 -1.0000 -1.0000 1.9865 1.7785 4.7383 -22.3557 22.1707 0.6560 -1.3412 0.4893
Car 0.0000 0 0.0000 -1.0000 -1.0000 -1.0000 -1.0000 1.9134 1.5581 4.5397 4.7919 -13.5510 1.1617 1.3998 0.4809
Car 0.0000 0 0.0000 -1.0000 -1.0000 -1.0000 -1.0000 1.9150 1.5945 4.5771 -19.9739 21.9566 0.5329 -1.3587 0.4799
Car 0.0000 0 0.0000 -1.0000 -1.0000 -1.0000 -1.0000 2.0018 1.6672 4.6461 7.4269 27.4981 0.7008 -2.4409 0.4667
Car 0.0000 0 0.0000 -1.0000 -1.0000 -1.0000 -1.0000 1.9062 1.4692 4.5940 -2.7120 21.6374 0.6247 -1.4157 0.4554
Car 0.0000 0 0.0000 -1.0000 -1.0000 -1.0000 -1.0000 1.9200 1.7253 4.5408 -8.6743 21.3919 0.7650 -1.4678 0.4477
Car 0.0000 0 0.0000 -1.0000 -1.0000 -1.0000 -1.0000 1.8843 1.5986 4.4208 47.4447 2.7236 0.8818 0.0768 0.4393
Car 0.0000 0 0.0000 -1.0000 -1.0000 -1.0000 -1.0000 1.8963 1.5481 4.5444 -12.0007 30.4037 0.6519 -1.4825 0.4225
Car 0.0000 0 0.0000 -1.0000 -1.0000 -1.0000 -1.0000 1.8946 1.4510 4.5686 -14.7080 29.9200 0.5887 -1.4616 0.4169
Car 0.0000 0 0.0000 -1.0000 -1.0000 -1.0000 -1.0000 1.9273 1.5871 4.5696 9.5654 -17.7414 1.2540 1.0505 0.3869
Car 0.0000 0 0.0000 -1.0000 -1.0000 -1.0000 -1.0000 1.9154 1.5906 4.5037 -25.9468 30.9834 0.6564 -1.2798 0.3827
Car 0.0000 0 0.0000 -1.0000 -1.0000 -1.0000 -1.0000 1.9118 1.5712 4.6009 -25.5851 21.9316 0.5392 1.8388 0.3644
Car 0.0000 0 0.0000 -1.0000 -1.0000 -1.0000 -1.0000 1.9812 1.7790 4.7801 59.5870 3.2620 1.1484 0.0826 0.3615
Car 0.0000 0 0.0000 -1.0000 -1.0000 -1.0000 -1.0000 2.2664 2.3265 5.3306 38.4078 0.9453 1.2907 0.0711 0.3522
Car 0.0000 0 0.0000 -1.0000 -1.0000 -1.0000 -1.0000 1.8917 1.5535 4.5493 54.3459 -29.8622 1.1778 1.7340 0.3287
Car 0.0000 0 0.0000 -1.0000 -1.0000 -1.0000 -1.0000 1.9021 1.5449 4.5913 29.9867 30.0140 0.3704 1.5337 0.3157
Tricar 0.0000 0 0.0000 -1.0000 -1.0000 -1.0000 -1.0000 1.2698 1.5644 2.9791 62.2255 26.2363 0.3264 1.5278 0.3340
Cyclist 0.0000 0 0.0000 -1.0000 -1.0000 -1.0000 -1.0000 0.7225 1.5170 1.7011 -14.5998 15.6915 0.5330 -3.1005 0.5845
Cyclist 0.0000 0 0.0000 -1.0000 -1.0000 -1.0000 -1.0000 0.7552 1.5682 1.7110 0.2430 12.6052 0.5851 0.0049 0.5830
Cyclist 0.0000 0 0.0000 -1.0000 -1.0000 -1.0000 -1.0000 0.7659 1.5906 1.7073 39.1738 -2.8245 0.9294 0.1308 0.5735
Cyclist 0.0000 0 0.0000 -1.0000 -1.0000 -1.0000 -1.0000 0.7660 1.5544 1.7369 -12.2854 -6.2957 0.8799 -3.1344 0.5549
Cyclist 0.0000 0 0.0000 -1.0000 -1.0000 -1.0000 -1.0000 0.7891 1.6384 1.7283 32.2395 16.2009 0.7378 3.1011 0.5440
Cyclist 0.0000 0 0.0000 -1.0000 -1.0000 -1.0000 -1.0000 0.7463 1.5445 1.7122 4.3787 16.2916 0.5771 -2.9449 0.5279
Cyclist 0.0000 0 0.0000 -1.0000 -1.0000 -1.0000 -1.0000 0.7430 1.5632 1.6785 43.6102 -3.5674 0.8517 0.1321 0.5097
Cyclist 0.0000 0 0.0000 -1.0000 -1.0000 -1.0000 -1.0000 0.7304 1.4938 1.7318 -35.7381 15.2491 0.4333 0.0447 0.4990
Cyclist 0.0000 0 0.0000 -1.0000 -1.0000 -1.0000 -1.0000 0.7355 1.5273 1.6956 -48.2763 -6.0617 0.7559 0.0591 0.4689
Cyclist 0.0000 0 0.0000 -1.0000 -1.0000 -1.0000 -1.0000 0.7079 1.4831 1.6830 1.1946 15.4122 0.5668 -3.0048 0.4621
Cyclist 0.0000 0 0.0000 -1.0000 -1.0000 -1.0000 -1.0000 0.8225 1.5826 1.7610 4.3103 -5.4954 0.8590 3.0740 0.4611
Cyclist 0.0000 0 0.0000 -1.0000 -1.0000 -1.0000 -1.0000 0.7256 1.3674 1.7252 16.8871 22.2029 0.4262 -1.2640 0.4591
Cyclist 0.0000 0 0.0000 -1.0000 -1.0000 -1.0000 -1.0000 0.7930 1.5377 1.7386 48.2364 -2.2837 0.8296 -3.0421 0.4566
Cyclist 0.0000 0 0.0000 -1.0000 -1.0000 -1.0000 -1.0000 0.7694 1.5563 1.7512 15.1919 15.9617 0.5800 -3.0908 0.4426
Cyclist 0.0000 0 0.0000 -1.0000 -1.0000 -1.0000 -1.0000 0.8309 1.5636 1.8195 7.0316 -5.4136 0.8694 -0.0905 0.3622
Cyclist 0.0000 0 0.0000 -1.0000 -1.0000 -1.0000 -1.0000 0.7834 1.5941 1.7283 -60.8894 11.5796 0.6091 0.0616 0.3554
Cyclist 0.0000 0 0.0000 -1.0000 -1.0000 -1.0000 -1.0000 0.7961 1.5540 1.7580 15.4311 19.4897 0.4932 -0.3885 0.3177
Cyclist 0.0000 0 0.0000 -1.0000 -1.0000 -1.0000 -1.0000 0.7779 1.5602 1.7443 -72.0367 -5.1979 0.7877 -0.0452 0.3131
Cyclist 0.0000 0 0.0000 -1.0000 -1.0000 -1.0000 -1.0000 0.7873 1.5680 1.8313 18.3375 31.4402 0.1864 -1.6786 0.3054
Cyclist 0.0000 0 0.0000 -1.0000 -1.0000 -1.0000 -1.0000 0.7691 1.5182 1.7271 49.8568 -3.1071 0.8125 0.0654 0.3049
Cyclist 0.0000 0 0.0000 -1.0000 -1.0000 -1.0000 -1.0000 0.7400 1.5577 1.7028 -42.2012 15.0284 0.4470 0.0953 0.3039
Pedestrian 0.0000 0 0.0000 -1.0000 -1.0000 -1.0000 -1.0000 0.7144 1.7296 0.6530 -6.6716 -11.0448 1.1750 0.2105 0.5150
Pedestrian 0.0000 0 0.0000 -1.0000 -1.0000 -1.0000 -1.0000 0.6765 1.6771 0.5736 56.3691 22.3186 0.5132 3.0950 0.4747
Pedestrian 0.0000 0 0.0000 -1.0000 -1.0000 -1.0000 -1.0000 0.7115 1.7241 0.6562 37.4966 -10.3273 1.2398 0.8969 0.4132
Pedestrian 0.0000 0 0.0000 -1.0000 -1.0000 -1.0000 -1.0000 0.6789 1.6506 0.6035 14.0523 21.7098 0.5651 2.3695 0.3397
Pedestrian 0.0000 0 0.0000 -1.0000 -1.0000 -1.0000 -1.0000 0.6704 1.6631 0.5558 -52.5145 24.3250 0.6480 3.1113 0.3032
