Car 0.0000 0 0.0000 -1.0000 -1.0000 -1.0000 -1.0000 1.9486 1.5786 4.4700 -28.1467 10.2501 1.0307 -0.0955 0.6887
Car 0.0000 0 0.0000 -1.0000 -1.0000 -1.0000 -1.0000 2.0389 1.4270 4.5895 -18.8897 0.6479 0.7818 -3.1183 0.6832
Car 0.0000 0 0.0000 -1.0000 -1.0000 -1.0000 -1.0000 1.9590 1.4651 4.4886 9.1388 9.8963 0.9448 -0.0158 0.6731
Car 0.0000 0 0.0000 -1.0000 -1.0000 -1.0000 -1.0000 1.9473 1.5687 4.4484 -33.5851 10.1575 1.0901 -0.0019 0.6606
Car 0.0000 0 0.0000 -1.0000 -1.0000 -1.0000 -1.0000 1.9305 1.4849 4.5277 -8.4073 10.1055 0.9475 -3.1094 0.6554
Car 0.0000 0 0.0000 -1.0000 -1.0000 -1.0000 -1.0000 1.9414 1.4601 4.5176 3.2928 9.9454 0.9236 -0.0180 0.6408
Car 0.0000 0 0.0000 -1.0000 -1.0000 -1.0000 -1.0000 1.9260 1.5067 4.4636 -2.7410 10.0125 0.9105 -0.0078 0.6143
Car 0.0000 0 0.0000 -1.0000 -1.0000 -1.0000 -1.0000 1.9411 1.5733 4.5383 -22.3023 10.0707 1.0217 -0.0389 0.5929
Car 0.0000 0 0.0000 -1.0000 -1.0000 -1.0000 -1.0000 1.9803 1.5124 4.5811 14.9992 9.9423 0.9835 -0.0228 0.5901
Car 0.0000 0 0.0000 -1.0000 -1.0000 -1.0000 -1.0000 1.9233 1.5949 4.5452 15.9497 18.4458 0.7941 0.0913 0.5502
Car 0.0000 0 0.0000 -1.0000 -1.0000 -1.0000 -1.0000 1.9077 1.4877 4.5888 -7.9387 15.2014 0.8979 -0.1040 0.5215
Car 0.0000 0 0.0000 -1.0000 -1.0000 -1.0000 -1.0000 1.9315 1.5966 4.5009 33.7470 9.9744 1.2642 -3.1328 0.4810
Car 0.0000 0 0.0000 -1.0000 -1.0000 -1.0000 -1.0000 1.9677 1.5996 4.5594 39.4497 9.4457 1.2813 0.0071 0.4601
Car 0.0000 0 0.0000 -1.0000 -1.0000 -1.0000 -1.0000 1.9817 1.5380 4.7086 -8.3905 24.9653 0.4640 2.9141 0.4291
Car 0.0000 0 0.0000 -1.0000 -1.0000 -1.0000 -1.0000 1.9536 1.8129 4.5857 -15.9829 10.4503 1.2489 -3.0786 0.4257
Car 0.0000 0 0.0000 -1.0000 -1.0000 -1.0000 -1.0000 1.9147 1.5453 4.5960 -22.4146 23.6608 0.7463 -0.2646 0.3484
Truck 0.0000 0 0.0000 -1.0000 -1.0000 -1.0000 -1.0000 3.0224 3.6995 12.1301 1.5719 19.2745 1.8363 0.0055 0.6479
Truck 0.0000 0 0.0000 -1.0000 -1.0000 -1.0000 -1.0000 3.0105 3.5073 10.3267 -51.0014 0.9523 2.0966 3.1063 0.6008
Truck 0.0000 0 0.0000 -1.0000 -1.0000 -1.0000 -1.0000 2.9541 3.2386 11.3878 -49.1837 25.8608 1.9070 0.0226 0.5237
Truck 0.0000 0 0.0000 -1.0000 -1.0000 -1.0000 -1.0000 2.6461 2.9194 9.4939 77.2628 4.2684 1.9859 0.0611 0.3149
Pedestrian 0.0000 0 0.0000 -1.0000 -1.0000 -1.0000 -1.0000 0.6871 1.6826 0.6185 -37.7483 10.0221 1.2465 0.0984 0.3330
