Car 0.0000 0 0.0000 -1.0000 -1.0000 -1.0000 -1.0000 2.0322 1.4250 4.6827 -25.7084 -0.3884 0.6040 -3.1280 0.7705
Car 0.0000 0 0.0000 -1.0000 -1.0000 -1.0000 -1.0000 1.9492 1.4881 4.5422 2.3858 5.2229 0.7104 3.1073 0.7197
Car 0.0000 0 0.0000 -1.0000 -1.0000 -1.0000 -1.0000 1.9807 1.6188 4.5952 -8.3215 5.2700 0.8164 -0.0157 0.7174
Car 0.0000 0 0.0000 -1.0000 -1.0000 -1.0000 -1.0000 1.9438 1.6496 4.3790 30.0056 1.6932 0.7877 -2.8127 0.6835
Car 0.0000 0 0.0000 -1.0000 -1.0000 -1.0000 -1.0000 1.9412 1.6114 4.5385 -3.0758 5.4773 0.8149 -3.1326 0.6640
Car 0.0000 0 0.0000 -1.0000 -1.0000 -1.0000 -1.0000 2.1624 1.9546 4.8544 3.4835 -3.2171 0.9516 -0.0146 0.6303
Car 0.0000 0 0.0000 -1.0000 -1.0000 -1.0000 -1.0000 1.9103 1.3965 4.5121 -12.0298 -6.1171 0.5950 3.1359 0.6075
Car 0.0000 0 0.0000 -1.0000 -1.0000 -1.0000 -1.0000 1.9294 1.6144 4.5255 -10.9011 -0.5372 0.7985 -0.0432 0.5350
Car 0.0000 0 0.0000 -1.0000 -1.0000 -1.0000 -1.0000 1.9885 1.6957 4.6290 18.6728 5.3106 0.8421 -3.0777 0.5157
Car 0.0000 0 0.0000 -1.0000 -1.0000 -1.0000 -1.0000 1.8464 1.5214 4.4326 7.9006 4.3268 0.7071 -0.0419 0.4364
Car 0.0000 0 0.0000 -1.0000 -1.0000 -1.0000 -1.0000 1.9092 1.5567 4.4671 -33.7748 -2.5491 0.6244 3.1366 0.4275
Car 0.0000 0 0.0000 -1.0000 -1.0000 -1.0000 -1.0000 2.0248 1.7534 4.8121 -57.8002 -0.8027 0.8731 0.0188 0.3551
Car 0.0000 0 0.0000 -1.0000 -1.0000 -1.0000 -1.0000 1.8428 1.6876 4.4619 -35.6132 0.8692 0.7564 0.0205 0.3381
Car 0.0000 0 0.0000 -1.0000 -1.0000 -1.0000 -1.0000 1.9005 1.5724 4.5349 -55.7845 5.2231 0.7500 3.1413 0.3276
Truck 0.0000 0 0.0000 -1.0000 -1.0000 -1.0000 -1.0000 2.9306 3.1186 10.4825 -1.4823 -6.6998 1.4487 0.0208 0.7522
Truck 0.0000 0 0.0000 -1.0000 -1.0000 -1.0000 -1.0000 2.9845 3.2786 11.2483 13.6482 -6.3741 1.5363 3.0808 0.7286
Truck 0.0000 0 0.0000 -1.0000 -1.0000 -1.0000 -1.0000 2.9529 3.2306 11.0813 -55.5858 -4.5825 1.4503 -3.1227 0.6551
Truck 0.0000 0 0.0000 -1.0000 -1.0000 -1.0000 -1.0000 2.8175 3.4507 8.3385 12.4910 -1.3429 1.6531 0.0020 0.5813
Tricar 0.0000 0 0.0000 -1.0000 -1.0000 -1.0000 -1.0000 1.0318 1.5011 2.4019 23.3864 2.6628 0.7233 -3.0281 0.3580
Tricar 0.0000 0 0.0000 -1.0000 -1.0000 -1.0000 -1.0000 1.4674 2.0781 3.2282 -12.9524 3.4058 1.0816 3.1347 0.3053
Cyclist 0.0000 0 0.0000 -1.0000 -1.0000 -1.0000 -1.0000 0.7852 1.5565 1.7669 -6.8320 -3.5339 0.7717 0.0001 0.6865
Cyclist 0.0000 0 0.0000 -1.0000 -1.0000 -1.0000 -1.0000 0.7526 1.5344 1.7347 -11.2855 -3.3384 0.7365 -0.0114 0.4463
Cyclist 0.0000 0 0.0000 -1.0000 -1.0000 -1.0000 -1.0000 0.7448 1.4813 1.7887 8.7229 3.4273 0.6304 3.0946 0.4454
Cyclist 0.0000 0 0.0000 -1.0000 -1.0000 -1.0000 -1.0000 0.7301 1.4996 1.7124 -13.2583 -12.2337 0.5494 0.0300 0.4099
Cyclist 0.0000 0 0.0000 -1.0000 -1.0000 -1.0000 -1.0000 0.8003 1.4874 1.8665 -28.7870 -7.3365 0.5033 -3.1381 0.4008
Cyclist 0.0000 0 0.0000 -1.0000 -1.0000 -1.0000 -1.0000 0.8685 1.6641 1.7994 -15.6518 -2.6470 0.7860 -0.0635 0.3939
Cyclist 0.0000 0 0.0000 -1.0000 -1.0000 -1.0000 -1.0000 0.9435 1.5461 2.0086 23.4378 2.5891 0.7241 -3.0396 0.3794
Cyclist 0.0000 0 0.0000 -1.0000 -1.0000 -1.0000 -1.0000 0.7246 1.2585 1.7297 -25.2323 -10.7120 0.4406 -3.0381 0.3676
Cyclist 0.0000 0 0.0000 -1.0000 -1.0000 -1.0000 -1.0000 0.7289 1.4076 1.7317 -27.7206 -12.9403 0.4942 0.0645 0.3662
Cyclist 0.0000 0 0.0000 -1.0000 -1.0000 -1.0000 -1.0000 0.7391 1.5067 1.6764 -54.3207 -7.1123 0.5217 -0.0652 0.3461
Cyclist 0.0000 0 0.0000 -1.0000 -1.0000 -1.0000 -1.0000 0.6846 1.2384 1.6540 7.1049 7.8732 0.7737 0.2643 0.3102
Pedestrian 0.0000 0 0.0000 -1.0000 -1.0000 -1.0000 -1.0000 0.7087 1.6965 0.6783 -6.3140 8.2910 1.0696 3.1175 0.5668
Pedestrian 0.0000 0 0.0000 -1.0000 -1.0000 -1.0000 -1.0000 0.7030 1.6774 0.6559 16.5988 2.8163 0.8478 -3.1318 0.5306
Pedestrian 0.0000 0 0.0000 -1.0000 -1.0000 -1.0000 -1.0000 0.6865 1.6212 0.6352 -6.9655 10.0894 1.1000 3.1230 0.4496
Pedestrian 0.0000 0 0.0000 -1.0000 -1.0000 -1.0000 -1.0000 0.7107 1.6782 0.6630 -18.5465 9.8457 1.2566 3.1355 0.4147
Pedestrian 0.0000 0 0.0000 -1.0000 -1.0000 -1.0000 -1.0000 0.6914 1.6182 0.6265 -25.6318 -5.2925 0.6647 0.0313 0.4141
