Car 0.0000 0 0.0000 -1.0000 -1.0000 -1.0000 -1.0000 2.0639 1.7252 4.7515 42.8395 0.3735 0.8937 -0.0158 0.6493
Car 0.0000 0 0.0000 -1.0000 -1.0000 -1.0000 -1.0000 1.9359 1.4767 4.4697 -23.1378 -0.1706 0.7548 3.1219 0.5612
Car 0.0000 0 0.0000 -1.0000 -1.0000 -1.0000 -1.0000 1.8868 1.5775 4.4593 -22.7845 17.6745 0.4953 -3.0665 0.4681
Car 0.0000 0 0.0000 -1.0000 -1.0000 -1.0000 -1.0000 2.0011 1.5008 4.6844 -23.3564 11.7157 0.5087 -3.1325 0.4573
Truck 0.0000 0 0.0000 -1.0000 -1.0000 -1.0000 -1.0000 2.7152 3.1212 7.6486 69.4201 13.7577 1.4627 -3.1129 0.5201
Truck 0.0000 0 0.0000 -1.0000 -1.0000 -1.0000 -1.0000 2.7521 3.2199 8.0747 -66.3808 4.7131 1.5295 -3.0720 0.3874
Truck 0.0000 0 0.0000 -1.0000 -1.0000 -1.0000 -1.0000 2.1386 1.9808 5.2687 -39.2454 10.4261 0.7636 -0.0032 0.3474
Tricar 0.0000 0 0.0000 -1.0000 -1.0000 -1.0000 -1.0000 1.4420 1.8501 3.5002 -53.5894 -2.9246 0.9408 -0.0215 0.6151
Tricar 0.0000 0 0.0000 -1.0000 -1.0000 -1.0000 -1.0000 1.2082 1.6637 2.8860 -20.8070 -3.6356 0.9230 3.0724 0.5838
Cyclist 0.0000 0 0.0000 -1.0000 -1.0000 -1.0000 -1.0000 0.7369 1.5242 1.7145 58.7030 -3.4829 0.6775 -3.0988 0.4654
