Car 0.0000 0 0.0000 -1.0000 -1.0000 -1.0000 -1.0000 1.9683 1.5344 4.5216 22.1850 3.3095 0.8274 3.1229 0.7953
Car 0.0000 0 0.0000 -1.0000 -1.0000 -1.0000 -1.0000 1.9403 1.5338 4.5087 -21.5603 3.3986 0.6183 -0.0196 0.7361
Car 0.0000 0 0.0000 -1.0000 -1.0000 -1.0000 -1.0000 1.8971 1.4565 4.4130 -22.3993 -9.1788 0.6023 -3.0909 0.7325
Car 0.0000 0 0.0000 -1.0000 -1.0000 -1.0000 -1.0000 1.9098 1.5239 4.4330 -8.7529 -9.2388 0.7026 -0.0093 0.7030
Car 0.0000 0 0.0000 -1.0000 -1.0000 -1.0000 -1.0000 1.9037 1.6975 4.4518 -3.2205 -9.3253 0.8307 -3.1236 0.6947
Car 0.0000 0 0.0000 -1.0000 -1.0000 -1.0000 -1.0000 2.0097 1.8302 4.6923 -15.7871 -9.0637 0.8949 0.0341 0.6421
Car 0.0000 0 0.0000 -1.0000 -1.0000 -1.0000 -1.0000 1.8864 1.4977 4.4456 36.7352 18.3638 0.3801 -1.6119 0.6218
Car 0.0000 0 0.0000 -1.0000 -1.0000 -1.0000 -1.0000 1.9537 1.4350 4.5215 8.7888 -9.4935 0.7917 3.1243 0.6112
Car 0.0000 0 0.0000 -1.0000 -1.0000 -1.0000 -1.0000 1.8912 1.6258 4.3973 1.5598 3.4636 0.7724 3.1037 0.5684
Car 0.0000 0 0.0000 -1.0000 -1.0000 -1.0000 -1.0000 1.8734 1.5166 4.4784 2.9012 -9.4134 0.7955 -3.1075 0.5400
Car 0.0000 0 0.0000 -1.0000 -1.0000 -1.0000 -1.0000 1.9758 1.5835 4.6089 56.2757 2.3308 0.8792 -0.0108 0.5315
Car 0.0000 0 0.0000 -1.0000 -1.0000 -1.0000 -1.0000 1.9652 1.6613 4.5361 -9.2843 3.3198 0.7943 3.1248 0.5076
Car 0.0000 0 0.0000 -1.0000 -1.0000 -1.0000 -1.0000 1.9618 1.5574 4.5913 15.5005 -9.7073 0.8907 -0.0367 0.5021
Car 0.0000 0 0.0000 -1.0000 -1.0000 -1.0000 -1.0000 1.9214 1.6179 4.5455 -33.4073 -1.9982 0.5495 -0.0601 0.4849
Car 0.0000 0 0.0000 -1.0000 -1.0000 -1.0000 -1.0000 2.0310 1.7662 4.6346 9.7322 -0.0255 0.9348 3.1201 0.4698
Car 0.0000 0 0.0000 -1.0000 -1.0000 -1.0000 -1.0000 2.0315 1.6960 4.7804 -44.0698 4.4010 0.5367 -0.0058 0.4686
Car 0.0000 0 0.0000 -1.0000 -1.0000 -1.0000 -1.0000 1.9195 1.6077 4.5016 20.7493 -9.7899 0.9034 -0.0024 0.4299
Car 0.0000 0 0.0000 -1.0000 -1.0000 -1.0000 -1.0000 1.8731 1.5114 4.5272 25.9961 -9.8072 0.8936 3.0931 0.4291
Car 0.0000 0 0.0000 -1.0000 -1.0000 -1.0000 -1.0000 1.8718 1.4791 4.4340 -27.3987 -9.0661 0.5471 -3.0834 0.4229
Car 0.0000 0 0.0000 -1.0000 -1.0000 -1.0000 -1.0000 2.0439 1.7617 4.7120 -11.0710 0.0809 0.8527 3.1327 0.4110
Car 0.0000 0 0.0000 -1.0000 -1.0000 -1.0000 -1.0000 1.9036 1.6895 4.4935 -39.8994 -9.5201 0.6671 -1.1778 0.3851
Car 0.0000 0 0.0000 -1.0000 -1.0000 -1.0000 -1.0000 1.8571 1.4892 4.4668 -62.5654 20.7265 -0.1562 -0.0941 0.3544
Car 0.0000 0 0.0000 -1.0000 -1.0000 -1.0000 -1.0000 1.9584 1.8466 4.5790 33.9906 11.6842 0.6531 -0.0043 0.3517
Car 0.0000 0 0.0000 -1.0000 -1.0000 -1.0000 -1.0000 1.8944 1.4846 4.5699 -49.3411 -8.3206 0.5639 -3.1359 0.3367
Truck 0.0000 0 0.0000 -1.0000 -1.0000 -1.0000 -1.0000 2.5134 2.3245 6.7434 -62.6046 4.4137 0.7123 -0.1297 0.4049
Truck 0.0000 0 0.0000 -1.0000 -1.0000 -1.0000 -1.0000 2.5008 2.2091 6.8547 48.8527 8.6539 1.1491 -3.1245 0.3169
Cyclist 0.0000 0 0.0000 -1.0000 -1.0000 -1.0000 -1.0000 0.7477 1.5225 1.7461 1.3647 10.3221 0.5127 -0.0112 0.6328
Cyclist 0.0000 0 0.0000 -1.0000 -1.0000 -1.0000 -1.0000 0.7335 1.5305 1.6843 23.4698 -6.6656 0.8768 0.0526 0.6246
Cyclist 0.0000 0 0.0000 -1.0000 -1.0000 -1.0000 -1.0000 0.7911 1.5049 1.7922 -12.6467 -6.5349 0.7133 3.1176 0.5182
Cyclist 0.0000 0 0.0000 -1.0000 -1.0000 -1.0000 -1.0000 0.7324 1.5432 1.7222 -38.4598 11.5771 0.2488 0.0981 0.4855
Cyclist 0.0000 0 0.0000 -1.0000 -1.0000 -1.0000 -1.0000 0.7277 1.5345 1.6868 -27.9600 -6.7960 0.5725 0.0759 0.4677
Cyclist 0.0000 0 0.0000 -1.0000 -1.0000 -1.0000 -1.0000 0.7059 1.5079 1.6863 15.9524 12.9419 0.4967 -0.0529 0.3800
Cyclist 0.0000 0 0.0000 -1.0000 -1.0000 -1.0000 -1.0000 0.6833 1.1181 1.6945 0.1145 18.1488 0.3402 -3.0636 0.3300
Cyclist 0.0000 0 0.0000 -1.0000 -1.0000 -1.0000 -1.0000 0.7789 1.3616 1.7862 19.7557 14.5686 0.4081 1.5552 0.3235
Pedestrian 0.0000 0 0.0000 -1.0000 -1.0000 -1.0000 -1.0000 0.6886 1.6693 0.6272 15.7484 16.1537 0.7111 0.0973 0.4266
Pedestrian 0.0000 0 0.0000 -1.0000 -1.0000 -1.0000 -1.0000 0.6786 1.6356 0.6052 29.0532 -6.6276 0.9317 3.0883 0.3154
Pedestrian 0.0000 0 0.0000 -1.0000 -1.0000 -1.0000 -1.0000 0.6907 1.6609 0.6141 31.1773 -16.1335 1.4741 3.1026 0.3147
Pedestrian 0.0000 0 0.0000 -1.0000 -1.0000 -1.0000 -1.0000 0.7201 1.7126 0.6760 39.7660 4.3919 0.9460 3.1016 0.3039
