Car 0.0000 0 0.0000 -1.0000 -1.0000 -1.0000 -1.0000 1.8189 1.4177 4.3734 -36.7765 12.0538 0.8686 0.0703 0.6490
Car 0.0000 0 0.0000 -1.0000 -1.0000 -1.0000 -1.0000 1.8986 1.4641 4.4285 -53.7288 -2.9442 1.1816 -0.0666 0.6049
Car 0.0000 0 0.0000 -1.0000 -1.0000 -1.0000 -1.0000 1.9046 1.4426 4.4338 -28.5189 12.0567 0.7679 -3.1170 0.5903
Car 0.0000 0 0.0000 -1.0000 -1.0000 -1.0000 -1.0000 1.9424 1.5114 4.5921 68.3825 34.7858 -0.2123 -3.1286 0.5896
Car 0.0000 0 0.0000 -1.0000 -1.0000 -1.0000 -1.0000 1.9347 1.5147 4.5424 -63.3098 11.8294 1.1766 -3.1359 0.4601
Car 0.0000 0 0.0000 -1.0000 -1.0000 -1.0000 -1.0000 1.9615 1.5217 4.5954 -57.4238 11.5885 1.1544 -0.0169 0.4594
Car 0.0000 0 0.0000 -1.0000 -1.0000 -1.0000 -1.0000 1.9156 1.4771 4.5305 71.9226 28.4257 0.0036 -1.8467 0.4513
Car 0.0000 0 0.0000 -1.0000 -1.0000 -1.0000 -1.0000 1.9329 1.5391 4.6172 79.0671 27.7751 0.0297 -1.8046 0.4510
Car 0.0000 0 0.0000 -1.0000 -1.0000 -1.0000 -1.0000 1.9068 1.7580 4.4647 69.1104 29.9352 0.0867 -1.7086 0.3785
Car 0.0000 0 0.0000 -1.0000 -1.0000 -1.0000 -1.0000 1.9493 1.6451 4.6621 74.8138 41.4109 -0.0025 -1.9923 0.3769
Car 0.0000 0 0.0000 -1.0000 -1.0000 -1.0000 -1.0000 2.1053 1.9531 5.0313 -63.7188 35.0166 0.8514 -0.3397 0.3416
Car 0.0000 0 0.0000 -1.0000 -1.0000 -1.0000 -1.0000 2.0101 1.6516 4.8129 71.2819 21.5020 0.2276 -1.0815 0.3260
Car 0.0000 0 0.0000 -1.0000 -1.0000 -1.0000 -1.0000 1.8303 1.5185 4.3901 78.5169 35.7275 -0.0959 -1.0790 0.3124
Cyclist 0.0000 0 0.0000 -1.0000 -1.0000 -1.0000 -1.0000 0.6991 1.2225 1.7327 -14.6048 16.2889 0.4067 1.5167 0.4586
Cyclist 0.0000 0 0.0000 -1.0000 -1.0000 -1.0000 -1.0000 0.7322 1.3340 1.7404 -17.4669 13.7644 0.5301 -0.4067 0.4108
Cyclist 0.0000 0 0.0000 -1.0000 -1.0000 -1.0000 -1.0000 0.7418 1.5048 1.7383 7.5660 23.6576 0.4004 -0.6915 0.4054
Cyclist 0.0000 0 0.0000 -1.0000 -1.0000 -1.0000 -1.0000 0.6748 1.2000 1.7419 -12.8810 16.2140 0.4041 1.5688 0.3906
Cyclist 0.0000 0 0.0000 -1.0000 -1.0000 -1.0000 -1.0000 0.6837 1.1305 1.6756 -15.5034 16.3339 0.4194 -1.7041 0.3810
Pedestrian 0.0000 0 0.0000 -1.0000 -1.0000 -1.0000 -1.0000 0.7059 1.7067 0.6650 4.4403 20.0143 0.6231 0.3989 0.5807
Pedestrian 0.0000 0 0.0000 -1.0000 -1.0000 -1.0000 -1.0000 0.7227 1.6890 0.6795 50.6423 -39.2818 1.6963 -2.2711 0.3194
Pedestrian 0.0000 0 0.0000 -1.0000 -1.0000 -1.0000 -1.0000 0.6960 1.6349 0.6845 13.0206 -33.4182 1.7487 1.1023 0.3027
