Car 0.0000 0 0.0000 -1.0000 -1.0000 -1.0000 -1.0000 1.9547 1.4657 4.4351 0.6333 2.6097 0.7525 3.1359 0.7985
Car 0.0000 0 0.0000 -1.0000 -1.0000 -1.0000 -1.0000 1.9763 1.5362 4.6160 28.0627 3.4285 0.6326 0.0090 0.7024
Car 0.0000 0 0.0000 -1.0000 -1.0000 -1.0000 -1.0000 1.9526 1.7820 4.5838 34.9620 20.1703 0.5133 -1.5962 0.5892
Car 0.0000 0 0.0000 -1.0000 -1.0000 -1.0000 -1.0000 1.9560 1.5110 4.5622 15.7149 -0.0865 0.6386 -3.0662 0.4230
Car 0.0000 0 0.0000 -1.0000 -1.0000 -1.0000 -1.0000 1.9796 1.6097 4.7217 -80.2925 25.3937 1.2284 -0.3934 0.3761
Car 0.0000 0 0.0000 -1.0000 -1.0000 -1.0000 -1.0000 1.9334 1.6853 4.6385 67.3916 22.5362 0.7731 1.5366 0.3214
Truck 0.0000 0 0.0000 -1.0000 -1.0000 -1.0000 -1.0000 3.0095 3.1598 11.3010 -39.1486 -1.1002 1.7220 0.0130 0.6709
Truck 0.0000 0 0.0000 -1.0000 -1.0000 -1.0000 -1.0000 2.4882 2.6262 6.5824 12.6006 3.0856 1.2852 0.0258 0.5431
Truck 0.0000 0 0.0000 -1.0000 -1.0000 -1.0000 -1.0000 2.1819 2.1204 5.5765 -22.2495 0.6249 1.1706 0.0109 0.5143
Truck 0.0000 0 0.0000 -1.0000 -1.0000 -1.0000 -1.0000 1.8962 1.9305 4.7735 -76.2148 8.7362 1.1346 -0.0144 0.3413
Tricar 0.0000 0 0.0000 -1.0000 -1.0000 -1.0000 -1.0000 1.5939 1.7847 4.0995 -75.7894 8.7344 1.1173 0.0163 0.3430
Cyclist 0.0000 0 0.0000 -1.0000 -1.0000 -1.0000 -1.0000 0.7307 1.5697 1.6953 21.3500 -3.6475 0.6140 3.1114 0.5549
Cyclist 0.0000 0 0.0000 -1.0000 -1.0000 -1.0000 -1.0000 0.7251 1.5460 1.6857 2.7272 -3.9302 0.7082 3.0960 0.5028
Cyclist 0.0000 0 0.0000 -1.0000 -1.0000 -1.0000 -1.0000 0.7613 1.5824 1.7251 36.7421 -3.2781 0.5206 2.9999 0.4733
Cyclist 0.0000 0 0.0000 -1.0000 -1.0000 -1.0000 -1.0000 0.7519 1.5669 1.7019 -52.0065 9.9636 1.0556 -3.0971 0.4201
Cyclist 0.0000 0 0.0000 -1.0000 -1.0000 -1.0000 -1.0000 0.7647 1.5290 1.7366 -48.1356 8.9868 0.9469 0.0584 0.4169
