Car 0.0000 0 0.0000 -1.0000 -1.0000 -1.0000 -1.0000 2.0568 1.7558 4.6632 -14.4388 -0.5852 0.8049 -2.8111 0.7909
Car 0.0000 0 0.0000 -1.0000 -1.0000 -1.0000 -1.0000 1.9149 1.4424 4.4726 -39.2971 -7.9681 0.7831 0.2951 0.7801
Car 0.0000 0 0.0000 -1.0000 -1.0000 -1.0000 -1.0000 1.9490 1.4213 4.5078 -24.1509 -3.6027 0.6597 -2.8816 0.7240
Car 0.0000 0 0.0000 -1.0000 -1.0000 -1.0000 -1.0000 2.0191 1.5863 4.6211 -59.5043 -14.5832 0.8763 -2.8699 0.7224
Car 0.0000 0 0.0000 -1.0000 -1.0000 -1.0000 -1.0000 1.8865 1.4432 4.5111 -27.2921 -9.7630 0.7402 0.2356 0.6301
Car 0.0000 0 0.0000 -1.0000 -1.0000 -1.0000 -1.0000 1.9128 1.5004 4.5511 47.9891 14.6936 0.6374 0.3242 0.5603
Car 0.0000 0 0.0000 -1.0000 -1.0000 -1.0000 -1.0000 1.9954 1.6514 4.6854 70.0975 27.3457 0.3845 0.3608 0.4776
Car 0.0000 0 0.0000 -1.0000 -1.0000 -1.0000 -1.0000 1.8594 1.4678 4.4448 -37.9053 -12.6259 0.7912 0.2789 0.3779
Car 0.0000 0 0.0000 -1.0000 -1.0000 -1.0000 -1.0000 1.8615 1.6711 4.3807 -32.9491 -11.7223 0.8519 0.3032 0.3663
Car 0.0000 0 0.0000 -1.0000 -1.0000 -1.0000 -1.0000 1.9283 1.5370 4.6211 78.6166 32.7375 0.0290 -2.8057 0.3648
Car 0.0000 0 0.0000 -1.0000 -1.0000 -1.0000 -1.0000 1.9411 1.5627 4.6314 51.8486 38.8241 0.1718 -2.7789 0.3213
Car 0.0000 0 0.0000 -1.0000 -1.0000 -1.0000 -1.0000 1.8513 1.5485 4.4659 -54.0863 -6.5567 0.6106 -2.9027 0.3197
Car 0.0000 0 0.0000 -1.0000 -1.0000 -1.0000 -1.0000 1.8457 1.5501 4.5813 -20.2315 -1.0282 0.6821 -0.0764 0.3156
Truck 0.0000 0 0.0000 -1.0000 -1.0000 -1.0000 -1.0000 2.7956 3.0054 8.5054 -11.0268 4.2315 1.4054 -2.8378 0.5596
Cyclist 0.0000 0 0.0000 -1.0000 -1.0000 -1.0000 -1.0000 0.7621 1.5399 1.7610 -5.3603 8.7111 0.5186 -1.0377 0.5843
Cyclist 0.0000 0 0.0000 -1.0000 -1.0000 -1.0000 -1.0000 0.6501 1.2099 1.6566 0.4252 -2.7081 0.6336 2.8057 0.4963
Cyclist 0.0000 0 0.0000 -1.0000 -1.0000 -1.0000 -1.0000 0.7058 1.5237 1.6663 16.4740 4.9160 0.7891 0.2390 0.4656
Cyclist 0.0000 0 0.0000 -1.0000 -1.0000 -1.0000 -1.0000 0.7463 1.5826 1.6815 -27.7890 0.1463 0.6238 0.2183 0.4555
Cyclist 0.0000 0 0.0000 -1.0000 -1.0000 -1.0000 -1.0000 0.7904 1.5373 1.7869 7.7423 11.6976 0.4839 0.1776 0.4554
Cyclist 0.0000 0 0.0000 -1.0000 -1.0000 -1.0000 -1.0000 0.7012 1.3051 1.7228 -4.2142 -5.2743 0.7578 1.7607 0.3958
Cyclist 0.0000 0 0.0000 -1.0000 -1.0000 -1.0000 -1.0000 0.7612 1.5001 1.7477 -59.6568 -9.2751 0.7727 0.2530 0.3851
Cyclist 0.0000 0 0.0000 -1.0000 -1.0000 -1.0000 -1.0000 0.6888 1.3456 1.6767 28.0179 20.7577 0.3290 0.1218 0.3832
Cyclist 0.0000 0 0.0000 -1.0000 -1.0000 -1.0000 -1.0000 0.7027 1.5373 1.6779 -8.7893 -2.4152 0.7952 -2.9509 0.3812
Cyclist 0.0000 0 0.0000 -1.0000 -1.0000 -1.0000 -1.0000 0.7958 1.5901 1.7899 53.3505 26.4994 0.3577 -2.7371 0.3578
Cyclist 0.0000 0 0.0000 -1.0000 -1.0000 -1.0000 -1.0000 0.7281 1.2588 1.7256 6.6880 15.1776 0.3705 1.8239 0.3066
Cyclist 0.0000 0 0.0000 -1.0000 -1.0000 -1.0000 -1.0000 0.7081 1.3847 1.7301 -54.0395 -17.5838 0.7380 0.3300 0.3063
Pedestrian 0.0000 0 0.0000 -1.0000 -1.0000 -1.0000 -1.0000 0.6844 1.6318 0.6263 19.8417 3.0032 0.8944 -2.6690 0.4728
Pedestrian 0.0000 0 0.0000 -1.0000 -1.0000 -1.0000 -1.0000 0.6922 1.7080 0.6199 -49.0303 -19.9731 1.0647 0.2175 0.4563
Pedestrian 0.0000 0 0.0000 -1.0000 -1.0000 -1.0000 -1.0000 0.6906 1.6613 0.6196 -39.3413 0.8534 0.6120 0.0784 0.4414
Pedestrian 0.0000 0 0.0000 -1.0000 -1.0000 -1.0000 -1.0000 0.6897 1.6342 0.6215 45.2130 25.8478 0.3070 0.6612 0.4353
Pedestrian 0.0000 0 0.0000 -1.0000 -1.0000 -1.0000 -1.0000 0.6923 1.6784 0.6168 25.7983 5.3246 0.9496 0.6931 0.4275
Pedestrian 0.0000 0 0.0000 -1.0000 -1.0000 -1.0000 -1.0000 0.6809 1.6002 0.6090 35.8842 23.9046 0.3505 0.6536 0.3946
Pedestrian 0.0000 0 0.0000 -1.0000 -1.0000 -1.0000 -1.0000 0.6913 1.5834 0.6517 -8.7189 -2.4053 0.8116 -2.9820 0.3888
Pedestrian 0.0000 0 0.0000 -1.0000 -1.0000 -1.0000 -1.0000 0.7225 1.6989 0.6844 -38.5096 2.5577 0.5703 0.0313 0.3807
Pedestrian 0.0000 0 0.0000 -1.0000 -1.0000 -1.0000 -1.0000 0.6874 1.6986 0.6059 39.1280 25.6425 0.3700 0.7347 0.3231
