Car 0.0000 0 0.0000 -1.0000 -1.0000 -1.0000 -1.0000 2.0474 1.5345 4.6205 -25.6704 0.2397 0.6724 -0.0029 0.7855
Car 0.0000 0 0.0000 -1.0000 -1.0000 -1.0000 -1.0000 1.9409 1.4629 4.4766 10.3596 -11.1398 0.8550 -3.1092 0.7759
Car 0.0000 0 0.0000 -1.0000 -1.0000 -1.0000 -1.0000 1.8926 1.4223 4.4344 23.7162 -5.4572 0.7983 3.0810 0.7309
Car 0.0000 0 0.0000 -1.0000 -1.0000 -1.0000 -1.0000 1.9858 1.5779 4.5655 4.9687 -10.9558 0.9183 -3.0979 0.7254
Car 0.0000 0 0.0000 -1.0000 -1.0000 -1.0000 -1.0000 1.9846 1.6026 4.5230 9.4202 -5.2139 0.8544 -3.1220 0.7036
Car 0.0000 0 0.0000 -1.0000 -1.0000 -1.0000 -1.0000 1.8904 1.4716 4.4323 16.1436 -10.8603 0.8624 0.0109 0.6718
Car 0.0000 0 0.0000 -1.0000 -1.0000 -1.0000 -1.0000 2.0240 1.5069 4.6269 13.2072 6.2355 0.7455 -3.1357 0.6186
Car 0.0000 0 0.0000 -1.0000 -1.0000 -1.0000 -1.0000 1.8619 1.5620 4.4136 -32.9239 7.2277 0.5342 3.1358 0.6079
Car 0.0000 0 0.0000 -1.0000 -1.0000 -1.0000 -1.0000 1.8063 1.4996 4.3978 34.7762 -5.1564 0.7661 -3.1076 0.5784
Car 0.0000 0 0.0000 -1.0000 -1.0000 -1.0000 -1.0000 1.9575 1.5809 4.5746 78.0012 2.5811 0.6722 0.0595 0.5598
Car 0.0000 0 0.0000 -1.0000 -1.0000 -1.0000 -1.0000 1.9483 1.4533 4.5801 -5.1874 7.4467 0.7028 -1.5218 0.5506
Car 0.0000 0 0.0000 -1.0000 -1.0000 -1.0000 -1.0000 1.9984 1.6982 4.7107 -63.3622 7.4224 0.5784 -3.1163 0.5477
Car 0.0000 0 0.0000 -1.0000 -1.0000 -1.0000 -1.0000 1.9537 1.6853 4.5406 38.5617 -18.5643 1.4758 -3.1205 0.5462
Car 0.0000 0 0.0000 -1.0000 -1.0000 -1.0000 -1.0000 1.8750 1.4729 4.4960 -5.0239 14.0361 0.6971 -1.5519 0.5383
Car 0.0000 0 0.0000 -1.0000 -1.0000 -1.0000 -1.0000 1.9013 1.4571 4.5928 -4.3342 -10.2496 0.8888 -1.5028 0.5170
Car 0.0000 0 0.0000 -1.0000 -1.0000 -1.0000 -1.0000 2.0057 1.4967 4.7192 -7.8020 -6.8342 0.7397 -3.1352 0.5105
Car 0.0000 0 0.0000 -1.0000 -1.0000 -1.0000 -1.0000 1.9175 1.5417 4.5613 1.6908 -15.9728 0.9764 -3.0702 0.4836
Car 0.0000 0 0.0000 -1.0000 -1.0000 -1.0000 -1.0000 2.0233 1.7904 4.8226 -6.5565 -11.0430 1.0780 -1.5161 0.4724
Car 0.0000 0 0.0000 -1.0000 -1.0000 -1.0000 -1.0000 2.2157 2.5137 4.9385 28.9176 -5.2448 1.2834 -0.0228 0.4650
Car 0.0000 0 0.0000 -1.0000 -1.0000 -1.0000 -1.0000 1.9514 1.6181 4.6467 -52.0286 7.9131 0.4881 -3.1360 0.4229
Car 0.0000 0 0.0000 -1.0000 -1.0000 -1.0000 -1.0000 1.8857 1.4751 4.5634 24.1757 -18.1127 1.1049 -1.1760 0.3991
Car 0.0000 0 0.0000 -1.0000 -1.0000 -1.0000 -1.0000 1.8295 1.5072 4.4707 -56.6369 -12.1714 0.4612 -3.1270 0.3858
Car 0.0000 0 0.0000 -1.0000 -1.0000 -1.0000 -1.0000 1.9230 1.6899 4.5717 -13.7561 -11.3451 0.9371 1.6833 0.3827
Car 0.0000 0 0.0000 -1.0000 -1.0000 -1.0000 -1.0000 1.8277 1.4789 4.4095 -31.0558 -10.8603 0.7471 -1.4536 0.3657
Car 0.0000 0 0.0000 -1.0000 -1.0000 -1.0000 -1.0000 1.9214 1.5067 4.6271 -10.5460 -11.0148 0.8617 -1.5271 0.3626
Car 0.0000 0 0.0000 -1.0000 -1.0000 -1.0000 -1.0000 1.8988 1.4813 4.5095 -57.6858 -9.1283 0.4167 -0.2302 0.3618
Car 0.0000 0 0.0000 -1.0000 -1.0000 -1.0000 -1.0000 1.8678 1.5242 4.4889 -20.0248 -11.3605 0.8719 1.5990 0.3617
Car 0.0000 0 0.0000 -1.0000 -1.0000 -1.0000 -1.0000 1.9075 1.5575 4.4981 7.2858 -16.2378 1.0030 -2.9827 0.3604
Car 0.0000 0 0.0000 -1.0000 -1.0000 -1.0000 -1.0000 2.1106 2.1026 4.9909 -38.8101 -10.3701 1.0881 -0.1388 0.3413
Car 0.0000 0 0.0000 -1.0000 -1.0000 -1.0000 -1.0000 1.8839 1.5942 4.5053 17.5313 -17.6241 1.1070 -1.2600 0.3363
Car 0.0000 0 0.0000 -1.0000 -1.0000 -1.0000 -1.0000 1.8859 1.5301 4.5548 -16.2756 -11.3584 0.8540 1.6349 0.3243
Car 0.0000 0 0.0000 -1.0000 -1.0000 -1.0000 -1.0000 1.8363 1.5128 4.5454 -54.1619 14.2147 0.5016 -0.0264 0.3038
Truck 0.0000 0 0.0000 -1.0000 -1.0000 -1.0000 -1.0000 2.8619 3.1223 10.5508 75.3346 -2.8958 1.5722 3.1411 0.6929
Cyclist 0.0000 0 0.0000 -1.0000 -1.0000 -1.0000 -1.0000 0.7736 1.5752 1.7437 43.7554 5.3390 0.7415 3.1337 0.5950
Cyclist 0.0000 0 0.0000 -1.0000 -1.0000 -1.0000 -1.0000 0.7700 1.5643 1.7420 -33.1797 2.0977 0.6420 0.0448 0.5639
Cyclist 0.0000 0 0.0000 -1.0000 -1.0000 -1.0000 -1.0000 0.7493 1.4627 1.7647 41.8172 -4.6448 0.7435 -1.0908 0.4779
Cyclist 0.0000 0 0.0000 -1.0000 -1.0000 -1.0000 -1.0000 0.7212 1.4951 1.7044 52.7858 -3.3653 0.7723 2.9987 0.4508
Cyclist 0.0000 0 0.0000 -1.0000 -1.0000 -1.0000 -1.0000 0.7206 1.5428 1.6955 -61.9950 -3.9739 0.4944 -0.1809 0.4388
Cyclist 0.0000 0 0.0000 -1.0000 -1.0000 -1.0000 -1.0000 0.7060 1.5064 1.6948 -56.9222 -5.5737 0.4181 -0.3557 0.3873
Cyclist 0.0000 0 0.0000 -1.0000 -1.0000 -1.0000 -1.0000 0.8880 1.5778 1.9509 -58.3159 4.9852 0.5380 0.0275 0.3260
Cyclist 0.0000 0 0.0000 -1.0000 -1.0000 -1.0000 -1.0000 0.6950 1.2239 1.7015 -25.8826 9.3950 0.4702 1.5121 0.3193
Cyclist 0.0000 0 0.0000 -1.0000 -1.0000 -1.0000 -1.0000 0.7319 1.4290 1.7346 -0.6624 -18.1117 0.9838 -0.1818 0.3095
Pedestrian 0.0000 0 0.0000 -1.0000 -1.0000 -1.0000 -1.0000 0.6750 1.6981 0.6038 -1.0934 -12.1850 1.0741 0.6794 0.6834
Pedestrian 0.0000 0 0.0000 -1.0000 -1.0000 -1.0000 -1.0000 0.6859 1.6761 0.6216 -12.2309 10.6054 0.8058 -0.0832 0.6262
Pedestrian 0.0000 0 0.0000 -1.0000 -1.0000 -1.0000 -1.0000 0.7104 1.6672 0.7112 38.7631 9.0004 0.9691 3.0854 0.5335
Pedestrian 0.0000 0 0.0000 -1.0000 -1.0000 -1.0000 -1.0000 0.6773 1.6916 0.5997 -6.8583 21.4669 1.1233 -3.1210 0.5258
Pedestrian 0.0000 0 0.0000 -1.0000 -1.0000 -1.0000 -1.0000 0.6840 1.6786 0.6142 -7.2153 18.6219 0.9675 2.9722 0.4746
Pedestrian 0.0000 0 0.0000 -1.0000 -1.0000 -1.0000 -1.0000 0.7141 1.6823 0.6901 -51.1473 -9.8486 0.4918 2.8657 0.4567
Pedestrian 0.0000 0 0.0000 -1.0000 -1.0000 -1.0000 -1.0000 0.7072 1.6838 0.6396 -67.5182 -4.9968 0.5855 -0.0705 0.3794
Pedestrian 0.0000 0 0.0000 -1.0000 -1.0000 -1.0000 -1.0000 0.7138 1.6309 0.6887 9.8871 9.9199 0.8431 -3.1071 0.3313
