Car 0.0000 0 0.0000 -1.0000 -1.0000 -1.0000 -1.0000 2.0552 1.4763 4.6480 -23.5360 -6.5318 0.7919 -0.5373 0.8198
Car 0.0000 0 0.0000 -1.0000 -1.0000 -1.0000 -1.0000 1.9675 1.4712 4.5437 1.3227 -10.0704 0.9193 -0.0056 0.7101
Car 0.0000 0 0.0000 -1.0000 -1.0000 -1.0000 -1.0000 1.9325 1.5617 4.5425 -12.4427 18.6532 0.3720 -1.7506 0.6818
Car 0.0000 0 0.0000 -1.0000 -1.0000 -1.0000 -1.0000 1.9825 1.6512 4.5770 -16.0288 -9.6545 1.0105 -0.0922 0.6703
Car 0.0000 0 0.0000 -1.0000 -1.0000 -1.0000 -1.0000 1.9669 1.5614 4.6158 -29.9153 13.0689 0.4663 -3.1083 0.6361
Car 0.0000 0 0.0000 -1.0000 -1.0000 -1.0000 -1.0000 1.9277 1.6774 4.4746 -7.3881 14.0600 0.5460 -1.7876 0.6300
Car 0.0000 0 0.0000 -1.0000 -1.0000 -1.0000 -1.0000 1.9568 1.4562 4.6437 -37.1092 13.1793 0.3444 -3.1219 0.6129
Car 0.0000 0 0.0000 -1.0000 -1.0000 -1.0000 -1.0000 1.8521 1.4237 4.4030 9.8751 -10.1672 0.9437 -3.0383 0.5639
Car 0.0000 0 0.0000 -1.0000 -1.0000 -1.0000 -1.0000 1.9024 1.4641 4.5169 -24.4253 12.9127 0.4298 -3.1271 0.5367
Car 0.0000 0 0.0000 -1.0000 -1.0000 -1.0000 -1.0000 1.9780 1.4671 4.6421 -18.8221 13.1700 0.4167 -0.0664 0.5209
Car 0.0000 0 0.0000 -1.0000 -1.0000 -1.0000 -1.0000 1.8957 1.4787 4.5103 -9.1745 29.8330 0.0541 -1.8139 0.5089
Car 0.0000 0 0.0000 -1.0000 -1.0000 -1.0000 -1.0000 1.9065 1.5217 4.5462 -1.1303 37.3721 0.1158 -1.9620 0.5036
Car 0.0000 0 0.0000 -1.0000 -1.0000 -1.0000 -1.0000 1.9002 1.4517 4.5823 -26.9719 -12.2918 0.8792 -1.4396 0.5031
Car 0.0000 0 0.0000 -1.0000 -1.0000 -1.0000 -1.0000 1.9540 1.4647 4.5548 25.3027 13.1638 0.6849 -0.0476 0.4959
Car 0.0000 0 0.0000 -1.0000 -1.0000 -1.0000 -1.0000 1.9024 1.5400 4.5609 -20.4088 -16.0821 1.0924 -1.4285 0.4896
Car 0.0000 0 0.0000 -1.0000 -1.0000 -1.0000 -1.0000 1.9155 1.4177 4.4629 17.5604 -10.3906 1.0578 -0.1145 0.4402
Car 0.0000 0 0.0000 -1.0000 -1.0000 -1.0000 -1.0000 1.8661 1.4400 4.3788 14.4543 13.0571 0.5686 -0.1738 0.4354
Car 0.0000 0 0.0000 -1.0000 -1.0000 -1.0000 -1.0000 1.9183 1.5019 4.5226 -53.8140 12.9507 0.3570 -0.0259 0.4337
Car 0.0000 0 0.0000 -1.0000 -1.0000 -1.0000 -1.0000 1.9441 1.6074 4.6720 -59.8619 13.1150 0.4481 -0.0264 0.4279
Car 0.0000 0 0.0000 -1.0000 -1.0000 -1.0000 -1.0000 1.9614 1.6611 4.5938 41.8219 13.1157 0.7604 -0.0158 0.4097
Car 0.0000 0 0.0000 -1.0000 -1.0000 -1.0000 -1.0000 1.9152 1.4383 4.5543 3.8795 13.1716 0.4878 -0.0269 0.4067
Car 0.0000 0 0.0000 -1.0000 -1.0000 -1.0000 -1.0000 1.8446 1.5396 4.4429 -42.4413 -9.9650 0.7958 -0.0110 0.3860
Car 0.0000 0 0.0000 -1.0000 -1.0000 -1.0000 -1.0000 1.9131 1.4705 4.4985 -6.1183 19.3345 0.2631 -1.8471 0.3793
Car 0.0000 0 0.0000 -1.0000 -1.0000 -1.0000 -1.0000 1.8842 1.7348 4.4904 -36.7169 -10.0554 0.9375 -3.1241 0.3784
Car 0.0000 0 0.0000 -1.0000 -1.0000 -1.0000 -1.0000 2.1325 2.0990 5.0582 -72.9121 5.3578 0.6362 -3.1300 0.3560
Car 0.0000 0 0.0000 -1.0000 -1.0000 -1.0000 -1.0000 1.9012 1.5828 4.5605 -48.3641 -10.0683 0.8856 -3.0739 0.3473
Car 0.0000 0 0.0000 -1.0000 -1.0000 -1.0000 -1.0000 1.8578 1.4887 4.4203 -4.6431 25.0117 0.1475 -1.8359 0.3378
Car 0.0000 0 0.0000 -1.0000 -1.0000 -1.0000 -1.0000 1.8454 1.6705 4.3912 35.5561 12.9324 0.7663 -3.1342 0.3374
Car 0.0000 0 0.0000 -1.0000 -1.0000 -1.0000 -1.0000 1.9325 1.4717 4.5386 51.3034 13.2577 0.6240 -3.1174 0.3301
Car 0.0000 0 0.0000 -1.0000 -1.0000 -1.0000 -1.0000 1.9359 1.7358 4.5802 79.7746 -10.3299 1.4639 3.0269 0.3281
Car 0.0000 0 0.0000 -1.0000 -1.0000 -1.0000 -1.0000 1.8342 1.4838 4.4923 -43.2797 13.6541 0.3838 -0.0206 0.3218
Car 0.0000 0 0.0000 -1.0000 -1.0000 -1.0000 -1.0000 1.9246 1.6671 4.5761 53.1425 -9.8257 1.0240 3.1207 0.3204
Car 0.0000 0 0.0000 -1.0000 -1.0000 -1.0000 -1.0000 1.9174 1.5359 4.6010 -74.8981 13.7318 0.1905 -0.0567 0.3124
Car 0.0000 0 0.0000 -1.0000 -1.0000 -1.0000 -1.0000 1.8612 1.4408 4.4746 -7.9960 35.7910 -0.0680 -1.8128 0.3009
Tricar 0.0000 0 0.0000 -1.0000 -1.0000 -1.0000 -1.0000 1.1866 1.7614 2.6365 -25.8111 -25.0794 1.2889 0.6379 0.3531
Cyclist 0.0000 0 0.0000 -1.0000 -1.0000 -1.0000 -1.0000 0.7196 1.4653 1.6943 16.8862 6.0272 0.6677 -3.1337 0.6433
Cyclist 0.0000 0 0.0000 -1.0000 -1.0000 -1.0000 -1.0000 0.7326 1.2084 1.7367 -10.6244 -13.5415 0.9850 -3.0945 0.4772
Cyclist 0.0000 0 0.0000 -1.0000 -1.0000 -1.0000 -1.0000 0.7271 1.5586 1.6878 16.6543 -3.7580 0.8677 -3.0998 0.4585
Cyclist 0.0000 0 0.0000 -1.0000 -1.0000 -1.0000 -1.0000 0.7182 1.4980 1.6963 6.5950 10.5278 0.6143 3.1229 0.4091
Cyclist 0.0000 0 0.0000 -1.0000 -1.0000 -1.0000 -1.0000 0.7543 1.5950 1.6926 47.6124 -3.0897 1.0408 0.0253 0.3301
Cyclist 0.0000 0 0.0000 -1.0000 -1.0000 -1.0000 -1.0000 0.6530 1.1457 1.6917 14.6309 17.8872 0.6163 1.5118 0.3237
Cyclist 0.0000 0 0.0000 -1.0000 -1.0000 -1.0000 -1.0000 0.6950 1.1438 1.6841 11.1303 13.1773 0.3815 1.6702 0.3226
Cyclist 0.0000 0 0.0000 -1.0000 -1.0000 -1.0000 -1.0000 0.6744 1.0989 1.6889 -2.9203 -10.3285 0.8919 3.0876 0.3129
Cyclist 0.0000 0 0.0000 -1.0000 -1.0000 -1.0000 -1.0000 0.6703 1.1247 1.6647 -5.2334 -9.8758 0.8259 1.8769 0.3098
Cyclist 0.0000 0 0.0000 -1.0000 -1.0000 -1.0000 -1.0000 0.6917 1.2053 1.7142 27.1044 -10.0478 0.9271 1.4680 0.3060
Cyclist 0.0000 0 0.0000 -1.0000 -1.0000 -1.0000 -1.0000 0.6314 1.0568 1.6327 14.0845 -10.2780 0.8880 1.5512 0.3002
