Car 0.0000 0 0.0000 -1.0000 -1.0000 -1.0000 -1.0000 1.9175 1.4680 4.4491 -11.9772 0.5544 0.7938 3.0175 0.7227
Car 0.0000 0 0.0000 -1.0000 -1.0000 -1.0000 -1.0000 1.9782 1.5228 4.6125 37.9144 0.8095 0.7887 3.1214 0.6751
Car 0.0000 0 0.0000 -1.0000 -1.0000 -1.0000 -1.0000 1.9120 1.7611 4.4829 -6.7368 3.0268 0.9030 -0.0853 0.6461
Car 0.0000 0 0.0000 -1.0000 -1.0000 -1.0000 -1.0000 1.8790 1.4974 4.4436 15.0411 1.4183 0.7599 3.0957 0.6277
Car 0.0000 0 0.0000 -1.0000 -1.0000 -1.0000 -1.0000 2.0844 1.8768 4.8566 -27.2129 11.0278 1.3016 2.1261 0.5969
Car 0.0000 0 0.0000 -1.0000 -1.0000 -1.0000 -1.0000 1.8823 1.7721 4.4484 4.5884 -2.2690 0.9506 3.1169 0.5236
Car 0.0000 0 0.0000 -1.0000 -1.0000 -1.0000 -1.0000 1.8970 1.5985 4.5260 10.6983 -4.7709 0.9498 0.0815 0.5012
Car 0.0000 0 0.0000 -1.0000 -1.0000 -1.0000 -1.0000 1.9493 1.6736 4.6759 -54.5036 16.7229 0.5658 -3.1304 0.4649
Car 0.0000 0 0.0000 -1.0000 -1.0000 -1.0000 -1.0000 1.9418 1.6784 4.4608 29.8781 1.7742 0.8605 0.0413 0.4400
Car 0.0000 0 0.0000 -1.0000 -1.0000 -1.0000 -1.0000 1.8889 1.5089 4.5458 1.5602 -9.1452 1.0600 1.6448 0.4296
Car 0.0000 0 0.0000 -1.0000 -1.0000 -1.0000 -1.0000 1.8702 1.4835 4.4005 21.3560 1.3063 0.7139 0.0066 0.4005
Car 0.0000 0 0.0000 -1.0000 -1.0000 -1.0000 -1.0000 1.9211 1.4967 4.5809 7.1506 -9.3529 1.0180 -1.5511 0.4000
Car 0.0000 0 0.0000 -1.0000 -1.0000 -1.0000 -1.0000 1.8821 1.5493 4.5650 -30.9967 -14.5117 1.3476 1.4768 0.3999
Car 0.0000 0 0.0000 -1.0000 -1.0000 -1.0000 -1.0000 1.8923 1.6493 4.4834 21.4615 -14.2520 1.1698 0.0103 0.3917
Car 0.0000 0 0.0000 -1.0000 -1.0000 -1.0000 -1.0000 1.9502 1.6975 4.6279 10.4642 -10.0637 1.2830 1.5769 0.3461
Car 0.0000 0 0.0000 -1.0000 -1.0000 -1.0000 -1.0000 1.9135 1.4764 4.6138 4.8611 -9.2656 1.0049 -1.4900 0.3399
Car 0.0000 0 0.0000 -1.0000 -1.0000 -1.0000 -1.0000 1.8898 1.8569 4.4715 -11.0045 -9.3898 1.2887 1.4720 0.3338
Car 0.0000 0 0.0000 -1.0000 -1.0000 -1.0000 -1.0000 1.9483 1.5803 4.5739 -3.0930 -0.2338 0.8818 -0.1002 0.3103
Truck 0.0000 0 0.0000 -1.0000 -1.0000 -1.0000 -1.0000 2.9699 3.2194 11.1583 3.3638 2.9100 1.7252 3.0759 0.6958
Cyclist 0.0000 0 0.0000 -1.0000 -1.0000 -1.0000 -1.0000 0.7244 1.4467 1.7739 -39.6254 -4.2442 1.0711 -1.6985 0.4681
Cyclist 0.0000 0 0.0000 -1.0000 -1.0000 -1.0000 -1.0000 0.7255 1.5438 1.6828 -12.5884 5.1452 0.8691 3.0637 0.4627
Cyclist 0.0000 0 0.0000 -1.0000 -1.0000 -1.0000 -1.0000 0.7136 1.5265 1.6480 21.2333 -2.5573 0.8341 0.0258 0.4203
Cyclist 0.0000 0 0.0000 -1.0000 -1.0000 -1.0000 -1.0000 0.8228 1.5881 1.7832 28.8929 -1.5689 0.8381 -3.1325 0.4165
Cyclist 0.0000 0 0.0000 -1.0000 -1.0000 -1.0000 -1.0000 0.7730 1.5283 1.8092 -40.8858 -3.1250 1.1144 -1.7571 0.3818
Cyclist 0.0000 0 0.0000 -1.0000 -1.0000 -1.0000 -1.0000 0.6967 1.4663 1.7355 -21.7500 -16.5673 1.1595 -1.5120 0.3805
Cyclist 0.0000 0 0.0000 -1.0000 -1.0000 -1.0000 -1.0000 0.7537 1.5082 1.7095 30.7897 -3.1215 0.7903 3.0816 0.3612
Pedestrian 0.0000 0 0.0000 -1.0000 -1.0000 -1.0000 -1.0000 0.7074 1.6894 0.6802 -16.3590 -6.4277 1.1772 0.3746 0.6134
Pedestrian 0.0000 0 0.0000 -1.0000 -1.0000 -1.0000 -1.0000 0.6938 1.6684 0.6302 -19.9479 -8.9771 1.1988 3.1016 0.4983
Pedestrian 0.0000 0 0.0000 -1.0000 -1.0000 -1.0000 -1.0000 0.7079 1.6547 0.6905 -21.4947 -6.8294 1.1900 3.1101 0.4830
Pedestrian 0.0000 0 0.0000 -1.0000 -1.0000 -1.0000 -1.0000 0.6817 1.6304 0.5894 -20.1309 -10.0911 1.1700 -3.0518 0.3567
Pedestrian 0.0000 0 0.0000 -1.0000 -1.0000 -1.0000 -1.0000 0.7037 1.6672 0.6466 -14.9305 -6.7507 1.1251 0.4948 0.3174
Pedestrian 0.0000 0 0.0000 -1.0000 -1.0000 -1.0000 -1.0000 0.6779 1.6878 0.5587 -50.4567 14.2880 0.7771 2.9736 0.3039
