Car 0.0000 0 0.0000 -1.0000 -1.0000 -1.0000 -1.0000 2.1027 1.7529 4.7627 10.3745 3.2277 0.8514 -3.1285 0.8176
Car 0.0000 0 0.0000 -1.0000 -1.0000 -1.0000 -1.0000 2.0446 1.6890 4.7051 -32.9709 -1.0102 0.8639 -0.0802 0.7653
Car 0.0000 0 0.0000 -1.0000 -1.0000 -1.0000 -1.0000 1.9734 1.5466 4.5812 4.0585 12.0653 0.4498 -0.0015 0.7501
Car 0.0000 0 0.0000 -1.0000 -1.0000 -1.0000 -1.0000 2.0377 1.7290 4.6456 14.2796 0.5140 0.8835 0.0607 0.7475
Car 0.0000 0 0.0000 -1.0000 -1.0000 -1.0000 -1.0000 1.9002 1.4366 4.5634 10.3197 12.3161 0.4026 0.0048 0.7400
Car 0.0000 0 0.0000 -1.0000 -1.0000 -1.0000 -1.0000 1.9333 1.5201 4.5053 -38.7788 8.1065 0.5944 -3.1306 0.6997
Car 0.0000 0 0.0000 -1.0000 -1.0000 -1.0000 -1.0000 1.9749 1.5018 4.5769 48.7376 4.5356 0.7464 3.1406 0.6908
Car 0.0000 0 0.0000 -1.0000 -1.0000 -1.0000 -1.0000 1.9495 1.4588 4.5748 -26.2396 4.0762 0.6796 3.1061 0.6891
Car 0.0000 0 0.0000 -1.0000 -1.0000 -1.0000 -1.0000 1.9627 1.5786 4.5480 31.9805 -8.9312 0.8500 -3.1376 0.6755
Car 0.0000 0 0.0000 -1.0000 -1.0000 -1.0000 -1.0000 1.9615 1.7051 4.6120 -63.9800 6.4946 0.8093 -2.9533 0.6601
Car 0.0000 0 0.0000 -1.0000 -1.0000 -1.0000 -1.0000 1.9816 1.4361 4.5752 16.7266 -2.1307 0.7877 -3.1043 0.6123
Car 0.0000 0 0.0000 -1.0000 -1.0000 -1.0000 -1.0000 1.9056 1.5049 4.4447 -55.8615 -9.0090 0.8077 -0.0019 0.5439
Car 0.0000 0 0.0000 -1.0000 -1.0000 -1.0000 -1.0000 1.8367 1.6048 4.4629 27.7941 -27.2684 1.8762 2.9025 0.4271
Car 0.0000 0 0.0000 -1.0000 -1.0000 -1.0000 -1.0000 1.9089 1.6403 4.5294 38.8955 0.3557 0.8445 3.1299 0.3268
Car 0.0000 0 0.0000 -1.0000 -1.0000 -1.0000 -1.0000 1.8557 1.5302 4.5530 -51.1377 -9.0005 0.7155 -0.0081 0.3148
Truck 0.0000 0 0.0000 -1.0000 -1.0000 -1.0000 -1.0000 2.9289 2.9162 10.0585 -72.5185 -0.6476 1.5325 -3.0950 0.5115
Truck 0.0000 0 0.0000 -1.0000 -1.0000 -1.0000 -1.0000 2.8191 3.2648 9.6995 63.2982 0.8181 1.5290 -3.0843 0.5011
Tricar 0.0000 0 0.0000 -1.0000 -1.0000 -1.0000 -1.0000 1.1745 1.6632 2.6441 -2.6105 12.8760 0.5653 -3.1042 0.3102
Cyclist 0.0000 0 0.0000 -1.0000 -1.0000 -1.0000 -1.0000 0.7101 1.5136 1.6982 -46.2804 12.9137 0.4050 0.0825 0.5881
Cyclist 0.0000 0 0.0000 -1.0000 -1.0000 -1.0000 -1.0000 0.7225 1.5244 1.6898 -22.5507 11.6771 0.4568 -0.0064 0.4562
Cyclist 0.0000 0 0.0000 -1.0000 -1.0000 -1.0000 -1.0000 0.7117 1.5084 1.6816 -25.7116 -11.5252 0.7921 0.0108 0.4540
Cyclist 0.0000 0 0.0000 -1.0000 -1.0000 -1.0000 -1.0000 0.7355 1.5324 1.7054 -44.8233 -6.0499 0.8102 0.0465 0.3996
Cyclist 0.0000 0 0.0000 -1.0000 -1.0000 -1.0000 -1.0000 0.6447 1.1179 1.6255 -24.2314 -14.8478 0.7580 -0.0038 0.3540
Cyclist 0.0000 0 0.0000 -1.0000 -1.0000 -1.0000 -1.0000 0.7272 1.5454 1.6916 54.5587 -8.7005 0.7639 0.0231 0.3461
Cyclist 0.0000 0 0.0000 -1.0000 -1.0000 -1.0000 -1.0000 0.6767 1.2731 1.6572 -35.2643 -13.9779 0.7826 -0.1484 0.3425
Cyclist 0.0000 0 0.0000 -1.0000 -1.0000 -1.0000 -1.0000 0.7530 1.5179 1.7541 18.6859 15.8542 0.4499 -1.8232 0.3209
Cyclist 0.0000 0 0.0000 -1.0000 -1.0000 -1.0000 -1.0000 0.6839 1.2902 1.6367 8.0424 14.0160 0.3210 0.1365 0.3196
Cyclist 0.0000 0 0.0000 -1.0000 -1.0000 -1.0000 -1.0000 0.7107 1.3916 1.6995 -44.3680 -10.5809 0.6842 -0.1117 0.3056
Pedestrian 0.0000 0 0.0000 -1.0000 -1.0000 -1.0000 -1.0000 0.6763 1.6746 0.6007 -35.2512 -12.5990 0.9955 2.7759 0.5907
Pedestrian 0.0000 0 0.0000 -1.0000 -1.0000 -1.0000 -1.0000 0.7244 1.7076 0.7256 16.6518 -12.5015 1.0375 -3.1395 0.5530
Pedestrian 0.0000 0 0.0000 -1.0000 -1.0000 -1.0000 -1.0000 0.6777 1.6966 0.5940 27.4553 -12.7005 0.9496 3.0931 0.4757
Pedestrian 0.0000 0 0.0000 -1.0000 -1.0000 -1.0000 -1.0000 0.6592 1.5603 0.5804 2.2906 17.7984 0.5419 -2.6945 0.3882
Pedestrian 0.0000 0 0.0000 -1.0000 -1.0000 -1.0000 -1.0000 0.6807 1.6332 0.6042 -8.6945 14.7595 0.5869 -3.0116 0.3560
