Car 0.0000 0 0.0000 -1.0000 -1.0000 -1.0000 -1.0000 2.1434 1.8830 4.8474 -20.5202 -0.1774 0.8654 -0.0448 0.6244
Car 0.0000 0 0.0000 -1.0000 -1.0000 -1.0000 -1.0000 2.0232 1.7414 4.6706 -0.2086 7.4993 0.8245 0.0441 0.5988
Car 0.0000 0 0.0000 -1.0000 -1.0000 -1.0000 -1.0000 2.0674 1.7010 4.6527 49.4066 0.1237 0.9609 -0.0057 0.5613
Car 0.0000 0 0.0000 -1.0000 -1.0000 -1.0000 -1.0000 2.0170 1.6575 4.7555 3.9926 33.7088 0.2904 -1.3592 0.5498
Car 0.0000 0 0.0000 -1.0000 -1.0000 -1.0000 -1.0000 1.9047 1.4787 4.5540 -2.9060 35.9292 0.0009 -1.3479 0.5371
Car 0.0000 0 0.0000 -1.0000 -1.0000 -1.0000 -1.0000 2.0203 1.4346 4.5704 -9.2059 -5.6588 0.6910 -0.2847 0.5206
Car 0.0000 0 0.0000 -1.0000 -1.0000 -1.0000 -1.0000 1.9854 1.5238 4.5985 -46.9637 -3.7507 0.5660 3.0896 0.4448
Car 0.0000 0 0.0000 -1.0000 -1.0000 -1.0000 -1.0000 1.9277 1.4783 4.6210 1.0897 32.6638 0.1006 -1.3734 0.4231
Car 0.0000 0 0.0000 -1.0000 -1.0000 -1.0000 -1.0000 1.9423 1.5640 4.5245 -24.7704 -3.7925 0.6951 -0.0046 0.3365
Car 0.0000 0 0.0000 -1.0000 -1.0000 -1.0000 -1.0000 1.8970 1.7331 4.4936 3.0741 -24.4418 1.2855 -1.3716 0.3331
Cyclist 0.0000 0 0.0000 -1.0000 -1.0000 -1.0000 -1.0000 0.8446 1.6424 1.8271 19.8475 -23.7867 1.3350 1.4211 0.4884
Pedestrian 0.0000 0 0.0000 -1.0000 -1.0000 -1.0000 -1.0000 0.6967 1.6911 0.6480 21.5347 28.0193 0.2183 -0.5086 0.4921
Pedestrian 0.0000 0 0.0000 -1.0000 -1.0000 -1.0000 -1.0000 0.7168 1.7051 0.7052 24.4864 25.9363 0.2813 -0.8912 0.4203
Pedestrian 0.0000 0 0.0000 -1.0000 -1.0000 -1.0000 -1.0000 0.6872 1.6213 0.6191 -4.0968 29.9868 0.0084 -0.6235 0.3851
