Car 0.0000 0 0.0000 -1.0000 -1.0000 -1.0000 -1.0000 2.0126 1.7087 4.5224 -17.6197 -3.4803 0.9005 -0.1177 0.7477
Car 0.0000 0 0.0000 -1.0000 -1.0000 -1.0000 -1.0000 1.9122 1.4877 4.5036 -6.5968 -12.3534 0.9558 -1.6427 0.6854
Car 0.0000 0 0.0000 -1.0000 -1.0000 -1.0000 -1.0000 1.9121 1.4380 4.5014 -24.2865 15.4699 0.1871 3.1045 0.6373
Car 0.0000 0 0.0000 -1.0000 -1.0000 -1.0000 -1.0000 1.9436 1.4646 4.5392 34.1128 -2.3848 0.5548 3.1223 0.6365
Car 0.0000 0 0.0000 -1.0000 -1.0000 -1.0000 -1.0000 1.8897 1.4342 4.4749 -33.0884 15.4452 0.1355 -0.0754 0.6115
Car 0.0000 0 0.0000 -1.0000 -1.0000 -1.0000 -1.0000 2.0367 1.4883 4.6367 1.0115 5.7641 0.5635 -2.8564 0.5824
Car 0.0000 0 0.0000 -1.0000 -1.0000 -1.0000 -1.0000 1.9658 1.5061 4.5797 -76.7627 -4.5750 -0.0429 -0.0704 0.5480
Car 0.0000 0 0.0000 -1.0000 -1.0000 -1.0000 -1.0000 2.0224 1.7329 4.6779 13.5383 8.3367 0.4966 3.1414 0.5385
Car 0.0000 0 0.0000 -1.0000 -1.0000 -1.0000 -1.0000 1.9314 1.6467 4.5797 25.9046 7.7722 0.5307 3.1135 0.4943
Car 0.0000 0 0.0000 -1.0000 -1.0000 -1.0000 -1.0000 1.9577 1.7563 4.6830 67.6088 -9.6586 0.8462 3.1255 0.4066
Car 0.0000 0 0.0000 -1.0000 -1.0000 -1.0000 -1.0000 1.8732 1.5130 4.5020 -11.9413 -29.3754 1.1025 -1.8127 0.3426
Truck 0.0000 0 0.0000 -1.0000 -1.0000 -1.0000 -1.0000 3.0272 3.4542 12.1607 -43.7838 16.0519 1.1997 -0.0958 0.7270
Tricar 0.0000 0 0.0000 -1.0000 -1.0000 -1.0000 -1.0000 1.3482 1.8328 3.0299 7.8936 15.2738 0.4199 -3.0952 0.4587
Tricar 0.0000 0 0.0000 -1.0000 -1.0000 -1.0000 -1.0000 1.0763 1.6450 2.3691 -18.6959 -0.1346 0.8377 0.1260 0.3191
Cyclist 0.0000 0 0.0000 -1.0000 -1.0000 -1.0000 -1.0000 0.7790 1.5359 1.7608 12.0896 -6.0682 0.7579 -2.9652 0.6765
Cyclist 0.0000 0 0.0000 -1.0000 -1.0000 -1.0000 -1.0000 0.8106 1.5187 1.7999 16.3929 -6.7547 0.6911 0.0773 0.5567
Cyclist 0.0000 0 0.0000 -1.0000 -1.0000 -1.0000 -1.0000 0.7800 1.5647 1.7699 -9.6890 13.5385 0.2573 3.1348 0.5540
Cyclist 0.0000 0 0.0000 -1.0000 -1.0000 -1.0000 -1.0000 0.9721 1.6461 2.0058 -18.7472 -0.2037 0.8587 0.0715 0.4373
