Car 0.0000 0 0.0000 -1.0000 -1.0000 -1.0000 -1.0000 1.9927 1.4821 4.5948 -22.6483 -8.7202 0.8973 0.0399 0.6979
Car 0.0000 0 0.0000 -1.0000 -1.0000 -1.0000 -1.0000 1.9842 1.7913 4.5927 -8.1467 -12.1182 1.2047 1.6199 0.6400
Car 0.0000 0 0.0000 -1.0000 -1.0000 -1.0000 -1.0000 1.9247 1.4813 4.6282 -15.7262 -10.8398 0.9188 1.6247 0.6037
Car 0.0000 0 0.0000 -1.0000 -1.0000 -1.0000 -1.0000 1.9090 1.5180 4.5192 -12.2125 -11.3942 0.9835 1.6282 0.5994
Car 0.0000 0 0.0000 -1.0000 -1.0000 -1.0000 -1.0000 1.9987 1.5336 4.5916 34.5353 -0.8543 0.9383 -3.1332 0.4749
Car 0.0000 0 0.0000 -1.0000 -1.0000 -1.0000 -1.0000 1.9017 1.4980 4.5807 -18.3351 -10.6228 0.8991 1.5545 0.4417
Car 0.0000 0 0.0000 -1.0000 -1.0000 -1.0000 -1.0000 1.9403 2.0209 4.6194 22.2851 11.6745 0.8731 3.1210 0.3258
Truck 0.0000 0 0.0000 -1.0000 -1.0000 -1.0000 -1.0000 2.8908 3.0083 9.9528 -25.1259 10.9626 1.0319 -0.0272 0.5149
Tricar 0.0000 0 0.0000 -1.0000 -1.0000 -1.0000 -1.0000 1.3842 1.8760 3.2643 -4.8585 -7.8340 1.0878 1.6429 0.4225
Tricar 0.0000 0 0.0000 -1.0000 -1.0000 -1.0000 -1.0000 1.0513 1.4568 2.6002 -44.6687 -4.4479 0.8583 0.0528 0.3167
Cyclist 0.0000 0 0.0000 -1.0000 -1.0000 -1.0000 -1.0000 0.8110 1.5014 1.8598 -1.1174 -4.7492 0.7877 3.1267 0.6263
Cyclist 0.0000 0 0.0000 -1.0000 -1.0000 -1.0000 -1.0000 0.7916 1.5395 1.8228 1.1712 15.2183 0.4437 -3.1035 0.4200
