Car 0.0000 0 0.0000 -1.0000 -1.0000 -1.0000 -1.0000 2.0326 1.5255 4.6830 -8.5446 2.8674 0.7837 0.1693 0.8567
Car 0.0000 0 0.0000 -1.0000 -1.0000 -1.0000 -1.0000 2.0124 1.4555 4.6016 45.0678 22.6620 0.6908 0.2085 0.7750
Car 0.0000 0 0.0000 -1.0000 -1.0000 -1.0000 -1.0000 2.0412 1.5386 4.7091 -16.8099 1.6360 0.7631 -2.9727 0.6912
Car 0.0000 0 0.0000 -1.0000 -1.0000 -1.0000 -1.0000 1.9371 1.4998 4.4968 51.9371 20.8315 0.8834 -2.9253 0.5784
Car 0.0000 0 0.0000 -1.0000 -1.0000 -1.0000 -1.0000 2.0268 1.7572 4.6482 -17.4795 5.1805 0.8398 -2.9781 0.5625
Car 0.0000 0 0.0000 -1.0000 -1.0000 -1.0000 -1.0000 1.9840 1.6277 4.6913 31.9569 -4.1286 0.8850 -1.8892 0.5122
Car 0.0000 0 0.0000 -1.0000 -1.0000 -1.0000 -1.0000 1.9755 1.4812 4.5205 -9.5656 6.0387 0.7564 -3.0115 0.4834
Car 0.0000 0 0.0000 -1.0000 -1.0000 -1.0000 -1.0000 1.9394 1.5255 4.5806 4.6798 27.0493 0.4855 -1.3155 0.4784
Car 0.0000 0 0.0000 -1.0000 -1.0000 -1.0000 -1.0000 2.3760 2.5536 5.5148 -25.5889 -0.3895 1.2533 0.1999 0.4659
Car 0.0000 0 0.0000 -1.0000 -1.0000 -1.0000 -1.0000 1.9038 1.8012 4.4985 72.1979 29.5424 0.9977 0.2307 0.4403
Car 0.0000 0 0.0000 -1.0000 -1.0000 -1.0000 -1.0000 1.9256 1.4752 4.6293 4.1080 31.7065 0.4124 -1.3378 0.4346
Car 0.0000 0 0.0000 -1.0000 -1.0000 -1.0000 -1.0000 1.9729 1.5450 4.6421 53.6162 27.6709 0.7071 0.1638 0.4266
Car 0.0000 0 0.0000 -1.0000 -1.0000 -1.0000 -1.0000 1.9168 1.7045 4.5503 10.1654 35.6762 0.6379 -1.3283 0.4265
Car 0.0000 0 0.0000 -1.0000 -1.0000 -1.0000 -1.0000 1.8900 1.4578 4.5002 11.6595 30.6376 0.4485 -1.3175 0.4214
Car 0.0000 0 0.0000 -1.0000 -1.0000 -1.0000 -1.0000 1.9183 1.5000 4.5677 4.8101 38.7263 0.4573 1.2675 0.3742
Car 0.0000 0 0.0000 -1.0000 -1.0000 -1.0000 -1.0000 1.8970 1.5926 4.6162 8.7207 40.5260 0.5307 -1.1966 0.3325
Tricar 0.0000 0 0.0000 -1.0000 -1.0000 -1.0000 -1.0000 1.3171 1.7324 3.2009 46.0903 3.9348 0.8774 0.2616 0.4898
