Car 0.0000 0 0.0000 -1.0000 -1.0000 -1.0000 -1.0000 1.9850 1.4448 4.5329 36.5175 1.0896 0.8038 -3.0343 0.7212
Car 0.0000 0 0.0000 -1.0000 -1.0000 -1.0000 -1.0000 2.0716 1.6658 4.6820 -10.4015 -1.9742 0.8429 -3.1102 0.4361
Car 0.0000 0 0.0000 -1.0000 -1.0000 -1.0000 -1.0000 1.9702 1.5840 4.7139 63.2959 4.7800 0.9477 0.1258 0.3517
Truck 0.0000 0 0.0000 -1.0000 -1.0000 -1.0000 -1.0000 3.0060 3.3215 11.1495 -39.2641 -2.5709 1.5074 -3.0812 0.6425
Tricar 0.0000 0 0.0000 -1.0000 -1.0000 -1.0000 -1.0000 1.0797 1.4444 2.6700 -15.7811 -6.9092 0.7502 -3.1415 0.5326
Tricar 0.0000 0 0.0000 -1.0000 -1.0000 -1.0000 -1.0000 1.5572 1.8152 3.3862 -52.4852 12.6202 0.1707 -0.0340 0.3526
Cyclist 0.0000 0 0.0000 -1.0000 -1.0000 -1.0000 -1.0000 0.8255 1.5599 1.8004 35.9030 -3.5115 0.9455 0.2228 0.5593
Cyclist 0.0000 0 0.0000 -1.0000 -1.0000 -1.0000 -1.0000 0.8022 1.5828 1.7611 45.2025 -2.9414 0.9787 -3.0740 0.4702
Cyclist 0.0000 0 0.0000 -1.0000 -1.0000 -1.0000 -1.0000 0.7940 1.5946 1.7676 12.9504 -3.7651 0.8629 -3.0936 0.3884
Cyclist 0.0000 0 0.0000 -1.0000 -1.0000 -1.0000 -1.0000 0.9905 1.5149 2.1671 -15.7612 -6.8883 0.7388 3.1392 0.3020
