Car 0.0000 0 0.0000 -1.0000 -1.0000 -1.0000 -1.0000 2.0154 1.7985 4.8264 -39.0037 -3.1357 0.9715 0.1156 0.6183
Car 0.0000 0 0.0000 -1.0000 -1.0000 -1.0000 -1.0000 2.0303 2.1020 4.7125 23.1223 0.7859 1.0300 0.0250 0.4714
Car 0.0000 0 0.0000 -1.0000 -1.0000 -1.0000 -1.0000 1.9682 1.5165 4.5184 -18.9435 -1.7882 0.8206 -3.1227 0.4572
Tricar 0.0000 0 0.0000 -1.0000 -1.0000 -1.0000 -1.0000 1.1666 1.7561 2.5632 -45.3654 1.3813 0.8811 0.0252 0.3262
Cyclist 0.0000 0 0.0000 -1.0000 -1.0000 -1.0000 -1.0000 0.7569 1.5658 1.7244 -0.3583 3.5740 0.7516 0.0142 0.6846
Cyclist 0.0000 0 0.0000 -1.0000 -1.0000 -1.0000 -1.0000 0.6743 1.1509 1.6880 -10.1382 4.1460 0.6038 3.1284 0.5338
Cyclist 0.0000 0 0.0000 -1.0000 -1.0000 -1.0000 -1.0000 0.7989 1.5714 1.7929 -13.5171 0.2616 0.7753 3.1182 0.5197
Cyclist 0.0000 0 0.0000 -1.0000 -1.0000 -1.0000 -1.0000 0.7972 1.6129 1.7417 56.4915 8.5316 0.9938 0.2352 0.4903
Cyclist 0.0000 0 0.0000 -1.0000 -1.0000 -1.0000 -1.0000 0.7851 1.4819 1.8242 11.4461 4.0747 0.7038 -3.0785 0.4783
Cyclist 0.0000 0 0.0000 -1.0000 -1.0000 -1.0000 -1.0000 0.6727 1.1605 1.6708 -29.4655 7.3295 0.7828 0.9373 0.4483
Cyclist 0.0000 0 0.0000 -1.0000 -1.0000 -1.0000 -1.0000 0.6890 1.2192 1.6890 12.3948 9.1828 0.7334 -0.1982 0.4356
Cyclist 0.0000 0 0.0000 -1.0000 -1.0000 -1.0000 -1.0000 0.9029 1.5906 1.9292 36.5571 7.8147 0.8076 0.5003 0.4175
Cyclist 0.0000 0 0.0000 -1.0000 -1.0000 -1.0000 -1.0000 0.6989 1.5211 1.6624 -4.1661 -1.9843 0.8168 0.0031 0.3969
Cyclist 0.0000 0 0.0000 -1.0000 -1.0000 -1.0000 -1.0000 0.7107 1.4313 1.7174 -21.7240 6.7167 0.8897 -0.1636 0.3221
Cyclist 0.0000 0 0.0000 -1.0000 -1.0000 -1.0000 -1.0000 0.6450 1.0763 1.6368 -33.1882 6.9508 0.7446 -0.5040 0.3163
Cyclist 0.0000 0 0.0000 -1.0000 -1.0000 -1.0000 -1.0000 0.7169 1.1604 1.7391 -17.9797 7.6281 0.7310 1.8887 0.3120
Cyclist 0.0000 0 0.0000 -1.0000 -1.0000 -1.0000 -1.0000 0.6643 1.1135 1.6974 -25.6738 -6.1161 0.8127 1.7219 0.3028
Cyclist 0.0000 0 0.0000 -1.0000 -1.0000 -1.0000 -1.0000 0.7862 1.5914 1.7672 61.6162 5.2493 0.8842 -2.3013 0.3015
