Car 0.0000 0 0.0000 -1.0000 -1.0000 -1.0000 -1.0000 1.8916 1.4398 4.5026 7.1167 12.3327 0.7038 -0.0159 0.7630
Car 0.0000 0 0.0000 -1.0000 -1.0000 -1.0000 -1.0000 1.8645 1.4724 4.3871 36.8630 -8.8626 0.9624 0.0854 0.7021
Car 0.0000 0 0.0000 -1.0000 -1.0000 -1.0000 -1.0000 2.0359 1.9397 4.8407 1.1910 11.9092 0.8849 0.0093 0.6551
Car 0.0000 0 0.0000 -1.0000 -1.0000 -1.0000 -1.0000 1.9138 1.4785 4.5248 -23.1261 12.3252 0.6342 -3.1377 0.6322
Car 0.0000 0 0.0000 -1.0000 -1.0000 -1.0000 -1.0000 1.9037 1.4203 4.4858 34.1093 12.1443 0.8213 3.1270 0.6100
Car 0.0000 0 0.0000 -1.0000 -1.0000 -1.0000 -1.0000 1.9560 1.4825 4.5604 -42.3115 12.0494 0.5614 -0.0266 0.5777
Car 0.0000 0 0.0000 -1.0000 -1.0000 -1.0000 -1.0000 1.9158 1.4948 4.5670 59.9072 12.2471 0.7998 0.0159 0.5571
Car 0.0000 0 0.0000 -1.0000 -1.0000 -1.0000 -1.0000 1.7904 1.4150 4.3586 -35.4384 12.2284 0.5204 0.0009 0.5403
Car 0.0000 0 0.0000 -1.0000 -1.0000 -1.0000 -1.0000 2.0669 1.5322 4.7392 -36.4817 0.1264 0.6996 -0.0102 0.4861
Car 0.0000 0 0.0000 -1.0000 -1.0000 -1.0000 -1.0000 1.9409 1.5342 4.6549 46.2256 12.4324 0.9797 0.0089 0.4854
Car 0.0000 0 0.0000 -1.0000 -1.0000 -1.0000 -1.0000 1.9143 1.6750 4.5549 31.1298 17.5212 1.0261 1.5348 0.4651
Car 0.0000 0 0.0000 -1.0000 -1.0000 -1.0000 -1.0000 1.9583 1.6941 4.8757 50.1149 -8.4476 1.2282 0.1035 0.3934
Car 0.0000 0 0.0000 -1.0000 -1.0000 -1.0000 -1.0000 2.0212 1.7913 4.7479 43.3118 -14.5852 1.3842 0.6288 0.3884
Car 0.0000 0 0.0000 -1.0000 -1.0000 -1.0000 -1.0000 1.9442 1.8002 4.5823 32.0851 -13.4564 1.1613 -3.0064 0.3337
Car 0.0000 0 0.0000 -1.0000 -1.0000 -1.0000 -1.0000 1.9303 1.6886 4.6112 35.8259 17.4376 1.1211 1.5622 0.3203
Car 0.0000 0 0.0000 -1.0000 -1.0000 -1.0000 -1.0000 1.9162 1.6698 4.6011 40.7368 16.9575 1.1161 1.3449 0.3055
Car 0.0000 0 0.0000 -1.0000 -1.0000 -1.0000 -1.0000 1.8890 1.6695 4.5978 60.4968 17.7596 1.1453 1.2144 0.3050
Cyclist 0.0000 0 0.0000 -1.0000 -1.0000 -1.0000 -1.0000 0.7874 1.4839 1.8276 -27.3270 -8.7968 0.6725 -0.0252 0.6211
Cyclist 0.0000 0 0.0000 -1.0000 -1.0000 -1.0000 -1.0000 0.7427 1.5037 1.7211 -6.2897 10.4279 0.6813 3.0794 0.5981
Cyclist 0.0000 0 0.0000 -1.0000 -1.0000 -1.0000 -1.0000 0.7850 1.4643 1.7981 29.3849 -6.9010 0.9045 0.0648 0.5609
Cyclist 0.0000 0 0.0000 -1.0000 -1.0000 -1.0000 -1.0000 0.7309 1.4649 1.7174 -18.2775 -6.5015 0.7091 3.1016 0.5447
Cyclist 0.0000 0 0.0000 -1.0000 -1.0000 -1.0000 -1.0000 0.7168 1.4811 1.6866 -2.5304 9.6634 0.6697 -0.0396 0.5164
Cyclist 0.0000 0 0.0000 -1.0000 -1.0000 -1.0000 -1.0000 0.6792 1.0845 1.6589 -8.1796 12.6353 0.5116 -2.6376 0.4100
Cyclist 0.0000 0 0.0000 -1.0000 -1.0000 -1.0000 -1.0000 0.7337 1.3330 1.7562 23.9462 -10.6782 0.7948 1.8364 0.3716
Cyclist 0.0000 0 0.0000 -1.0000 -1.0000 -1.0000 -1.0000 0.7484 1.5813 1.6813 52.2059 -7.4585 1.1024 -3.0985 0.3572
Pedestrian 0.0000 0 0.0000 -1.0000 -1.0000 -1.0000 -1.0000 0.6783 1.5895 0.6290 -14.6888 15.6747 0.8831 3.1261 0.3889
Pedestrian 0.0000 0 0.0000 -1.0000 -1.0000 -1.0000 -1.0000 0.6782 1.6852 0.5935 27.5098 -11.9008 1.0424 0.3508 0.3855
