Car 0.0000 0 0.0000 -1.0000 -1.0000 -1.0000 -1.0000 2.0215 1.6398 4.5894 0.8932 -3.1993 0.8551 0.0065 0.7830
Car 0.0000 0 0.0000 -1.0000 -1.0000 -1.0000 -1.0000 1.9468 1.4497 4.4913 8.5825 -2.6635 0.8026 3.1163 0.7724
Car 0.0000 0 0.0000 -1.0000 -1.0000 -1.0000 -1.0000 1.9947 1.4923 4.5683 24.1378 -3.7138 0.8578 3.1202 0.6948
Car 0.0000 0 0.0000 -1.0000 -1.0000 -1.0000 -1.0000 1.9015 1.4596 4.4904 -59.8722 8.7870 0.2834 -0.0295 0.6853
Car 0.0000 0 0.0000 -1.0000 -1.0000 -1.0000 -1.0000 1.9788 1.5465 4.5677 33.6725 3.0840 0.7985 -0.0509 0.6291
Car 0.0000 0 0.0000 -1.0000 -1.0000 -1.0000 -1.0000 1.9491 1.5792 4.5477 15.0116 -3.5320 0.8669 3.1220 0.5704
Car 0.0000 0 0.0000 -1.0000 -1.0000 -1.0000 -1.0000 1.8766 1.5458 4.5167 -26.1415 1.1140 0.6093 -0.0182 0.5447
Car 0.0000 0 0.0000 -1.0000 -1.0000 -1.0000 -1.0000 1.9093 1.5122 4.4981 -3.7556 11.9885 0.4130 -3.1407 0.5152
Car 0.0000 0 0.0000 -1.0000 -1.0000 -1.0000 -1.0000 2.0039 1.7697 4.5648 11.8222 -0.0608 0.9482 -0.0427 0.4986
Car 0.0000 0 0.0000 -1.0000 -1.0000 -1.0000 -1.0000 1.9167 1.4898 4.4833 30.0112 -4.1429 0.8739 3.1312 0.4750
Car 0.0000 0 0.0000 -1.0000 -1.0000 -1.0000 -1.0000 1.9905 1.5051 4.5778 -13.9032 0.0160 0.6805 -0.0958 0.4518
Car 0.0000 0 0.0000 -1.0000 -1.0000 -1.0000 -1.0000 1.9097 1.4907 4.4364 35.8570 -8.2932 0.9355 3.1275 0.4126
Car 0.0000 0 0.0000 -1.0000 -1.0000 -1.0000 -1.0000 1.9632 1.5050 4.6044 -66.4950 7.0537 0.3002 -0.0160 0.3961
Car 0.0000 0 0.0000 -1.0000 -1.0000 -1.0000 -1.0000 1.8713 1.4868 4.5779 2.2346 12.3395 0.3973 3.1125 0.3476
Car 0.0000 0 0.0000 -1.0000 -1.0000 -1.0000 -1.0000 1.9429 1.6109 4.5501 33.6039 -1.0314 0.9287 3.1177 0.3461
Car 0.0000 0 0.0000 -1.0000 -1.0000 -1.0000 -1.0000 1.9317 1.6750 4.5483 -50.7846 2.6117 0.6159 -0.0387 0.3201
Car 0.0000 0 0.0000 -1.0000 -1.0000 -1.0000 -1.0000 1.9088 1.5525 4.6478 52.0029 -35.2385 1.2702 1.2578 0.3192
Car 0.0000 0 0.0000 -1.0000 -1.0000 -1.0000 -1.0000 1.8999 1.5000 4.5305 -18.8504 28.2428 0.2818 -1.5860 0.3154
Car 0.0000 0 0.0000 -1.0000 -1.0000 -1.0000 -1.0000 2.0349 1.5863 4.7231 41.8001 5.8670 0.7234 3.0947 0.3066
Truck 0.0000 0 0.0000 -1.0000 -1.0000 -1.0000 -1.0000 2.9284 3.1603 11.2727 22.2585 6.9339 1.6005 3.1187 0.7951
Truck 0.0000 0 0.0000 -1.0000 -1.0000 -1.0000 -1.0000 2.8527 3.1566 11.2078 62.2859 -17.6724 2.0349 2.3209 0.3185
Cyclist 0.0000 0 0.0000 -1.0000 -1.0000 -1.0000 -1.0000 0.7553 1.5182 1.7640 -22.5374 16.2147 0.2975 -0.0445 0.5968
Cyclist 0.0000 0 0.0000 -1.0000 -1.0000 -1.0000 -1.0000 0.7466 1.5303 1.7380 6.4623 15.0316 0.3806 -0.0548 0.5407
Cyclist 0.0000 0 0.0000 -1.0000 -1.0000 -1.0000 -1.0000 0.7563 1.5056 1.7571 -9.2824 15.7431 0.3243 -0.0919 0.4555
Cyclist 0.0000 0 0.0000 -1.0000 -1.0000 -1.0000 -1.0000 0.7740 1.5681 1.7495 1.2123 14.7651 0.4593 3.0601 0.4502
Cyclist 0.0000 0 0.0000 -1.0000 -1.0000 -1.0000 -1.0000 0.7495 1.5217 1.7274 -27.1014 15.6481 0.2876 -0.0186 0.4436
Cyclist 0.0000 0 0.0000 -1.0000 -1.0000 -1.0000 -1.0000 0.7599 1.5231 1.7248 -10.1080 14.0230 0.4155 3.0807 0.4245
Cyclist 0.0000 0 0.0000 -1.0000 -1.0000 -1.0000 -1.0000 0.7967 1.6120 1.7552 26.6104 13.2901 0.5531 3.1186 0.4083
Cyclist 0.0000 0 0.0000 -1.0000 -1.0000 -1.0000 -1.0000 0.7215 1.5228 1.7109 19.6136 20.1372 0.4786 -2.9488 0.3840
Cyclist 0.0000 0 0.0000 -1.0000 -1.0000 -1.0000 -1.0000 0.7537 1.6050 1.6962 16.3753 14.9303 0.5958 -3.1165 0.3773
Cyclist 0.0000 0 0.0000 -1.0000 -1.0000 -1.0000 -1.0000 0.7444 1.5505 1.7120 17.4964 13.0840 0.5750 -0.0018 0.3337
Cyclist 0.0000 0 0.0000 -1.0000 -1.0000 -1.0000 -1.0000 0.6961 1.4821 1.6754 32.1511 -10.9216 0.9482 3.1400 0.3183
Pedestrian 0.0000 0 0.0000 -1.0000 -1.0000 -1.0000 -1.0000 0.6915 1.6538 0.6569 -20.3987 -16.6432 0.9465 -3.1198 0.6346
Pedestrian 0.0000 0 0.0000 -1.0000 -1.0000 -1.0000 -1.0000 0.6755 1.6283 0.6047 -12.4958 -14.7284 0.9663 -3.0561 0.6224
Pedestrian 0.0000 0 0.0000 -1.0000 -1.0000 -1.0000 -1.0000 0.6811 1.6426 0.6275 -14.0735 -16.4749 1.0032 0.0584 0.5444
Pedestrian 0.0000 0 0.0000 -1.0000 -1.0000 -1.0000 -1.0000 0.7017 1.6581 0.6700 18.4677 -30.9684 1.4179 2.9254 0.5140
Pedestrian 0.0000 0 0.0000 -1.0000 -1.0000 -1.0000 -1.0000 0.7249 1.7114 0.7156 -26.4056 -14.7379 0.9445 3.0225 0.5030
Pedestrian 0.0000 0 0.0000 -1.0000 -1.0000 -1.0000 -1.0000 0.7128 1.7243 0.6785 28.2301 -27.3120 1.3457 2.9985 0.4974
Pedestrian 0.0000 0 0.0000 -1.0000 -1.0000 -1.0000 -1.0000 0.7171 1.6571 0.6972 16.3064 14.8862 0.6092 -3.1270 0.4396
Pedestrian 0.0000 0 0.0000 -1.0000 -1.0000 -1.0000 -1.0000 0.7157 1.6887 0.7010 11.1891 18.1698 0.5233 -3.1187 0.4326
Pedestrian 0.0000 0 0.0000 -1.0000 -1.0000 -1.0000 -1.0000 0.6966 1.6576 0.6446 0.2808 21.6017 0.4287 -0.1491 0.4041
Pedestrian 0.0000 0 0.0000 -1.0000 -1.0000 -1.0000 -1.0000 0.7118 1.6625 0.6664 16.3444 -24.2538 1.2144 2.9662 0.3742
Pedestrian 0.0000 0 0.0000 -1.0000 -1.0000 -1.0000 -1.0000 0.7091 1.6544 0.6549 8.9734 19.4848 0.5564 0.0399 0.3553
Pedestrian 0.0000 0 0.0000 -1.0000 -1.0000 -1.0000 -1.0000 0.7240 1.6545 0.6692 -0.7174 18.5105 0.4308 0.2609 0.3502
Pedestrian 0.0000 0 0.0000 -1.0000 -1.0000 -1.0000 -1.0000 0.7001 1.7104 0.6302 28.0439 -25.7958 1.3499 3.0125 0.3437
Pedestrian 0.0000 0 0.0000 -1.0000 -1.0000 -1.0000 -1.0000 0.6998 1.6863 0.6099 21.8005 18.4783 0.6603 3.1202 0.3402
Pedestrian 0.0000 0 0.0000 -1.0000 -1.0000 -1.0000 -1.0000 0.7038 1.6789 0.6235 3.2573 15.9048 0.4999 3.1095 0.3344
Pedestrian 0.0000 0 0.0000 -1.0000 -1.0000 -1.0000 -1.0000 0.6729 1.6806 0.6115 -27.8666 -10.8685 0.8573 1.6045 0.3332
Pedestrian 0.0000 0 0.0000 -1.0000 -1.0000 -1.0000 -1.0000 0.6614 1.5664 0.5934 -10.9127 -14.5051 0.9404 3.0549 0.3292
Pedestrian 0.0000 0 0.0000 -1.0000 -1.0000 -1.0000 -1.0000 0.6741 1.6540 0.6071 -42.4195 13.8639 0.3514 -1.7671 0.3233
Pedestrian 0.0000 0 0.0000 -1.0000 -1.0000 -1.0000 -1.0000 0.6995 1.6594 0.6352 -11.0596 20.1685 0.4395 -0.0732 0.3232
Pedestrian 0.0000 0 0.0000 -1.0000 -1.0000 -1.0000 -1.0000 0.6906 1.5652 0.6336 19.6882 20.1176 0.4906 0.2354 0.3216
Pedestrian 0.0000 0 0.0000 -1.0000 -1.0000 -1.0000 -1.0000 0.6820 1.7028 0.5763 -1.0090 27.9565 0.4009 0.6784 0.3151
Pedestrian 0.0000 0 0.0000 -1.0000 -1.0000 -1.0000 -1.0000 0.6718 1.6072 0.5820 33.8628 16.1689 0.6124 -0.0198 0.3109
Pedestrian 0.0000 0 0.0000 -1.0000 -1.0000 -1.0000 -1.0000 0.6565 1.5313 0.5816 -37.3262 14.0384 0.2965 3.0196 0.3033
Pedestrian 0.0000 0 0.0000 -1.0000 -1.0000 -1.0000 -1.0000 0.6617 1.6559 0.5491 -48.6581 14.1162 0.2577 3.0329 0.3025
