Car 0.0000 0 0.0000 -1.0000 -1.0000 -1.0000 -1.0000 2.0127 1.4616 4.6249 -50.7109 -2.3969 0.3788 -0.0005 0.7621
Car 0.0000 0 0.0000 -1.0000 -1.0000 -1.0000 -1.0000 2.0413 1.6607 4.6438 -11.9466 -6.0637 0.8036 -0.0211 0.7613
Car 0.0000 0 0.0000 -1.0000 -1.0000 -1.0000 -1.0000 1.9583 1.6625 4.5230 -31.0194 6.9156 0.5792 -0.0321 0.7578
Car 0.0000 0 0.0000 -1.0000 -1.0000 -1.0000 -1.0000 1.9918 1.5902 4.5637 2.4474 3.2083 0.8458 0.0342 0.7548
Car 0.0000 0 0.0000 -1.0000 -1.0000 -1.0000 -1.0000 1.9627 1.7219 4.5461 -29.0345 14.3249 0.3823 -0.0080 0.6865
Car 0.0000 0 0.0000 -1.0000 -1.0000 -1.0000 -1.0000 1.9911 1.4370 4.5210 -22.7197 -2.6044 0.5950 -3.1414 0.6835
Car 0.0000 0 0.0000 -1.0000 -1.0000 -1.0000 -1.0000 1.9212 1.4561 4.4953 -21.5292 7.3485 0.4862 0.0384 0.6769
Car 0.0000 0 0.0000 -1.0000 -1.0000 -1.0000 -1.0000 1.9623 1.4249 4.5147 -47.4319 1.3032 0.3938 3.1390 0.6061
Car 0.0000 0 0.0000 -1.0000 -1.0000 -1.0000 -1.0000 1.9641 1.4943 4.5355 57.1916 -3.1148 1.2407 0.0018 0.5206
Car 0.0000 0 0.0000 -1.0000 -1.0000 -1.0000 -1.0000 2.0561 2.0103 4.8111 35.4438 -0.1522 1.3810 0.0433 0.4633
Car 0.0000 0 0.0000 -1.0000 -1.0000 -1.0000 -1.0000 1.8489 1.5266 4.3912 -37.8036 7.0458 0.4895 -3.1239 0.4623
Car 0.0000 0 0.0000 -1.0000 -1.0000 -1.0000 -1.0000 1.9287 1.8965 4.5620 -30.2496 2.4425 0.7865 0.0055 0.3661
Car 0.0000 0 0.0000 -1.0000 -1.0000 -1.0000 -1.0000 1.9164 1.4947 4.5915 -45.3574 6.9456 0.3896 -3.1376 0.3379
Car 0.0000 0 0.0000 -1.0000 -1.0000 -1.0000 -1.0000 1.8546 1.7876 4.3819 54.9853 3.5102 1.3955 0.0300 0.3363
Car 0.0000 0 0.0000 -1.0000 -1.0000 -1.0000 -1.0000 1.9526 1.5512 4.6535 -62.5496 0.5291 0.3328 -0.0110 0.3174
Truck 0.0000 0 0.0000 -1.0000 -1.0000 -1.0000 -1.0000 2.4512 2.2220 6.4113 -54.8796 7.2812 0.8167 -3.1363 0.4898
Truck 0.0000 0 0.0000 -1.0000 -1.0000 -1.0000 -1.0000 2.8065 2.6475 8.4396 12.0291 3.7430 1.4354 -3.0891 0.4617
Truck 0.0000 0 0.0000 -1.0000 -1.0000 -1.0000 -1.0000 3.0500 4.0437 16.2092 26.1470 4.2902 2.2497 0.1047 0.4057
Truck 0.0000 0 0.0000 -1.0000 -1.0000 -1.0000 -1.0000 2.8265 3.3586 9.3657 64.5675 3.1366 2.2019 0.0034 0.3877
Truck 0.0000 0 0.0000 -1.0000 -1.0000 -1.0000 -1.0000 2.7722 2.9075 8.5957 -70.6865 8.1065 1.1414 -0.0743 0.3651
Cyclist 0.0000 0 0.0000 -1.0000 -1.0000 -1.0000 -1.0000 0.7702 1.5437 1.7763 -0.5547 26.4040 0.0302 0.0183 0.6427
Cyclist 0.0000 0 0.0000 -1.0000 -1.0000 -1.0000 -1.0000 0.8185 1.5443 1.8104 22.3034 -12.6371 0.9370 0.0216 0.5409
Cyclist 0.0000 0 0.0000 -1.0000 -1.0000 -1.0000 -1.0000 0.7439 1.5375 1.7122 -21.2167 -15.9859 0.6508 -0.0006 0.4289
Cyclist 0.0000 0 0.0000 -1.0000 -1.0000 -1.0000 -1.0000 0.7417 1.6061 1.6964 25.3719 -13.7805 1.0259 3.1365 0.3256
Pedestrian 0.0000 0 0.0000 -1.0000 -1.0000 -1.0000 -1.0000 0.7225 1.6572 0.7089 25.3982 -13.7740 1.0423 3.1165 0.3876
Pedestrian 0.0000 0 0.0000 -1.0000 -1.0000 -1.0000 -1.0000 0.6939 1.6095 0.6475 8.4132 -30.2325 1.1723 -1.9682 0.3333
