Car 0.0000 0 0.0000 -1.0000 -1.0000 -1.0000 -1.0000 2.0112 1.6028 4.6500 17.7122 2.8277 0.7319 2.5719 0.6832
Car 0.0000 0 0.0000 -1.0000 -1.0000 -1.0000 -1.0000 1.9157 1.6277 4.5695 -22.1449 2.5291 0.8592 2.9814 0.6724
Car 0.0000 0 0.0000 -1.0000 -1.0000 -1.0000 -1.0000 1.9954 1.7239 4.6539 4.4233 27.7154 0.7885 -0.0701 0.6635
Car 0.0000 0 0.0000 -1.0000 -1.0000 -1.0000 -1.0000 1.9503 1.5120 4.5852 3.3872 -6.8083 0.7505 -0.0852 0.5411
Car 0.0000 0 0.0000 -1.0000 -1.0000 -1.0000 -1.0000 1.9567 1.6419 4.5881 -3.5164 14.3245 0.8499 -0.1264 0.4697
Car 0.0000 0 0.0000 -1.0000 -1.0000 -1.0000 -1.0000 2.0073 1.4703 4.5542 -39.8504 2.0450 0.9367 -0.0093 0.4316
Car 0.0000 0 0.0000 -1.0000 -1.0000 -1.0000 -1.0000 1.8951 1.6691 4.5490 -48.5738 0.2742 1.2476 -3.0115 0.4062
Car 0.0000 0 0.0000 -1.0000 -1.0000 -1.0000 -1.0000 1.8898 1.5071 4.5035 10.1927 -7.9669 0.7378 -0.1281 0.3803
Car 0.0000 0 0.0000 -1.0000 -1.0000 -1.0000 -1.0000 1.8693 1.5103 4.4895 31.5474 -8.0050 0.4584 2.9409 0.3774
Car 0.0000 0 0.0000 -1.0000 -1.0000 -1.0000 -1.0000 1.9120 1.4991 4.5025 -25.4629 0.1420 0.8513 -0.1957 0.3672
Car 0.0000 0 0.0000 -1.0000 -1.0000 -1.0000 -1.0000 1.7747 1.6035 4.2566 -12.5491 0.4301 0.7996 3.0677 0.3476
Car 0.0000 0 0.0000 -1.0000 -1.0000 -1.0000 -1.0000 1.9242 1.6699 4.6584 -51.8321 2.7238 1.1862 -3.0492 0.3379
Car 0.0000 0 0.0000 -1.0000 -1.0000 -1.0000 -1.0000 1.8617 1.8350 4.3401 18.8657 -3.7745 0.7693 2.9893 0.3341
Car 0.0000 0 0.0000 -1.0000 -1.0000 -1.0000 -1.0000 1.8653 1.5786 4.3218 14.2956 -5.1289 0.6611 3.0412 0.3336
Car 0.0000 0 0.0000 -1.0000 -1.0000 -1.0000 -1.0000 1.8173 1.4450 4.4022 -3.9433 11.5565 0.7373 -0.1740 0.3312
Car 0.0000 0 0.0000 -1.0000 -1.0000 -1.0000 -1.0000 1.9335 1.7553 4.5860 17.8896 -15.5317 1.1719 1.5757 0.3261
Car 0.0000 0 0.0000 -1.0000 -1.0000 -1.0000 -1.0000 1.9017 1.5442 4.6015 -64.4385 5.1673 1.0560 -3.1027 0.3234
Truck 0.0000 0 0.0000 -1.0000 -1.0000 -1.0000 -1.0000 2.5981 3.0180 6.6379 15.9680 15.3450 1.6415 1.2705 0.5757
Tricar 0.0000 0 0.0000 -1.0000 -1.0000 -1.0000 -1.0000 1.2402 1.6794 2.9438 8.2810 3.6892 0.8302 0.4770 0.5381
Tricar 0.0000 0 0.0000 -1.0000 -1.0000 -1.0000 -1.0000 1.2169 1.7727 2.5791 -19.8683 4.6159 0.8732 -0.2404 0.4759
Tricar 0.0000 0 0.0000 -1.0000 -1.0000 -1.0000 -1.0000 1.1882 1.4098 2.8012 29.0866 39.8960 0.5874 -2.7660 0.3082
Cyclist 0.0000 0 0.0000 -1.0000 -1.0000 -1.0000 -1.0000 0.7722 1.5787 1.7045 -10.4839 -2.3559 0.8263 -0.0061 0.6629
Cyclist 0.0000 0 0.0000 -1.0000 -1.0000 -1.0000 -1.0000 0.7438 1.5091 1.6998 8.4135 -3.5476 0.7091 -3.1359 0.6401
Cyclist 0.0000 0 0.0000 -1.0000 -1.0000 -1.0000 -1.0000 0.7840 1.5687 1.7653 0.4865 -2.8678 0.7539 3.1034 0.6353
Cyclist 0.0000 0 0.0000 -1.0000 -1.0000 -1.0000 -1.0000 0.7897 1.5151 1.7635 11.7463 -2.9679 0.6610 0.0922 0.6172
Cyclist 0.0000 0 0.0000 -1.0000 -1.0000 -1.0000 -1.0000 0.7934 1.5355 1.7814 -33.4339 -1.1337 0.9728 -0.1335 0.5138
Cyclist 0.0000 0 0.0000 -1.0000 -1.0000 -1.0000 -1.0000 0.8234 1.4718 1.9195 14.5496 -1.4769 0.6109 -3.0791 0.4933
Cyclist 0.0000 0 0.0000 -1.0000 -1.0000 -1.0000 -1.0000 0.7050 1.4981 1.6630 30.5841 -0.7808 0.3242 3.0503 0.4853
Cyclist 0.0000 0 0.0000 -1.0000 -1.0000 -1.0000 -1.0000 0.7401 1.5158 1.6926 -3.1843 -4.1016 0.6711 -0.1478 0.4836
Cyclist 0.0000 0 0.0000 -1.0000 -1.0000 -1.0000 -1.0000 0.7591 1.5270 1.7019 4.1985 -4.5705 0.7542 3.1350 0.4795
Cyclist 0.0000 0 0.0000 -1.0000 -1.0000 -1.0000 -1.0000 0.7603 1.5283 1.7019 5.0924 -3.0320 0.7324 -3.1186 0.4782
Cyclist 0.0000 0 0.0000 -1.0000 -1.0000 -1.0000 -1.0000 0.7177 1.3042 1.7027 -19.6622 -6.5045 0.8440 -0.0610 0.4619
Cyclist 0.0000 0 0.0000 -1.0000 -1.0000 -1.0000 -1.0000 0.7781 1.5346 1.7295 -10.3267 -4.8334 0.8160 -0.0382 0.4615
Cyclist 0.0000 0 0.0000 -1.0000 -1.0000 -1.0000 -1.0000 0.8843 1.6383 1.8111 -11.6744 3.0806 0.8432 3.0630 0.4286
Cyclist 0.0000 0 0.0000 -1.0000 -1.0000 -1.0000 -1.0000 0.7199 1.4174 1.7010 -29.6577 8.3139 0.7499 2.9022 0.3820
Cyclist 0.0000 0 0.0000 -1.0000 -1.0000 -1.0000 -1.0000 0.7007 1.2422 1.7057 -25.2581 7.4746 0.6332 -0.4020 0.3756
Cyclist 0.0000 0 0.0000 -1.0000 -1.0000 -1.0000 -1.0000 0.7591 1.5009 1.7218 6.2352 -2.2755 0.7279 -3.1309 0.3724
Cyclist 0.0000 0 0.0000 -1.0000 -1.0000 -1.0000 -1.0000 1.0205 1.6991 2.0172 -19.8388 4.6919 0.8870 2.9016 0.3687
Cyclist 0.0000 0 0.0000 -1.0000 -1.0000 -1.0000 -1.0000 0.7729 1.5607 1.7629 13.8389 19.4440 0.8132 0.9888 0.3636
Cyclist 0.0000 0 0.0000 -1.0000 -1.0000 -1.0000 -1.0000 0.7160 1.4365 1.6884 -3.1688 -6.7520 0.7262 -0.1656 0.3492
Cyclist 0.0000 0 0.0000 -1.0000 -1.0000 -1.0000 -1.0000 0.7545 1.4457 1.7083 -14.9594 -6.7527 0.8586 -3.0185 0.3454
Cyclist 0.0000 0 0.0000 -1.0000 -1.0000 -1.0000 -1.0000 0.7739 1.5763 1.7173 14.8515 -7.4461 0.7777 -0.1483 0.3442
Cyclist 0.0000 0 0.0000 -1.0000 -1.0000 -1.0000 -1.0000 0.7442 1.5007 1.7107 -8.8498 3.6751 0.7466 -0.1290 0.3315
Pedestrian 0.0000 0 0.0000 -1.0000 -1.0000 -1.0000 -1.0000 0.6560 1.6451 0.5684 -0.5425 8.8889 0.9740 3.1239 0.5723
Pedestrian 0.0000 0 0.0000 -1.0000 -1.0000 -1.0000 -1.0000 0.6764 1.6611 0.6105 -8.6683 5.0342 0.8807 3.0764 0.5693
Pedestrian 0.0000 0 0.0000 -1.0000 -1.0000 -1.0000 -1.0000 0.6980 1.7018 0.6225 -8.8630 6.1467 0.9431 3.0731 0.4985
Pedestrian 0.0000 0 0.0000 -1.0000 -1.0000 -1.0000 -1.0000 0.6885 1.6852 0.6204 -2.5968 -9.1459 0.9731 3.0691 0.4861
Pedestrian 0.0000 0 0.0000 -1.0000 -1.0000 -1.0000 -1.0000 0.6858 1.6637 0.6328 -10.3810 7.1647 0.9851 3.1057 0.4212
Pedestrian 0.0000 0 0.0000 -1.0000 -1.0000 -1.0000 -1.0000 0.6828 1.6314 0.6320 -5.1365 -4.5305 0.7796 3.0312 0.4123
Pedestrian 0.0000 0 0.0000 -1.0000 -1.0000 -1.0000 -1.0000 0.7051 1.7073 0.6344 -46.5721 -5.3443 1.5156 0.2654 0.3904
Pedestrian 0.0000 0 0.0000 -1.0000 -1.0000 -1.0000 -1.0000 0.7080 1.7009 0.6383 -47.0580 -6.2719 1.6060 0.2009 0.3736
Pedestrian 0.0000 0 0.0000 -1.0000 -1.0000 -1.0000 -1.0000 0.6666 1.5192 0.6067 -3.0957 -6.7829 0.7549 2.9897 0.3357
Pedestrian 0.0000 0 0.0000 -1.0000 -1.0000 -1.0000 -1.0000 0.7119 1.6645 0.6733 -17.5611 -4.2775 0.9675 3.1206 0.3085
Pedestrian 0.0000 0 0.0000 -1.0000 -1.0000 -1.0000 -1.0000 0.6928 1.6994 0.6005 -4.3345 -9.1221 1.0216 2.9083 0.3006
