Car 0.0000 0 0.0000 -1.0000 -1.0000 -1.0000 -1.0000 1.9374 1.4475 4.4981 24.1135 -15.8125 0.7340 -0.3357 0.7677
Car 0.0000 0 0.0000 -1.0000 -1.0000 -1.0000 -1.0000 2.1060 1.8460 4.7990 25.7128 20.6658 0.5197 -2.5996 0.7544
Car 0.0000 0 0.0000 -1.0000 -1.0000 -1.0000 -1.0000 2.0233 1.6927 4.7125 4.1891 26.0198 0.2198 -0.4166 0.7465
Car 0.0000 0 0.0000 -1.0000 -1.0000 -1.0000 -1.0000 1.9186 1.7235 4.4842 -19.6851 4.5926 0.7409 2.8015 0.6844
Car 0.0000 0 0.0000 -1.0000 -1.0000 -1.0000 -1.0000 1.9314 1.4797 4.5730 18.4495 -15.4991 0.8191 -0.3691 0.6626
Car 0.0000 0 0.0000 -1.0000 -1.0000 -1.0000 -1.0000 1.9536 1.6859 4.5544 -4.7335 -8.0103 0.9719 -0.3724 0.6171
Car 0.0000 0 0.0000 -1.0000 -1.0000 -1.0000 -1.0000 1.9275 1.6463 4.5866 -44.6947 8.9083 0.9631 -0.2443 0.6152
Car 0.0000 0 0.0000 -1.0000 -1.0000 -1.0000 -1.0000 1.9183 1.5601 4.4936 10.4360 2.7637 0.7389 -1.2378 0.6060
Car 0.0000 0 0.0000 -1.0000 -1.0000 -1.0000 -1.0000 1.9368 1.5532 4.5731 -25.9277 4.1023 0.7266 -0.2967 0.5793
Car 0.0000 0 0.0000 -1.0000 -1.0000 -1.0000 -1.0000 1.9126 1.7185 4.5403 1.0357 -10.0081 0.9918 -0.3468 0.5517
Car 0.0000 0 0.0000 -1.0000 -1.0000 -1.0000 -1.0000 1.9115 1.4723 4.5324 -37.3911 9.2634 0.7310 -0.2808 0.5487
Car 0.0000 0 0.0000 -1.0000 -1.0000 -1.0000 -1.0000 1.7931 1.6673 4.2330 -13.0201 1.1816 0.8329 2.8444 0.4827
Car 0.0000 0 0.0000 -1.0000 -1.0000 -1.0000 -1.0000 1.8662 1.4655 4.4442 -6.2594 14.7295 0.4088 -0.2910 0.4099
Car 0.0000 0 0.0000 -1.0000 -1.0000 -1.0000 -1.0000 1.9354 1.4800 4.5587 33.7580 23.0140 0.2341 0.1649 0.4003
Car 0.0000 0 0.0000 -1.0000 -1.0000 -1.0000 -1.0000 1.8691 1.4255 4.4464 -7.5134 11.9541 0.4426 -0.2825 0.3828
Car 0.0000 0 0.0000 -1.0000 -1.0000 -1.0000 -1.0000 2.2521 2.2478 5.4140 -40.5192 17.8500 1.1842 2.9289 0.3509
Car 0.0000 0 0.0000 -1.0000 -1.0000 -1.0000 -1.0000 1.9281 1.5284 4.6222 -40.3447 35.0758 0.4279 -0.6162 0.3404
Car 0.0000 0 0.0000 -1.0000 -1.0000 -1.0000 -1.0000 1.8883 1.5372 4.5689 -68.2637 19.5509 0.7197 2.9565 0.3146
Truck 0.0000 0 0.0000 -1.0000 -1.0000 -1.0000 -1.0000 2.8046 3.3793 7.6557 18.1494 19.9945 1.2667 -2.1896 0.4400
Tricar 0.0000 0 0.0000 -1.0000 -1.0000 -1.0000 -1.0000 1.1857 1.6477 2.7846 5.2933 3.2410 0.7796 0.4917 0.5291
Tricar 0.0000 0 0.0000 -1.0000 -1.0000 -1.0000 -1.0000 1.2709 1.7448 2.8664 -30.7803 10.5279 0.7770 2.9297 0.4797
Cyclist 0.0000 0 0.0000 -1.0000 -1.0000 -1.0000 -1.0000 0.7450 1.5114 1.7230 20.2387 -8.7014 0.5757 2.8277 0.6685
Cyclist 0.0000 0 0.0000 -1.0000 -1.0000 -1.0000 -1.0000 0.7460 1.4956 1.7352 1.0063 -4.3168 0.7747 3.0174 0.6624
Cyclist 0.0000 0 0.0000 -1.0000 -1.0000 -1.0000 -1.0000 0.8196 1.5774 1.7920 -19.8730 8.0470 0.6182 2.8663 0.5790
Cyclist 0.0000 0 0.0000 -1.0000 -1.0000 -1.0000 -1.0000 0.7580 1.5303 1.7257 15.7783 -5.0363 0.5825 2.6992 0.5653
Cyclist 0.0000 0 0.0000 -1.0000 -1.0000 -1.0000 -1.0000 0.8448 1.5828 1.8688 6.3271 9.9828 0.6182 0.9763 0.5479
Cyclist 0.0000 0 0.0000 -1.0000 -1.0000 -1.0000 -1.0000 0.6601 1.3009 1.6709 -29.5173 14.9403 0.4076 -0.1417 0.5441
Cyclist 0.0000 0 0.0000 -1.0000 -1.0000 -1.0000 -1.0000 0.7726 1.5362 1.7181 -4.3135 -5.0423 0.7981 -0.2600 0.5421
Cyclist 0.0000 0 0.0000 -1.0000 -1.0000 -1.0000 -1.0000 0.7435 1.5328 1.6994 -10.5626 2.9925 0.7598 2.8987 0.5400
Cyclist 0.0000 0 0.0000 -1.0000 -1.0000 -1.0000 -1.0000 0.8455 1.6011 1.8115 -17.4890 -2.8379 0.8702 -0.4572 0.5220
Cyclist 0.0000 0 0.0000 -1.0000 -1.0000 -1.0000 -1.0000 0.7613 1.5116 1.7517 12.8500 -8.1805 0.6080 -0.2332 0.5159
Cyclist 0.0000 0 0.0000 -1.0000 -1.0000 -1.0000 -1.0000 0.7620 1.5390 1.7260 5.4309 -5.4609 0.8081 3.1080 0.5158
Cyclist 0.0000 0 0.0000 -1.0000 -1.0000 -1.0000 -1.0000 0.7882 1.5418 1.7859 -7.5391 -2.2471 0.8432 -0.2667 0.4817
Cyclist 0.0000 0 0.0000 -1.0000 -1.0000 -1.0000 -1.0000 0.7190 1.5078 1.6987 47.5358 -16.2284 0.4451 2.8004 0.4788
Cyclist 0.0000 0 0.0000 -1.0000 -1.0000 -1.0000 -1.0000 0.8880 1.6698 1.8469 -23.1323 8.5330 0.7436 2.8369 0.4390
Cyclist 0.0000 0 0.0000 -1.0000 -1.0000 -1.0000 -1.0000 0.7659 1.5383 1.7249 2.4065 -6.2340 0.8497 3.0736 0.4336
Cyclist 0.0000 0 0.0000 -1.0000 -1.0000 -1.0000 -1.0000 0.7489 1.5490 1.6865 13.1969 -9.5891 0.7418 -0.2520 0.4142
Cyclist 0.0000 0 0.0000 -1.0000 -1.0000 -1.0000 -1.0000 0.7770 1.5432 1.7569 -27.4523 2.1669 0.8364 -0.2725 0.3900
Cyclist 0.0000 0 0.0000 -1.0000 -1.0000 -1.0000 -1.0000 0.7562 1.3604 1.8004 29.1221 36.7692 -0.3352 -1.8068 0.3890
Cyclist 0.0000 0 0.0000 -1.0000 -1.0000 -1.0000 -1.0000 0.7392 1.5151 1.6589 5.7457 -6.8735 0.7734 -0.1105 0.3748
Cyclist 0.0000 0 0.0000 -1.0000 -1.0000 -1.0000 -1.0000 0.9090 1.7120 1.8073 -22.5243 -0.4513 0.9955 -0.4121 0.3490
Cyclist 0.0000 0 0.0000 -1.0000 -1.0000 -1.0000 -1.0000 0.6851 1.2453 1.6512 -20.6835 -4.6261 0.8405 -2.0411 0.3237
Cyclist 0.0000 0 0.0000 -1.0000 -1.0000 -1.0000 -1.0000 0.6928 1.4312 1.6579 -10.5952 -6.2142 0.8586 -0.2829 0.3222
Pedestrian 0.0000 0 0.0000 -1.0000 -1.0000 -1.0000 -1.0000 0.6563 1.6499 0.5625 -4.9376 8.8145 0.7582 3.0691 0.5879
Pedestrian 0.0000 0 0.0000 -1.0000 -1.0000 -1.0000 -1.0000 0.6935 1.6999 0.6276 -14.5143 -6.8902 1.1545 2.7297 0.5497
Pedestrian 0.0000 0 0.0000 -1.0000 -1.0000 -1.0000 -1.0000 0.6768 1.6790 0.5983 -4.5152 7.1435 0.7974 2.9659 0.4935
Pedestrian 0.0000 0 0.0000 -1.0000 -1.0000 -1.0000 -1.0000 0.6736 1.6193 0.5845 6.6121 -14.2094 1.0273 2.7988 0.4767
Pedestrian 0.0000 0 0.0000 -1.0000 -1.0000 -1.0000 -1.0000 0.7079 1.6821 0.6773 -15.6401 8.7568 0.7340 2.8676 0.3958
Pedestrian 0.0000 0 0.0000 -1.0000 -1.0000 -1.0000 -1.0000 0.6606 1.5268 0.5784 -10.5704 -6.3469 0.8957 -0.2843 0.3620
Pedestrian 0.0000 0 0.0000 -1.0000 -1.0000 -1.0000 -1.0000 0.6890 1.6639 0.5997 6.4161 -10.8928 0.9697 2.8591 0.3592
Pedestrian 0.0000 0 0.0000 -1.0000 -1.0000 -1.0000 -1.0000 0.6855 1.6555 0.5918 -10.3031 -4.4076 0.9151 -0.2935 0.3290
