Car 0.0000 0 0.0000 -1.0000 -1.0000 -1.0000 -1.0000 1.9583 1.4765 4.5142 -14.7512 10.8702 0.6533 3.0811 0.7712
Car 0.0000 0 0.0000 -1.0000 -1.0000 -1.0000 -1.0000 1.9290 1.4386 4.4537 8.5197 1.4497 0.7626 3.0842 0.7588
Car 0.0000 0 0.0000 -1.0000 -1.0000 -1.0000 -1.0000 1.9958 1.8294 4.5561 -16.4404 6.8161 0.9015 -0.0490 0.7224
Car 0.0000 0 0.0000 -1.0000 -1.0000 -1.0000 -1.0000 1.9379 1.5216 4.5538 27.3484 -1.7101 0.8441 3.1308 0.6951
Car 0.0000 0 0.0000 -1.0000 -1.0000 -1.0000 -1.0000 2.0209 1.4721 4.6842 22.4227 1.4622 0.8186 0.0177 0.6915
Car 0.0000 0 0.0000 -1.0000 -1.0000 -1.0000 -1.0000 2.2388 2.4872 5.0789 6.0626 6.9457 1.2282 -0.0786 0.6083
Car 0.0000 0 0.0000 -1.0000 -1.0000 -1.0000 -1.0000 1.9189 1.5851 4.5262 32.2561 0.5416 0.8836 3.0917 0.4989
Car 0.0000 0 0.0000 -1.0000 -1.0000 -1.0000 -1.0000 1.8979 1.6379 4.4964 50.5230 5.7706 0.9636 -2.9646 0.4016
Car 0.0000 0 0.0000 -1.0000 -1.0000 -1.0000 -1.0000 1.8789 1.5123 4.4714 28.0906 4.3506 0.8476 3.1167 0.3639
Pedestrian 0.0000 0 0.0000 -1.0000 -1.0000 -1.0000 -1.0000 0.6887 1.6980 0.6197 29.1380 -4.6342 1.0505 3.0648 0.3754
