Car 0.0000 0 0.0000 -1.0000 -1.0000 -1.0000 -1.0000 1.9397 1.4816 4.5358 -29.4573 4.3289 0.5281 -3.1397 0.7772
Car 0.0000 0 0.0000 -1.0000 -1.0000 -1.0000 -1.0000 1.9629 1.5162 4.5499 15.5863 -0.1232 0.9706 -0.0528 0.6608
Car 0.0000 0 0.0000 -1.0000 -1.0000 -1.0000 -1.0000 1.9002 1.6427 4.4372 9.2514 5.0871 0.8861 0.0064 0.6167
Car 0.0000 0 0.0000 -1.0000 -1.0000 -1.0000 -1.0000 1.9093 1.4669 4.5460 10.1381 13.0292 0.5191 0.0263 0.5849
Car 0.0000 0 0.0000 -1.0000 -1.0000 -1.0000 -1.0000 1.9935 1.7570 4.6960 -47.0706 4.4787 0.6369 3.1132 0.5795
Car 0.0000 0 0.0000 -1.0000 -1.0000 -1.0000 -1.0000 1.9633 1.6984 4.5628 4.2009 -4.4948 0.9529 3.1382 0.5557
Car 0.0000 0 0.0000 -1.0000 -1.0000 -1.0000 -1.0000 1.8779 1.4306 4.4696 -7.0182 13.0893 0.4520 0.0035 0.5049
Car 0.0000 0 0.0000 -1.0000 -1.0000 -1.0000 -1.0000 1.9133 1.5895 4.5161 -1.5706 13.6226 0.5496 -0.0059 0.4975
Car 0.0000 0 0.0000 -1.0000 -1.0000 -1.0000 -1.0000 1.8446 1.5850 4.4598 10.3757 -4.6118 0.9792 3.1283 0.4969
Car 0.0000 0 0.0000 -1.0000 -1.0000 -1.0000 -1.0000 1.8922 1.4284 4.4863 4.0680 13.5962 0.4936 -3.1222 0.4886
Car 0.0000 0 0.0000 -1.0000 -1.0000 -1.0000 -1.0000 1.9873 1.6358 4.6357 66.8060 4.9485 1.4616 3.0822 0.4773
Car 0.0000 0 0.0000 -1.0000 -1.0000 -1.0000 -1.0000 1.8486 1.5594 4.3626 16.8153 -4.8175 1.0336 -0.0769 0.4646
Car 0.0000 0 0.0000 -1.0000 -1.0000 -1.0000 -1.0000 1.9312 1.4990 4.5654 37.0574 -0.5764 1.3209 0.0001 0.4335
Car 0.0000 0 0.0000 -1.0000 -1.0000 -1.0000 -1.0000 1.9509 1.5041 4.5034 -17.0389 4.0313 0.5958 -3.1206 0.4213
Car 0.0000 0 0.0000 -1.0000 -1.0000 -1.0000 -1.0000 1.9395 1.5631 4.5612 -13.0226 13.4553 0.4102 -0.0476 0.3991
Car 0.0000 0 0.0000 -1.0000 -1.0000 -1.0000 -1.0000 1.8909 1.5070 4.4336 29.9192 -0.7436 1.2049 0.0011 0.3893
Car 0.0000 0 0.0000 -1.0000 -1.0000 -1.0000 -1.0000 1.8947 1.5051 4.5072 -17.6519 -5.1235 0.6107 3.1091 0.3772
Car 0.0000 0 0.0000 -1.0000 -1.0000 -1.0000 -1.0000 1.9206 1.5073 4.5038 -8.5210 -4.7979 0.7438 -3.1334 0.3618
Car 0.0000 0 0.0000 -1.0000 -1.0000 -1.0000 -1.0000 1.9364 1.5199 4.6231 52.7283 5.9231 1.4109 0.0019 0.3585
Car 0.0000 0 0.0000 -1.0000 -1.0000 -1.0000 -1.0000 1.9249 1.5251 4.4914 -23.7549 9.9124 0.3712 -2.0947 0.3517
Car 0.0000 0 0.0000 -1.0000 -1.0000 -1.0000 -1.0000 1.9367 1.6036 4.5726 53.1614 1.2898 1.6100 3.1176 0.3468
Car 0.0000 0 0.0000 -1.0000 -1.0000 -1.0000 -1.0000 1.8604 1.5229 4.4807 27.3174 13.5861 0.8112 -0.0349 0.3457
Car 0.0000 0 0.0000 -1.0000 -1.0000 -1.0000 -1.0000 1.9644 1.4760 4.6047 41.6792 2.0775 1.4038 -3.0999 0.3321
Car 0.0000 0 0.0000 -1.0000 -1.0000 -1.0000 -1.0000 1.8913 1.5802 4.5039 15.5491 13.4922 0.6830 -3.0633 0.3009
Truck 0.0000 0 0.0000 -1.0000 -1.0000 -1.0000 -1.0000 3.0249 3.4804 11.0139 -81.6684 4.9473 1.2117 -0.0131 0.5161
Cyclist 0.0000 0 0.0000 -1.0000 -1.0000 -1.0000 -1.0000 0.7131 1.4830 1.7097 -15.9202 11.8449 0.3764 3.0685 0.6107
Cyclist 0.0000 0 0.0000 -1.0000 -1.0000 -1.0000 -1.0000 0.6895 1.5018 1.6682 -4.5626 9.9007 0.6093 0.0082 0.5431
Cyclist 0.0000 0 0.0000 -1.0000 -1.0000 -1.0000 -1.0000 0.8279 1.5698 1.8022 -5.9059 -6.8686 0.8215 0.0380 0.5004
Cyclist 0.0000 0 0.0000 -1.0000 -1.0000 -1.0000 -1.0000 0.6962 1.4846 1.6985 5.0256 10.9453 0.5590 -3.0921 0.4816
Cyclist 0.0000 0 0.0000 -1.0000 -1.0000 -1.0000 -1.0000 0.7716 1.4900 1.7596 2.1015 -7.3860 0.8603 0.0560 0.4722
Cyclist 0.0000 0 0.0000 -1.0000 -1.0000 -1.0000 -1.0000 0.7135 1.4730 1.6955 40.2898 10.5921 1.0845 0.0060 0.4171
Cyclist 0.0000 0 0.0000 -1.0000 -1.0000 -1.0000 -1.0000 0.7125 1.3692 1.7175 -25.4665 16.3030 0.1681 -2.3294 0.4149
Cyclist 0.0000 0 0.0000 -1.0000 -1.0000 -1.0000 -1.0000 0.6891 1.2553 1.7199 -9.9471 -10.1560 0.7306 1.7839 0.3529
Cyclist 0.0000 0 0.0000 -1.0000 -1.0000 -1.0000 -1.0000 0.7316 1.4259 1.7171 3.3138 -10.5182 1.1176 -0.8668 0.3467
Cyclist 0.0000 0 0.0000 -1.0000 -1.0000 -1.0000 -1.0000 0.7398 1.4699 1.7076 -27.7409 -10.0260 0.7452 -0.8469 0.3430
Cyclist 0.0000 0 0.0000 -1.0000 -1.0000 -1.0000 -1.0000 0.8762 1.5816 1.8787 -16.3675 -7.2837 0.6697 0.0286 0.3359
Cyclist 0.0000 0 0.0000 -1.0000 -1.0000 -1.0000 -1.0000 0.7507 1.5778 1.6807 69.2050 9.9543 1.3845 -2.9796 0.3323
Cyclist 0.0000 0 0.0000 -1.0000 -1.0000 -1.0000 -1.0000 0.6953 1.3524 1.6439 -9.5286 15.9920 0.3620 -2.9167 0.3288
Cyclist 0.0000 0 0.0000 -1.0000 -1.0000 -1.0000 -1.0000 0.7151 1.5082 1.6767 30.3564 10.8094 0.9197 -3.1304 0.3066
Pedestrian 0.0000 0 0.0000 -1.0000 -1.0000 -1.0000 -1.0000 0.6654 1.6106 0.5674 -31.5106 16.5641 0.5309 -0.0048 0.4281
Pedestrian 0.0000 0 0.0000 -1.0000 -1.0000 -1.0000 -1.0000 0.7016 1.6219 0.6451 -12.0846 16.8407 0.4794 0.0380 0.3194
Pedestrian 0.0000 0 0.0000 -1.0000 -1.0000 -1.0000 -1.0000 0.6713 1.6794 0.5890 18.1176 19.6980 1.2385 0.1926 0.3141
