Car 0.0000 0 0.0000 -1.0000 -1.0000 -1.0000 -1.0000 1.9916 1.4944 4.5942 6.8447 -6.5367 0.8681 3.1190 0.8288
Car 0.0000 0 0.0000 -1.0000 -1.0000 -1.0000 -1.0000 2.0617 1.7839 4.7513 -1.0483 -6.4819 0.9105 -0.0226 0.7939
Car 0.0000 0 0.0000 -1.0000 -1.0000 -1.0000 -1.0000 1.9875 1.4894 4.5348 -32.1571 -8.7619 0.2444 -0.0127 0.7488
Car 0.0000 0 0.0000 -1.0000 -1.0000 -1.0000 -1.0000 2.0201 1.5857 4.7253 -52.2529 -7.0167 0.0527 -0.0024 0.6835
Car 0.0000 0 0.0000 -1.0000 -1.0000 -1.0000 -1.0000 1.9416 1.4406 4.4714 -9.3539 -9.8163 0.6041 -0.0524 0.6515
Car 0.0000 0 0.0000 -1.0000 -1.0000 -1.0000 -1.0000 1.9511 1.5143 4.5170 13.8220 -6.8369 0.9590 3.1276 0.6171
Car 0.0000 0 0.0000 -1.0000 -1.0000 -1.0000 -1.0000 1.9354 1.4809 4.5323 8.7003 -9.7509 0.8942 -3.1411 0.5897
Car 0.0000 0 0.0000 -1.0000 -1.0000 -1.0000 -1.0000 1.9964 1.7013 4.5715 18.9037 -3.3790 1.1805 0.0038 0.5759
Car 0.0000 0 0.0000 -1.0000 -1.0000 -1.0000 -1.0000 1.9610 1.6324 4.5087 12.5629 -3.9899 1.0375 3.1374 0.5667
Car 0.0000 0 0.0000 -1.0000 -1.0000 -1.0000 -1.0000 1.9718 1.6108 4.5891 -58.2445 0.1738 -0.1355 -3.1380 0.5137
Car 0.0000 0 0.0000 -1.0000 -1.0000 -1.0000 -1.0000 1.8861 1.6439 4.4273 20.5434 -6.8814 1.1263 0.0048 0.4880
Car 0.0000 0 0.0000 -1.0000 -1.0000 -1.0000 -1.0000 1.9221 1.4886 4.4905 17.8419 -0.2083 1.0947 3.1339 0.4475
Car 0.0000 0 0.0000 -1.0000 -1.0000 -1.0000 -1.0000 1.9380 1.5874 4.6424 37.8950 -21.2457 1.2906 2.2487 0.3606
Car 0.0000 0 0.0000 -1.0000 -1.0000 -1.0000 -1.0000 1.9260 1.7151 4.7136 53.9548 -27.8006 1.8378 1.6027 0.3444
Car 0.0000 0 0.0000 -1.0000 -1.0000 -1.0000 -1.0000 1.9355 1.7856 4.7028 50.3543 -30.1966 1.9013 1.6073 0.3042
Cyclist 0.0000 0 0.0000 -1.0000 -1.0000 -1.0000 -1.0000 0.7818 1.4689 1.8225 -34.1129 -16.3820 0.1344 -0.0780 0.4437
Pedestrian 0.0000 0 0.0000 -1.0000 -1.0000 -1.0000 -1.0000 0.7235 1.7148 0.6848 -50.4106 -18.1198 0.0256 -3.1409 0.5032
