Car 0.0000 0 0.0000 -1.0000 -1.0000 -1.0000 -1.0000 1.9277 1.4866 4.5369 18.0742 35.2123 0.0653 -1.5303 0.7056
Car 0.0000 0 0.0000 -1.0000 -1.0000 -1.0000 -1.0000 1.9803 1.5254 4.6434 21.4942 27.9503 0.3541 -1.4529 0.6443
Car 0.0000 0 0.0000 -1.0000 -1.0000 -1.0000 -1.0000 1.9342 1.5605 4.5723 21.6740 35.0283 0.2273 -1.6141 0.6028
Car 0.0000 0 0.0000 -1.0000 -1.0000 -1.0000 -1.0000 1.9338 1.6212 4.5803 63.6272 6.1193 0.6624 3.0411 0.5545
Car 0.0000 0 0.0000 -1.0000 -1.0000 -1.0000 -1.0000 1.9433 1.4780 4.5762 18.2926 27.0225 0.2910 -1.4633 0.5500
Car 0.0000 0 0.0000 -1.0000 -1.0000 -1.0000 -1.0000 1.9407 1.4969 4.5549 -12.6345 -3.7964 0.7033 0.0176 0.5326
Car 0.0000 0 0.0000 -1.0000 -1.0000 -1.0000 -1.0000 1.9055 1.5974 4.5716 18.3525 41.6627 0.1586 1.5236 0.4323
Car 0.0000 0 0.0000 -1.0000 -1.0000 -1.0000 -1.0000 1.9226 1.6281 4.5432 -42.3589 7.4260 0.4187 -3.1075 0.3649
Car 0.0000 0 0.0000 -1.0000 -1.0000 -1.0000 -1.0000 1.7630 1.4952 4.3842 54.0241 12.4603 0.4262 2.9396 0.3406
Truck 0.0000 0 0.0000 -1.0000 -1.0000 -1.0000 -1.0000 2.8556 3.2472 8.3326 -30.1576 -6.5650 1.6031 -0.0286 0.5548
Truck 0.0000 0 0.0000 -1.0000 -1.0000 -1.0000 -1.0000 2.5437 2.4702 6.9133 77.0774 2.0884 1.0630 3.0546 0.5350
Truck 0.0000 0 0.0000 -1.0000 -1.0000 -1.0000 -1.0000 2.4509 2.6580 6.4199 55.9461 6.6619 1.2372 3.0361 0.4959
Truck 0.0000 0 0.0000 -1.0000 -1.0000 -1.0000 -1.0000 2.4650 2.4343 7.0505 -20.1675 -6.5068 1.2328 0.0273 0.4941
Truck 0.0000 0 0.0000 -1.0000 -1.0000 -1.0000 -1.0000 2.4875 2.6228 6.5248 -1.1973 -4.1381 1.4129 3.1003 0.4807
Truck 0.0000 0 0.0000 -1.0000 -1.0000 -1.0000 -1.0000 2.1145 2.1128 5.3040 -9.6902 -0.1992 1.1149 3.1099 0.4388
Truck 0.0000 0 0.0000 -1.0000 -1.0000 -1.0000 -1.0000 2.7143 2.7844 7.9398 11.4774 -14.2578 1.4678 -0.5646 0.3822
Truck 0.0000 0 0.0000 -1.0000 -1.0000 -1.0000 -1.0000 2.2586 2.3708 5.7361 -20.1884 -3.5318 1.1809 0.0008 0.3524
Tricar 0.0000 0 0.0000 -1.0000 -1.0000 -1.0000 -1.0000 1.2094 1.6991 2.6972 37.4118 -14.2036 1.0413 0.1782 0.5691
Cyclist 0.0000 0 0.0000 -1.0000 -1.0000 -1.0000 -1.0000 0.8334 1.5468 1.9271 39.5683 16.4374 0.5513 1.2521 0.5667
Cyclist 0.0000 0 0.0000 -1.0000 -1.0000 -1.0000 -1.0000 0.8441 1.5698 1.9297 42.2404 -9.1477 0.9315 1.6297 0.4427
Cyclist 0.0000 0 0.0000 -1.0000 -1.0000 -1.0000 -1.0000 0.7989 1.4600 1.8578 52.7996 12.8822 0.4009 2.9040 0.3804
Cyclist 0.0000 0 0.0000 -1.0000 -1.0000 -1.0000 -1.0000 0.7063 1.4063 1.6846 53.9245 10.6180 0.4545 2.9837 0.3251
Cyclist 0.0000 0 0.0000 -1.0000 -1.0000 -1.0000 -1.0000 1.0707 1.6636 2.1009 37.3404 -14.2091 1.0398 0.1819 0.3113
Cyclist 0.0000 0 0.0000 -1.0000 -1.0000 -1.0000 -1.0000 0.6861 1.1677 1.7137 51.1459 -15.7731 0.7163 -2.5392 0.3106
