Car 0.0000 0 0.0000 -1.0000 -1.0000 -1.0000 -1.0000 1.9642 1.5039 4.5426 27.4827 0.5671 0.6932 3.0224 0.7691
Car 0.0000 0 0.0000 -1.0000 -1.0000 -1.0000 -1.0000 1.8804 1.4527 4.4619 10.8600 2.6343 0.6707 2.9980 0.7243
Car 0.0000 0 0.0000 -1.0000 -1.0000 -1.0000 -1.0000 1.8980 1.5660 4.3920 5.6111 2.9570 0.7498 -0.1523 0.6989
Car 0.0000 0 0.0000 -1.0000 -1.0000 -1.0000 -1.0000 1.8797 1.4682 4.4797 -29.4022 0.5114 0.7200 -0.1915 0.6793
Car 0.0000 0 0.0000 -1.0000 -1.0000 -1.0000 -1.0000 1.9619 1.4939 4.6200 52.2197 -5.1055 0.7375 3.0159 0.6448
Car 0.0000 0 0.0000 -1.0000 -1.0000 -1.0000 -1.0000 1.9445 1.4495 4.4811 43.5438 -7.0489 0.7401 -0.1560 0.6401
Car 0.0000 0 0.0000 -1.0000 -1.0000 -1.0000 -1.0000 1.8541 1.4489 4.4326 -5.4301 4.4755 0.6091 -0.0059 0.5571
Car 0.0000 0 0.0000 -1.0000 -1.0000 -1.0000 -1.0000 2.0184 1.6647 4.6284 7.7684 -2.6708 0.8518 -0.1215 0.5525
Car 0.0000 0 0.0000 -1.0000 -1.0000 -1.0000 -1.0000 1.8969 1.4707 4.5329 48.0499 -2.1446 0.7228 3.0007 0.5287
Car 0.0000 0 0.0000 -1.0000 -1.0000 -1.0000 -1.0000 1.9196 1.5147 4.5708 -23.5184 12.0083 0.3967 -1.5246 0.5198
Car 0.0000 0 0.0000 -1.0000 -1.0000 -1.0000 -1.0000 1.9203 1.6024 4.5308 0.3773 3.9540 0.7460 -0.1634 0.5163
Car 0.0000 0 0.0000 -1.0000 -1.0000 -1.0000 -1.0000 1.9642 1.5662 4.6406 -25.3987 6.8650 0.6419 -1.9792 0.4969
Car 0.0000 0 0.0000 -1.0000 -1.0000 -1.0000 -1.0000 1.9302 1.5655 4.5687 16.7100 1.9176 0.8128 3.0495 0.4718
Car 0.0000 0 0.0000 -1.0000 -1.0000 -1.0000 -1.0000 1.9625 1.4708 4.6423 42.2485 -1.0944 0.6853 3.0194 0.4707
Car 0.0000 0 0.0000 -1.0000 -1.0000 -1.0000 -1.0000 1.9100 1.7409 4.5118 -16.8403 11.0927 0.6046 -1.4205 0.4366
Car 0.0000 0 0.0000 -1.0000 -1.0000 -1.0000 -1.0000 2.0068 1.8794 4.9075 -33.5906 13.9401 0.9170 1.4861 0.4171
Car 0.0000 0 0.0000 -1.0000 -1.0000 -1.0000 -1.0000 1.8244 1.6798 4.4276 -35.0583 1.3355 0.8313 -0.1482 0.4154
Car 0.0000 0 0.0000 -1.0000 -1.0000 -1.0000 -1.0000 1.8968 1.5242 4.5550 -22.7115 22.7404 0.0713 -1.6744 0.4065
Car 0.0000 0 0.0000 -1.0000 -1.0000 -1.0000 -1.0000 1.8841 1.6474 4.5031 -15.5513 27.5837 0.1410 -1.4694 0.3789
Car 0.0000 0 0.0000 -1.0000 -1.0000 -1.0000 -1.0000 1.9108 1.5998 4.6344 -53.0042 29.5003 0.7911 -1.5155 0.3723
Cyclist 0.0000 0 0.0000 -1.0000 -1.0000 -1.0000 -1.0000 0.7521 1.4990 1.7364 -11.0502 -0.0714 0.8090 -3.1136 0.5433
Cyclist 0.0000 0 0.0000 -1.0000 -1.0000 -1.0000 -1.0000 0.7603 1.5262 1.7469 -19.0857 -4.7279 1.0741 1.1354 0.5004
Cyclist 0.0000 0 0.0000 -1.0000 -1.0000 -1.0000 -1.0000 0.7013 1.1960 1.7261 -3.2535 7.0452 0.6460 1.6038 0.3570
Cyclist 0.0000 0 0.0000 -1.0000 -1.0000 -1.0000 -1.0000 0.7119 1.3942 1.7118 -10.7546 21.9802 0.3481 -2.2182 0.3477
Cyclist 0.0000 0 0.0000 -1.0000 -1.0000 -1.0000 -1.0000 0.7617 1.5041 1.7506 -13.9272 14.5296 0.4527 -0.8129 0.3215
Cyclist 0.0000 0 0.0000 -1.0000 -1.0000 -1.0000 -1.0000 0.8675 1.5593 1.8703 15.7162 9.4233 0.9312 3.0990 0.3194
Pedestrian 0.0000 0 0.0000 -1.0000 -1.0000 -1.0000 -1.0000 0.7009 1.6960 0.6321 -12.0943 23.4541 0.4437 0.9261 0.5215
Pedestrian 0.0000 0 0.0000 -1.0000 -1.0000 -1.0000 -1.0000 0.6989 1.6407 0.6430 -10.2941 14.9107 0.5931 -0.7019 0.4995
Pedestrian 0.0000 0 0.0000 -1.0000 -1.0000 -1.0000 -1.0000 0.6887 1.7132 0.5768 -12.4909 29.7998 0.2210 1.3702 0.3112
