Car 0.0000 0 0.0000 -1.0000 -1.0000 -1.0000 -1.0000 1.9445 1.4590 4.5409 -14.4305 13.8291 0.3292 3.1247 0.7820
Car 0.0000 0 0.0000 -1.0000 -1.0000 -1.0000 -1.0000 2.0287 1.4719 4.6080 -13.1457 1.0050 0.6908 -0.0578 0.7217
Car 0.0000 0 0.0000 -1.0000 -1.0000 -1.0000 -1.0000 2.0783 1.6249 4.6367 25.9670 0.1476 1.0203 -3.0977 0.6991
Car 0.0000 0 0.0000 -1.0000 -1.0000 -1.0000 -1.0000 1.9434 1.6121 4.5315 -6.9690 -10.4857 0.7748 -0.0853 0.6917
Car 0.0000 0 0.0000 -1.0000 -1.0000 -1.0000 -1.0000 1.9770 1.4561 4.5224 41.7074 -2.7261 1.0449 3.1166 0.6854
Car 0.0000 0 0.0000 -1.0000 -1.0000 -1.0000 -1.0000 1.8604 1.4921 4.4621 -11.9719 -10.1724 0.6804 -0.0571 0.6100
Car 0.0000 0 0.0000 -1.0000 -1.0000 -1.0000 -1.0000 1.9620 1.4953 4.5756 -75.0401 11.1970 0.0251 -3.1127 0.5876
Car 0.0000 0 0.0000 -1.0000 -1.0000 -1.0000 -1.0000 2.0945 1.9339 4.7727 6.6145 7.6840 0.9690 -3.0446 0.5677
Car 0.0000 0 0.0000 -1.0000 -1.0000 -1.0000 -1.0000 1.9702 1.4383 4.5266 40.9997 -5.2867 1.0369 -0.0065 0.5417
Car 0.0000 0 0.0000 -1.0000 -1.0000 -1.0000 -1.0000 1.9677 1.9541 4.6454 -30.9455 -16.6463 0.6948 -3.1098 0.5263
Car 0.0000 0 0.0000 -1.0000 -1.0000 -1.0000 -1.0000 1.8805 1.4625 4.4863 9.8036 -16.0024 0.8043 1.5835 0.4620
Car 0.0000 0 0.0000 -1.0000 -1.0000 -1.0000 -1.0000 2.2591 2.3974 5.0947 56.1298 18.0049 1.2044 -3.1168 0.4618
Car 0.0000 0 0.0000 -1.0000 -1.0000 -1.0000 -1.0000 1.9191 1.5620 4.5776 -58.2450 0.5759 0.4274 -0.1167 0.4524
Car 0.0000 0 0.0000 -1.0000 -1.0000 -1.0000 -1.0000 1.8843 1.5397 4.5371 12.8261 -17.0600 0.8990 1.5613 0.4438
Car 0.0000 0 0.0000 -1.0000 -1.0000 -1.0000 -1.0000 1.9626 1.8353 4.6683 -29.3724 -11.8770 0.7306 0.0145 0.4128
Car 0.0000 0 0.0000 -1.0000 -1.0000 -1.0000 -1.0000 1.9152 1.5397 4.5036 -72.2981 -0.2447 0.3311 -0.0877 0.3871
Car 0.0000 0 0.0000 -1.0000 -1.0000 -1.0000 -1.0000 1.9327 1.5125 4.6421 15.7061 -17.5341 1.0189 -1.4180 0.3574
Car 0.0000 0 0.0000 -1.0000 -1.0000 -1.0000 -1.0000 1.9445 1.5005 4.5623 49.7953 -1.6346 1.0555 3.1368 0.3523
Truck 0.0000 0 0.0000 -1.0000 -1.0000 -1.0000 -1.0000 2.8945 3.3650 9.8972 61.7419 -5.0885 2.0902 0.0565 0.6594
Truck 0.0000 0 0.0000 -1.0000 -1.0000 -1.0000 -1.0000 2.7945 2.8159 8.9968 63.4290 25.3786 1.2111 -3.0204 0.5796
Truck 0.0000 0 0.0000 -1.0000 -1.0000 -1.0000 -1.0000 2.4795 2.3809 6.7703 -23.2096 -2.1891 1.1348 -0.0807 0.4622
Cyclist 0.0000 0 0.0000 -1.0000 -1.0000 -1.0000 -1.0000 0.8540 1.6335 1.7970 2.6227 -8.3857 0.9305 3.0521 0.4367
Cyclist 0.0000 0 0.0000 -1.0000 -1.0000 -1.0000 -1.0000 0.7313 1.5476 1.6958 41.7635 20.2568 0.6079 -3.1015 0.3015
