Car 0.0000 0 0.0000 -1.0000 -1.0000 -1.0000 -1.0000 2.1433 1.7256 4.8551 -33.2422 2.6907 0.9902 -0.0007 0.8263
Car 0.0000 0 0.0000 -1.0000 -1.0000 -1.0000 -1.0000 1.9388 1.4211 4.4756 -24.1552 6.6750 0.7684 0.0734 0.8079
Car 0.0000 0 0.0000 -1.0000 -1.0000 -1.0000 -1.0000 1.9494 1.4651 4.4816 -2.1312 3.3225 0.7558 3.1301 0.7204
Car 0.0000 0 0.0000 -1.0000 -1.0000 -1.0000 -1.0000 1.9514 1.6773 4.5842 -25.9899 27.3108 1.1186 -1.5230 0.5514
Car 0.0000 0 0.0000 -1.0000 -1.0000 -1.0000 -1.0000 1.9286 1.5219 4.6691 -0.8956 26.0067 0.8924 -1.4309 0.5299
Car 0.0000 0 0.0000 -1.0000 -1.0000 -1.0000 -1.0000 1.9202 1.5155 4.6243 -23.3462 27.7421 1.0002 -1.5323 0.5219
Car 0.0000 0 0.0000 -1.0000 -1.0000 -1.0000 -1.0000 1.9537 1.4398 4.5348 -41.6591 -0.6274 0.8520 -3.1134 0.4957
Car 0.0000 0 0.0000 -1.0000 -1.0000 -1.0000 -1.0000 2.0238 1.6923 4.6312 3.9784 9.6751 0.7543 -3.1211 0.4689
Car 0.0000 0 0.0000 -1.0000 -1.0000 -1.0000 -1.0000 2.0905 2.1277 4.9719 4.7047 27.7391 1.2971 1.6305 0.4526
Car 0.0000 0 0.0000 -1.0000 -1.0000 -1.0000 -1.0000 1.9302 1.5098 4.6150 -11.6522 25.7825 1.0110 -1.4723 0.4272
Car 0.0000 0 0.0000 -1.0000 -1.0000 -1.0000 -1.0000 1.9827 1.6796 4.7676 8.4487 28.1651 1.1396 1.6709 0.4181
Car 0.0000 0 0.0000 -1.0000 -1.0000 -1.0000 -1.0000 1.9547 1.5552 4.7577 -8.7051 26.2902 1.0280 1.6161 0.4141
Car 0.0000 0 0.0000 -1.0000 -1.0000 -1.0000 -1.0000 1.9749 1.5367 4.6787 9.6905 -0.0084 0.7718 0.0094 0.3849
Car 0.0000 0 0.0000 -1.0000 -1.0000 -1.0000 -1.0000 1.8136 1.6830 4.3259 24.4322 0.3791 0.8294 3.1409 0.3368
Car 0.0000 0 0.0000 -1.0000 -1.0000 -1.0000 -1.0000 1.9309 1.6015 4.5787 54.6235 37.1092 1.0413 -2.8444 0.3361
Car 0.0000 0 0.0000 -1.0000 -1.0000 -1.0000 -1.0000 1.9239 1.7986 4.6760 -48.7584 23.8055 0.9108 -1.4247 0.3186
Car 0.0000 0 0.0000 -1.0000 -1.0000 -1.0000 -1.0000 1.9009 1.5586 4.6279 1.0872 26.4743 0.8872 -1.4623 0.3174
Car 0.0000 0 0.0000 -1.0000 -1.0000 -1.0000 -1.0000 1.9280 1.7120 4.5996 16.6631 19.6140 0.7745 1.7202 0.3146
Car 0.0000 0 0.0000 -1.0000 -1.0000 -1.0000 -1.0000 1.9648 1.8086 4.7743 31.6853 28.9603 1.0874 1.4600 0.3003
Truck 0.0000 0 0.0000 -1.0000 -1.0000 -1.0000 -1.0000 2.9560 3.5508 9.5042 23.5482 3.3279 1.8261 -3.0937 0.4993
Truck 0.0000 0 0.0000 -1.0000 -1.0000 -1.0000 -1.0000 2.3517 2.2956 5.9993 -77.4248 18.2447 0.8840 -0.1057 0.4300
Truck 0.0000 0 0.0000 -1.0000 -1.0000 -1.0000 -1.0000 2.4735 2.6543 6.3999 -5.1155 26.1172 1.5260 1.5824 0.3944
Truck 0.0000 0 0.0000 -1.0000 -1.0000 -1.0000 -1.0000 2.3170 2.2119 6.2103 14.4658 28.3027 1.4727 1.5008 0.3489
