Car 0.0000 0 0.0000 -1.0000 -1.0000 -1.0000 -1.0000 2.0498 1.5408 4.6902 -12.5364 2.2789 0.7192 -0.1292 0.8050
Car 0.0000 0 0.0000 -1.0000 -1.0000 -1.0000 -1.0000 1.9576 1.5103 4.5471 -21.6079 2.6302 0.6538 3.0485 0.7173
Car 0.0000 0 0.0000 -1.0000 -1.0000 -1.0000 -1.0000 1.9775 1.6166 4.5527 14.4963 -2.0675 0.7561 -0.2721 0.6835
Car 0.0000 0 0.0000 -1.0000 -1.0000 -1.0000 -1.0000 1.8795 1.4845 4.5247 -17.4614 14.1189 0.7469 2.8904 0.5547
Car 0.0000 0 0.0000 -1.0000 -1.0000 -1.0000 -1.0000 1.8887 1.6616 4.3743 33.7689 -11.3299 0.6881 -0.3375 0.4946
Car 0.0000 0 0.0000 -1.0000 -1.0000 -1.0000 -1.0000 1.9191 1.5477 4.5158 -28.3383 4.5550 0.6595 3.0547 0.4770
Car 0.0000 0 0.0000 -1.0000 -1.0000 -1.0000 -1.0000 1.9136 1.6428 4.5160 -20.7882 5.5713 0.7421 -0.1241 0.4071
Car 0.0000 0 0.0000 -1.0000 -1.0000 -1.0000 -1.0000 1.8889 1.5560 4.5209 -51.2778 -3.7568 0.9146 -1.7469 0.3771
Car 0.0000 0 0.0000 -1.0000 -1.0000 -1.0000 -1.0000 1.9116 1.6046 4.5106 -49.4318 22.2453 0.3924 -2.1701 0.3092
Cyclist 0.0000 0 0.0000 -1.0000 -1.0000 -1.0000 -1.0000 0.7474 1.4220 1.7409 -14.6092 6.1745 0.6173 -0.1935 0.6330
Cyclist 0.0000 0 0.0000 -1.0000 -1.0000 -1.0000 -1.0000 0.6930 1.4826 1.6595 -19.8907 0.1233 0.7338 0.0305 0.5252
Cyclist 0.0000 0 0.0000 -1.0000 -1.0000 -1.0000 -1.0000 0.8344 1.5584 1.7949 0.7278 -2.7206 0.7611 2.9235 0.5191
Cyclist 0.0000 0 0.0000 -1.0000 -1.0000 -1.0000 -1.0000 0.7969 1.5880 1.7658 -1.5996 3.6268 0.7442 2.8894 0.4640
Cyclist 0.0000 0 0.0000 -1.0000 -1.0000 -1.0000 -1.0000 0.7637 1.5516 1.7219 18.5290 -8.3338 0.7631 2.7691 0.4352
Cyclist 0.0000 0 0.0000 -1.0000 -1.0000 -1.0000 -1.0000 0.7322 1.3550 1.7405 -22.7770 7.9867 0.5381 3.0347 0.4222
Cyclist 0.0000 0 0.0000 -1.0000 -1.0000 -1.0000 -1.0000 0.7536 1.5255 1.7020 0.5551 4.2012 0.6991 2.8649 0.3936
Cyclist 0.0000 0 0.0000 -1.0000 -1.0000 -1.0000 -1.0000 0.6771 1.2078 1.7396 2.8871 -14.3593 1.0158 1.5140 0.3893
Cyclist 0.0000 0 0.0000 -1.0000 -1.0000 -1.0000 -1.0000 0.8058 1.5561 1.7990 -32.5475 10.8032 0.5615 2.6081 0.3557
Cyclist 0.0000 0 0.0000 -1.0000 -1.0000 -1.0000 -1.0000 0.7230 1.3306 1.6880 -14.5708 8.0502 0.6509 -0.1855 0.3348
Cyclist 0.0000 0 0.0000 -1.0000 -1.0000 -1.0000 -1.0000 0.6908 1.3236 1.7101 1.3056 -6.6755 0.8083 -1.6260 0.3346
Cyclist 0.0000 0 0.0000 -1.0000 -1.0000 -1.0000 -1.0000 0.7309 1.4586 1.7467 39.2509 -6.1304 0.4724 2.8354 0.3329
Cyclist 0.0000 0 0.0000 -1.0000 -1.0000 -1.0000 -1.0000 0.8622 1.5845 1.8284 22.2131 -8.2538 0.7906 -0.3020 0.3161
Cyclist 0.0000 0 0.0000 -1.0000 -1.0000 -1.0000 -1.0000 0.6824 1.2699 1.7121 -2.7925 -6.5292 0.7812 1.4427 0.3126
Cyclist 0.0000 0 0.0000 -1.0000 -1.0000 -1.0000 -1.0000 0.6929 1.2942 1.6948 4.8328 -6.4935 0.7767 -1.7347 0.3100
Cyclist 0.0000 0 0.0000 -1.0000 -1.0000 -1.0000 -1.0000 0.6565 1.1669 1.6943 4.3419 -14.5933 1.0139 1.5050 0.3081
Cyclist 0.0000 0 0.0000 -1.0000 -1.0000 -1.0000 -1.0000 0.7308 1.5010 1.7762 11.9466 4.2020 0.7625 -1.7977 0.3076
Pedestrian 0.0000 0 0.0000 -1.0000 -1.0000 -1.0000 -1.0000 0.7024 1.6894 0.6731 -18.5173 -15.9068 1.0351 0.3308 0.6230
Pedestrian 0.0000 0 0.0000 -1.0000 -1.0000 -1.0000 -1.0000 0.6702 1.6496 0.5955 1.2728 8.7592 0.8427 3.0413 0.5562
Pedestrian 0.0000 0 0.0000 -1.0000 -1.0000 -1.0000 -1.0000 0.6824 1.6683 0.6215 22.2605 -14.6293 1.0223 2.8991 0.5290
Pedestrian 0.0000 0 0.0000 -1.0000 -1.0000 -1.0000 -1.0000 0.6548 1.6282 0.5582 -27.6957 -4.5312 0.8347 -2.8426 0.5180
Pedestrian 0.0000 0 0.0000 -1.0000 -1.0000 -1.0000 -1.0000 0.6929 1.6482 0.6383 -14.2666 12.2364 0.8920 2.9943 0.5040
Pedestrian 0.0000 0 0.0000 -1.0000 -1.0000 -1.0000 -1.0000 0.6940 1.6913 0.6186 -25.9409 16.8107 0.7835 2.7189 0.4703
Pedestrian 0.0000 0 0.0000 -1.0000 -1.0000 -1.0000 -1.0000 0.6860 1.6258 0.6290 -33.9132 -18.4695 1.1180 0.5613 0.4682
Pedestrian 0.0000 0 0.0000 -1.0000 -1.0000 -1.0000 -1.0000 0.6941 1.6064 0.6734 -10.5613 10.6115 0.8114 3.0243 0.4516
Pedestrian 0.0000 0 0.0000 -1.0000 -1.0000 -1.0000 -1.0000 0.6837 1.6158 0.6374 35.5981 -6.2861 0.5563 2.8606 0.4356
Pedestrian 0.0000 0 0.0000 -1.0000 -1.0000 -1.0000 -1.0000 0.6938 1.6441 0.6473 -18.7332 -2.4077 0.8293 3.1115 0.4321
Pedestrian 0.0000 0 0.0000 -1.0000 -1.0000 -1.0000 -1.0000 0.6836 1.6240 0.5978 22.2497 2.3425 0.7896 2.8676 0.4053
Pedestrian 0.0000 0 0.0000 -1.0000 -1.0000 -1.0000 -1.0000 0.7045 1.6460 0.6885 17.3784 -16.5379 1.0643 2.8812 0.3750
Pedestrian 0.0000 0 0.0000 -1.0000 -1.0000 -1.0000 -1.0000 0.6993 1.7028 0.6344 -33.6285 -20.4285 1.3002 0.4243 0.3712
Pedestrian 0.0000 0 0.0000 -1.0000 -1.0000 -1.0000 -1.0000 0.7028 1.6356 0.6330 -43.3876 -9.0545 0.9225 -2.4194 0.3658
Pedestrian 0.0000 0 0.0000 -1.0000 -1.0000 -1.0000 -1.0000 0.7093 1.6976 0.6800 -13.1142 -20.0804 0.9961 -1.8283 0.3193
Pedestrian 0.0000 0 0.0000 -1.0000 -1.0000 -1.0000 -1.0000 0.6973 1.6704 0.6447 -54.8203 21.7712 0.5202 -0.8905 0.3111
Pedestrian 0.0000 0 0.0000 -1.0000 -1.0000 -1.0000 -1.0000 0.6792 1.6699 0.6133 -43.5088 -14.4196 0.9768 1.3510 0.3072
Pedestrian 0.0000 0 0.0000 -1.0000 -1.0000 -1.0000 -1.0000 0.7163 1.6684 0.6915 15.0531 -12.7361 1.0486 2.8505 0.3021
