Car 0.0000 0 0.0000 -1.0000 -1.0000 -1.0000 -1.0000 2.0241 1.4750 4.5583 30.9552 -1.4645 0.8045 -3.1090 0.8049
Car 0.0000 0 0.0000 -1.0000 -1.0000 -1.0000 -1.0000 2.1029 1.6887 4.7173 -31.4017 -3.6810 0.8633 0.0127 0.7971
Car 0.0000 0 0.0000 -1.0000 -1.0000 -1.0000 -1.0000 1.9564 1.5157 4.4876 4.4703 3.4059 0.7532 3.1328 0.7611
Car 0.0000 0 0.0000 -1.0000 -1.0000 -1.0000 -1.0000 2.0149 1.5803 4.5777 -33.4910 3.5767 0.7320 -3.1240 0.7498
Car 0.0000 0 0.0000 -1.0000 -1.0000 -1.0000 -1.0000 2.0096 1.7156 4.5903 -4.7839 -4.2341 0.8599 3.1302 0.7379
Car 0.0000 0 0.0000 -1.0000 -1.0000 -1.0000 -1.0000 2.0016 1.5337 4.5758 55.0836 0.6353 0.9029 0.0072 0.6344
Car 0.0000 0 0.0000 -1.0000 -1.0000 -1.0000 -1.0000 1.9922 1.6259 4.6889 12.2837 21.6569 -0.5684 3.0981 0.4855
Car 0.0000 0 0.0000 -1.0000 -1.0000 -1.0000 -1.0000 2.0287 1.7134 4.7672 -69.1311 -0.2461 0.6925 -3.1002 0.4721
Car 0.0000 0 0.0000 -1.0000 -1.0000 -1.0000 -1.0000 2.0296 1.5363 4.6912 -15.2365 3.7559 0.8062 -0.0066 0.3790
Truck 0.0000 0 0.0000 -1.0000 -1.0000 -1.0000 -1.0000 2.3903 2.4003 6.3201 26.9436 19.7234 -0.0799 -3.1266 0.4225
