Car 0.0000 0 0.0000 -1.0000 -1.0000 -1.0000 -1.0000 1.9350 1.4183 4.4566 9.0825 2.9470 0.7212 3.1286 0.7832
Car 0.0000 0 0.0000 -1.0000 -1.0000 -1.0000 -1.0000 1.9672 1.4277 4.5100 15.6680 3.1346 0.7096 0.0123 0.7826
Car 0.0000 0 0.0000 -1.0000 -1.0000 -1.0000 -1.0000 1.9164 1.5080 4.4918 -19.9348 3.2083 0.8220 3.1072 0.7824
Car 0.0000 0 0.0000 -1.0000 -1.0000 -1.0000 -1.0000 1.9832 1.6802 4.4944 6.6369 -0.8740 0.8802 -3.1166 0.7802
Car 0.0000 0 0.0000 -1.0000 -1.0000 -1.0000 -1.0000 1.9294 1.5121 4.4506 2.6288 2.9567 0.7732 3.1232 0.7783
Car 0.0000 0 0.0000 -1.0000 -1.0000 -1.0000 -1.0000 2.0068 1.7651 4.5593 -25.9999 3.3564 1.0210 -0.0106 0.7724
Car 0.0000 0 0.0000 -1.0000 -1.0000 -1.0000 -1.0000 1.9551 1.5207 4.6002 22.3652 2.6663 0.7295 0.0494 0.7210
Car 0.0000 0 0.0000 -1.0000 -1.0000 -1.0000 -1.0000 1.9988 1.4618 4.5854 -9.9384 0.1242 0.7740 0.0336 0.6907
Car 0.0000 0 0.0000 -1.0000 -1.0000 -1.0000 -1.0000 1.9602 1.4569 4.5863 -13.0352 2.9520 0.8016 3.1276 0.6609
Car 0.0000 0 0.0000 -1.0000 -1.0000 -1.0000 -1.0000 1.9108 1.7446 4.4728 -41.2537 3.5639 1.2641 3.1000 0.6127
Car 0.0000 0 0.0000 -1.0000 -1.0000 -1.0000 -1.0000 1.9587 1.4219 4.5671 -17.4358 -0.2294 0.7921 0.0056 0.5597
Car 0.0000 0 0.0000 -1.0000 -1.0000 -1.0000 -1.0000 1.9228 1.4368 4.4855 -5.8973 2.8445 0.7434 3.1246 0.5413
Car 0.0000 0 0.0000 -1.0000 -1.0000 -1.0000 -1.0000 1.8861 1.5446 4.4317 -31.9934 3.2160 0.9937 3.1168 0.5302
Car 0.0000 0 0.0000 -1.0000 -1.0000 -1.0000 -1.0000 1.8694 1.5654 4.4805 -0.8397 13.5779 0.6449 0.0030 0.5004
Car 0.0000 0 0.0000 -1.0000 -1.0000 -1.0000 -1.0000 1.8532 1.6992 4.3897 -10.7546 13.7560 0.7980 3.1356 0.4919
Car 0.0000 0 0.0000 -1.0000 -1.0000 -1.0000 -1.0000 1.9371 1.5534 4.6124 -48.6609 3.5472 1.2610 -0.0076 0.4680
Car 0.0000 0 0.0000 -1.0000 -1.0000 -1.0000 -1.0000 2.0224 1.7326 4.6769 -24.2974 -0.1254 1.0017 -3.1262 0.4639
Car 0.0000 0 0.0000 -1.0000 -1.0000 -1.0000 -1.0000 1.8939 1.5051 4.5054 -4.3782 16.9551 0.5469 3.1282 0.4456
Car 0.0000 0 0.0000 -1.0000 -1.0000 -1.0000 -1.0000 1.9509 1.5711 4.5411 -15.9026 16.9103 0.5552 3.1043 0.4434
Car 0.0000 0 0.0000 -1.0000 -1.0000 -1.0000 -1.0000 1.8474 1.5728 4.4058 15.8374 -0.6415 0.7902 0.0097 0.4354
Car 0.0000 0 0.0000 -1.0000 -1.0000 -1.0000 -1.0000 1.8734 1.5636 4.5166 11.0247 14.1353 0.5838 0.0035 0.4343
Car 0.0000 0 0.0000 -1.0000 -1.0000 -1.0000 -1.0000 1.9631 1.5201 4.5908 7.3240 17.0220 0.4749 0.0072 0.3650
Car 0.0000 0 0.0000 -1.0000 -1.0000 -1.0000 -1.0000 1.8468 1.6719 4.4583 -18.7728 13.6243 0.6799 3.1281 0.3404
Car 0.0000 0 0.0000 -1.0000 -1.0000 -1.0000 -1.0000 1.9005 1.6813 4.5955 -55.8061 3.3247 1.1718 -0.0418 0.3172
Car 0.0000 0 0.0000 -1.0000 -1.0000 -1.0000 -1.0000 1.9366 1.5815 4.5785 -24.1218 16.6592 0.5616 3.0937 0.3028
Truck 0.0000 0 0.0000 -1.0000 -1.0000 -1.0000 -1.0000 2.9248 2.9917 9.4678 -40.3469 -0.0594 2.0115 0.0143 0.4374
