Car 0.0000 0 0.0000 -1.0000 -1.0000 -1.0000 -1.0000 2.0027 1.4913 4.6053 41.5214 -0.2747 0.4250 0.0315 0.6560
Car 0.0000 0 0.0000 -1.0000 -1.0000 -1.0000 -1.0000 2.0719 1.5685 4.6363 -20.8269 -0.6906 0.8700 -0.0100 0.6555
Car 0.0000 0 0.0000 -1.0000 -1.0000 -1.0000 -1.0000 2.0972 1.9334 4.8566 11.2299 3.1815 0.9207 0.0033 0.6096
Car 0.0000 0 0.0000 -1.0000 -1.0000 -1.0000 -1.0000 1.9560 1.4734 4.6366 -42.7357 33.5628 0.5533 -1.5849 0.5207
Car 0.0000 0 0.0000 -1.0000 -1.0000 -1.0000 -1.0000 1.8978 1.4764 4.5638 -38.5246 22.2207 0.5930 -1.6111 0.4435
Car 0.0000 0 0.0000 -1.0000 -1.0000 -1.0000 -1.0000 1.8896 1.4757 4.5189 -48.6981 33.7319 0.6193 1.5732 0.4083
Car 0.0000 0 0.0000 -1.0000 -1.0000 -1.0000 -1.0000 1.9171 1.5147 4.5613 -45.1225 33.6384 0.6117 1.5571 0.3868
Car 0.0000 0 0.0000 -1.0000 -1.0000 -1.0000 -1.0000 1.9085 1.5984 4.6142 -34.9860 33.5186 0.7254 1.5506 0.3312
Cyclist 0.0000 0 0.0000 -1.0000 -1.0000 -1.0000 -1.0000 0.7883 1.4892 1.7935 -8.3675 -5.4798 0.7256 0.0506 0.6453
Cyclist 0.0000 0 0.0000 -1.0000 -1.0000 -1.0000 -1.0000 0.8022 1.5717 1.7726 9.2269 -5.0038 0.7504 3.1224 0.5661
Cyclist 0.0000 0 0.0000 -1.0000 -1.0000 -1.0000 -1.0000 0.7482 1.5418 1.7192 29.4065 -5.4653 0.6224 -3.1271 0.5626
Cyclist 0.0000 0 0.0000 -1.0000 -1.0000 -1.0000 -1.0000 0.8478 1.4995 1.9048 -12.0480 -4.5454 0.7710 3.1171 0.5274
Cyclist 0.0000 0 0.0000 -1.0000 -1.0000 -1.0000 -1.0000 0.7010 1.4662 1.6678 -45.2261 7.8393 0.9117 -0.0902 0.4395
Pedestrian 0.0000 0 0.0000 -1.0000 -1.0000 -1.0000 -1.0000 0.6822 1.6082 0.6336 -27.7193 1.1125 0.9561 2.7188 0.4650
