Car 0.0000 0 0.0000 -1.0000 -1.0000 -1.0000 -1.0000 2.0002 1.9410 4.6411 -25.9918 8.2797 0.8733 -1.5230 0.5618
Car 0.0000 0 0.0000 -1.0000 -1.0000 -1.0000 -1.0000 1.9185 1.5500 4.4851 -36.8806 -1.3901 0.9444 -3.0597 0.5320
Car 0.0000 0 0.0000 -1.0000 -1.0000 -1.0000 -1.0000 1.9102 1.4721 4.5574 1.0262 8.3237 0.5222 -1.5026 0.5262
Car 0.0000 0 0.0000 -1.0000 -1.0000 -1.0000 -1.0000 1.8597 1.4814 4.4578 -3.4492 4.3670 0.6011 0.0332 0.5241
Car 0.0000 0 0.0000 -1.0000 -1.0000 -1.0000 -1.0000 1.9525 1.6991 4.5603 -1.1973 8.5005 0.6493 -1.4751 0.5187
Car 0.0000 0 0.0000 -1.0000 -1.0000 -1.0000 -1.0000 1.9930 2.1032 4.6051 -20.8356 13.8502 0.7949 -1.5765 0.4836
Car 0.0000 0 0.0000 -1.0000 -1.0000 -1.0000 -1.0000 1.8446 1.5254 4.4093 -14.8765 21.3726 0.1963 -1.6777 0.4478
Car 0.0000 0 0.0000 -1.0000 -1.0000 -1.0000 -1.0000 1.8698 1.6103 4.4415 -25.5170 14.0102 0.6488 -1.3841 0.4165
Car 0.0000 0 0.0000 -1.0000 -1.0000 -1.0000 -1.0000 1.8842 1.4551 4.5193 -6.1654 8.5427 0.4514 -1.5105 0.4163
Car 0.0000 0 0.0000 -1.0000 -1.0000 -1.0000 -1.0000 1.9109 1.4757 4.5245 -18.6656 22.2759 0.1774 -1.6017 0.4022
Car 0.0000 0 0.0000 -1.0000 -1.0000 -1.0000 -1.0000 1.9404 1.7412 4.5713 -23.4149 9.2246 0.7622 1.6280 0.3683
Car 0.0000 0 0.0000 -1.0000 -1.0000 -1.0000 -1.0000 1.8968 1.4701 4.4363 16.8931 -2.4557 0.6884 3.1276 0.3356
Car 0.0000 0 0.0000 -1.0000 -1.0000 -1.0000 -1.0000 1.8675 1.5207 4.4312 12.3523 -6.5558 0.8727 -1.3406 0.3248
Tricar 0.0000 0 0.0000 -1.0000 -1.0000 -1.0000 -1.0000 1.3974 1.7088 3.2969 39.6579 4.0122 0.5428 3.1361 0.5326
Cyclist 0.0000 0 0.0000 -1.0000 -1.0000 -1.0000 -1.0000 0.8011 1.5876 1.7813 14.6742 2.9091 0.5841 3.0829 0.6602
Cyclist 0.0000 0 0.0000 -1.0000 -1.0000 -1.0000 -1.0000 0.7799 1.5565 1.7439 -14.3470 2.6667 0.7465 -3.1030 0.6474
Cyclist 0.0000 0 0.0000 -1.0000 -1.0000 -1.0000 -1.0000 0.7445 1.4953 1.7411 19.3665 2.8744 0.4613 3.1365 0.6301
Cyclist 0.0000 0 0.0000 -1.0000 -1.0000 -1.0000 -1.0000 0.7681 1.5946 1.7036 21.2309 -1.1628 0.6150 3.0653 0.6001
Cyclist 0.0000 0 0.0000 -1.0000 -1.0000 -1.0000 -1.0000 0.8028 1.6217 1.7602 37.4894 -2.7791 0.6947 3.1176 0.5660
Cyclist 0.0000 0 0.0000 -1.0000 -1.0000 -1.0000 -1.0000 0.8488 1.6340 1.7943 29.7441 -0.4458 0.6941 3.1288 0.5439
Cyclist 0.0000 0 0.0000 -1.0000 -1.0000 -1.0000 -1.0000 0.7708 1.5714 1.7331 -27.4786 3.3375 0.8106 -0.0177 0.5051
Cyclist 0.0000 0 0.0000 -1.0000 -1.0000 -1.0000 -1.0000 0.7152 1.5468 1.6749 0.8228 3.6933 0.6500 -3.0189 0.4760
Cyclist 0.0000 0 0.0000 -1.0000 -1.0000 -1.0000 -1.0000 0.6905 1.4293 1.6923 28.0942 1.6693 0.4817 -0.0478 0.4561
Cyclist 0.0000 0 0.0000 -1.0000 -1.0000 -1.0000 -1.0000 0.9277 1.6031 1.9623 -21.3730 2.2959 0.8122 -0.0012 0.4399
Cyclist 0.0000 0 0.0000 -1.0000 -1.0000 -1.0000 -1.0000 0.7347 1.4689 1.7656 23.5335 1.8232 0.4700 3.0864 0.4275
Cyclist 0.0000 0 0.0000 -1.0000 -1.0000 -1.0000 -1.0000 0.6654 1.1268 1.6721 -8.6253 -5.5016 0.9163 0.4426 0.3958
Cyclist 0.0000 0 0.0000 -1.0000 -1.0000 -1.0000 -1.0000 0.7393 1.5613 1.6995 34.1509 2.1491 0.5702 -3.1212 0.3866
Cyclist 0.0000 0 0.0000 -1.0000 -1.0000 -1.0000 -1.0000 0.7173 1.4977 1.6666 -32.1692 4.6974 0.7445 3.0920 0.3707
Cyclist 0.0000 0 0.0000 -1.0000 -1.0000 -1.0000 -1.0000 0.6618 1.2463 1.6390 23.6772 5.4866 0.4019 -2.9914 0.3446
Cyclist 0.0000 0 0.0000 -1.0000 -1.0000 -1.0000 -1.0000 0.7527 1.5151 1.7230 -29.6430 0.1769 0.8578 -0.1399 0.3394
Cyclist 0.0000 0 0.0000 -1.0000 -1.0000 -1.0000 -1.0000 0.7464 1.5529 1.7209 15.6835 8.7616 0.5162 0.0642 0.3268
Cyclist 0.0000 0 0.0000 -1.0000 -1.0000 -1.0000 -1.0000 0.6650 1.1137 1.6917 10.6411 11.8898 0.2230 1.6881 0.3195
Pedestrian 0.0000 0 0.0000 -1.0000 -1.0000 -1.0000 -1.0000 0.6852 1.6536 0.6264 -12.5659 6.2361 0.6900 -3.1158 0.6662
Pedestrian 0.0000 0 0.0000 -1.0000 -1.0000 -1.0000 -1.0000 0.6745 1.6268 0.6467 0.3444 -2.7797 1.0033 3.1168 0.5723
Pedestrian 0.0000 0 0.0000 -1.0000 -1.0000 -1.0000 -1.0000 0.6891 1.6488 0.6124 -29.6964 -1.3164 0.9548 3.0519 0.5629
Pedestrian 0.0000 0 0.0000 -1.0000 -1.0000 -1.0000 -1.0000 0.6860 1.6660 0.6361 5.4714 6.4182 0.5786 0.8518 0.5034
Pedestrian 0.0000 0 0.0000 -1.0000 -1.0000 -1.0000 -1.0000 0.6809 1.6202 0.6377 15.7277 8.8537 0.5638 -3.0310 0.4082
Pedestrian 0.0000 0 0.0000 -1.0000 -1.0000 -1.0000 -1.0000 0.6927 1.6272 0.6314 14.0894 11.7614 0.4709 2.9329 0.3915
Pedestrian 0.0000 0 0.0000 -1.0000 -1.0000 -1.0000 -1.0000 0.7069 1.6926 0.6453 -27.9045 -7.1802 1.3365 0.0865 0.3788
Pedestrian 0.0000 0 0.0000 -1.0000 -1.0000 -1.0000 -1.0000 0.6787 1.6714 0.6109 7.0404 -8.0315 1.1483 3.0228 0.3728
Pedestrian 0.0000 0 0.0000 -1.0000 -1.0000 -1.0000 -1.0000 0.6585 1.4611 0.6061 0.9167 -4.9146 0.9431 -2.4759 0.3033
