Car 0.0000 0 0.0000 -1.0000 -1.0000 -1.0000 -1.0000 2.1096 1.8118 4.7757 -10.8729 -0.3817 0.8639 -0.0134 0.7147
Car 0.0000 0 0.0000 -1.0000 -1.0000 -1.0000 -1.0000 2.0074 1.5186 4.6828 -34.6192 3.2657 0.5223 -0.0479 0.6988
Car 0.0000 0 0.0000 -1.0000 -1.0000 -1.0000 -1.0000 1.9568 1.4710 4.5321 44.6215 3.1423 1.1017 -0.0107 0.6918
Car 0.0000 0 0.0000 -1.0000 -1.0000 -1.0000 -1.0000 1.8934 1.5493 4.5188 12.8024 4.4914 0.8359 3.1121 0.6808
Car 0.0000 0 0.0000 -1.0000 -1.0000 -1.0000 -1.0000 1.9094 1.5256 4.5248 56.4223 3.2798 1.2409 0.0758 0.4444
Car 0.0000 0 0.0000 -1.0000 -1.0000 -1.0000 -1.0000 1.8931 1.5273 4.4781 -18.0747 0.3123 0.6622 -0.0151 0.4242
Car 0.0000 0 0.0000 -1.0000 -1.0000 -1.0000 -1.0000 1.9329 1.5056 4.5629 39.0980 -0.1383 1.1502 -3.1399 0.3421
Car 0.0000 0 0.0000 -1.0000 -1.0000 -1.0000 -1.0000 1.9279 1.5003 4.5554 30.6950 3.8783 0.9497 3.0819 0.3417
Car 0.0000 0 0.0000 -1.0000 -1.0000 -1.0000 -1.0000 1.9441 1.4797 4.4239 8.0078 -0.0269 0.7523 -3.1337 0.3367
Car 0.0000 0 0.0000 -1.0000 -1.0000 -1.0000 -1.0000 1.8993 1.5557 4.4359 14.8630 -0.8146 0.9174 3.1302 0.3234
Cyclist 0.0000 0 0.0000 -1.0000 -1.0000 -1.0000 -1.0000 0.7938 1.5535 1.7406 8.1635 -2.7654 0.8778 0.0409 0.6325
Cyclist 0.0000 0 0.0000 -1.0000 -1.0000 -1.0000 -1.0000 0.7580 1.5235 1.7635 4.5998 3.6751 0.7440 2.9973 0.6306
Cyclist 0.0000 0 0.0000 -1.0000 -1.0000 -1.0000 -1.0000 0.7391 1.5362 1.7316 0.2615 4.0869 0.7317 3.0661 0.6214
Cyclist 0.0000 0 0.0000 -1.0000 -1.0000 -1.0000 -1.0000 0.8142 1.5663 1.7873 11.4804 -2.8489 0.8924 0.0029 0.5683
Cyclist 0.0000 0 0.0000 -1.0000 -1.0000 -1.0000 -1.0000 0.7041 1.5152 1.6663 -0.1723 -2.6800 0.7838 3.1279 0.4770
Cyclist 0.0000 0 0.0000 -1.0000 -1.0000 -1.0000 -1.0000 0.7685 1.5261 1.7190 33.8107 5.5531 0.9473 3.0396 0.4478
Cyclist 0.0000 0 0.0000 -1.0000 -1.0000 -1.0000 -1.0000 0.8127 1.6014 1.7781 25.2221 -2.7838 1.0151 -0.0142 0.3691
Pedestrian 0.0000 0 0.0000 -1.0000 -1.0000 -1.0000 -1.0000 0.6883 1.7120 0.6051 -19.9818 -4.3016 0.9774 -0.0403 0.3741
Pedestrian 0.0000 0 0.0000 -1.0000 -1.0000 -1.0000 -1.0000 0.7220 1.7333 0.6687 23.2332 0.5393 1.1047 3.1394 0.3069
