Car 0.0000 0 0.0000 -1.0000 -1.0000 -1.0000 -1.0000 1.9213 1.5764 4.4667 -38.7886 -19.7314 1.1211 -0.6757 0.6719
Car 0.0000 0 0.0000 -1.0000 -1.0000 -1.0000 -1.0000 2.0220 1.5182 4.6802 -23.2622 -4.4221 0.7542 -2.7603 0.6713
Car 0.0000 0 0.0000 -1.0000 -1.0000 -1.0000 -1.0000 1.9585 1.4454 4.5241 5.5606 -14.2543 0.7264 -0.6525 0.6613
Car 0.0000 0 0.0000 -1.0000 -1.0000 -1.0000 -1.0000 1.9474 1.4562 4.5168 -21.8447 10.6141 0.7259 -0.7549 0.6219
Car 0.0000 0 0.0000 -1.0000 -1.0000 -1.0000 -1.0000 1.9352 1.5146 4.5294 15.1923 -4.8347 0.7316 -0.9250 0.5857
Car 0.0000 0 0.0000 -1.0000 -1.0000 -1.0000 -1.0000 1.9244 1.5692 4.5823 14.8373 -28.1919 0.8986 -1.0667 0.5637
Car 0.0000 0 0.0000 -1.0000 -1.0000 -1.0000 -1.0000 1.9004 1.4898 4.4064 4.2606 8.0875 0.6525 -0.9192 0.5193
Car 0.0000 0 0.0000 -1.0000 -1.0000 -1.0000 -1.0000 1.9925 1.5471 4.5609 -12.3903 6.5647 0.7488 -0.7709 0.4928
Car 0.0000 0 0.0000 -1.0000 -1.0000 -1.0000 -1.0000 1.9853 1.4202 4.5921 -14.1837 -9.7734 0.5566 -2.4156 0.4590
Car 0.0000 0 0.0000 -1.0000 -1.0000 -1.0000 -1.0000 1.9640 1.6482 4.5822 7.7536 -22.2111 0.8314 -0.7469 0.4166
Car 0.0000 0 0.0000 -1.0000 -1.0000 -1.0000 -1.0000 1.8598 1.5174 4.3970 -39.8821 -4.9698 1.0462 -0.5844 0.3752
Car 0.0000 0 0.0000 -1.0000 -1.0000 -1.0000 -1.0000 1.9362 1.6601 4.4457 24.7113 -35.8245 1.0493 -0.7486 0.3697
Car 0.0000 0 0.0000 -1.0000 -1.0000 -1.0000 -1.0000 1.8719 1.5350 4.4980 -55.7043 1.1178 1.0532 -1.9027 0.3670
Car 0.0000 0 0.0000 -1.0000 -1.0000 -1.0000 -1.0000 1.9231 1.5553 4.5981 20.5590 17.4466 0.7892 -2.2392 0.3664
Car 0.0000 0 0.0000 -1.0000 -1.0000 -1.0000 -1.0000 1.9188 1.4632 4.5066 -20.9727 15.3470 0.7340 -0.7775 0.3382
Tricar 0.0000 0 0.0000 -1.0000 -1.0000 -1.0000 -1.0000 1.2268 1.7294 2.8996 22.0604 0.7700 0.7572 2.3476 0.5770
Tricar 0.0000 0 0.0000 -1.0000 -1.0000 -1.0000 -1.0000 1.3569 1.7458 3.2271 0.2812 7.3383 0.8539 1.7775 0.3730
Cyclist 0.0000 0 0.0000 -1.0000 -1.0000 -1.0000 -1.0000 0.7438 1.5225 1.7528 -12.1470 -20.2255 0.5493 0.6511 0.5491
Cyclist 0.0000 0 0.0000 -1.0000 -1.0000 -1.0000 -1.0000 0.7320 1.5073 1.7120 -7.3273 -18.6720 0.5393 -2.4350 0.5238
Cyclist 0.0000 0 0.0000 -1.0000 -1.0000 -1.0000 -1.0000 0.8414 1.5869 1.8235 -20.6839 -29.9353 0.7201 -2.2008 0.4854
Cyclist 0.0000 0 0.0000 -1.0000 -1.0000 -1.0000 -1.0000 0.7338 1.5053 1.7293 -24.2316 -32.2092 0.6756 1.0877 0.4775
Cyclist 0.0000 0 0.0000 -1.0000 -1.0000 -1.0000 -1.0000 0.8199 1.5881 1.7975 -19.3765 -26.6254 0.6598 0.9576 0.3248
Pedestrian 0.0000 0 0.0000 -1.0000 -1.0000 -1.0000 -1.0000 0.6799 1.6113 0.5959 -23.5129 -16.4086 0.6989 0.8215 0.3175
