Car 0.0000 0 0.0000 -1.0000 -1.0000 -1.0000 -1.0000 2.0367 1.6369 4.6252 -10.6661 -3.0188 0.8251 0.0308 0.8236
Car 0.0000 0 0.0000 -1.0000 -1.0000 -1.0000 -1.0000 2.0054 1.5292 4.6049 39.4503 -2.5201 0.5674 3.1317 0.7871
Car 0.0000 0 0.0000 -1.0000 -1.0000 -1.0000 -1.0000 1.8944 1.4252 4.4184 19.4695 -2.5831 0.6778 0.0461 0.6734
Car 0.0000 0 0.0000 -1.0000 -1.0000 -1.0000 -1.0000 1.8749 1.4467 4.3995 -34.2088 13.3561 0.2711 -3.1323 0.3082
Truck 0.0000 0 0.0000 -1.0000 -1.0000 -1.0000 -1.0000 2.8528 2.8283 8.6847 -61.5036 5.1057 1.0642 -3.1323 0.5868
Truck 0.0000 0 0.0000 -1.0000 -1.0000 -1.0000 -1.0000 3.0257 3.4408 10.8806 -44.7591 -2.1400 1.5895 -3.1364 0.5238
Truck 0.0000 0 0.0000 -1.0000 -1.0000 -1.0000 -1.0000 3.0662 3.9488 10.7101 6.7787 7.6848 1.7881 -0.0147 0.3997
Truck 0.0000 0 0.0000 -1.0000 -1.0000 -1.0000 -1.0000 2.2744 2.4708 5.8441 13.4080 3.8868 1.2091 -0.0031 0.3220
Cyclist 0.0000 0 0.0000 -1.0000 -1.0000 -1.0000 -1.0000 0.8130 1.6093 1.7828 -53.3762 16.1883 0.0724 -0.1688 0.4706
Cyclist 0.0000 0 0.0000 -1.0000 -1.0000 -1.0000 -1.0000 0.9052 1.5090 2.0140 21.1308 -9.2193 0.6296 -0.0586 0.3587
