Car 0.0000 0 0.0000 -1.0000 -1.0000 -1.0000 -1.0000 2.1056 1.7383 4.6848 -10.7226 -3.2214 0.8482 -3.1169 0.8310
Car 0.0000 0 0.0000 -1.0000 -1.0000 -1.0000 -1.0000 1.9336 1.4776 4.4718 -22.4661 10.5950 0.4863 0.0386 0.7640
Car 0.0000 0 0.0000 -1.0000 -1.0000 -1.0000 -1.0000 1.9545 1.4589 4.5068 1.3420 12.9876 0.3926 3.1393 0.7616
Car 0.0000 0 0.0000 -1.0000 -1.0000 -1.0000 -1.0000 1.9894 1.5247 4.5784 17.5802 8.5635 0.4769 3.1101 0.7342
Car 0.0000 0 0.0000 -1.0000 -1.0000 -1.0000 -1.0000 1.9819 1.4769 4.5907 47.9661 -10.0406 0.7376 0.0214 0.6602
Car 0.0000 0 0.0000 -1.0000 -1.0000 -1.0000 -1.0000 2.0016 1.5916 4.5932 -76.0567 -6.6228 0.6520 -0.0485 0.6003
Car 0.0000 0 0.0000 -1.0000 -1.0000 -1.0000 -1.0000 1.8121 1.5635 4.2139 -0.3750 -7.0061 0.8089 -3.1271 0.5447
Car 0.0000 0 0.0000 -1.0000 -1.0000 -1.0000 -1.0000 1.9715 1.5081 4.5301 80.0716 -4.0446 0.7362 3.1382 0.4077
Car 0.0000 0 0.0000 -1.0000 -1.0000 -1.0000 -1.0000 1.8174 1.5135 4.2678 -31.5526 6.9143 0.5810 -3.1025 0.3844
Car 0.0000 0 0.0000 -1.0000 -1.0000 -1.0000 -1.0000 1.9867 1.6627 4.7785 -70.9593 12.6700 0.4949 0.0564 0.3409
Truck 0.0000 0 0.0000 -1.0000 -1.0000 -1.0000 -1.0000 2.1818 2.1310 5.5678 -71.4289 -28.1528 1.0931 0.1914 0.4708
