Car 0.0000 0 0.0000 -1.0000 -1.0000 -1.0000 -1.0000 1.9663 1.4330 4.4684 27.8102 0.9635 0.9239 3.1169 0.8303
Car 0.0000 0 0.0000 -1.0000 -1.0000 -1.0000 -1.0000 1.9917 1.4919 4.5409 9.8825 3.2641 0.7789 0.0179 0.7892
Car 0.0000 0 0.0000 -1.0000 -1.0000 -1.0000 -1.0000 2.0481 1.7101 4.7184 -18.4257 -0.6704 0.9091 -0.0142 0.7868
Car 0.0000 0 0.0000 -1.0000 -1.0000 -1.0000 -1.0000 2.0479 1.5558 4.5942 -35.4282 -11.0247 0.9012 -3.0968 0.7802
Car 0.0000 0 0.0000 -1.0000 -1.0000 -1.0000 -1.0000 1.9684 1.5172 4.5185 -12.1184 6.0755 0.7659 3.1173 0.7777
Car 0.0000 0 0.0000 -1.0000 -1.0000 -1.0000 -1.0000 2.3624 2.3208 5.2719 -17.7197 3.1114 1.2136 3.1229 0.7065
Car 0.0000 0 0.0000 -1.0000 -1.0000 -1.0000 -1.0000 1.9473 1.5682 4.4347 26.2441 6.8878 0.9455 -0.0195 0.7004
Car 0.0000 0 0.0000 -1.0000 -1.0000 -1.0000 -1.0000 1.8954 1.5314 4.4541 -29.1530 0.1345 0.8699 0.0113 0.6496
Car 0.0000 0 0.0000 -1.0000 -1.0000 -1.0000 -1.0000 1.9952 1.7086 4.5957 -3.5015 3.4486 0.8508 0.0069 0.6441
Car 0.0000 0 0.0000 -1.0000 -1.0000 -1.0000 -1.0000 1.9875 1.5249 4.6014 56.0755 7.2826 1.3663 0.0293 0.6401
Car 0.0000 0 0.0000 -1.0000 -1.0000 -1.0000 -1.0000 2.0308 1.5465 4.5776 36.1302 2.3777 1.1453 3.1242 0.6301
Car 0.0000 0 0.0000 -1.0000 -1.0000 -1.0000 -1.0000 1.9713 1.6182 4.5102 -34.1020 3.3018 0.9629 0.0024 0.6184
Car 0.0000 0 0.0000 -1.0000 -1.0000 -1.0000 -1.0000 2.0280 1.9755 4.6894 1.9962 6.9447 0.9907 3.1329 0.5268
Car 0.0000 0 0.0000 -1.0000 -1.0000 -1.0000 -1.0000 1.9580 1.4901 4.5287 42.2476 -0.2466 1.1491 -3.1229 0.4588
Car 0.0000 0 0.0000 -1.0000 -1.0000 -1.0000 -1.0000 2.0302 1.6493 4.6772 -51.4669 3.7033 1.0811 2.9931 0.4407
Car 0.0000 0 0.0000 -1.0000 -1.0000 -1.0000 -1.0000 1.9168 1.4896 4.4641 -28.3357 7.4873 0.8486 0.0310 0.4144
Car 0.0000 0 0.0000 -1.0000 -1.0000 -1.0000 -1.0000 1.9666 1.6598 4.7107 73.0712 7.1101 1.6037 -3.0915 0.3340
Car 0.0000 0 0.0000 -1.0000 -1.0000 -1.0000 -1.0000 1.9160 1.6010 4.5315 -45.2562 0.4006 1.0246 -0.0549 0.3126
Tricar 0.0000 0 0.0000 -1.0000 -1.0000 -1.0000 -1.0000 1.0102 1.4501 2.3598 -13.8824 -14.3476 0.6878 -3.1238 0.3126
Cyclist 0.0000 0 0.0000 -1.0000 -1.0000 -1.0000 -1.0000 0.8613 1.5209 1.9040 -13.7423 -14.3729 0.6995 -3.1223 0.6098
Cyclist 0.0000 0 0.0000 -1.0000 -1.0000 -1.0000 -1.0000 0.7636 1.4900 1.8074 6.2634 -15.4140 0.5829 -0.0417 0.6065
Cyclist 0.0000 0 0.0000 -1.0000 -1.0000 -1.0000 -1.0000 0.8286 1.5835 1.8093 -6.8060 -14.9979 0.7486 3.1048 0.6013
Cyclist 0.0000 0 0.0000 -1.0000 -1.0000 -1.0000 -1.0000 0.7641 1.5129 1.7343 -2.6707 -15.7804 0.6307 3.1256 0.5873
Cyclist 0.0000 0 0.0000 -1.0000 -1.0000 -1.0000 -1.0000 0.7387 1.4261 1.7566 2.3758 -14.8496 0.5212 -0.0587 0.4996
Cyclist 0.0000 0 0.0000 -1.0000 -1.0000 -1.0000 -1.0000 0.7521 1.5426 1.7241 49.0736 -14.9922 0.4011 3.1096 0.4924
Cyclist 0.0000 0 0.0000 -1.0000 -1.0000 -1.0000 -1.0000 0.7068 1.5242 1.6794 -26.1558 -15.7391 0.8524 -0.0115 0.4652
Cyclist 0.0000 0 0.0000 -1.0000 -1.0000 -1.0000 -1.0000 0.7474 1.5217 1.7142 -0.9844 -14.3388 0.6383 -3.1368 0.4260
Cyclist 0.0000 0 0.0000 -1.0000 -1.0000 -1.0000 -1.0000 0.7330 1.4762 1.7078 2.5258 -13.2458 0.5800 3.1147 0.4059
Cyclist 0.0000 0 0.0000 -1.0000 -1.0000 -1.0000 -1.0000 0.7398 1.5093 1.6971 -3.1417 -14.6005 0.6489 3.1053 0.3789
Cyclist 0.0000 0 0.0000 -1.0000 -1.0000 -1.0000 -1.0000 0.7301 1.4786 1.7129 -55.8881 -11.0369 1.0840 -0.3567 0.3459
Cyclist 0.0000 0 0.0000 -1.0000 -1.0000 -1.0000 -1.0000 0.6882 1.4653 1.6484 -17.2504 -14.0754 0.6787 0.0584 0.3070
Pedestrian 0.0000 0 0.0000 -1.0000 -1.0000 -1.0000 -1.0000 0.6932 1.6583 0.6252 -17.9899 -18.1447 0.8699 -3.0861 0.4332
