Car 0.0000 0 0.0000 -1.0000 -1.0000 -1.0000 -1.0000 2.0580 1.5758 4.7353 14.1515 8.7733 0.7035 3.1188 0.8182
Car 0.0000 0 0.0000 -1.0000 -1.0000 -1.0000 -1.0000 1.9784 1.4550 4.5748 -27.7929 6.1215 0.5260 -0.0058 0.7887
Car 0.0000 0 0.0000 -1.0000 -1.0000 -1.0000 -1.0000 2.0108 1.6719 4.6494 -10.5831 6.2252 0.7186 3.1329 0.7790
Car 0.0000 0 0.0000 -1.0000 -1.0000 -1.0000 -1.0000 1.9524 1.4452 4.5628 2.6733 5.9513 0.6420 -3.1292 0.7269
Car 0.0000 0 0.0000 -1.0000 -1.0000 -1.0000 -1.0000 1.9053 1.4527 4.4703 25.7984 7.2446 0.6946 3.1032 0.7253
Car 0.0000 0 0.0000 -1.0000 -1.0000 -1.0000 -1.0000 1.9060 1.4279 4.4243 8.2329 -0.4673 0.7575 0.0147 0.6839
Car 0.0000 0 0.0000 -1.0000 -1.0000 -1.0000 -1.0000 1.9329 1.5618 4.5151 64.0565 -4.5468 1.1449 -0.0159 0.6739
Car 0.0000 0 0.0000 -1.0000 -1.0000 -1.0000 -1.0000 1.9409 1.6815 4.5357 -35.8886 6.2729 0.6151 -0.0049 0.6617
Car 0.0000 0 0.0000 -1.0000 -1.0000 -1.0000 -1.0000 1.9660 1.8623 4.5826 -5.5338 8.8914 0.7654 -0.0008 0.6328
Car 0.0000 0 0.0000 -1.0000 -1.0000 -1.0000 -1.0000 1.9750 1.6328 4.6158 13.8511 5.4275 0.8094 3.1276 0.6319
Car 0.0000 0 0.0000 -1.0000 -1.0000 -1.0000 -1.0000 1.9094 1.7229 4.4116 63.3966 6.4587 1.0366 3.0859 0.5862
Car 0.0000 0 0.0000 -1.0000 -1.0000 -1.0000 -1.0000 1.9631 1.4638 4.5079 34.7027 5.6604 0.7702 3.1058 0.5787
Car 0.0000 0 0.0000 -1.0000 -1.0000 -1.0000 -1.0000 1.9974 1.9047 4.5652 5.2850 9.2498 0.8674 -0.0041 0.5659
Car 0.0000 0 0.0000 -1.0000 -1.0000 -1.0000 -1.0000 1.9298 1.4884 4.5633 -21.2988 8.8162 0.5336 3.1147 0.5554
Car 0.0000 0 0.0000 -1.0000 -1.0000 -1.0000 -1.0000 2.0693 1.5135 4.7158 -10.9855 0.0722 0.7241 -3.1408 0.4540
Car 0.0000 0 0.0000 -1.0000 -1.0000 -1.0000 -1.0000 1.9737 1.7083 4.6384 -18.9469 5.8596 0.6956 -0.0009 0.4480
Car 0.0000 0 0.0000 -1.0000 -1.0000 -1.0000 -1.0000 1.9590 1.8591 4.6209 -35.1514 9.0995 0.7502 -0.0362 0.4302
Car 0.0000 0 0.0000 -1.0000 -1.0000 -1.0000 -1.0000 1.8765 1.4803 4.5250 -25.5360 12.0304 0.4567 -0.0811 0.4064
Car 0.0000 0 0.0000 -1.0000 -1.0000 -1.0000 -1.0000 2.0056 1.5369 4.7037 -82.6861 0.2894 0.3162 -3.1157 0.3857
Car 0.0000 0 0.0000 -1.0000 -1.0000 -1.0000 -1.0000 2.0494 1.7392 4.6886 14.9871 -0.1117 0.9798 0.0064 0.3545
Car 0.0000 0 0.0000 -1.0000 -1.0000 -1.0000 -1.0000 1.9058 1.7589 4.6178 62.5374 -20.3593 1.5768 1.6692 0.3256
Truck 0.0000 0 0.0000 -1.0000 -1.0000 -1.0000 -1.0000 2.9759 3.1880 11.3043 -16.4417 12.0977 1.3996 3.1111 0.7286
Truck 0.0000 0 0.0000 -1.0000 -1.0000 -1.0000 -1.0000 2.9469 3.1487 11.2743 -36.0164 12.3899 1.3198 -0.0083 0.6877
Cyclist 0.0000 0 0.0000 -1.0000 -1.0000 -1.0000 -1.0000 0.7492 1.5352 1.7007 50.6898 19.2871 0.4723 0.0346 0.5277
Cyclist 0.0000 0 0.0000 -1.0000 -1.0000 -1.0000 -1.0000 0.7619 1.4970 1.7671 21.8847 16.0564 0.4274 3.0821 0.4406
Cyclist 0.0000 0 0.0000 -1.0000 -1.0000 -1.0000 -1.0000 0.7712 1.5154 1.7733 0.7192 16.4704 0.3542 -0.0190 0.4217
Cyclist 0.0000 0 0.0000 -1.0000 -1.0000 -1.0000 -1.0000 0.7689 1.5727 1.7462 40.2961 17.5220 0.4540 -3.0842 0.4008
Cyclist 0.0000 0 0.0000 -1.0000 -1.0000 -1.0000 -1.0000 0.7400 1.5767 1.6933 46.4863 20.7774 0.5253 -3.0553 0.3382
Cyclist 0.0000 0 0.0000 -1.0000 -1.0000 -1.0000 -1.0000 0.6618 1.1563 1.6914 -23.1573 -13.7145 0.7432 1.5456 0.3292
Cyclist 0.0000 0 0.0000 -1.0000 -1.0000 -1.0000 -1.0000 0.7057 1.1977 1.7565 -26.0255 -13.9026 0.7650 -1.6569 0.3205
Cyclist 0.0000 0 0.0000 -1.0000 -1.0000 -1.0000 -1.0000 0.6333 1.0651 1.6754 -12.0051 -14.0036 0.8957 1.4380 0.3165
Cyclist 0.0000 0 0.0000 -1.0000 -1.0000 -1.0000 -1.0000 0.7131 1.2578 1.7829 -8.2709 -13.6683 0.9685 1.4617 0.3131
Cyclist 0.0000 0 0.0000 -1.0000 -1.0000 -1.0000 -1.0000 0.6803 1.3643 1.6638 -51.0152 -11.6201 0.5792 -0.0704 0.3046
Pedestrian 0.0000 0 0.0000 -1.0000 -1.0000 -1.0000 -1.0000 0.6849 1.6771 0.6049 -43.0292 1.1069 0.5736 0.0352 0.5321
Pedestrian 0.0000 0 0.0000 -1.0000 -1.0000 -1.0000 -1.0000 0.7008 1.6850 0.6221 8.5760 20.3807 0.5773 -0.0019 0.4561
Pedestrian 0.0000 0 0.0000 -1.0000 -1.0000 -1.0000 -1.0000 0.7151 1.6232 0.6805 -29.9980 -16.7177 0.9408 3.0186 0.4458
Pedestrian 0.0000 0 0.0000 -1.0000 -1.0000 -1.0000 -1.0000 0.6869 1.6594 0.6181 29.2445 21.6459 0.5771 -3.0627 0.4334
Pedestrian 0.0000 0 0.0000 -1.0000 -1.0000 -1.0000 -1.0000 0.6666 1.6544 0.5934 23.5459 23.6945 0.6431 0.0512 0.4296
Pedestrian 0.0000 0 0.0000 -1.0000 -1.0000 -1.0000 -1.0000 0.6826 1.6343 0.6076 6.5690 22.0032 0.5161 -3.1287 0.4258
Pedestrian 0.0000 0 0.0000 -1.0000 -1.0000 -1.0000 -1.0000 0.6943 1.5844 0.6836 0.4776 -6.6404 0.8019 -3.0933 0.3966
Pedestrian 0.0000 0 0.0000 -1.0000 -1.0000 -1.0000 -1.0000 0.7012 1.6953 0.6437 8.5800 -16.5829 1.3227 3.0797 0.3886
Pedestrian 0.0000 0 0.0000 -1.0000 -1.0000 -1.0000 -1.0000 0.6588 1.6452 0.5608 27.3451 19.9120 0.5579 -3.0658 0.3877
Pedestrian 0.0000 0 0.0000 -1.0000 -1.0000 -1.0000 -1.0000 0.6849 1.6933 0.6037 28.1998 23.4920 0.6933 -3.0651 0.3782
