Car 0.0000 0 0.0000 -1.0000 -1.0000 -1.0000 -1.0000 1.9855 1.5208 4.5200 21.3680 3.1414 0.6338 -0.1051 0.7878
Car 0.0000 0 0.0000 -1.0000 -1.0000 -1.0000 -1.0000 2.0809 1.7719 4.7656 -21.9437 2.2838 0.9231 3.1325 0.7766
Car 0.0000 0 0.0000 -1.0000 -1.0000 -1.0000 -1.0000 1.9877 1.5921 4.6120 25.5059 11.8120 0.4281 3.1238 0.7422
Car 0.0000 0 0.0000 -1.0000 -1.0000 -1.0000 -1.0000 1.9619 1.5369 4.4537 -18.4206 13.5938 0.6653 -0.0039 0.7215
Car 0.0000 0 0.0000 -1.0000 -1.0000 -1.0000 -1.0000 1.8920 1.6365 4.4904 31.3378 20.4169 0.2012 3.1191 0.7090
Car 0.0000 0 0.0000 -1.0000 -1.0000 -1.0000 -1.0000 2.0658 1.6389 4.7007 -9.4219 4.4763 0.8530 -3.1253 0.6543
Car 0.0000 0 0.0000 -1.0000 -1.0000 -1.0000 -1.0000 1.9759 1.5728 4.5519 7.4945 2.7613 0.7866 3.1201 0.6407
Car 0.0000 0 0.0000 -1.0000 -1.0000 -1.0000 -1.0000 1.9867 1.5754 4.5971 77.5577 5.3318 0.0707 3.1011 0.6401
Car 0.0000 0 0.0000 -1.0000 -1.0000 -1.0000 -1.0000 1.9932 1.8010 4.5787 -23.5240 5.5175 0.9464 3.1126 0.6304
Car 0.0000 0 0.0000 -1.0000 -1.0000 -1.0000 -1.0000 1.9005 1.4985 4.4856 -45.1047 3.4161 0.8877 -0.1309 0.6210
Car 0.0000 0 0.0000 -1.0000 -1.0000 -1.0000 -1.0000 1.9039 1.5093 4.5407 35.3245 8.4100 0.4559 3.1209 0.5411
Car 0.0000 0 0.0000 -1.0000 -1.0000 -1.0000 -1.0000 1.9556 1.4668 4.5494 34.5068 0.9251 0.6189 3.0710 0.4974
Car 0.0000 0 0.0000 -1.0000 -1.0000 -1.0000 -1.0000 1.9311 1.4782 4.5533 -51.2220 23.3338 0.3717 -3.1339 0.4967
Car 0.0000 0 0.0000 -1.0000 -1.0000 -1.0000 -1.0000 1.9318 1.5164 4.6387 37.2464 20.1884 0.0780 3.0900 0.4848
Car 0.0000 0 0.0000 -1.0000 -1.0000 -1.0000 -1.0000 1.8619 1.5281 4.4460 -20.8375 22.2868 0.2699 -0.0528 0.4795
Car 0.0000 0 0.0000 -1.0000 -1.0000 -1.0000 -1.0000 1.9286 1.5109 4.6186 -63.2820 23.6551 0.4348 -0.0711 0.4599
Car 0.0000 0 0.0000 -1.0000 -1.0000 -1.0000 -1.0000 1.8706 1.5327 4.4728 33.9168 17.7025 0.1751 3.1390 0.4536
Car 0.0000 0 0.0000 -1.0000 -1.0000 -1.0000 -1.0000 1.8562 1.7323 4.3208 -18.5444 10.4031 0.8464 0.0238 0.3675
Car 0.0000 0 0.0000 -1.0000 -1.0000 -1.0000 -1.0000 1.9878 1.7324 4.6987 -63.3115 3.6935 0.9738 -0.1719 0.3664
Car 0.0000 0 0.0000 -1.0000 -1.0000 -1.0000 -1.0000 1.9111 1.5471 4.5182 -26.3490 22.4229 0.3167 -0.0115 0.3653
Car 0.0000 0 0.0000 -1.0000 -1.0000 -1.0000 -1.0000 2.2260 2.4086 5.2218 60.0626 7.1551 0.8084 3.1096 0.3547
Car 0.0000 0 0.0000 -1.0000 -1.0000 -1.0000 -1.0000 1.8863 1.5452 4.5445 -32.1885 22.6667 0.3398 3.0239 0.3496
Car 0.0000 0 0.0000 -1.0000 -1.0000 -1.0000 -1.0000 1.8979 1.5382 4.5524 -56.3817 23.5857 0.3717 -0.0642 0.3206
Car 0.0000 0 0.0000 -1.0000 -1.0000 -1.0000 -1.0000 1.9504 1.5524 4.7266 71.8740 19.3130 0.0485 0.0566 0.3083
Car 0.0000 0 0.0000 -1.0000 -1.0000 -1.0000 -1.0000 1.8761 1.6402 4.6271 66.9394 19.6237 0.0899 0.0045 0.3042
Car 0.0000 0 0.0000 -1.0000 -1.0000 -1.0000 -1.0000 1.9042 1.5157 4.5711 -68.9395 23.5602 0.4772 -3.1195 0.3016
Truck 0.0000 0 0.0000 -1.0000 -1.0000 -1.0000 -1.0000 2.8637 3.1161 10.7266 19.8092 -1.2289 1.5326 3.1364 0.7064
Truck 0.0000 0 0.0000 -1.0000 -1.0000 -1.0000 -1.0000 3.0674 4.0553 11.8188 -3.1626 9.3939 1.9878 3.1041 0.4727
Truck 0.0000 0 0.0000 -1.0000 -1.0000 -1.0000 -1.0000 2.5696 3.0875 6.3894 10.1779 -6.2417 1.6449 1.5386 0.4704
Truck 0.0000 0 0.0000 -1.0000 -1.0000 -1.0000 -1.0000 2.6079 2.7198 7.5409 -83.6373 8.3868 1.5161 -0.1050 0.4171
Cyclist 0.0000 0 0.0000 -1.0000 -1.0000 -1.0000 -1.0000 0.7627 1.4805 1.7672 31.7712 -6.8441 0.6693 -0.0509 0.5841
Cyclist 0.0000 0 0.0000 -1.0000 -1.0000 -1.0000 -1.0000 0.7334 1.5632 1.6860 25.8002 -7.3947 0.6825 3.1154 0.4841
Cyclist 0.0000 0 0.0000 -1.0000 -1.0000 -1.0000 -1.0000 0.7326 1.4906 1.7051 -46.2065 -7.5436 0.8524 -0.0231 0.4840
Cyclist 0.0000 0 0.0000 -1.0000 -1.0000 -1.0000 -1.0000 0.7341 1.5693 1.6658 -51.4817 -4.6814 0.9484 3.1055 0.3244
Pedestrian 0.0000 0 0.0000 -1.0000 -1.0000 -1.0000 -1.0000 0.6741 1.6491 0.5891 -28.2004 27.7612 0.4728 3.0569 0.4107
Pedestrian 0.0000 0 0.0000 -1.0000 -1.0000 -1.0000 -1.0000 0.6873 1.7074 0.6005 -4.3378 -21.9899 1.2357 1.1461 0.3061
