Car 0.0000 0 0.0000 -1.0000 -1.0000 -1.0000 -1.0000 1.9835 1.5238 4.5704 -22.3309 0.9035 0.8438 3.0946 0.7507
Car 0.0000 0 0.0000 -1.0000 -1.0000 -1.0000 -1.0000 1.9870 1.7960 4.5337 -25.2949 6.1484 0.9626 3.0686 0.7352
Car 0.0000 0 0.0000 -1.0000 -1.0000 -1.0000 -1.0000 2.0363 1.4410 4.6174 24.4121 0.5100 0.6961 0.0563 0.7344
Car 0.0000 0 0.0000 -1.0000 -1.0000 -1.0000 -1.0000 2.0159 1.4744 4.6511 -0.3443 8.4757 0.7202 -0.0101 0.6882
Car 0.0000 0 0.0000 -1.0000 -1.0000 -1.0000 -1.0000 1.9875 1.6987 4.6073 -38.5571 -0.5669 0.8474 2.9525 0.6863
Car 0.0000 0 0.0000 -1.0000 -1.0000 -1.0000 -1.0000 1.9609 1.7045 4.6074 -20.0069 9.2296 0.8498 3.0749 0.6700
Car 0.0000 0 0.0000 -1.0000 -1.0000 -1.0000 -1.0000 1.9529 1.5192 4.5153 21.2212 8.8601 0.6191 3.1406 0.6358
Car 0.0000 0 0.0000 -1.0000 -1.0000 -1.0000 -1.0000 1.9767 1.6571 4.5480 15.8595 -3.7711 0.8116 0.0512 0.6300
Car 0.0000 0 0.0000 -1.0000 -1.0000 -1.0000 -1.0000 2.0577 2.0200 4.7285 16.3131 5.5829 0.9773 3.1406 0.5586
Car 0.0000 0 0.0000 -1.0000 -1.0000 -1.0000 -1.0000 1.9262 1.5175 4.5216 -44.6613 2.5837 0.7739 -0.0753 0.4420
Truck 0.0000 0 0.0000 -1.0000 -1.0000 -1.0000 -1.0000 3.0238 3.8546 16.3923 37.6022 -2.9954 1.8865 0.0920 0.6505
Truck 0.0000 0 0.0000 -1.0000 -1.0000 -1.0000 -1.0000 2.9102 3.1952 9.1600 -56.4062 0.5130 1.5700 -0.0934 0.5720
Truck 0.0000 0 0.0000 -1.0000 -1.0000 -1.0000 -1.0000 2.3307 2.2000 6.2190 3.4272 -3.2414 1.0642 0.0128 0.5379
Truck 0.0000 0 0.0000 -1.0000 -1.0000 -1.0000 -1.0000 2.5712 2.7689 7.1451 73.0895 2.7191 1.0675 -0.0121 0.4243
Tricar 0.0000 0 0.0000 -1.0000 -1.0000 -1.0000 -1.0000 1.2512 1.6476 3.0458 -38.4595 -3.8322 0.7360 -0.1494 0.4654
