Car 0.0000 0 0.0000 -1.0000 -1.0000 -1.0000 -1.0000 1.9587 1.4978 4.4974 -20.3334 -2.9739 0.7899 -3.1412 0.8299
Car 0.0000 0 0.0000 -1.0000 -1.0000 -1.0000 -1.0000 2.0510 1.5994 4.6804 23.4838 -0.5923 0.5874 -0.0089 0.7861
Car 0.0000 0 0.0000 -1.0000 -1.0000 -1.0000 -1.0000 1.9868 1.6551 4.5914 -2.3875 -2.9698 0.8992 -3.0960 0.7030
Car 0.0000 0 0.0000 -1.0000 -1.0000 -1.0000 -1.0000 1.9310 1.5937 4.4778 32.8140 -3.3720 0.3893 0.0256 0.6921
Car 0.0000 0 0.0000 -1.0000 -1.0000 -1.0000 -1.0000 2.0221 1.4416 4.6363 32.0272 3.1503 0.3610 -3.0944 0.6673
Car 0.0000 0 0.0000 -1.0000 -1.0000 -1.0000 -1.0000 2.0659 1.5241 4.8133 -32.7460 4.2021 0.7125 0.0295 0.6098
Car 0.0000 0 0.0000 -1.0000 -1.0000 -1.0000 -1.0000 1.9675 1.5877 4.6388 50.3766 3.3281 -0.0537 -3.0260 0.5494
Car 0.0000 0 0.0000 -1.0000 -1.0000 -1.0000 -1.0000 1.8713 1.5645 4.4337 49.1088 -3.1491 0.0041 3.0851 0.5391
Car 0.0000 0 0.0000 -1.0000 -1.0000 -1.0000 -1.0000 1.9929 1.5877 4.7186 49.2096 6.3320 -0.1394 0.1193 0.5315
Car 0.0000 0 0.0000 -1.0000 -1.0000 -1.0000 -1.0000 1.9675 1.6341 4.5851 -2.9987 5.7633 0.7991 3.1246 0.5083
Car 0.0000 0 0.0000 -1.0000 -1.0000 -1.0000 -1.0000 1.9778 1.6913 4.5825 -43.1493 9.4016 0.7782 -0.0139 0.4862
Car 0.0000 0 0.0000 -1.0000 -1.0000 -1.0000 -1.0000 1.9265 1.5076 4.5690 -52.9645 14.3103 0.6846 -0.2936 0.4291
Car 0.0000 0 0.0000 -1.0000 -1.0000 -1.0000 -1.0000 1.8841 1.5802 4.4951 -35.7249 0.3690 0.7103 -3.1048 0.3941
Car 0.0000 0 0.0000 -1.0000 -1.0000 -1.0000 -1.0000 2.0411 1.4565 4.6008 -17.0200 0.0275 0.7700 -0.0632 0.3519
Car 0.0000 0 0.0000 -1.0000 -1.0000 -1.0000 -1.0000 1.9208 1.5610 4.5777 -63.6194 -3.0604 0.4801 -0.0063 0.3424
Car 0.0000 0 0.0000 -1.0000 -1.0000 -1.0000 -1.0000 1.8015 1.5268 4.3573 25.7073 13.5433 0.6545 3.1327 0.3218
Truck 0.0000 0 0.0000 -1.0000 -1.0000 -1.0000 -1.0000 2.8794 2.9937 8.9985 -29.8604 -3.2408 1.5337 0.0270 0.6438
Truck 0.0000 0 0.0000 -1.0000 -1.0000 -1.0000 -1.0000 2.8395 3.2079 8.8840 20.2928 5.5377 1.5137 -0.0338 0.4232
Cyclist 0.0000 0 0.0000 -1.0000 -1.0000 -1.0000 -1.0000 0.7867 1.5523 1.7833 -24.6141 -9.3450 0.8114 3.0962 0.6142
Cyclist 0.0000 0 0.0000 -1.0000 -1.0000 -1.0000 -1.0000 0.7446 1.5570 1.7062 39.2369 -9.7127 0.3521 3.1412 0.5073
Cyclist 0.0000 0 0.0000 -1.0000 -1.0000 -1.0000 -1.0000 0.8810 1.6076 1.8570 -37.8831 14.1154 0.6811 3.1115 0.4907
Cyclist 0.0000 0 0.0000 -1.0000 -1.0000 -1.0000 -1.0000 0.7354 1.5654 1.6901 11.2095 -9.3693 0.6632 3.1294 0.4295
Cyclist 0.0000 0 0.0000 -1.0000 -1.0000 -1.0000 -1.0000 0.7308 1.4925 1.7265 -60.6777 -17.4644 0.3140 0.2963 0.4063
Pedestrian 0.0000 0 0.0000 -1.0000 -1.0000 -1.0000 -1.0000 0.7502 1.7780 0.7890 -19.5907 -12.3478 1.2452 3.1344 0.4795
