Car 0.0000 0 0.0000 -1.0000 -1.0000 -1.0000 -1.0000 2.0208 1.4628 4.5751 39.7239 -3.1672 1.0306 -3.0989 0.7616
Car 0.0000 0 0.0000 -1.0000 -1.0000 -1.0000 -1.0000 2.0391 1.6804 4.6073 15.0427 -3.0684 0.9800 -3.1165 0.7574
Car 0.0000 0 0.0000 -1.0000 -1.0000 -1.0000 -1.0000 2.1409 1.6381 4.8104 -23.0764 -6.5476 0.8076 -3.1341 0.6637
Car 0.0000 0 0.0000 -1.0000 -1.0000 -1.0000 -1.0000 1.9149 1.4800 4.5507 -17.9314 -31.9801 0.8338 1.5819 0.6386
Car 0.0000 0 0.0000 -1.0000 -1.0000 -1.0000 -1.0000 1.9597 1.5124 4.6000 61.9423 -2.2849 1.1789 0.0260 0.6133
Car 0.0000 0 0.0000 -1.0000 -1.0000 -1.0000 -1.0000 1.9721 1.6423 4.6540 -14.6811 -32.1904 0.9716 1.5979 0.5317
Car 0.0000 0 0.0000 -1.0000 -1.0000 -1.0000 -1.0000 1.9864 1.4271 4.5448 -51.3751 -0.5347 0.5293 0.0102 0.5291
Car 0.0000 0 0.0000 -1.0000 -1.0000 -1.0000 -1.0000 1.8867 1.8649 4.4803 4.8664 -31.8926 1.1812 1.5767 0.4637
Car 0.0000 0 0.0000 -1.0000 -1.0000 -1.0000 -1.0000 1.9507 1.5845 4.6253 -11.0834 -31.9563 0.9346 -1.4509 0.4515
Car 0.0000 0 0.0000 -1.0000 -1.0000 -1.0000 -1.0000 1.9601 1.5511 4.7045 22.1740 -31.7318 1.0960 -1.4376 0.4267
Car 0.0000 0 0.0000 -1.0000 -1.0000 -1.0000 -1.0000 1.8778 1.4683 4.5573 18.5130 -31.6769 1.0547 1.6566 0.3881
Car 0.0000 0 0.0000 -1.0000 -1.0000 -1.0000 -1.0000 1.9126 1.5085 4.6828 10.3158 -32.6025 1.1165 1.5795 0.3788
Car 0.0000 0 0.0000 -1.0000 -1.0000 -1.0000 -1.0000 2.1202 1.9996 4.9639 78.5255 -0.2097 1.4398 0.0791 0.3748
Car 0.0000 0 0.0000 -1.0000 -1.0000 -1.0000 -1.0000 1.8834 1.4733 4.6029 15.9902 -31.7014 1.0754 1.6654 0.3632
Car 0.0000 0 0.0000 -1.0000 -1.0000 -1.0000 -1.0000 1.9127 1.5256 4.6042 -37.4041 -33.0073 0.7868 1.4159 0.3580
Car 0.0000 0 0.0000 -1.0000 -1.0000 -1.0000 -1.0000 1.8747 1.5086 4.5088 -29.3970 -32.1234 0.7699 1.4978 0.3444
Car 0.0000 0 0.0000 -1.0000 -1.0000 -1.0000 -1.0000 1.8849 1.5773 4.5314 -31.8150 -31.9472 0.8182 1.5423 0.3181
Car 0.0000 0 0.0000 -1.0000 -1.0000 -1.0000 -1.0000 1.8915 1.7345 4.6082 -69.7675 -33.9463 0.8570 1.6347 0.3075
Truck 0.0000 0 0.0000 -1.0000 -1.0000 -1.0000 -1.0000 3.0479 3.8332 12.3259 18.3471 10.1603 1.8842 0.0530 0.7633
Truck 0.0000 0 0.0000 -1.0000 -1.0000 -1.0000 -1.0000 2.8678 3.0517 9.0367 12.3170 -32.1703 1.9270 1.6361 0.3730
