Car 0.0000 0 0.0000 -1.0000 -1.0000 -1.0000 -1.0000 2.0090 1.5624 4.5956 16.0548 -0.3535 0.8071 0.0048 0.6327
Car 0.0000 0 0.0000 -1.0000 -1.0000 -1.0000 -1.0000 2.0103 1.5063 4.6395 -19.4995 0.0369 0.8071 3.1325 0.6026
Car 0.0000 0 0.0000 -1.0000 -1.0000 -1.0000 -1.0000 2.0302 1.4473 4.5750 8.8850 0.2141 0.7631 -0.0198 0.5946
Car 0.0000 0 0.0000 -1.0000 -1.0000 -1.0000 -1.0000 1.9747 1.4898 4.5513 25.2589 3.2940 0.8814 3.1396 0.5855
Car 0.0000 0 0.0000 -1.0000 -1.0000 -1.0000 -1.0000 1.9853 1.4867 4.6219 20.7914 -3.4445 0.8184 0.0027 0.5428
Car 0.0000 0 0.0000 -1.0000 -1.0000 -1.0000 -1.0000 1.9363 1.7623 4.5391 60.4469 22.2767 0.9675 2.0473 0.5333
Car 0.0000 0 0.0000 -1.0000 -1.0000 -1.0000 -1.0000 1.9931 1.7267 4.7179 -24.9977 -18.3048 0.9666 -1.4496 0.4659
Car 0.0000 0 0.0000 -1.0000 -1.0000 -1.0000 -1.0000 1.9273 1.6444 4.6708 -27.4394 -27.4217 1.1051 -1.4680 0.3371
Car 0.0000 0 0.0000 -1.0000 -1.0000 -1.0000 -1.0000 1.9290 1.8568 4.4731 25.3584 0.7280 1.0679 3.1208 0.3299
Truck 0.0000 0 0.0000 -1.0000 -1.0000 -1.0000 -1.0000 3.0711 3.9001 9.4066 69.5731 3.5640 2.2392 2.7383 0.4497
Truck 0.0000 0 0.0000 -1.0000 -1.0000 -1.0000 -1.0000 2.0346 2.0910 5.3494 11.3782 -3.6302 1.1239 -0.0107 0.4390
Cyclist 0.0000 0 0.0000 -1.0000 -1.0000 -1.0000 -1.0000 0.7088 1.5211 1.6598 16.1229 -9.9142 0.7633 -3.1146 0.6063
Pedestrian 0.0000 0 0.0000 -1.0000 -1.0000 -1.0000 -1.0000 0.6807 1.6737 0.6278 -33.6922 -6.4984 1.0267 0.0283 0.4345
