Car 0.0000 0 0.0000 -1.0000 -1.0000 -1.0000 -1.0000 2.0521 1.5675 4.6617 -10.3519 -0.4109 0.8491 -3.1360 0.7901
Car 0.0000 0 0.0000 -1.0000 -1.0000 -1.0000 -1.0000 2.0317 1.6432 4.5558 -4.1363 -3.2310 0.8422 -3.1295 0.7432
Car 0.0000 0 0.0000 -1.0000 -1.0000 -1.0000 -1.0000 1.9100 1.4605 4.4595 3.0426 -3.1748 0.7379 0.0147 0.7383
Car 0.0000 0 0.0000 -1.0000 -1.0000 -1.0000 -1.0000 1.9880 1.5337 4.5757 7.8261 -0.1790 0.6756 -0.0085 0.5844
Car 0.0000 0 0.0000 -1.0000 -1.0000 -1.0000 -1.0000 1.9137 1.5655 4.5862 10.5595 -16.3321 0.8370 -1.6759 0.5204
Car 0.0000 0 0.0000 -1.0000 -1.0000 -1.0000 -1.0000 1.9079 1.5525 4.5574 5.1955 -20.1476 0.9872 1.4479 0.5177
Car 0.0000 0 0.0000 -1.0000 -1.0000 -1.0000 -1.0000 1.9516 1.4849 4.5564 19.3788 -0.1385 0.5620 3.1139 0.4509
Car 0.0000 0 0.0000 -1.0000 -1.0000 -1.0000 -1.0000 1.9232 1.5049 4.6023 0.7958 -15.8166 0.8574 -1.4513 0.4151
Car 0.0000 0 0.0000 -1.0000 -1.0000 -1.0000 -1.0000 1.8880 1.5035 4.5227 6.4358 -15.0177 0.7223 -1.5822 0.3124
Car 0.0000 0 0.0000 -1.0000 -1.0000 -1.0000 -1.0000 1.8908 1.6855 4.5734 -44.9292 6.5597 1.4627 1.8988 0.3103
Car 0.0000 0 0.0000 -1.0000 -1.0000 -1.0000 -1.0000 1.9703 1.5161 4.6684 2.9012 -14.9059 0.7735 -1.5438 0.3049
Truck 0.0000 0 0.0000 -1.0000 -1.0000 -1.0000 -1.0000 2.2735 2.1438 5.9673 12.2216 -3.8292 0.9505 0.0053 0.5121
Truck 0.0000 0 0.0000 -1.0000 -1.0000 -1.0000 -1.0000 2.5516 3.0278 6.3525 -18.8230 -3.2258 1.7025 -0.0330 0.4889
