Car 0.0000 0 0.0000 -1.0000 -1.0000 -1.0000 -1.0000 1.9171 1.4321 4.4742 -20.5676 6.9189 0.7129 -3.1262 0.7525
Car 0.0000 0 0.0000 -1.0000 -1.0000 -1.0000 -1.0000 1.9618 1.4881 4.5737 -42.9844 3.1867 0.9562 -3.1183 0.6934
Car 0.0000 0 0.0000 -1.0000 -1.0000 -1.0000 -1.0000 1.8579 1.5415 4.3668 23.3769 2.1544 0.4665 3.1330 0.6076
Car 0.0000 0 0.0000 -1.0000 -1.0000 -1.0000 -1.0000 1.9194 1.5289 4.5368 50.1670 -0.4449 0.2908 3.1351 0.6063
Car 0.0000 0 0.0000 -1.0000 -1.0000 -1.0000 -1.0000 1.8724 1.4879 4.4446 33.2810 2.3363 0.2757 3.1415 0.6018
Car 0.0000 0 0.0000 -1.0000 -1.0000 -1.0000 -1.0000 2.0077 1.7354 4.6481 15.7542 29.2598 0.2495 -3.0828 0.5776
Car 0.0000 0 0.0000 -1.0000 -1.0000 -1.0000 -1.0000 1.8772 1.4572 4.4238 -28.5190 7.0341 0.7528 -3.1014 0.5686
Car 0.0000 0 0.0000 -1.0000 -1.0000 -1.0000 -1.0000 1.9032 1.4876 4.5210 30.2791 5.5258 0.3061 0.0325 0.5548
Car 0.0000 0 0.0000 -1.0000 -1.0000 -1.0000 -1.0000 1.8719 1.5955 4.3634 -34.1445 7.1524 0.8525 -3.1049 0.5516
Car 0.0000 0 0.0000 -1.0000 -1.0000 -1.0000 -1.0000 1.8429 1.5630 4.4537 -46.7491 6.7545 0.9771 -3.0891 0.5506
Car 0.0000 0 0.0000 -1.0000 -1.0000 -1.0000 -1.0000 2.0442 1.8972 4.7275 15.7832 21.9214 0.4666 -0.0007 0.5378
Car 0.0000 0 0.0000 -1.0000 -1.0000 -1.0000 -1.0000 1.9698 1.7389 4.7105 0.2753 22.6405 0.4754 -1.8946 0.4932
Car 0.0000 0 0.0000 -1.0000 -1.0000 -1.0000 -1.0000 1.9691 1.5477 4.7006 41.5464 6.0193 0.3133 0.0216 0.4911
Car 0.0000 0 0.0000 -1.0000 -1.0000 -1.0000 -1.0000 1.8740 1.4809 4.4642 -40.2076 7.1050 0.9042 -3.0996 0.4568
Car 0.0000 0 0.0000 -1.0000 -1.0000 -1.0000 -1.0000 1.8988 1.7693 4.4524 19.3492 11.0633 0.5628 1.3444 0.4344
Car 0.0000 0 0.0000 -1.0000 -1.0000 -1.0000 -1.0000 1.9516 1.5278 4.6510 33.1834 10.1526 0.3545 -1.4607 0.4111
Car 0.0000 0 0.0000 -1.0000 -1.0000 -1.0000 -1.0000 1.8990 1.6760 4.5183 22.6405 10.4741 0.5439 1.4832 0.4080
Car 0.0000 0 0.0000 -1.0000 -1.0000 -1.0000 -1.0000 2.0551 1.8436 4.7860 16.6958 15.5036 0.5044 -0.3059 0.3808
Car 0.0000 0 0.0000 -1.0000 -1.0000 -1.0000 -1.0000 1.8967 1.4871 4.5545 27.3487 10.3291 0.3813 -1.4331 0.3676
Car 0.0000 0 0.0000 -1.0000 -1.0000 -1.0000 -1.0000 1.9365 1.5813 4.5718 15.6934 19.7172 0.3451 -3.0790 0.3608
Car 0.0000 0 0.0000 -1.0000 -1.0000 -1.0000 -1.0000 1.8541 1.5359 4.4480 -4.7592 21.9227 0.4765 -1.7061 0.3557
Car 0.0000 0 0.0000 -1.0000 -1.0000 -1.0000 -1.0000 1.9436 1.7305 4.5713 16.6263 40.9588 0.1047 -2.6773 0.3387
Car 0.0000 0 0.0000 -1.0000 -1.0000 -1.0000 -1.0000 1.8864 1.4958 4.4906 49.2568 -3.9987 0.2581 -0.1210 0.3374
Car 0.0000 0 0.0000 -1.0000 -1.0000 -1.0000 -1.0000 1.8769 1.6619 4.4649 -0.1209 29.6395 0.3327 -0.9744 0.3122
Car 0.0000 0 0.0000 -1.0000 -1.0000 -1.0000 -1.0000 1.9382 1.5128 4.5683 -6.4060 38.6481 0.2185 -0.5625 0.3112
Truck 0.0000 0 0.0000 -1.0000 -1.0000 -1.0000 -1.0000 2.5053 2.3490 6.6139 -22.8943 -0.2383 1.3379 -0.0171 0.4169
Truck 0.0000 0 0.0000 -1.0000 -1.0000 -1.0000 -1.0000 2.5177 2.7054 6.6692 43.6931 11.2194 1.0339 -0.0176 0.3318
Truck 0.0000 0 0.0000 -1.0000 -1.0000 -1.0000 -1.0000 1.9790 1.9580 5.0227 -14.7198 -0.1810 1.0994 0.0161 0.3272
Cyclist 0.0000 0 0.0000 -1.0000 -1.0000 -1.0000 -1.0000 0.7760 1.5057 1.8045 5.0545 -2.1304 0.6766 -0.1800 0.6370
Cyclist 0.0000 0 0.0000 -1.0000 -1.0000 -1.0000 -1.0000 0.8187 1.5443 1.8139 -11.4241 -2.7404 0.7647 3.1184 0.5399
Cyclist 0.0000 0 0.0000 -1.0000 -1.0000 -1.0000 -1.0000 0.7533 1.5040 1.8006 7.6999 12.6605 0.3503 1.5593 0.5258
Cyclist 0.0000 0 0.0000 -1.0000 -1.0000 -1.0000 -1.0000 0.7311 1.5208 1.7067 -3.2366 -3.2374 0.7646 2.9887 0.4973
Cyclist 0.0000 0 0.0000 -1.0000 -1.0000 -1.0000 -1.0000 0.6687 1.0888 1.6586 -24.3848 11.5849 0.6241 -0.0067 0.4450
Cyclist 0.0000 0 0.0000 -1.0000 -1.0000 -1.0000 -1.0000 0.7309 1.4796 1.7314 21.1563 5.4318 0.3727 3.0358 0.4073
Cyclist 0.0000 0 0.0000 -1.0000 -1.0000 -1.0000 -1.0000 0.7176 1.3063 1.7357 -5.4818 11.2356 0.5008 -0.3805 0.3890
Cyclist 0.0000 0 0.0000 -1.0000 -1.0000 -1.0000 -1.0000 0.6970 1.3256 1.7119 15.1259 9.0817 0.3134 -3.0723 0.3207
Cyclist 0.0000 0 0.0000 -1.0000 -1.0000 -1.0000 -1.0000 0.6736 1.0985 1.7045 27.8589 18.2657 0.1471 2.8871 0.3032
Pedestrian 0.0000 0 0.0000 -1.0000 -1.0000 -1.0000 -1.0000 0.6912 1.6173 0.6581 -8.6066 -8.3577 0.9672 -0.0352 0.5238
Pedestrian 0.0000 0 0.0000 -1.0000 -1.0000 -1.0000 -1.0000 0.6858 1.6498 0.6331 -12.7475 -8.5568 0.9661 3.1222 0.5145
Pedestrian 0.0000 0 0.0000 -1.0000 -1.0000 -1.0000 -1.0000 0.6780 1.6840 0.5867 13.9271 36.9392 -0.0167 -3.0673 0.4823
Pedestrian 0.0000 0 0.0000 -1.0000 -1.0000 -1.0000 -1.0000 0.6854 1.6220 0.6186 -37.3079 -5.1871 1.1136 3.1049 0.3721
