Car 0.0000 0 0.0000 -1.0000 -1.0000 -1.0000 -1.0000 1.9735 1.4307 4.5351 -6.8311 -2.9943 0.6873 -0.0589 0.8387
Car 0.0000 0 0.0000 -1.0000 -1.0000 -1.0000 -1.0000 1.9775 1.4358 4.5282 12.3411 2.8838 0.7910 3.1357 0.7927
Car 0.0000 0 0.0000 -1.0000 -1.0000 -1.0000 -1.0000 1.9231 1.4433 4.4902 -36.0006 3.3439 0.7071 -3.0634 0.6533
Car 0.0000 0 0.0000 -1.0000 -1.0000 -1.0000 -1.0000 1.8998 1.4650 4.4798 27.7207 -3.7417 0.9270 0.0061 0.6279
Car 0.0000 0 0.0000 -1.0000 -1.0000 -1.0000 -1.0000 1.9076 1.4624 4.4697 5.6154 3.1959 0.7677 3.0928 0.6255
Car 0.0000 0 0.0000 -1.0000 -1.0000 -1.0000 -1.0000 1.9977 1.6806 4.7665 -61.4864 2.5796 0.6334 -0.0193 0.5947
Car 0.0000 0 0.0000 -1.0000 -1.0000 -1.0000 -1.0000 1.9710 1.6841 4.6087 49.9510 -4.2735 1.2090 -0.2532 0.4954
Car 0.0000 0 0.0000 -1.0000 -1.0000 -1.0000 -1.0000 2.0018 1.5206 4.6107 -0.2722 -3.3144 0.7538 -0.1107 0.4738
Car 0.0000 0 0.0000 -1.0000 -1.0000 -1.0000 -1.0000 1.8485 1.4451 4.4211 33.9976 2.8815 0.9408 3.0731 0.4402
Car 0.0000 0 0.0000 -1.0000 -1.0000 -1.0000 -1.0000 1.9710 1.4584 4.6679 -42.2214 -3.7262 0.7462 0.0769 0.4386
Car 0.0000 0 0.0000 -1.0000 -1.0000 -1.0000 -1.0000 1.9129 1.5165 4.5482 -53.2439 -3.9127 0.7231 -3.0947 0.3889
Car 0.0000 0 0.0000 -1.0000 -1.0000 -1.0000 -1.0000 1.9041 1.5919 4.5544 63.3608 -0.6128 1.4093 1.0635 0.3048
Tricar 0.0000 0 0.0000 -1.0000 -1.0000 -1.0000 -1.0000 1.3318 1.8059 3.1018 6.1871 -2.4999 0.9294 3.1065 0.3760
Cyclist 0.0000 0 0.0000 -1.0000 -1.0000 -1.0000 -1.0000 0.7174 1.5264 1.6405 12.4279 -0.4729 0.8079 -3.0699 0.5967
Cyclist 0.0000 0 0.0000 -1.0000 -1.0000 -1.0000 -1.0000 0.7844 1.5451 1.7414 39.6431 -0.9248 1.1111 0.0463 0.5181
Cyclist 0.0000 0 0.0000 -1.0000 -1.0000 -1.0000 -1.0000 0.7592 1.5447 1.7183 46.8264 0.8649 1.1515 0.0465 0.4619
Cyclist 0.0000 0 0.0000 -1.0000 -1.0000 -1.0000 -1.0000 0.7863 1.5707 1.7286 7.3179 -0.7407 0.7848 3.1204 0.4550
Cyclist 0.0000 0 0.0000 -1.0000 -1.0000 -1.0000 -1.0000 0.7061 1.4841 1.6705 12.6356 -2.3878 0.7744 0.1173 0.4509
Cyclist 0.0000 0 0.0000 -1.0000 -1.0000 -1.0000 -1.0000 0.8318 1.6038 1.7671 34.6539 1.0944 1.1152 3.0999 0.4470
Cyclist 0.0000 0 0.0000 -1.0000 -1.0000 -1.0000 -1.0000 0.7570 1.4782 1.7305 38.9718 -3.9451 1.0278 3.1066 0.4319
Cyclist 0.0000 0 0.0000 -1.0000 -1.0000 -1.0000 -1.0000 0.8169 1.5493 1.8539 -22.6047 1.8743 0.7710 0.0105 0.4279
Cyclist 0.0000 0 0.0000 -1.0000 -1.0000 -1.0000 -1.0000 0.7772 1.5478 1.7584 19.4752 -0.9475 0.8946 3.1214 0.4082
Cyclist 0.0000 0 0.0000 -1.0000 -1.0000 -1.0000 -1.0000 0.9176 1.6493 1.8417 32.8895 -1.5252 1.1725 3.0996 0.3237
Pedestrian 0.0000 0 0.0000 -1.0000 -1.0000 -1.0000 -1.0000 0.6749 1.6451 0.6192 -27.6234 6.3894 0.9353 3.1207 0.6249
Pedestrian 0.0000 0 0.0000 -1.0000 -1.0000 -1.0000 -1.0000 0.6593 1.6594 0.5522 -39.0866 -4.9794 0.9283 -2.8335 0.5783
Pedestrian 0.0000 0 0.0000 -1.0000 -1.0000 -1.0000 -1.0000 0.6939 1.6666 0.6529 -4.1659 -6.3966 1.0684 3.0973 0.5031
Pedestrian 0.0000 0 0.0000 -1.0000 -1.0000 -1.0000 -1.0000 0.6987 1.7030 0.6470 -34.0668 -4.7449 1.0085 1.2091 0.3044
