Car 0.0000 0 0.0000 -1.0000 -1.0000 -1.0000 -1.0000 1.9888 1.5902 4.6442 31.2766 -18.0559 0.4807 2.7080 0.7553
Car 0.0000 0 0.0000 -1.0000 -1.0000 -1.0000 -1.0000 1.8795 1.4492 4.4709 -24.2182 12.4802 0.6692 -0.2770 0.6606
Car 0.0000 0 0.0000 -1.0000 -1.0000 -1.0000 -1.0000 1.9598 1.6488 4.4164 -41.6606 10.0135 0.8289 -0.3591 0.5862
Car 0.0000 0 0.0000 -1.0000 -1.0000 -1.0000 -1.0000 1.8527 1.5516 4.4911 -39.6070 16.7049 0.7834 2.8570 0.5468
Car 0.0000 0 0.0000 -1.0000 -1.0000 -1.0000 -1.0000 1.9431 1.4549 4.5879 1.6127 -26.4236 0.4155 -1.7766 0.5200
Car 0.0000 0 0.0000 -1.0000 -1.0000 -1.0000 -1.0000 1.9930 1.7098 4.6031 -10.5941 5.9010 0.8331 2.8197 0.5160
Car 0.0000 0 0.0000 -1.0000 -1.0000 -1.0000 -1.0000 1.9869 1.4450 4.5852 -0.3117 3.7588 0.7111 2.7770 0.4858
Car 0.0000 0 0.0000 -1.0000 -1.0000 -1.0000 -1.0000 1.9283 1.4678 4.5310 -17.0547 7.4620 0.6724 2.8165 0.4604
Car 0.0000 0 0.0000 -1.0000 -1.0000 -1.0000 -1.0000 1.8949 1.4509 4.5386 -10.8483 -11.5236 0.5344 -1.4818 0.4463
Car 0.0000 0 0.0000 -1.0000 -1.0000 -1.0000 -1.0000 1.9914 1.5343 4.4699 1.3633 -7.7222 0.6575 -0.4946 0.4440
Car 0.0000 0 0.0000 -1.0000 -1.0000 -1.0000 -1.0000 2.0490 1.6479 4.6672 -9.8207 1.8530 0.7979 2.8872 0.3896
Car 0.0000 0 0.0000 -1.0000 -1.0000 -1.0000 -1.0000 1.9395 1.6785 4.6913 -46.7005 -0.9461 0.8514 1.1937 0.3702
Car 0.0000 0 0.0000 -1.0000 -1.0000 -1.0000 -1.0000 1.8779 1.6437 4.5496 -40.9720 -3.3832 0.7953 1.2742 0.3406
Car 0.0000 0 0.0000 -1.0000 -1.0000 -1.0000 -1.0000 1.9051 1.5403 4.5801 -34.9497 -6.0231 0.7773 -1.7343 0.3326
Car 0.0000 0 0.0000 -1.0000 -1.0000 -1.0000 -1.0000 1.8982 1.5184 4.5107 -29.5362 -32.7422 0.2697 -1.9278 0.3096
Car 0.0000 0 0.0000 -1.0000 -1.0000 -1.0000 -1.0000 1.8898 1.5900 4.5336 -33.4022 -31.0850 0.4053 1.1573 0.3007
Car 0.0000 0 0.0000 -1.0000 -1.0000 -1.0000 -1.0000 1.9058 1.5745 4.5392 -67.3165 5.3694 0.6607 1.4030 0.3007
Truck 0.0000 0 0.0000 -1.0000 -1.0000 -1.0000 -1.0000 3.0534 3.7119 12.4101 -6.2722 -22.3556 1.7902 1.0646 0.5521
Truck 0.0000 0 0.0000 -1.0000 -1.0000 -1.0000 -1.0000 2.8537 3.3997 9.4002 1.1152 25.1177 1.8678 1.4428 0.3154
Tricar 0.0000 0 0.0000 -1.0000 -1.0000 -1.0000 -1.0000 1.2506 1.6602 3.2881 -1.4700 -10.7492 0.6975 -0.5200 0.6725
Cyclist 0.0000 0 0.0000 -1.0000 -1.0000 -1.0000 -1.0000 0.7268 1.5181 1.7071 38.8984 -28.9153 0.2840 -0.3642 0.5870
Cyclist 0.0000 0 0.0000 -1.0000 -1.0000 -1.0000 -1.0000 0.7410 1.5246 1.7438 -7.2445 21.4844 0.7582 -1.5109 0.5057
Cyclist 0.0000 0 0.0000 -1.0000 -1.0000 -1.0000 -1.0000 0.7332 1.4831 1.7477 -5.1728 38.5661 0.8674 1.3167 0.4292
Cyclist 0.0000 0 0.0000 -1.0000 -1.0000 -1.0000 -1.0000 0.7773 1.5992 1.7323 34.2829 -13.6415 0.4869 2.6037 0.4022
Cyclist 0.0000 0 0.0000 -1.0000 -1.0000 -1.0000 -1.0000 0.8221 1.4984 1.8727 42.6882 -16.2311 0.4441 2.7470 0.3513
Cyclist 0.0000 0 0.0000 -1.0000 -1.0000 -1.0000 -1.0000 0.8788 1.5858 1.8694 -13.3931 -6.3147 0.6370 -0.2993 0.3395
Pedestrian 0.0000 0 0.0000 -1.0000 -1.0000 -1.0000 -1.0000 0.6898 1.6772 0.6503 14.3974 -21.5279 0.4678 2.4417 0.4938
Pedestrian 0.0000 0 0.0000 -1.0000 -1.0000 -1.0000 -1.0000 0.6803 1.6589 0.6224 14.5846 -23.8008 0.3954 -0.6997 0.4726
Pedestrian 0.0000 0 0.0000 -1.0000 -1.0000 -1.0000 -1.0000 0.7117 1.7003 0.6859 12.4508 -22.5340 0.5107 2.4798 0.4524
Pedestrian 0.0000 0 0.0000 -1.0000 -1.0000 -1.0000 -1.0000 0.6969 1.6161 0.6521 -16.4473 -10.5490 0.5994 0.9046 0.4268
