Car 0.0000 0 0.0000 -1.0000 -1.0000 -1.0000 -1.0000 1.9166 1.4596 4.4614 -24.9706 28.3533 0.9589 0.4447 0.6545
Car 0.0000 0 0.0000 -1.0000 -1.0000 -1.0000 -1.0000 1.9290 1.6117 4.6067 -28.2834 -22.3761 1.0742 1.3112 0.6383
Car 0.0000 0 0.0000 -1.0000 -1.0000 -1.0000 -1.0000 1.9813 1.6779 4.5660 31.2059 -8.7465 0.8600 -0.6993 0.6102
Car 0.0000 0 0.0000 -1.0000 -1.0000 -1.0000 -1.0000 1.9309 1.4798 4.6165 -37.2898 -8.6384 0.9691 -1.8907 0.6061
Car 0.0000 0 0.0000 -1.0000 -1.0000 -1.0000 -1.0000 1.9920 1.4487 4.5283 13.4715 10.0869 0.7777 -0.6573 0.5765
Car 0.0000 0 0.0000 -1.0000 -1.0000 -1.0000 -1.0000 2.0133 1.5488 4.7252 -29.3873 6.1139 0.9738 0.7862 0.3677
Car 0.0000 0 0.0000 -1.0000 -1.0000 -1.0000 -1.0000 1.9534 1.6458 4.5844 -53.2846 38.0108 0.5698 -0.3608 0.3477
Car 0.0000 0 0.0000 -1.0000 -1.0000 -1.0000 -1.0000 1.9177 1.8660 4.5431 -18.9983 -10.7014 1.0987 1.0107 0.3449
Car 0.0000 0 0.0000 -1.0000 -1.0000 -1.0000 -1.0000 1.8940 1.6171 4.5714 -31.0614 -21.4353 1.0623 1.2825 0.3417
Car 0.0000 0 0.0000 -1.0000 -1.0000 -1.0000 -1.0000 1.9442 1.6024 4.7322 -31.0650 -28.9437 1.0951 1.1955 0.3278
Truck 0.0000 0 0.0000 -1.0000 -1.0000 -1.0000 -1.0000 2.9766 3.4596 11.9419 -78.6803 7.2846 1.9614 1.2455 0.4860
Truck 0.0000 0 0.0000 -1.0000 -1.0000 -1.0000 -1.0000 2.4425 2.6568 6.1869 -22.1311 -23.8762 1.4641 1.2392 0.3176
Truck 0.0000 0 0.0000 -1.0000 -1.0000 -1.0000 -1.0000 2.9403 3.4023 10.9093 -33.0968 -16.7992 1.8805 1.2017 0.3145
Truck 0.0000 0 0.0000 -1.0000 -1.0000 -1.0000 -1.0000 3.0228 3.6465 10.3903 -72.8963 37.5617 1.4814 -0.4897 0.3121
Cyclist 0.0000 0 0.0000 -1.0000 -1.0000 -1.0000 -1.0000 0.7748 1.5397 1.7828 -13.7500 -13.6324 0.8683 1.3051 0.4778
Cyclist 0.0000 0 0.0000 -1.0000 -1.0000 -1.0000 -1.0000 0.7509 1.4575 1.7948 -14.6529 -23.4476 0.7731 1.1616 0.3980
Cyclist 0.0000 0 0.0000 -1.0000 -1.0000 -1.0000 -1.0000 0.7180 1.5377 1.6820 35.3938 5.3871 0.6597 2.5065 0.3666
