Car 0.0000 0 0.0000 -1.0000 -1.0000 -1.0000 -1.0000 2.0382 1.5710 4.7464 10.5880 7.9522 0.5554 0.0189 0.7956
Car 0.0000 0 0.0000 -1.0000 -1.0000 -1.0000 -1.0000 2.0033 1.4238 4.6075 7.0113 -10.0629 0.7771 -3.1239 0.7927
Car 0.0000 0 0.0000 -1.0000 -1.0000 -1.0000 -1.0000 1.9734 1.4809 4.5564 -36.9095 -6.3381 0.6361 3.1386 0.7900
Car 0.0000 0 0.0000 -1.0000 -1.0000 -1.0000 -1.0000 2.0104 1.4381 4.5705 -20.2261 -5.9680 0.7358 2.8158 0.7754
Car 0.0000 0 0.0000 -1.0000 -1.0000 -1.0000 -1.0000 1.9289 1.5052 4.4616 31.0142 2.5957 0.8075 0.1591 0.7704
Car 0.0000 0 0.0000 -1.0000 -1.0000 -1.0000 -1.0000 2.0135 1.7555 4.6800 -31.3095 8.5163 0.5248 -3.1107 0.7434
Car 0.0000 0 0.0000 -1.0000 -1.0000 -1.0000 -1.0000 1.9737 1.4446 4.5133 -56.9439 -6.3065 0.6089 -3.1276 0.7273
Car 0.0000 0 0.0000 -1.0000 -1.0000 -1.0000 -1.0000 1.9234 1.6634 4.4773 14.2738 -6.4342 0.9187 0.0360 0.7241
Car 0.0000 0 0.0000 -1.0000 -1.0000 -1.0000 -1.0000 1.9068 1.5421 4.5124 -2.8100 -6.4929 0.8133 0.0172 0.7225
Car 0.0000 0 0.0000 -1.0000 -1.0000 -1.0000 -1.0000 2.0013 1.5248 4.6228 -9.2773 -10.2736 0.7727 3.1314 0.7135
Car 0.0000 0 0.0000 -1.0000 -1.0000 -1.0000 -1.0000 2.0786 1.7694 4.7834 10.3253 11.6489 0.5255 -3.1310 0.6824
Car 0.0000 0 0.0000 -1.0000 -1.0000 -1.0000 -1.0000 1.9511 1.5397 4.5096 -71.3833 -6.4496 0.5740 -3.1044 0.6677
Car 0.0000 0 0.0000 -1.0000 -1.0000 -1.0000 -1.0000 2.0264 1.9462 4.6296 26.9929 -5.3469 1.1457 0.1083 0.6675
Car 0.0000 0 0.0000 -1.0000 -1.0000 -1.0000 -1.0000 1.9981 1.6234 4.6167 -12.5028 15.0748 0.2957 -0.0061 0.6652
Car 0.0000 0 0.0000 -1.0000 -1.0000 -1.0000 -1.0000 2.0309 1.7940 4.6530 14.0664 0.1908 0.9236 0.0236 0.6551
Car 0.0000 0 0.0000 -1.0000 -1.0000 -1.0000 -1.0000 1.9196 1.4563 4.4977 -2.8789 7.7620 0.4999 3.1034 0.6377
Car 0.0000 0 0.0000 -1.0000 -1.0000 -1.0000 -1.0000 1.9791 1.4986 4.5682 43.3873 -3.6963 0.9604 0.0650 0.6261
Car 0.0000 0 0.0000 -1.0000 -1.0000 -1.0000 -1.0000 1.9733 1.7492 4.6066 61.8631 -2.5582 0.9624 0.0656 0.6165
Car 0.0000 0 0.0000 -1.0000 -1.0000 -1.0000 -1.0000 1.9706 1.4628 4.4948 3.8914 -3.1199 0.7654 -3.1116 0.5990
Car 0.0000 0 0.0000 -1.0000 -1.0000 -1.0000 -1.0000 1.9472 1.6873 4.5832 -44.2140 10.5880 0.4638 -3.1359 0.5495
Car 0.0000 0 0.0000 -1.0000 -1.0000 -1.0000 -1.0000 2.0520 1.7293 4.7979 -72.6836 -10.4858 0.6436 0.0052 0.4993
Car 0.0000 0 0.0000 -1.0000 -1.0000 -1.0000 -1.0000 2.0299 1.9587 4.8757 24.1581 14.9633 0.6314 3.1116 0.4291
Car 0.0000 0 0.0000 -1.0000 -1.0000 -1.0000 -1.0000 1.9531 1.5987 4.6048 77.2468 -9.3616 0.9603 0.0299 0.4257
Car 0.0000 0 0.0000 -1.0000 -1.0000 -1.0000 -1.0000 2.3552 2.6393 5.3787 36.0738 11.8951 1.1564 -3.0894 0.4220
Car 0.0000 0 0.0000 -1.0000 -1.0000 -1.0000 -1.0000 1.9464 1.5048 4.5713 -39.7553 -9.7452 0.5891 -0.0021 0.3764
Car 0.0000 0 0.0000 -1.0000 -1.0000 -1.0000 -1.0000 1.8345 1.6759 4.5092 -82.6871 -1.5027 0.5385 -3.0713 0.3171
Truck 0.0000 0 0.0000 -1.0000 -1.0000 -1.0000 -1.0000 2.9624 3.5083 8.4783 -41.5148 14.7473 1.2252 -3.1257 0.5614
Truck 0.0000 0 0.0000 -1.0000 -1.0000 -1.0000 -1.0000 2.6216 2.5049 7.5817 21.6304 -9.7281 1.4155 0.0561 0.5022
Truck 0.0000 0 0.0000 -1.0000 -1.0000 -1.0000 -1.0000 2.3547 2.2313 6.2459 42.1650 -9.8605 1.3815 0.0407 0.4818
Truck 0.0000 0 0.0000 -1.0000 -1.0000 -1.0000 -1.0000 2.3949 2.7013 6.1109 41.8713 8.5256 1.3480 -3.1289 0.4083
Pedestrian 0.0000 0 0.0000 -1.0000 -1.0000 -1.0000 -1.0000 0.6990 1.6849 0.6417 -1.3149 29.1193 -0.0260 -0.0142 0.4370
Pedestrian 0.0000 0 0.0000 -1.0000 -1.0000 -1.0000 -1.0000 0.7405 1.6931 0.7258 -1.4828 28.3237 -0.0615 0.0017 0.3716
