Car 0.0000 0 0.0000 -1.0000 -1.0000 -1.0000 -1.0000 1.9585 1.9183 4.5534 -21.3158 8.1646 0.5265 -1.6731 0.5099
Car 0.0000 0 0.0000 -1.0000 -1.0000 -1.0000 -1.0000 1.9720 1.9572 4.6658 -12.5595 -7.4938 1.0145 1.3369 0.4918
Truck 0.0000 0 0.0000 -1.0000 -1.0000 -1.0000 -1.0000 2.6589 3.1350 6.9629 -54.4390 4.4047 1.8252 -3.1179 0.3654
Tricar 0.0000 0 0.0000 -1.0000 -1.0000 -1.0000 -1.0000 1.0534 1.4854 2.5470 -30.0719 2.0926 0.7519 -3.1236 0.4282
Cyclist 0.0000 0 0.0000 -1.0000 -1.0000 -1.0000 -1.0000 0.7657 1.5081 1.7606 -18.2195 -2.6824 0.7419 -0.0387 0.6443
Cyclist 0.0000 0 0.0000 -1.0000 -1.0000 -1.0000 -1.0000 0.8018 1.5542 1.7921 -5.1247 3.5815 0.5668 3.1141 0.5844
Cyclist 0.0000 0 0.0000 -1.0000 -1.0000 -1.0000 -1.0000 0.7816 1.5595 1.7730 -2.3127 3.4124 0.5893 -0.0225 0.5551
Cyclist 0.0000 0 0.0000 -1.0000 -1.0000 -1.0000 -1.0000 0.7024 1.1490 1.7090 -35.6918 4.7771 0.6082 -2.9738 0.4245
Cyclist 0.0000 0 0.0000 -1.0000 -1.0000 -1.0000 -1.0000 0.7288 1.5471 1.6862 -38.1069 -2.2897 0.9321 -3.0944 0.4155
Cyclist 0.0000 0 0.0000 -1.0000 -1.0000 -1.0000 -1.0000 0.7411 1.5032 1.7022 38.8170 4.5005 1.5016 0.0032 0.3747
Cyclist 0.0000 0 0.0000 -1.0000 -1.0000 -1.0000 -1.0000 0.8399 1.4747 1.8663 -52.3688 1.3983 0.9008 -3.0314 0.3695
Cyclist 0.0000 0 0.0000 -1.0000 -1.0000 -1.0000 -1.0000 0.7171 1.5352 1.6587 -7.5972 -2.6037 0.7840 0.0142 0.3679
Cyclist 0.0000 0 0.0000 -1.0000 -1.0000 -1.0000 -1.0000 0.8472 1.6212 1.7993 44.2478 3.7159 1.5709 3.1339 0.3553
Cyclist 0.0000 0 0.0000 -1.0000 -1.0000 -1.0000 -1.0000 1.0102 1.5503 2.1250 -29.8980 2.0522 0.7567 0.0682 0.3329
Pedestrian 0.0000 0 0.0000 -1.0000 -1.0000 -1.0000 -1.0000 0.6897 1.6960 0.6264 -18.1374 5.1511 0.5804 -1.8350 0.4814
Pedestrian 0.0000 0 0.0000 -1.0000 -1.0000 -1.0000 -1.0000 0.6894 1.6642 0.6856 -17.6022 6.9026 0.4208 -1.6056 0.4752
Pedestrian 0.0000 0 0.0000 -1.0000 -1.0000 -1.0000 -1.0000 0.7109 1.6297 0.6766 -8.0454 6.2183 0.4629 3.0742 0.4038
Pedestrian 0.0000 0 0.0000 -1.0000 -1.0000 -1.0000 -1.0000 0.7007 1.6582 0.6707 -11.0873 7.1801 0.4331 3.0636 0.4011
