Car 0.0000 0 0.0000 -1.0000 -1.0000 -1.0000 -1.0000 1.9775 1.4697 4.4428 16.7472 -9.0022 0.8477 -3.0991 0.8240
Car 0.0000 0 0.0000 -1.0000 -1.0000 -1.0000 -1.0000 1.9863 1.5596 4.5832 -31.4204 -8.2422 0.6507 3.1108 0.7928
Car 0.0000 0 0.0000 -1.0000 -1.0000 -1.0000 -1.0000 2.0691 1.5610 4.6606 -45.0544 0.3125 0.5635 -0.0099 0.7441
Car 0.0000 0 0.0000 -1.0000 -1.0000 -1.0000 -1.0000 1.9843 1.4603 4.5598 36.9742 -0.8017 1.2226 -0.0434 0.7019
Car 0.0000 0 0.0000 -1.0000 -1.0000 -1.0000 -1.0000 2.0239 1.5391 4.6991 46.2884 -8.9253 1.3365 3.1102 0.6983
Car 0.0000 0 0.0000 -1.0000 -1.0000 -1.0000 -1.0000 1.9806 1.6224 4.6619 23.8495 -20.5132 1.0040 -1.6176 0.6544
Car 0.0000 0 0.0000 -1.0000 -1.0000 -1.0000 -1.0000 1.9289 1.4570 4.5445 -48.1921 -6.4319 0.4034 -0.0071 0.5983
Car 0.0000 0 0.0000 -1.0000 -1.0000 -1.0000 -1.0000 2.0031 1.5142 4.5614 28.9069 14.6121 0.8816 -0.0588 0.5937
Car 0.0000 0 0.0000 -1.0000 -1.0000 -1.0000 -1.0000 2.0122 1.6149 4.6863 52.6774 29.4385 1.2465 -0.0641 0.5775
Car 0.0000 0 0.0000 -1.0000 -1.0000 -1.0000 -1.0000 1.9564 1.8107 4.5471 -55.0447 -2.5581 0.6052 -3.1298 0.5259
Car 0.0000 0 0.0000 -1.0000 -1.0000 -1.0000 -1.0000 2.0139 1.6526 4.6772 41.8866 -3.3940 1.3793 3.1261 0.4584
Car 0.0000 0 0.0000 -1.0000 -1.0000 -1.0000 -1.0000 2.0231 1.6805 4.7561 -65.1989 -4.2426 0.5752 -0.0012 0.3695
Car 0.0000 0 0.0000 -1.0000 -1.0000 -1.0000 -1.0000 1.9218 1.6257 4.6464 61.5513 29.4154 1.5247 1.5500 0.3630
Tricar 0.0000 0 0.0000 -1.0000 -1.0000 -1.0000 -1.0000 1.4135 1.8813 3.1790 43.1728 -17.7630 1.4511 -3.1015 0.5362
Pedestrian 0.0000 0 0.0000 -1.0000 -1.0000 -1.0000 -1.0000 0.7166 1.7102 0.7017 11.7664 -12.8848 0.8819 -2.3144 0.4667
Pedestrian 0.0000 0 0.0000 -1.0000 -1.0000 -1.0000 -1.0000 0.6831 1.6715 0.5907 39.3056 -20.2033 1.2190 3.0958 0.3583
Pedestrian 0.0000 0 0.0000 -1.0000 -1.0000 -1.0000 -1.0000 0.6808 1.6648 0.5777 16.3696 -27.3707 1.0545 2.7617 0.3111
