Car 0.0000 0 0.0000 -1.0000 -1.0000 -1.0000 -1.0000 1.9799 1.6159 4.5628 -8.0711 4.3112 0.7667 -0.0210 0.7589
Car 0.0000 0 0.0000 -1.0000 -1.0000 -1.0000 -1.0000 2.0072 1.4522 4.5901 34.0353 3.4096 0.6714 -0.0035 0.7350
Car 0.0000 0 0.0000 -1.0000 -1.0000 -1.0000 -1.0000 2.0454 1.7814 4.6474 14.2851 0.2946 0.8423 -3.1360 0.7260
Car 0.0000 0 0.0000 -1.0000 -1.0000 -1.0000 -1.0000 1.9218 1.4355 4.4779 18.3427 3.6023 0.6439 -0.0156 0.7177
Car 0.0000 0 0.0000 -1.0000 -1.0000 -1.0000 -1.0000 1.9498 1.5198 4.5702 -29.8806 4.0345 0.7418 -0.0522 0.7126
Car 0.0000 0 0.0000 -1.0000 -1.0000 -1.0000 -1.0000 2.0053 1.6379 4.6122 -18.7844 3.5285 0.7867 -0.0156 0.6199
Car 0.0000 0 0.0000 -1.0000 -1.0000 -1.0000 -1.0000 2.1245 1.8804 4.8340 -12.6907 0.1007 0.9351 -0.0394 0.5895
Car 0.0000 0 0.0000 -1.0000 -1.0000 -1.0000 -1.0000 1.9128 1.5016 4.5062 -41.6020 4.6299 0.7713 -0.0825 0.5523
Car 0.0000 0 0.0000 -1.0000 -1.0000 -1.0000 -1.0000 1.9081 1.6611 4.4532 46.6243 3.5253 0.7208 0.0657 0.4548
Car 0.0000 0 0.0000 -1.0000 -1.0000 -1.0000 -1.0000 1.9218 1.6804 4.5796 -73.7751 5.5919 0.8513 -0.1343 0.3719
Car 0.0000 0 0.0000 -1.0000 -1.0000 -1.0000 -1.0000 1.8924 1.6575 4.5845 -61.9823 2.4003 0.8910 -0.0717 0.3486
Cyclist 0.0000 0 0.0000 -1.0000 -1.0000 -1.0000 -1.0000 0.7708 1.4900 1.7879 -1.6563 6.0064 0.7043 -0.0567 0.6159
Cyclist 0.0000 0 0.0000 -1.0000 -1.0000 -1.0000 -1.0000 0.8665 1.5280 1.9415 5.6823 5.4747 0.6990 -3.1055 0.3939
Cyclist 0.0000 0 0.0000 -1.0000 -1.0000 -1.0000 -1.0000 0.7938 1.4607 1.8443 12.8838 5.7223 0.6532 -3.1230 0.3837
Cyclist 0.0000 0 0.0000 -1.0000 -1.0000 -1.0000 -1.0000 0.7404 1.5821 1.6869 -26.8934 -1.7470 0.9102 -0.0611 0.3471
Cyclist 0.0000 0 0.0000 -1.0000 -1.0000 -1.0000 -1.0000 0.7429 1.5284 1.7025 -31.1168 -1.4903 0.8857 -0.0514 0.3300
Pedestrian 0.0000 0 0.0000 -1.0000 -1.0000 -1.0000 -1.0000 0.7183 1.6598 0.6677 47.3726 6.5221 0.5788 -3.0074 0.3112
