Car 0.0000 0 0.0000 -1.0000 -1.0000 -1.0000 -1.0000 2.0302 1.6378 4.6822 -20.3952 -4.3848 0.7844 -3.1399 0.7811
Car 0.0000 0 0.0000 -1.0000 -1.0000 -1.0000 -1.0000 1.8759 1.4218 4.4606 1.1195 -4.4394 0.8326 -0.0885 0.6610
Car 0.0000 0 0.0000 -1.0000 -1.0000 -1.0000 -1.0000 2.0981 1.8569 4.8250 30.9906 -14.6024 1.1296 -0.2104 0.6598
Car 0.0000 0 0.0000 -1.0000 -1.0000 -1.0000 -1.0000 1.8835 1.4260 4.4598 -26.1434 -4.3775 0.5262 -0.0090 0.6287
Car 0.0000 0 0.0000 -1.0000 -1.0000 -1.0000 -1.0000 1.8724 1.4367 4.4241 -32.2159 -4.3107 0.3924 3.1407 0.6013
Car 0.0000 0 0.0000 -1.0000 -1.0000 -1.0000 -1.0000 1.9641 1.8001 4.5032 -13.1929 3.0713 0.8172 -3.1144 0.5820
Car 0.0000 0 0.0000 -1.0000 -1.0000 -1.0000 -1.0000 1.9154 1.4626 4.5753 15.5003 -12.0282 0.6755 -1.2823 0.5335
Car 0.0000 0 0.0000 -1.0000 -1.0000 -1.0000 -1.0000 1.9339 1.5102 4.5491 26.3991 29.6698 -0.1344 -1.5218 0.5066
Car 0.0000 0 0.0000 -1.0000 -1.0000 -1.0000 -1.0000 1.8916 1.4463 4.4851 -49.4209 7.9169 -0.1281 -0.0203 0.5041
Car 0.0000 0 0.0000 -1.0000 -1.0000 -1.0000 -1.0000 1.8725 1.4247 4.4288 9.8738 0.0952 0.7401 0.1326 0.4921
Car 0.0000 0 0.0000 -1.0000 -1.0000 -1.0000 -1.0000 1.9342 1.6313 4.5704 -60.2208 8.1214 -0.1034 -3.1412 0.4818
Car 0.0000 0 0.0000 -1.0000 -1.0000 -1.0000 -1.0000 1.8949 1.4769 4.5325 -54.9821 7.9158 -0.1637 -0.0121 0.4255
Car 0.0000 0 0.0000 -1.0000 -1.0000 -1.0000 -1.0000 1.8884 1.5304 4.5303 -44.4051 -4.2608 0.1198 -3.1199 0.4167
Car 0.0000 0 0.0000 -1.0000 -1.0000 -1.0000 -1.0000 1.9309 1.8008 4.5365 31.7695 37.5809 -0.2330 1.4998 0.4032
Car 0.0000 0 0.0000 -1.0000 -1.0000 -1.0000 -1.0000 1.8794 1.5246 4.4340 -37.8863 -3.7230 0.2928 -0.0256 0.3944
Car 0.0000 0 0.0000 -1.0000 -1.0000 -1.0000 -1.0000 1.8241 1.4117 4.4331 -19.9972 7.3981 0.4280 -3.1193 0.3938
Car 0.0000 0 0.0000 -1.0000 -1.0000 -1.0000 -1.0000 1.9221 1.7994 4.4998 31.9494 -9.2458 1.0678 3.0646 0.3843
Car 0.0000 0 0.0000 -1.0000 -1.0000 -1.0000 -1.0000 1.9310 1.5531 4.6630 -66.4733 0.2623 -0.1744 -3.0963 0.3750
Car 0.0000 0 0.0000 -1.0000 -1.0000 -1.0000 -1.0000 2.0149 1.6593 4.6385 31.8733 -12.0646 1.0305 2.9494 0.3605
Car 0.0000 0 0.0000 -1.0000 -1.0000 -1.0000 -1.0000 1.8900 1.6128 4.5734 35.7036 -4.5098 0.9542 1.5205 0.3531
Car 0.0000 0 0.0000 -1.0000 -1.0000 -1.0000 -1.0000 1.9556 1.8153 4.7170 30.9120 -17.5557 1.0918 2.9953 0.3289
Cyclist 0.0000 0 0.0000 -1.0000 -1.0000 -1.0000 -1.0000 0.7934 1.5567 1.7680 14.4671 -2.4431 0.8153 -2.9559 0.5162
Cyclist 0.0000 0 0.0000 -1.0000 -1.0000 -1.0000 -1.0000 0.7780 1.6111 1.7299 15.9455 -8.6204 0.8212 -0.3485 0.4712
Cyclist 0.0000 0 0.0000 -1.0000 -1.0000 -1.0000 -1.0000 0.7525 1.4290 1.8107 31.9826 9.8445 0.4013 1.3584 0.4622
Cyclist 0.0000 0 0.0000 -1.0000 -1.0000 -1.0000 -1.0000 0.6893 1.2894 1.7277 33.0683 4.4949 0.4786 1.4578 0.3017
Pedestrian 0.0000 0 0.0000 -1.0000 -1.0000 -1.0000 -1.0000 0.6705 1.6466 0.6013 29.6022 4.8410 0.6473 1.3469 0.5466
Pedestrian 0.0000 0 0.0000 -1.0000 -1.0000 -1.0000 -1.0000 0.7016 1.7136 0.6257 33.4682 8.4296 0.6286 1.4358 0.3109
