Car 0.0000 0 0.0000 -1.0000 -1.0000 -1.0000 -1.0000 1.9161 1.6590 4.5484 8.1077 -6.4713 0.7430 -0.0261 0.6597
Car 0.0000 0 0.0000 -1.0000 -1.0000 -1.0000 -1.0000 2.2207 2.0381 5.0711 -14.0005 0.5706 1.0876 -0.1443 0.6427
Car 0.0000 0 0.0000 -1.0000 -1.0000 -1.0000 -1.0000 1.9192 1.8244 4.4732 27.4828 -8.0613 0.6404 -0.0805 0.5588
Car 0.0000 0 0.0000 -1.0000 -1.0000 -1.0000 -1.0000 1.8692 1.4786 4.4472 -9.8489 -4.9612 0.6401 -0.1811 0.4502
Car 0.0000 0 0.0000 -1.0000 -1.0000 -1.0000 -1.0000 1.8672 1.4695 4.5333 2.0187 -6.3365 0.6433 3.1312 0.4276
Car 0.0000 0 0.0000 -1.0000 -1.0000 -1.0000 -1.0000 1.8996 1.4675 4.4606 -3.6766 -5.4307 0.6478 -0.0567 0.4179
Car 0.0000 0 0.0000 -1.0000 -1.0000 -1.0000 -1.0000 1.9206 1.4390 4.5380 -47.3914 15.4832 0.9377 2.7044 0.3858
Car 0.0000 0 0.0000 -1.0000 -1.0000 -1.0000 -1.0000 1.8754 1.7086 4.6426 -30.0475 -2.2409 1.0211 2.9884 0.3769
Car 0.0000 0 0.0000 -1.0000 -1.0000 -1.0000 -1.0000 1.9345 1.5012 4.5057 38.0371 -3.7121 0.4439 3.1110 0.3642
Car 0.0000 0 0.0000 -1.0000 -1.0000 -1.0000 -1.0000 1.8676 1.5127 4.5209 2.8311 -8.2641 0.6528 -3.0792 0.3020
Truck 0.0000 0 0.0000 -1.0000 -1.0000 -1.0000 -1.0000 2.5043 3.1836 6.0992 15.8292 -7.4174 1.4821 3.0823 0.4542
Truck 0.0000 0 0.0000 -1.0000 -1.0000 -1.0000 -1.0000 2.8817 3.3135 7.8506 -58.0350 15.9298 1.9844 -0.1414 0.3283
Tricar 0.0000 0 0.0000 -1.0000 -1.0000 -1.0000 -1.0000 1.2730 1.7423 2.8521 4.9671 -3.1451 0.8374 3.1135 0.5942
Cyclist 0.0000 0 0.0000 -1.0000 -1.0000 -1.0000 -1.0000 0.7754 1.5773 1.7765 64.5380 11.8377 0.2047 -2.3139 0.4010
Cyclist 0.0000 0 0.0000 -1.0000 -1.0000 -1.0000 -1.0000 0.7939 1.5766 1.7656 -15.5807 -1.8029 0.8663 -0.1769 0.3875
Cyclist 0.0000 0 0.0000 -1.0000 -1.0000 -1.0000 -1.0000 0.6911 1.3805 1.6533 -11.0709 -8.6010 0.5101 -0.1147 0.3103
