Car 0.0000 0 0.0000 -1.0000 -1.0000 -1.0000 -1.0000 1.8947 1.4225 4.5227 -4.9887 2.8884 0.6831 0.0506 0.7081
Car 0.0000 0 0.0000 -1.0000 -1.0000 -1.0000 -1.0000 1.9318 1.4826 4.5625 -53.8422 0.7314 0.2941 -3.0645 0.6786
Car 0.0000 0 0.0000 -1.0000 -1.0000 -1.0000 -1.0000 1.9704 1.4531 4.5945 -11.6846 3.2687 0.6112 0.0131 0.6722
Car 0.0000 0 0.0000 -1.0000 -1.0000 -1.0000 -1.0000 1.9294 1.4359 4.5340 -40.6188 2.0399 0.3432 -3.0876 0.6347
Car 0.0000 0 0.0000 -1.0000 -1.0000 -1.0000 -1.0000 1.9654 1.4081 4.6075 16.8010 4.4439 1.0593 -3.0474 0.5828
Car 0.0000 0 0.0000 -1.0000 -1.0000 -1.0000 -1.0000 1.9902 1.6006 4.6836 -78.9085 -1.4388 0.0865 -3.1292 0.4473
Car 0.0000 0 0.0000 -1.0000 -1.0000 -1.0000 -1.0000 1.9934 1.4846 4.6360 -59.4450 -6.8846 0.3790 -3.0027 0.4382
Car 0.0000 0 0.0000 -1.0000 -1.0000 -1.0000 -1.0000 1.9006 1.5931 4.4734 44.9270 2.1085 1.6261 1.1455 0.4348
Car 0.0000 0 0.0000 -1.0000 -1.0000 -1.0000 -1.0000 1.8668 1.6715 4.4716 39.0732 8.8470 1.6436 1.7752 0.4158
Car 0.0000 0 0.0000 -1.0000 -1.0000 -1.0000 -1.0000 1.8487 1.4121 4.4673 -24.0071 -3.7481 0.5519 3.1393 0.4076
Car 0.0000 0 0.0000 -1.0000 -1.0000 -1.0000 -1.0000 1.9889 1.6329 4.6624 -2.5832 -0.6826 0.8169 0.0889 0.3392
Car 0.0000 0 0.0000 -1.0000 -1.0000 -1.0000 -1.0000 1.8274 1.4465 4.3663 -17.9621 -3.2631 0.5591 0.0809 0.3188
Car 0.0000 0 0.0000 -1.0000 -1.0000 -1.0000 -1.0000 1.8778 1.3987 4.4010 10.4528 -2.8330 0.8866 -3.0682 0.3094
Car 0.0000 0 0.0000 -1.0000 -1.0000 -1.0000 -1.0000 1.9002 1.5622 4.6436 58.3647 5.4686 1.6985 0.0385 0.3030
Tricar 0.0000 0 0.0000 -1.0000 -1.0000 -1.0000 -1.0000 1.2147 1.7125 3.0090 -11.1618 -2.5810 0.7809 0.0456 0.4412
Tricar 0.0000 0 0.0000 -1.0000 -1.0000 -1.0000 -1.0000 1.2872 1.6900 2.7219 48.8551 5.6985 1.6849 0.1731 0.4013
Tricar 0.0000 0 0.0000 -1.0000 -1.0000 -1.0000 -1.0000 1.2374 1.7951 2.6005 35.1119 0.6235 1.4778 3.1399 0.3184
Cyclist 0.0000 0 0.0000 -1.0000 -1.0000 -1.0000 -1.0000 0.7896 1.5053 1.7618 22.1243 -0.3496 1.1537 -3.0005 0.6333
Cyclist 0.0000 0 0.0000 -1.0000 -1.0000 -1.0000 -1.0000 0.7161 1.4925 1.6854 10.1885 -0.7557 0.9447 0.0691 0.5671
Cyclist 0.0000 0 0.0000 -1.0000 -1.0000 -1.0000 -1.0000 0.7849 1.5523 1.7367 10.3946 2.6858 0.9502 -3.1388 0.5269
Cyclist 0.0000 0 0.0000 -1.0000 -1.0000 -1.0000 -1.0000 0.7744 1.4768 1.7540 37.6768 2.2308 1.3946 -3.0506 0.5239
Cyclist 0.0000 0 0.0000 -1.0000 -1.0000 -1.0000 -1.0000 0.7548 1.5326 1.7253 5.5488 3.0520 0.8718 -3.0245 0.5064
Cyclist 0.0000 0 0.0000 -1.0000 -1.0000 -1.0000 -1.0000 0.7768 1.5254 1.7554 -8.0978 -3.6309 0.6630 -3.1005 0.4099
Cyclist 0.0000 0 0.0000 -1.0000 -1.0000 -1.0000 -1.0000 0.6986 1.4417 1.6707 -4.5446 -2.6681 0.6494 0.0661 0.4051
Cyclist 0.0000 0 0.0000 -1.0000 -1.0000 -1.0000 -1.0000 0.7187 1.5157 1.6680 11.8392 -4.8079 1.1177 -3.0610 0.4040
Cyclist 0.0000 0 0.0000 -1.0000 -1.0000 -1.0000 -1.0000 0.6785 1.1735 1.6677 4.6784 -4.7962 0.8645 -0.4108 0.3990
Cyclist 0.0000 0 0.0000 -1.0000 -1.0000 -1.0000 -1.0000 0.7387 1.5582 1.7051 -76.8725 -5.9989 0.0549 0.0362 0.3816
Cyclist 0.0000 0 0.0000 -1.0000 -1.0000 -1.0000 -1.0000 0.7375 1.2453 1.7959 -1.7009 -3.6178 0.6760 0.2200 0.3618
Cyclist 0.0000 0 0.0000 -1.0000 -1.0000 -1.0000 -1.0000 0.7233 1.5301 1.6604 15.1681 -0.6016 1.0431 -2.9825 0.3611
Cyclist 0.0000 0 0.0000 -1.0000 -1.0000 -1.0000 -1.0000 0.7516 1.5178 1.7513 -72.7353 -4.9107 0.0827 -3.0336 0.3333
Cyclist 0.0000 0 0.0000 -1.0000 -1.0000 -1.0000 -1.0000 0.7741 1.5133 1.7508 38.7819 -3.4133 1.5432 -3.1142 0.3298
Cyclist 0.0000 0 0.0000 -1.0000 -1.0000 -1.0000 -1.0000 0.7510 1.5163 1.6923 25.3830 -1.0771 1.2050 -3.0719 0.3295
Cyclist 0.0000 0 0.0000 -1.0000 -1.0000 -1.0000 -1.0000 0.7710 1.5271 1.7829 -69.3613 -2.8950 0.1886 -3.0647 0.3294
Cyclist 0.0000 0 0.0000 -1.0000 -1.0000 -1.0000 -1.0000 0.7422 1.3003 1.7318 23.1652 -2.6671 1.0775 0.0939 0.3181
Cyclist 0.0000 0 0.0000 -1.0000 -1.0000 -1.0000 -1.0000 0.7218 1.5774 1.6957 -50.3928 3.6203 0.3936 0.0294 0.3143
Cyclist 0.0000 0 0.0000 -1.0000 -1.0000 -1.0000 -1.0000 0.7458 1.4983 1.6896 28.0915 -2.4193 1.1856 0.1115 0.3012
Pedestrian 0.0000 0 0.0000 -1.0000 -1.0000 -1.0000 -1.0000 0.6932 1.7015 0.6011 35.7598 -5.0191 1.5708 3.1243 0.3633
