Car 0.0000 0 0.0000 -1.0000 -1.0000 -1.0000 -1.0000 1.9038 1.5116 4.4860 -45.3943 8.8621 -0.1670 -0.0686 0.6768
Car 0.0000 0 0.0000 -1.0000 -1.0000 -1.0000 -1.0000 1.9467 1.4423 4.5443 -23.1829 -10.1246 0.4059 -0.2364 0.6737
Car 0.0000 0 0.0000 -1.0000 -1.0000 -1.0000 -1.0000 1.9179 1.5534 4.5442 -32.7783 -7.7513 0.2931 -0.0398 0.5093
Car 0.0000 0 0.0000 -1.0000 -1.0000 -1.0000 -1.0000 1.9584 1.6168 4.5136 -11.0410 -0.2285 0.8454 -0.0374 0.5023
Car 0.0000 0 0.0000 -1.0000 -1.0000 -1.0000 -1.0000 1.9505 1.8038 4.5364 9.8553 -2.7454 1.0245 2.9411 0.4806
Car 0.0000 0 0.0000 -1.0000 -1.0000 -1.0000 -1.0000 1.9789 1.5759 4.5866 -28.1381 1.9014 0.3658 3.0827 0.4669
Car 0.0000 0 0.0000 -1.0000 -1.0000 -1.0000 -1.0000 1.9618 1.4572 4.4512 -8.8265 -5.5447 0.7591 -3.0967 0.3967
Car 0.0000 0 0.0000 -1.0000 -1.0000 -1.0000 -1.0000 1.8879 1.4578 4.5174 -19.6051 0.4034 0.5041 3.0433 0.3730
Car 0.0000 0 0.0000 -1.0000 -1.0000 -1.0000 -1.0000 1.9156 1.6723 4.4967 -39.7241 -0.4707 0.3049 -0.0147 0.3406
Car 0.0000 0 0.0000 -1.0000 -1.0000 -1.0000 -1.0000 1.8486 1.4485 4.5073 -19.4067 4.8855 0.4573 -0.1632 0.3305
Car 0.0000 0 0.0000 -1.0000 -1.0000 -1.0000 -1.0000 1.9197 1.5908 4.5364 -31.9258 -1.0225 0.2601 -0.0160 0.3214
Truck 0.0000 0 0.0000 -1.0000 -1.0000 -1.0000 -1.0000 2.7720 3.2652 10.4579 22.8086 -4.6785 1.9200 2.9979 0.4716
Truck 0.0000 0 0.0000 -1.0000 -1.0000 -1.0000 -1.0000 2.5721 2.4105 6.8978 -69.5735 1.3516 0.3803 -0.1149 0.3579
Tricar 0.0000 0 0.0000 -1.0000 -1.0000 -1.0000 -1.0000 1.2212 1.7843 2.9048 4.8774 5.1389 0.9626 2.9895 0.5312
Tricar 0.0000 0 0.0000 -1.0000 -1.0000 -1.0000 -1.0000 1.2881 1.7636 2.7299 34.9026 2.1171 1.3062 3.0336 0.4273
Cyclist 0.0000 0 0.0000 -1.0000 -1.0000 -1.0000 -1.0000 0.7570 1.5673 1.7210 -1.1310 4.7137 0.8054 -0.0082 0.6470
Cyclist 0.0000 0 0.0000 -1.0000 -1.0000 -1.0000 -1.0000 0.7288 1.4971 1.6846 2.8307 -3.0237 0.7812 0.0016 0.6094
Cyclist 0.0000 0 0.0000 -1.0000 -1.0000 -1.0000 -1.0000 0.7012 1.4784 1.6913 -2.8084 -2.7810 0.7525 0.0139 0.5841
Cyclist 0.0000 0 0.0000 -1.0000 -1.0000 -1.0000 -1.0000 0.7482 1.5745 1.6965 -22.3627 -3.9547 0.5643 3.1171 0.5738
Cyclist 0.0000 0 0.0000 -1.0000 -1.0000 -1.0000 -1.0000 0.7686 1.5264 1.7989 -37.2427 5.8375 0.0609 -0.0262 0.5725
Cyclist 0.0000 0 0.0000 -1.0000 -1.0000 -1.0000 -1.0000 0.8374 1.5522 1.8225 -11.3396 -3.0681 0.8123 -3.1290 0.5367
Cyclist 0.0000 0 0.0000 -1.0000 -1.0000 -1.0000 -1.0000 0.7868 1.5126 1.7530 8.6412 0.9160 0.8023 3.0735 0.5367
Cyclist 0.0000 0 0.0000 -1.0000 -1.0000 -1.0000 -1.0000 0.7976 1.5472 1.7858 -9.3342 -9.3293 0.8901 0.0635 0.5333
Cyclist 0.0000 0 0.0000 -1.0000 -1.0000 -1.0000 -1.0000 0.7903 1.5630 1.7702 47.3827 -2.8802 1.4236 0.1664 0.5124
Cyclist 0.0000 0 0.0000 -1.0000 -1.0000 -1.0000 -1.0000 0.7725 1.5267 1.7545 13.4900 -5.9193 0.8985 3.0389 0.5115
Cyclist 0.0000 0 0.0000 -1.0000 -1.0000 -1.0000 -1.0000 0.7363 1.5501 1.7161 -21.4077 2.2960 0.5008 3.0721 0.5071
Cyclist 0.0000 0 0.0000 -1.0000 -1.0000 -1.0000 -1.0000 0.7533 1.5513 1.6814 7.3348 -0.4068 0.8704 3.0494 0.4799
Cyclist 0.0000 0 0.0000 -1.0000 -1.0000 -1.0000 -1.0000 0.7397 1.5563 1.6699 -18.2896 -5.4298 0.6303 3.1125 0.4764
Cyclist 0.0000 0 0.0000 -1.0000 -1.0000 -1.0000 -1.0000 0.7745 1.5131 1.7672 -18.5053 -3.4850 0.6269 -0.0943 0.4717
Cyclist 0.0000 0 0.0000 -1.0000 -1.0000 -1.0000 -1.0000 0.8731 1.5898 1.8179 18.2314 0.4202 0.9666 -0.1822 0.4659
Cyclist 0.0000 0 0.0000 -1.0000 -1.0000 -1.0000 -1.0000 0.7141 1.3762 1.7219 -22.6390 7.2864 0.4378 -1.7590 0.4012
Cyclist 0.0000 0 0.0000 -1.0000 -1.0000 -1.0000 -1.0000 0.7264 1.5418 1.6658 10.5628 -0.2822 0.8343 2.9546 0.3897
Cyclist 0.0000 0 0.0000 -1.0000 -1.0000 -1.0000 -1.0000 0.8229 1.6177 1.7425 14.7327 1.6403 1.0202 2.9712 0.3790
Cyclist 0.0000 0 0.0000 -1.0000 -1.0000 -1.0000 -1.0000 0.7887 1.5318 1.7487 14.6425 4.2300 0.8639 2.5323 0.3665
Cyclist 0.0000 0 0.0000 -1.0000 -1.0000 -1.0000 -1.0000 0.7631 1.5996 1.6802 41.6948 -3.0940 1.3684 2.9934 0.3654
Cyclist 0.0000 0 0.0000 -1.0000 -1.0000 -1.0000 -1.0000 0.7365 1.5605 1.6693 5.4230 -4.0168 0.8844 -0.1227 0.3597
Cyclist 0.0000 0 0.0000 -1.0000 -1.0000 -1.0000 -1.0000 0.6652 1.0480 1.6449 -12.0812 -16.5919 0.7753 -1.0527 0.3242
Cyclist 0.0000 0 0.0000 -1.0000 -1.0000 -1.0000 -1.0000 0.7901 1.5258 1.7381 28.8706 -12.3363 1.0382 -0.2497 0.3194
Cyclist 0.0000 0 0.0000 -1.0000 -1.0000 -1.0000 -1.0000 0.6638 1.1754 1.6150 25.2991 -12.3049 0.9289 2.8855 0.3121
Pedestrian 0.0000 0 0.0000 -1.0000 -1.0000 -1.0000 -1.0000 0.6747 1.6223 0.6108 2.6131 -8.9987 1.1090 3.0149 0.6473
Pedestrian 0.0000 0 0.0000 -1.0000 -1.0000 -1.0000 -1.0000 0.6883 1.6858 0.6564 21.6930 -10.7205 1.1796 2.9972 0.6387
Pedestrian 0.0000 0 0.0000 -1.0000 -1.0000 -1.0000 -1.0000 0.7110 1.7472 0.6710 10.0103 -8.4834 1.2130 3.0557 0.4821
