Car 0.0000 0 0.0000 -1.0000 -1.0000 -1.0000 -1.0000 2.0126 1.5482 4.5206 -28.1000 -6.2202 0.9763 -0.0069 0.7936
Car 0.0000 0 0.0000 -1.0000 -1.0000 -1.0000 -1.0000 1.9815 1.4410 4.5272 -20.4032 -1.0284 0.8462 0.0171 0.7907
Car 0.0000 0 0.0000 -1.0000 -1.0000 -1.0000 -1.0000 1.9875 1.5429 4.5328 -46.2288 -6.9680 1.1226 -3.1359 0.7238
Car 0.0000 0 0.0000 -1.0000 -1.0000 -1.0000 -1.0000 1.9826 1.4255 4.5408 3.4907 -4.2943 0.7070 -0.0159 0.7001
Car 0.0000 0 0.0000 -1.0000 -1.0000 -1.0000 -1.0000 1.9049 1.6838 4.4232 73.9350 -9.1153 0.9903 0.2687 0.6267
Car 0.0000 0 0.0000 -1.0000 -1.0000 -1.0000 -1.0000 1.9756 1.5316 4.5564 74.0164 3.1685 0.9967 -3.0622 0.5841
Car 0.0000 0 0.0000 -1.0000 -1.0000 -1.0000 -1.0000 2.0167 1.4902 4.5902 -36.3345 -3.6512 1.0408 -0.0275 0.5682
Car 0.0000 0 0.0000 -1.0000 -1.0000 -1.0000 -1.0000 1.9377 1.6768 4.5376 -42.5653 -0.4454 1.2131 3.1346 0.5676
Car 0.0000 0 0.0000 -1.0000 -1.0000 -1.0000 -1.0000 2.3435 2.2919 5.3045 -9.1127 -4.0597 1.1699 -3.1331 0.5234
Car 0.0000 0 0.0000 -1.0000 -1.0000 -1.0000 -1.0000 2.2438 2.3182 5.1491 32.2827 -0.2943 1.1449 -3.0469 0.4441
Car 0.0000 0 0.0000 -1.0000 -1.0000 -1.0000 -1.0000 1.8937 1.8100 4.6049 71.9021 -12.6311 0.9239 0.1998 0.3732
Car 0.0000 0 0.0000 -1.0000 -1.0000 -1.0000 -1.0000 2.1558 2.1074 5.1056 -58.5517 -3.9114 1.3891 -0.0743 0.3492
Cyclist 0.0000 0 0.0000 -1.0000 -1.0000 -1.0000 -1.0000 0.7880 1.5854 1.7385 42.3160 -10.7293 0.6361 0.0705 0.5061
