Car 0.0000 0 0.0000 -1.0000 -1.0000 -1.0000 -1.0000 1.9454 1.4796 4.4838 25.2774 3.1905 0.8179 0.0092 0.8117
Car 0.0000 0 0.0000 -1.0000 -1.0000 -1.0000 -1.0000 1.9751 1.7381 4.4431 17.7168 3.0777 0.9635 3.1230 0.7847
Car 0.0000 0 0.0000 -1.0000 -1.0000 -1.0000 -1.0000 2.0122 1.5039 4.6486 16.3421 -0.9354 0.8366 0.0420 0.7513
Car 0.0000 0 0.0000 -1.0000 -1.0000 -1.0000 -1.0000 1.8882 1.6397 4.4128 -60.1001 10.7349 0.4397 -0.0111 0.5995
Car 0.0000 0 0.0000 -1.0000 -1.0000 -1.0000 -1.0000 1.9801 1.4300 4.5217 27.1825 -3.9647 0.8851 -3.1052 0.5812
Car 0.0000 0 0.0000 -1.0000 -1.0000 -1.0000 -1.0000 2.0365 1.4575 4.5827 7.3671 -0.1554 0.7964 -0.0077 0.5274
Car 0.0000 0 0.0000 -1.0000 -1.0000 -1.0000 -1.0000 2.0668 1.8271 4.6725 -9.3111 0.3948 0.9362 -0.0016 0.5225
Car 0.0000 0 0.0000 -1.0000 -1.0000 -1.0000 -1.0000 1.8462 1.4873 4.3822 24.4252 -0.2631 0.8417 3.0864 0.3453
Truck 0.0000 0 0.0000 -1.0000 -1.0000 -1.0000 -1.0000 2.3134 2.5692 5.8609 70.6625 6.3684 1.3874 0.0893 0.3982
Truck 0.0000 0 0.0000 -1.0000 -1.0000 -1.0000 -1.0000 2.5583 2.7223 6.8266 -16.7861 0.3162 1.3644 -3.1279 0.3265
Truck 0.0000 0 0.0000 -1.0000 -1.0000 -1.0000 -1.0000 2.5142 2.8582 6.2576 76.8876 12.9444 1.4311 -0.0017 0.3180
Tricar 0.0000 0 0.0000 -1.0000 -1.0000 -1.0000 -1.0000 1.3016 1.6633 3.0222 56.7295 19.8791 0.5802 3.0470 0.4987
Cyclist 0.0000 0 0.0000 -1.0000 -1.0000 -1.0000 -1.0000 0.7493 1.5364 1.7804 42.6651 35.4193 0.2653 -1.7123 0.4810
Cyclist 0.0000 0 0.0000 -1.0000 -1.0000 -1.0000 -1.0000 0.8242 1.6289 1.7720 -11.9460 -10.8865 0.6974 0.0235 0.4544
Cyclist 0.0000 0 0.0000 -1.0000 -1.0000 -1.0000 -1.0000 0.7468 1.5598 1.7164 -48.1575 -11.3274 0.4595 -0.0879 0.4356
Cyclist 0.0000 0 0.0000 -1.0000 -1.0000 -1.0000 -1.0000 0.7553 1.5753 1.6926 50.5018 -2.7031 1.1444 0.3122 0.3725
