Car 0.0000 0 0.0000 -1.0000 -1.0000 -1.0000 -1.0000 1.9615 1.5080 4.6016 -75.7966 -0.6182 0.9628 -3.1326 0.5151
Car 0.0000 0 0.0000 -1.0000 -1.0000 -1.0000 -1.0000 1.9032 1.5096 4.5526 35.7628 -26.1086 0.6969 1.2007 0.5061
Car 0.0000 0 0.0000 -1.0000 -1.0000 -1.0000 -1.0000 1.8816 1.4761 4.4072 0.3280 3.1648 0.5931 -0.0943 0.4967
Car 0.0000 0 0.0000 -1.0000 -1.0000 -1.0000 -1.0000 1.9200 1.5018 4.6056 12.5650 40.8946 0.1565 -1.2135 0.4961
Car 0.0000 0 0.0000 -1.0000 -1.0000 -1.0000 -1.0000 1.9425 1.5236 4.6254 -80.3361 8.8560 0.9191 -3.1394 0.4003
Car 0.0000 0 0.0000 -1.0000 -1.0000 -1.0000 -1.0000 1.8468 1.4842 4.4809 -31.9819 14.6988 0.5029 -1.4090 0.3677
Car 0.0000 0 0.0000 -1.0000 -1.0000 -1.0000 -1.0000 1.9225 1.9343 4.5518 -33.0554 7.9354 0.9032 1.5836 0.3520
Car 0.0000 0 0.0000 -1.0000 -1.0000 -1.0000 -1.0000 1.9296 1.5936 4.5965 14.4814 -14.2596 0.8876 -0.7537 0.3371
Car 0.0000 0 0.0000 -1.0000 -1.0000 -1.0000 -1.0000 1.8219 1.7391 4.2816 -10.6486 7.0494 0.7911 1.4652 0.3315
Car 0.0000 0 0.0000 -1.0000 -1.0000 -1.0000 -1.0000 1.8440 1.5669 4.3404 -26.0840 6.1055 0.8028 -1.6389 0.3080
Tricar 0.0000 0 0.0000 -1.0000 -1.0000 -1.0000 -1.0000 1.2727 1.6860 3.0333 -10.5995 7.2074 0.7672 1.5078 0.4490
Tricar 0.0000 0 0.0000 -1.0000 -1.0000 -1.0000 -1.0000 1.2521 1.6301 3.0071 -6.3028 8.5763 0.6942 1.3789 0.3705
Tricar 0.0000 0 0.0000 -1.0000 -1.0000 -1.0000 -1.0000 1.2382 1.6456 3.1493 -12.6965 7.4004 0.7177 1.5720 0.3458
Tricar 0.0000 0 0.0000 -1.0000 -1.0000 -1.0000 -1.0000 1.3098 1.7352 3.0774 -25.1768 -3.8008 0.8754 1.3817 0.3363
Tricar 0.0000 0 0.0000 -1.0000 -1.0000 -1.0000 -1.0000 1.2909 1.7083 3.2502 1.3267 7.7041 0.7095 1.5784 0.3322
Tricar 0.0000 0 0.0000 -1.0000 -1.0000 -1.0000 -1.0000 1.2865 1.6870 2.9918 -16.1332 8.0838 0.7648 -1.0063 0.3247
Tricar 0.0000 0 0.0000 -1.0000 -1.0000 -1.0000 -1.0000 1.2152 1.5637 2.8731 17.1788 23.7272 0.3682 0.1637 0.3186
Tricar 0.0000 0 0.0000 -1.0000 -1.0000 -1.0000 -1.0000 1.3107 1.7250 3.2874 -4.8355 8.4583 0.7132 1.3835 0.3143
Cyclist 0.0000 0 0.0000 -1.0000 -1.0000 -1.0000 -1.0000 0.6976 1.2841 1.6899 18.5874 18.4576 0.2112 -3.0701 0.5034
Cyclist 0.0000 0 0.0000 -1.0000 -1.0000 -1.0000 -1.0000 0.7476 1.5759 1.6982 61.3277 -5.4877 0.3956 3.0783 0.4600
Cyclist 0.0000 0 0.0000 -1.0000 -1.0000 -1.0000 -1.0000 0.7425 1.2800 1.7764 -4.7824 13.6633 0.4654 -0.5145 0.4316
Cyclist 0.0000 0 0.0000 -1.0000 -1.0000 -1.0000 -1.0000 0.6879 1.2005 1.7349 36.6108 2.7546 0.2451 -1.5892 0.4153
Cyclist 0.0000 0 0.0000 -1.0000 -1.0000 -1.0000 -1.0000 0.8444 1.5273 1.8916 19.3027 15.7208 0.3983 0.0443 0.4108
Cyclist 0.0000 0 0.0000 -1.0000 -1.0000 -1.0000 -1.0000 0.8973 1.6053 1.8990 -65.4793 0.3663 0.9709 0.2218 0.4058
Cyclist 0.0000 0 0.0000 -1.0000 -1.0000 -1.0000 -1.0000 0.6490 1.2508 1.6379 18.3239 20.5888 0.2509 -2.9929 0.3888
Cyclist 0.0000 0 0.0000 -1.0000 -1.0000 -1.0000 -1.0000 0.7309 1.3636 1.7851 -18.7522 6.0289 0.5964 1.6393 0.3811
Cyclist 0.0000 0 0.0000 -1.0000 -1.0000 -1.0000 -1.0000 0.7456 1.3101 1.7525 41.1547 22.2429 -0.0648 2.4895 0.3793
Cyclist 0.0000 0 0.0000 -1.0000 -1.0000 -1.0000 -1.0000 0.7602 1.5076 1.7541 4.7674 30.4276 0.2230 1.5442 0.3761
Cyclist 0.0000 0 0.0000 -1.0000 -1.0000 -1.0000 -1.0000 0.6959 1.2269 1.7429 -50.2391 -2.0324 0.7756 1.5608 0.3405
Cyclist 0.0000 0 0.0000 -1.0000 -1.0000 -1.0000 -1.0000 0.6935 1.2877 1.7404 -19.5643 5.9626 0.5890 1.5351 0.3324
Cyclist 0.0000 0 0.0000 -1.0000 -1.0000 -1.0000 -1.0000 0.8796 1.6111 1.9392 -47.4803 8.1602 0.7359 -1.6181 0.3318
Cyclist 0.0000 0 0.0000 -1.0000 -1.0000 -1.0000 -1.0000 0.6743 1.1032 1.6697 -2.3216 16.8351 0.2956 -0.2940 0.3280
Cyclist 0.0000 0 0.0000 -1.0000 -1.0000 -1.0000 -1.0000 0.8391 1.5077 1.9184 50.2778 -10.5451 0.5060 1.8604 0.3247
Cyclist 0.0000 0 0.0000 -1.0000 -1.0000 -1.0000 -1.0000 0.7260 1.5286 1.6913 74.3222 -8.3977 0.2917 -0.1497 0.3199
Cyclist 0.0000 0 0.0000 -1.0000 -1.0000 -1.0000 -1.0000 0.7188 1.5105 1.7194 61.3238 -1.7645 0.2884 3.0807 0.3198
Cyclist 0.0000 0 0.0000 -1.0000 -1.0000 -1.0000 -1.0000 0.6760 1.2593 1.7054 -22.4913 -2.7942 0.6028 -1.6713 0.3176
Cyclist 0.0000 0 0.0000 -1.0000 -1.0000 -1.0000 -1.0000 0.6950 1.3089 1.7288 -36.5168 -3.7529 0.7184 1.4423 0.3145
Cyclist 0.0000 0 0.0000 -1.0000 -1.0000 -1.0000 -1.0000 0.6989 1.3610 1.7158 -12.8758 -3.3878 0.6869 1.6364 0.3086
Cyclist 0.0000 0 0.0000 -1.0000 -1.0000 -1.0000 -1.0000 0.7219 1.3991 1.7416 -1.2847 -4.6269 0.7853 -1.9344 0.3007
Pedestrian 0.0000 0 0.0000 -1.0000 -1.0000 -1.0000 -1.0000 0.6543 1.6145 0.5705 2.8246 0.8544 0.7828 3.1201 0.6120
Pedestrian 0.0000 0 0.0000 -1.0000 -1.0000 -1.0000 -1.0000 0.6951 1.6180 0.6583 -10.8950 0.6323 0.7640 3.0983 0.5363
Pedestrian 0.0000 0 0.0000 -1.0000 -1.0000 -1.0000 -1.0000 0.6996 1.6670 0.6534 15.7087 13.9086 0.5338 -2.9850 0.5031
Pedestrian 0.0000 0 0.0000 -1.0000 -1.0000 -1.0000 -1.0000 0.6782 1.6636 0.5898 1.3116 22.0610 0.4977 0.0161 0.4949
Pedestrian 0.0000 0 0.0000 -1.0000 -1.0000 -1.0000 -1.0000 0.6949 1.6456 0.6425 -2.9562 -7.8330 0.9135 2.8248 0.4501
Pedestrian 0.0000 0 0.0000 -1.0000 -1.0000 -1.0000 -1.0000 0.6929 1.6917 0.6059 3.2166 -10.2614 0.9857 -0.4371 0.4360
Pedestrian 0.0000 0 0.0000 -1.0000 -1.0000 -1.0000 -1.0000 0.7069 1.6601 0.6593 -8.1787 -5.9835 0.9720 3.1182 0.3571
Pedestrian 0.0000 0 0.0000 -1.0000 -1.0000 -1.0000 -1.0000 0.6774 1.6283 0.5876 25.7653 8.1062 0.4412 3.0173 0.3207
Pedestrian 0.0000 0 0.0000 -1.0000 -1.0000 -1.0000 -1.0000 0.7209 1.6818 0.6944 -7.5002 -0.7269 0.8453 3.1209 0.3188
