Car 0.0000 0 0.0000 -1.0000 -1.0000 -1.0000 -1.0000 1.9788 1.4900 4.6040 -29.8487 0.4698 0.3728 -0.0240 0.7552
Car 0.0000 0 0.0000 -1.0000 -1.0000 -1.0000 -1.0000 2.0400 1.6994 4.7014 -75.9529 -3.0301 0.4998 -3.1387 0.5519
Car 0.0000 0 0.0000 -1.0000 -1.0000 -1.0000 -1.0000 1.8947 1.5849 4.5802 6.9667 -12.9455 1.0387 1.5295 0.4356
Car 0.0000 0 0.0000 -1.0000 -1.0000 -1.0000 -1.0000 1.9648 1.8940 4.6972 -1.6825 3.4273 1.0148 3.1387 0.4209
Car 0.0000 0 0.0000 -1.0000 -1.0000 -1.0000 -1.0000 1.8855 1.4910 4.5432 -2.2597 -11.9480 0.9117 -1.4337 0.4035
Car 0.0000 0 0.0000 -1.0000 -1.0000 -1.0000 -1.0000 1.9271 1.6486 4.5774 2.3788 -16.8855 1.1194 1.5322 0.4012
Car 0.0000 0 0.0000 -1.0000 -1.0000 -1.0000 -1.0000 1.9457 1.5466 4.6195 63.4668 13.8349 1.2196 -0.0607 0.3986
Car 0.0000 0 0.0000 -1.0000 -1.0000 -1.0000 -1.0000 1.9290 1.5491 4.5932 0.5797 -11.7259 0.9524 -1.4947 0.3768
Car 0.0000 0 0.0000 -1.0000 -1.0000 -1.0000 -1.0000 2.1042 2.1798 4.8857 29.5418 0.9802 1.5508 2.1355 0.3599
Car 0.0000 0 0.0000 -1.0000 -1.0000 -1.0000 -1.0000 1.9325 1.7534 4.6676 65.9135 16.9181 1.3643 0.0054 0.3374
Car 0.0000 0 0.0000 -1.0000 -1.0000 -1.0000 -1.0000 1.9345 1.5031 4.6197 3.0464 -11.9238 0.9618 1.5280 0.3325
Car 0.0000 0 0.0000 -1.0000 -1.0000 -1.0000 -1.0000 1.9371 1.6045 4.6958 63.4544 8.8434 1.3834 -1.6792 0.3017
Truck 0.0000 0 0.0000 -1.0000 -1.0000 -1.0000 -1.0000 2.0281 2.0271 5.4225 29.6869 1.0111 1.5378 2.1103 0.3366
Cyclist 0.0000 0 0.0000 -1.0000 -1.0000 -1.0000 -1.0000 0.7467 1.5280 1.7143 1.1805 -6.8640 0.8240 3.1258 0.5595
Cyclist 0.0000 0 0.0000 -1.0000 -1.0000 -1.0000 -1.0000 0.7571 1.4938 1.7894 37.3764 12.5323 1.2702 1.3032 0.5227
Cyclist 0.0000 0 0.0000 -1.0000 -1.0000 -1.0000 -1.0000 0.7117 1.4718 1.7054 39.2126 -6.6136 1.3399 0.9500 0.5116
Cyclist 0.0000 0 0.0000 -1.0000 -1.0000 -1.0000 -1.0000 0.8859 1.6667 1.8116 -24.2999 -6.9493 0.6906 3.1336 0.3996
Cyclist 0.0000 0 0.0000 -1.0000 -1.0000 -1.0000 -1.0000 0.7859 1.4898 1.7929 25.1925 -11.3043 1.1910 -0.7788 0.3522
Cyclist 0.0000 0 0.0000 -1.0000 -1.0000 -1.0000 -1.0000 0.8031 1.4794 1.7902 23.0701 -3.1884 1.1585 -3.0033 0.3092
