Car 0.0000 0 0.0000 -1.0000 -1.0000 -1.0000 -1.0000 1.9993 1.4786 4.5925 -8.8314 6.8203 0.7191 3.1148 0.8322
Car 0.0000 0 0.0000 -1.0000 -1.0000 -1.0000 -1.0000 1.9506 1.4148 4.5819 -19.9000 3.1775 0.7426 0.0400 0.7952
Car 0.0000 0 0.0000 -1.0000 -1.0000 -1.0000 -1.0000 1.9661 1.7385 4.5893 -5.1690 18.1004 0.5818 3.1372 0.7872
Car 0.0000 0 0.0000 -1.0000 -1.0000 -1.0000 -1.0000 1.9775 1.4922 4.5296 -11.9784 -6.4552 0.7586 -0.0006 0.7836
Car 0.0000 0 0.0000 -1.0000 -1.0000 -1.0000 -1.0000 1.9691 1.5923 4.4791 11.8537 3.3065 0.7814 3.1174 0.7482
Car 0.0000 0 0.0000 -1.0000 -1.0000 -1.0000 -1.0000 1.9109 1.4488 4.4135 -28.9972 -5.1323 0.8140 -0.0781 0.7416
Car 0.0000 0 0.0000 -1.0000 -1.0000 -1.0000 -1.0000 1.9814 1.4757 4.5604 -7.1558 3.4929 0.7354 0.0218 0.7334
Car 0.0000 0 0.0000 -1.0000 -1.0000 -1.0000 -1.0000 2.0003 1.6578 4.6011 23.6425 3.2830 0.8613 0.0344 0.7268
Car 0.0000 0 0.0000 -1.0000 -1.0000 -1.0000 -1.0000 1.9487 1.4477 4.5578 -21.7230 6.8415 0.8026 -3.1284 0.7095
Car 0.0000 0 0.0000 -1.0000 -1.0000 -1.0000 -1.0000 1.9387 1.7368 4.4215 -16.0921 17.6955 0.5562 -0.0010 0.7010
Car 0.0000 0 0.0000 -1.0000 -1.0000 -1.0000 -1.0000 1.9451 1.5436 4.5209 -13.5398 3.2408 0.7842 0.0132 0.6645
Car 0.0000 0 0.0000 -1.0000 -1.0000 -1.0000 -1.0000 1.9871 1.7958 4.5362 -29.6533 6.1433 1.0769 -3.0922 0.6510
Car 0.0000 0 0.0000 -1.0000 -1.0000 -1.0000 -1.0000 2.0472 1.6580 4.6474 19.2450 -4.0757 0.8314 -3.1195 0.6353
Car 0.0000 0 0.0000 -1.0000 -1.0000 -1.0000 -1.0000 1.9640 1.4885 4.5700 0.2044 3.2417 0.7455 0.0222 0.6188
Car 0.0000 0 0.0000 -1.0000 -1.0000 -1.0000 -1.0000 1.9601 1.7582 4.5628 6.1235 3.7925 0.8664 3.1343 0.6018
Car 0.0000 0 0.0000 -1.0000 -1.0000 -1.0000 -1.0000 1.9172 1.8190 4.3958 9.9699 6.9022 0.9014 3.1261 0.5855
Car 0.0000 0 0.0000 -1.0000 -1.0000 -1.0000 -1.0000 2.0511 1.4279 4.6334 -25.1029 -0.1695 0.7862 -3.1411 0.5767
Car 0.0000 0 0.0000 -1.0000 -1.0000 -1.0000 -1.0000 1.9033 1.5774 4.4945 29.9913 3.4755 0.8868 0.0390 0.5528
Car 0.0000 0 0.0000 -1.0000 -1.0000 -1.0000 -1.0000 2.0153 1.5283 4.6400 -37.9802 5.0695 0.9482 -3.1263 0.5364
Car 0.0000 0 0.0000 -1.0000 -1.0000 -1.0000 -1.0000 1.9009 1.6514 4.4470 50.2001 2.6056 0.8541 0.0256 0.5290
Car 0.0000 0 0.0000 -1.0000 -1.0000 -1.0000 -1.0000 1.9013 1.4952 4.4850 1.7260 6.6282 0.7117 3.1339 0.5238
Car 0.0000 0 0.0000 -1.0000 -1.0000 -1.0000 -1.0000 1.9382 1.6735 4.5638 18.7312 6.5632 0.9277 3.1224 0.5150
Car 0.0000 0 0.0000 -1.0000 -1.0000 -1.0000 -1.0000 1.9184 1.5376 4.5948 -27.4716 17.7920 0.5575 3.1297 0.4751
Car 0.0000 0 0.0000 -1.0000 -1.0000 -1.0000 -1.0000 2.1095 2.2799 4.9527 4.2700 16.8299 0.9184 3.1331 0.4734
Car 0.0000 0 0.0000 -1.0000 -1.0000 -1.0000 -1.0000 1.9063 1.5207 4.4887 12.0382 17.0022 0.6698 -0.0113 0.4728
Car 0.0000 0 0.0000 -1.0000 -1.0000 -1.0000 -1.0000 1.9012 1.7553 4.5826 37.4935 2.8156 0.9679 0.0113 0.4612
Car 0.0000 0 0.0000 -1.0000 -1.0000 -1.0000 -1.0000 1.9655 1.7037 4.7025 -33.0407 14.3268 0.8585 -3.1132 0.4563
Car 0.0000 0 0.0000 -1.0000 -1.0000 -1.0000 -1.0000 1.8867 1.6373 4.4461 40.6847 6.4018 0.9413 0.0085 0.4336
Car 0.0000 0 0.0000 -1.0000 -1.0000 -1.0000 -1.0000 1.9584 1.4787 4.5397 -12.7995 20.9498 0.3734 -0.0172 0.4269
Car 0.0000 0 0.0000 -1.0000 -1.0000 -1.0000 -1.0000 1.9478 1.4801 4.5669 -50.0808 3.5140 1.0191 -3.0639 0.3962
Car 0.0000 0 0.0000 -1.0000 -1.0000 -1.0000 -1.0000 1.9212 1.5744 4.6241 -31.1791 20.5403 0.5549 0.0875 0.3631
Car 0.0000 0 0.0000 -1.0000 -1.0000 -1.0000 -1.0000 1.8544 1.4648 4.4795 -3.1570 21.4229 0.3966 3.1020 0.3431
Truck 0.0000 0 0.0000 -1.0000 -1.0000 -1.0000 -1.0000 2.7914 2.7231 8.9865 28.1880 7.2114 1.5084 3.1381 0.6342
Truck 0.0000 0 0.0000 -1.0000 -1.0000 -1.0000 -1.0000 2.6942 2.6090 7.7822 -23.9513 14.5755 1.1417 -3.1228 0.6160
Truck 0.0000 0 0.0000 -1.0000 -1.0000 -1.0000 -1.0000 1.9307 1.9809 4.8330 15.4536 -0.7713 1.0021 0.0279 0.4608
Truck 0.0000 0 0.0000 -1.0000 -1.0000 -1.0000 -1.0000 2.3254 2.3592 6.0772 33.4845 -0.6406 1.2575 0.0201 0.4335
Truck 0.0000 0 0.0000 -1.0000 -1.0000 -1.0000 -1.0000 2.7164 2.6982 8.7173 -42.7224 8.5366 1.5559 -3.1075 0.3280
Cyclist 0.0000 0 0.0000 -1.0000 -1.0000 -1.0000 -1.0000 0.7331 1.5843 1.7127 0.2702 32.0555 0.0191 -3.1373 0.3129
