Car 0.0000 0 0.0000 -1.0000 -1.0000 -1.0000 -1.0000 1.9742 1.5956 4.6114 37.6895 27.1302 0.4577 -1.5161 0.6774
Car 0.0000 0 0.0000 -1.0000 -1.0000 -1.0000 -1.0000 1.9352 1.7785 4.5270 64.2142 -8.2079 1.4322 0.4464 0.6574
Car 0.0000 0 0.0000 -1.0000 -1.0000 -1.0000 -1.0000 1.8791 1.4505 4.4417 37.5618 -19.8548 1.3925 1.5121 0.5961
Car 0.0000 0 0.0000 -1.0000 -1.0000 -1.0000 -1.0000 1.9515 1.6287 4.5861 48.2096 9.6709 1.0018 1.5824 0.4712
Car 0.0000 0 0.0000 -1.0000 -1.0000 -1.0000 -1.0000 1.8545 1.6142 4.4458 45.0011 -23.7027 1.7642 1.4916 0.4566
Car 0.0000 0 0.0000 -1.0000 -1.0000 -1.0000 -1.0000 1.8732 1.4938 4.4782 45.2853 -30.3031 1.6380 1.5076 0.3908
Car 0.0000 0 0.0000 -1.0000 -1.0000 -1.0000 -1.0000 2.1537 2.2634 5.0702 -65.4044 8.4232 0.7509 -3.1220 0.3482
Car 0.0000 0 0.0000 -1.0000 -1.0000 -1.0000 -1.0000 1.9455 1.4607 4.5377 0.1969 -3.7977 0.7619 3.1408 0.3214
Car 0.0000 0 0.0000 -1.0000 -1.0000 -1.0000 -1.0000 1.9459 1.8071 4.5679 51.4685 26.8313 0.5746 1.6113 0.3038
Truck 0.0000 0 0.0000 -1.0000 -1.0000 -1.0000 -1.0000 3.0049 3.3512 11.9677 -34.9833 -4.6845 1.5430 -0.0187 0.7072
Truck 0.0000 0 0.0000 -1.0000 -1.0000 -1.0000 -1.0000 2.4711 2.3442 6.5057 -69.6955 -4.7141 0.6978 0.0344 0.5259
Truck 0.0000 0 0.0000 -1.0000 -1.0000 -1.0000 -1.0000 2.4528 2.7087 6.3524 10.9380 -3.8008 1.5779 0.0427 0.4606
Truck 0.0000 0 0.0000 -1.0000 -1.0000 -1.0000 -1.0000 2.3881 3.1934 5.5856 -10.0857 10.9068 1.3854 -3.0842 0.4213
Truck 0.0000 0 0.0000 -1.0000 -1.0000 -1.0000 -1.0000 2.0683 2.0696 5.2622 -23.7912 -0.2078 0.9073 -3.1258 0.3954
Truck 0.0000 0 0.0000 -1.0000 -1.0000 -1.0000 -1.0000 2.0072 2.2227 5.1734 -8.3893 -3.4570 1.1373 -0.0211 0.3593
Tricar 0.0000 0 0.0000 -1.0000 -1.0000 -1.0000 -1.0000 2.4164 3.0433 5.5215 -10.2621 10.8624 1.2531 -3.0775 0.3680
