Car 0.0000 0 0.0000 -1.0000 -1.0000 -1.0000 -1.0000 1.9125 1.4025 4.4055 -22.3478 -5.1646 0.6863 -3.0926 0.7843
Car 0.0000 0 0.0000 -1.0000 -1.0000 -1.0000 -1.0000 2.0060 1.6046 4.6474 -49.7519 -2.6990 0.7434 -0.0283 0.5325
Car 0.0000 0 0.0000 -1.0000 -1.0000 -1.0000 -1.0000 1.9265 1.6335 4.5180 47.1422 -3.4232 1.3456 0.8411 0.4909
Car 0.0000 0 0.0000 -1.0000 -1.0000 -1.0000 -1.0000 1.9189 1.5722 4.5979 40.2813 -16.5373 1.6107 1.5545 0.4825
Car 0.0000 0 0.0000 -1.0000 -1.0000 -1.0000 -1.0000 1.9428 1.4964 4.5756 37.2509 7.5447 1.1762 -0.8474 0.4090
Car 0.0000 0 0.0000 -1.0000 -1.0000 -1.0000 -1.0000 1.9156 1.5698 4.5189 38.8283 1.7602 1.2577 2.2914 0.3603
Car 0.0000 0 0.0000 -1.0000 -1.0000 -1.0000 -1.0000 1.8624 1.4332 4.3931 -27.7340 -5.5049 0.6761 -3.0924 0.3559
Truck 0.0000 0 0.0000 -1.0000 -1.0000 -1.0000 -1.0000 2.9452 3.2797 9.7890 -67.1894 4.0645 1.4623 -3.1060 0.4502
Tricar 0.0000 0 0.0000 -1.0000 -1.0000 -1.0000 -1.0000 1.4814 2.0233 3.1447 19.6358 -2.9351 1.2728 3.1154 0.5514
Cyclist 0.0000 0 0.0000 -1.0000 -1.0000 -1.0000 -1.0000 0.7078 1.4508 1.7046 -25.4443 -1.5671 0.6675 3.1375 0.6902
Cyclist 0.0000 0 0.0000 -1.0000 -1.0000 -1.0000 -1.0000 0.7776 1.4584 1.7984 9.2262 6.7633 0.6496 3.0636 0.6628
Cyclist 0.0000 0 0.0000 -1.0000 -1.0000 -1.0000 -1.0000 0.7362 1.4650 1.7388 -2.3353 6.1209 0.5908 0.0020 0.6307
Cyclist 0.0000 0 0.0000 -1.0000 -1.0000 -1.0000 -1.0000 0.7968 1.5595 1.7541 61.2717 6.4402 0.9134 3.1250 0.3165
