Car 0.0000 0 0.0000 -1.0000 -1.0000 -1.0000 -1.0000 2.0129 1.4945 4.6517 -27.7284 13.8142 0.5407 -0.0130 0.7798
Car 0.0000 0 0.0000 -1.0000 -1.0000 -1.0000 -1.0000 2.0366 1.6865 4.8279 -46.0708 8.1572 0.8814 0.3527 0.5891
Car 0.0000 0 0.0000 -1.0000 -1.0000 -1.0000 -1.0000 1.9294 1.7049 4.6656 -33.6777 -37.4285 1.8563 1.2318 0.3681
Car 0.0000 0 0.0000 -1.0000 -1.0000 -1.0000 -1.0000 1.8608 1.4366 4.5366 -37.4071 -23.4473 1.3491 -1.2099 0.3503
Car 0.0000 0 0.0000 -1.0000 -1.0000 -1.0000 -1.0000 1.9065 1.5038 4.6197 -29.3992 41.8823 0.0210 -1.5232 0.3084
Car 0.0000 0 0.0000 -1.0000 -1.0000 -1.0000 -1.0000 1.8162 1.9227 4.2502 -27.1780 -2.4016 1.0129 0.4052 0.3014
Truck 0.0000 0 0.0000 -1.0000 -1.0000 -1.0000 -1.0000 2.5850 2.8520 6.5439 -40.6283 -14.9755 1.8389 1.4146 0.4246
Tricar 0.0000 0 0.0000 -1.0000 -1.0000 -1.0000 -1.0000 1.6040 1.8601 3.8843 -27.0128 -2.4556 1.0256 0.4263 0.4084
Cyclist 0.0000 0 0.0000 -1.0000 -1.0000 -1.0000 -1.0000 0.7708 1.5167 1.7905 -22.0125 -10.0793 0.8294 -2.8507 0.4821
Cyclist 0.0000 0 0.0000 -1.0000 -1.0000 -1.0000 -1.0000 0.8699 1.5679 1.9375 -30.3748 24.3473 0.1962 0.0091 0.3624
Cyclist 0.0000 0 0.0000 -1.0000 -1.0000 -1.0000 -1.0000 0.7407 1.4559 1.7500 -34.6722 -21.4135 1.2812 1.9347 0.3205
Pedestrian 0.0000 0 0.0000 -1.0000 -1.0000 -1.0000 -1.0000 0.7130 1.7036 0.6585 33.2842 -12.7396 1.2896 2.9950 0.3555
