Car 0.0000 0 0.0000 -1.0000 -1.0000 -1.0000 -1.0000 2.0249 1.4797 4.5844 21.3777 14.8831 0.5685 -3.1355 0.7955
Car 0.0000 0 0.0000 -1.0000 -1.0000 -1.0000 -1.0000 1.9520 1.5436 4.4866 18.3882 3.4078 0.8324 3.1077 0.7735
Car 0.0000 0 0.0000 -1.0000 -1.0000 -1.0000 -1.0000 1.9592 1.4652 4.5133 2.8781 17.3558 0.4453 -3.1221 0.7125
Car 0.0000 0 0.0000 -1.0000 -1.0000 -1.0000 -1.0000 1.8946 1.4558 4.4899 48.5843 14.4366 0.4290 3.0897 0.6603
Car 0.0000 0 0.0000 -1.0000 -1.0000 -1.0000 -1.0000 1.9389 1.4599 4.5208 30.8235 3.4248 0.7320 0.0241 0.6278
Car 0.0000 0 0.0000 -1.0000 -1.0000 -1.0000 -1.0000 2.0503 1.9790 4.7697 -10.5567 3.3536 1.0537 3.1394 0.6146
Car 0.0000 0 0.0000 -1.0000 -1.0000 -1.0000 -1.0000 1.9482 1.4874 4.5498 15.5655 0.3765 0.7778 -0.0615 0.5192
Car 0.0000 0 0.0000 -1.0000 -1.0000 -1.0000 -1.0000 1.8894 1.4945 4.4928 39.7097 35.1650 0.0326 -1.6144 0.5020
Car 0.0000 0 0.0000 -1.0000 -1.0000 -1.0000 -1.0000 1.9664 1.5629 4.6002 51.7708 3.5324 0.7808 0.0850 0.5014
Car 0.0000 0 0.0000 -1.0000 -1.0000 -1.0000 -1.0000 1.9018 1.6590 4.4716 42.4283 -21.4494 1.1710 1.6221 0.4997
Car 0.0000 0 0.0000 -1.0000 -1.0000 -1.0000 -1.0000 1.8913 1.5213 4.5733 41.3739 -28.3477 1.1008 1.6082 0.4376
Car 0.0000 0 0.0000 -1.0000 -1.0000 -1.0000 -1.0000 1.9634 1.5990 4.5209 33.0925 0.2359 0.8252 -3.1001 0.4156
Car 0.0000 0 0.0000 -1.0000 -1.0000 -1.0000 -1.0000 1.9219 1.9036 4.4561 -26.2191 3.5241 1.0641 3.1301 0.3217
Car 0.0000 0 0.0000 -1.0000 -1.0000 -1.0000 -1.0000 1.8788 1.7180 4.4807 45.5573 -21.6191 1.1443 1.6474 0.3124
Car 0.0000 0 0.0000 -1.0000 -1.0000 -1.0000 -1.0000 2.0593 2.2128 4.8788 36.0033 37.8384 0.3947 1.4817 0.3068
Truck 0.0000 0 0.0000 -1.0000 -1.0000 -1.0000 -1.0000 2.9631 3.2947 10.9290 -39.4776 3.1582 1.7347 3.1380 0.6272
Truck 0.0000 0 0.0000 -1.0000 -1.0000 -1.0000 -1.0000 3.0097 3.6012 9.6605 67.4681 14.8209 1.3493 -0.0144 0.5907
Truck 0.0000 0 0.0000 -1.0000 -1.0000 -1.0000 -1.0000 2.9413 3.4312 10.4430 -34.7192 -0.6362 1.8399 0.0299 0.5523
Truck 0.0000 0 0.0000 -1.0000 -1.0000 -1.0000 -1.0000 2.1834 2.2164 5.7506 35.6060 38.6737 0.4389 -1.6595 0.3455
Truck 0.0000 0 0.0000 -1.0000 -1.0000 -1.0000 -1.0000 1.9167 2.0261 4.6906 -25.8231 3.1088 1.1511 3.1332 0.3003
Tricar 0.0000 0 0.0000 -1.0000 -1.0000 -1.0000 -1.0000 1.5026 1.7308 3.3370 59.7057 -4.7000 0.6699 3.0002 0.3588
Cyclist 0.0000 0 0.0000 -1.0000 -1.0000 -1.0000 -1.0000 0.7445 1.5041 1.7378 48.7582 -10.4185 0.8160 0.2339 0.5714
Cyclist 0.0000 0 0.0000 -1.0000 -1.0000 -1.0000 -1.0000 0.7691 1.5308 1.7517 25.5968 -7.8410 0.9168 3.0978 0.5233
Cyclist 0.0000 0 0.0000 -1.0000 -1.0000 -1.0000 -1.0000 0.7821 1.5298 1.7868 7.8146 -6.2441 0.7894 -0.0884 0.4985
Cyclist 0.0000 0 0.0000 -1.0000 -1.0000 -1.0000 -1.0000 0.7941 1.5993 1.7452 28.7421 -4.9602 0.9171 0.0540 0.4634
Cyclist 0.0000 0 0.0000 -1.0000 -1.0000 -1.0000 -1.0000 0.7989 1.5247 1.7837 -29.1016 -8.1814 0.9107 0.0035 0.4461
Cyclist 0.0000 0 0.0000 -1.0000 -1.0000 -1.0000 -1.0000 0.7254 1.5369 1.6907 -9.1311 25.0830 0.3308 -0.0025 0.4245
Cyclist 0.0000 0 0.0000 -1.0000 -1.0000 -1.0000 -1.0000 0.7345 1.5229 1.7016 66.5992 -6.6945 0.3962 0.0185 0.3566
Cyclist 0.0000 0 0.0000 -1.0000 -1.0000 -1.0000 -1.0000 0.7787 1.4378 1.8314 62.0800 -8.0467 0.4602 -3.0424 0.3557
Cyclist 0.0000 0 0.0000 -1.0000 -1.0000 -1.0000 -1.0000 0.7025 1.3794 1.6839 -25.6579 24.6475 0.6446 0.0073 0.3473
