Car 0.0000 0 0.0000 -1.0000 -1.0000 -1.0000 -1.0000 1.9614 1.4198 4.4863 4.5163 -3.3196 0.7942 3.1225 0.8035
Car 0.0000 0 0.0000 -1.0000 -1.0000 -1.0000 -1.0000 1.9425 1.4728 4.5229 -48.5449 -4.8936 0.4036 3.1136 0.7538
Car 0.0000 0 0.0000 -1.0000 -1.0000 -1.0000 -1.0000 1.9489 1.4886 4.5419 -66.1173 -4.7498 0.3717 -3.1299 0.7337
Car 0.0000 0 0.0000 -1.0000 -1.0000 -1.0000 -1.0000 2.0684 1.7990 4.7581 -16.6994 -2.8844 0.8095 0.0038 0.6843
Car 0.0000 0 0.0000 -1.0000 -1.0000 -1.0000 -1.0000 1.9195 1.5994 4.5907 52.2692 31.1586 0.7798 1.5900 0.5451
Car 0.0000 0 0.0000 -1.0000 -1.0000 -1.0000 -1.0000 2.2916 2.1242 5.1761 -30.4229 -10.8294 0.8779 -0.0149 0.5267
Car 0.0000 0 0.0000 -1.0000 -1.0000 -1.0000 -1.0000 1.9493 1.7261 4.5404 12.8949 -6.2225 1.0557 3.0687 0.5214
Car 0.0000 0 0.0000 -1.0000 -1.0000 -1.0000 -1.0000 2.0175 2.0115 4.8356 53.5396 -29.9828 2.0399 1.6377 0.4101
Car 0.0000 0 0.0000 -1.0000 -1.0000 -1.0000 -1.0000 1.8895 1.7581 4.5422 58.5673 38.9669 1.0161 1.5388 0.4045
Car 0.0000 0 0.0000 -1.0000 -1.0000 -1.0000 -1.0000 1.9716 1.5152 4.6069 -73.1162 -1.1222 0.3594 -0.0981 0.3990
Car 0.0000 0 0.0000 -1.0000 -1.0000 -1.0000 -1.0000 1.8826 1.4946 4.5429 58.4985 30.9061 0.9266 1.5468 0.3698
Car 0.0000 0 0.0000 -1.0000 -1.0000 -1.0000 -1.0000 1.8819 1.5464 4.5082 55.6728 31.0367 0.8861 1.5305 0.3659
Truck 0.0000 0 0.0000 -1.0000 -1.0000 -1.0000 -1.0000 2.8017 3.0186 11.0588 21.9660 -0.4035 1.7686 3.1344 0.5230
Truck 0.0000 0 0.0000 -1.0000 -1.0000 -1.0000 -1.0000 2.9002 3.3021 9.5810 52.4286 40.7137 1.4725 1.5879 0.4426
Tricar 0.0000 0 0.0000 -1.0000 -1.0000 -1.0000 -1.0000 1.0482 1.5164 2.3237 23.7215 -21.0818 1.0792 -0.2256 0.3037
Cyclist 0.0000 0 0.0000 -1.0000 -1.0000 -1.0000 -1.0000 0.9408 1.5625 1.9901 23.8334 -21.0986 1.1017 -0.1805 0.3645
Pedestrian 0.0000 0 0.0000 -1.0000 -1.0000 -1.0000 -1.0000 0.6738 1.6552 0.5875 56.1203 -21.9910 1.9036 2.9963 0.5148
