Car 0.0000 0 0.0000 -1.0000 -1.0000 -1.0000 -1.0000 2.0417 1.6176 4.6776 14.2793 -8.9319 1.1055 -3.0988 0.7709
Car 0.0000 0 0.0000 -1.0000 -1.0000 -1.0000 -1.0000 1.9272 1.5377 4.5377 -40.5928 8.3699 0.4441 -3.0773 0.6110
Car 0.0000 0 0.0000 -1.0000 -1.0000 -1.0000 -1.0000 1.9552 1.6203 4.5791 -49.1281 5.0314 0.7353 -2.7169 0.5692
Car 0.0000 0 0.0000 -1.0000 -1.0000 -1.0000 -1.0000 2.1242 1.7637 4.7556 -22.9019 -3.3595 0.9323 -0.0000 0.5638
Car 0.0000 0 0.0000 -1.0000 -1.0000 -1.0000 -1.0000 1.9995 1.6330 4.7457 -58.7396 -3.8912 1.0051 -1.9991 0.5089
Car 0.0000 0 0.0000 -1.0000 -1.0000 -1.0000 -1.0000 1.9430 1.5197 4.6137 53.0506 0.1614 1.6000 0.1278 0.3195
Car 0.0000 0 0.0000 -1.0000 -1.0000 -1.0000 -1.0000 1.9016 1.7016 4.5407 22.6728 -14.7259 1.3518 1.5667 0.3030
Tricar 0.0000 0 0.0000 -1.0000 -1.0000 -1.0000 -1.0000 1.4982 1.9752 3.2959 -53.8271 15.3896 0.5251 -0.0017 0.3876
Cyclist 0.0000 0 0.0000 -1.0000 -1.0000 -1.0000 -1.0000 0.7998 1.5472 1.8135 8.1104 12.4326 0.4417 0.0405 0.6712
Cyclist 0.0000 0 0.0000 -1.0000 -1.0000 -1.0000 -1.0000 0.8345 1.5570 1.7979 2.7961 -6.8418 0.8968 3.0947 0.5519
Cyclist 0.0000 0 0.0000 -1.0000 -1.0000 -1.0000 -1.0000 0.7843 1.5285 1.7416 2.8236 -4.3513 0.8171 3.1089 0.5029
Cyclist 0.0000 0 0.0000 -1.0000 -1.0000 -1.0000 -1.0000 0.7249 1.5654 1.6774 -1.4129 13.4483 0.3424 3.1390 0.4534
Cyclist 0.0000 0 0.0000 -1.0000 -1.0000 -1.0000 -1.0000 0.7323 1.5290 1.7098 19.0519 13.0175 0.5926 3.1341 0.4278
Cyclist 0.0000 0 0.0000 -1.0000 -1.0000 -1.0000 -1.0000 0.7546 1.5252 1.7280 21.5436 11.9505 0.6467 0.0324 0.3783
Cyclist 0.0000 0 0.0000 -1.0000 -1.0000 -1.0000 -1.0000 0.7866 1.5831 1.7577 40.0292 12.8214 0.9574 -3.1174 0.3506
Cyclist 0.0000 0 0.0000 -1.0000 -1.0000 -1.0000 -1.0000 0.7172 1.2210 1.7337 27.0196 15.7344 0.4361 -0.0059 0.3206
