Car 0.0000 0 0.0000 -1.0000 -1.0000 -1.0000 -1.0000 1.9505 1.6254 4.5820 8.0489 25.6245 0.5038 -1.5143 0.6634
Car 0.0000 0 0.0000 -1.0000 -1.0000 -1.0000 -1.0000 1.9303 1.4194 4.5107 -50.0316 -1.1052 0.6939 -3.0492 0.6584
Car 0.0000 0 0.0000 -1.0000 -1.0000 -1.0000 -1.0000 1.9321 1.5245 4.5874 4.6965 25.3009 0.3816 -1.4920 0.5338
Car 0.0000 0 0.0000 -1.0000 -1.0000 -1.0000 -1.0000 1.9116 1.5623 4.5401 12.1943 17.5388 0.5291 3.1285 0.4819
Car 0.0000 0 0.0000 -1.0000 -1.0000 -1.0000 -1.0000 2.0727 1.8057 4.8893 46.2065 -3.3763 1.0453 3.1199 0.3976
Car 0.0000 0 0.0000 -1.0000 -1.0000 -1.0000 -1.0000 1.9071 1.5541 4.5227 2.7176 25.2347 0.3736 1.6179 0.3778
Car 0.0000 0 0.0000 -1.0000 -1.0000 -1.0000 -1.0000 1.9463 1.4912 4.6015 47.4369 -0.4602 0.9190 3.1149 0.3642
Cyclist 0.0000 0 0.0000 -1.0000 -1.0000 -1.0000 -1.0000 0.7879 1.5743 1.7753 8.9983 14.7484 0.4703 -0.0504 0.4204
Cyclist 0.0000 0 0.0000 -1.0000 -1.0000 -1.0000 -1.0000 0.7324 1.5815 1.6751 29.3235 -9.3810 0.7465 3.0931 0.3633
Cyclist 0.0000 0 0.0000 -1.0000 -1.0000 -1.0000 -1.0000 0.7123 1.5191 1.6891 -45.5563 -9.8554 0.7184 -0.0257 0.3203
