Car 0.0000 0 0.0000 -1.0000 -1.0000 -1.0000 -1.0000 2.0224 1.5952 4.6508 -31.1531 -4.7194 0.8403 -0.0451 0.7976
Car 0.0000 0 0.0000 -1.0000 -1.0000 -1.0000 -1.0000 1.9132 1.4414 4.4488 25.4278 5.0814 0.5526 3.0997 0.7594
Car 0.0000 0 0.0000 -1.0000 -1.0000 -1.0000 -1.0000 1.9059 1.4185 4.4049 7.9963 6.0255 0.6382 -0.0092 0.7128
Car 0.0000 0 0.0000 -1.0000 -1.0000 -1.0000 -1.0000 1.9129 1.4429 4.4842 19.9220 5.4963 0.5782 3.1372 0.6459
Car 0.0000 0 0.0000 -1.0000 -1.0000 -1.0000 -1.0000 1.8563 1.4020 4.4342 0.2250 6.3384 0.6160 -0.0494 0.5083
Car 0.0000 0 0.0000 -1.0000 -1.0000 -1.0000 -1.0000 1.9644 1.6301 4.5328 13.6216 5.8706 0.7326 -0.0128 0.4795
Car 0.0000 0 0.0000 -1.0000 -1.0000 -1.0000 -1.0000 1.8971 1.5660 4.5299 -50.6530 6.0302 0.6260 -1.5449 0.3543
Car 0.0000 0 0.0000 -1.0000 -1.0000 -1.0000 -1.0000 1.8960 1.5982 4.5410 -8.2182 14.2887 1.0007 -1.5613 0.3254
Car 0.0000 0 0.0000 -1.0000 -1.0000 -1.0000 -1.0000 1.8736 1.6149 4.4926 -55.9412 -4.6511 0.7891 0.0306 0.3156
Tricar 0.0000 0 0.0000 -1.0000 -1.0000 -1.0000 -1.0000 1.2991 1.6636 2.9089 -50.7185 -4.6895 0.7914 -0.0580 0.4832
Tricar 0.0000 0 0.0000 -1.0000 -1.0000 -1.0000 -1.0000 1.2181 1.6995 2.8121 -53.0711 2.1073 0.7533 -3.0988 0.4718
Cyclist 0.0000 0 0.0000 -1.0000 -1.0000 -1.0000 -1.0000 0.7298 1.5515 1.6900 3.3185 -3.5113 0.7267 -3.0886 0.6858
Cyclist 0.0000 0 0.0000 -1.0000 -1.0000 -1.0000 -1.0000 0.7599 1.5043 1.7783 22.4097 -4.4038 0.6096 -3.0737 0.5541
Cyclist 0.0000 0 0.0000 -1.0000 -1.0000 -1.0000 -1.0000 0.6830 1.2703 1.7407 -17.6905 6.4939 0.6260 1.4091 0.4824
Cyclist 0.0000 0 0.0000 -1.0000 -1.0000 -1.0000 -1.0000 0.7612 1.5059 1.7473 -31.7275 4.3161 0.6244 0.1360 0.4606
Cyclist 0.0000 0 0.0000 -1.0000 -1.0000 -1.0000 -1.0000 0.7106 1.5509 1.6749 63.9341 -5.4388 0.5322 3.1214 0.4165
Cyclist 0.0000 0 0.0000 -1.0000 -1.0000 -1.0000 -1.0000 0.6869 1.1320 1.7278 -7.1355 6.6644 0.6442 1.5788 0.3951
Cyclist 0.0000 0 0.0000 -1.0000 -1.0000 -1.0000 -1.0000 0.6507 1.3389 1.6431 0.8711 11.0443 0.6756 0.0301 0.3738
Cyclist 0.0000 0 0.0000 -1.0000 -1.0000 -1.0000 -1.0000 0.6853 1.3928 1.6806 -12.1879 9.0576 0.6706 -3.1248 0.3680
Cyclist 0.0000 0 0.0000 -1.0000 -1.0000 -1.0000 -1.0000 0.6564 1.1555 1.6922 -4.4498 6.5684 0.6063 1.6523 0.3649
Cyclist 0.0000 0 0.0000 -1.0000 -1.0000 -1.0000 -1.0000 0.7333 1.5766 1.6801 72.8794 0.2040 0.4188 3.0657 0.3617
Cyclist 0.0000 0 0.0000 -1.0000 -1.0000 -1.0000 -1.0000 0.6736 1.1602 1.6421 -25.4064 7.3679 0.5366 2.1834 0.3593
Cyclist 0.0000 0 0.0000 -1.0000 -1.0000 -1.0000 -1.0000 0.7055 1.1666 1.6905 -32.1359 6.9784 0.5618 -1.1683 0.3577
Cyclist 0.0000 0 0.0000 -1.0000 -1.0000 -1.0000 -1.0000 0.6850 1.1028 1.6908 -28.1720 6.7589 0.5364 -1.2309 0.3491
Cyclist 0.0000 0 0.0000 -1.0000 -1.0000 -1.0000 -1.0000 0.7124 1.1344 1.7210 -35.7941 6.6519 0.5062 -1.1561 0.3304
Cyclist 0.0000 0 0.0000 -1.0000 -1.0000 -1.0000 -1.0000 0.7059 1.2148 1.7120 -7.4553 10.7849 0.6581 -0.0205 0.3280
Cyclist 0.0000 0 0.0000 -1.0000 -1.0000 -1.0000 -1.0000 0.6982 1.2138 1.7027 -34.0096 -6.8974 0.7092 -0.1389 0.3019
Pedestrian 0.0000 0 0.0000 -1.0000 -1.0000 -1.0000 -1.0000 0.6870 1.6555 0.6205 -40.5182 9.0010 0.7649 0.0729 0.3837
