Car 0.0000 0 0.0000 -1.0000 -1.0000 -1.0000 -1.0000 2.1585 1.9154 4.8872 -31.4347 7.0232 0.8224 -3.0757 0.8435
Car 0.0000 0 0.0000 -1.0000 -1.0000 -1.0000 -1.0000 2.0951 1.8183 4.8423 -31.6144 3.1848 0.7546 -3.1174 0.7623
Car 0.0000 0 0.0000 -1.0000 -1.0000 -1.0000 -1.0000 1.9498 1.5262 4.6185 43.2843 -25.9672 1.1656 -1.4463 0.6246
Car 0.0000 0 0.0000 -1.0000 -1.0000 -1.0000 -1.0000 1.9451 1.4822 4.5215 56.3452 7.2478 0.6175 0.3780 0.5980
Car 0.0000 0 0.0000 -1.0000 -1.0000 -1.0000 -1.0000 1.9193 1.4895 4.5496 31.3994 35.7672 -0.0702 -1.9354 0.5705
Car 0.0000 0 0.0000 -1.0000 -1.0000 -1.0000 -1.0000 1.9591 1.5207 4.6313 -63.6960 -5.9928 -0.0452 -3.0289 0.5574
Car 0.0000 0 0.0000 -1.0000 -1.0000 -1.0000 -1.0000 1.8946 1.4633 4.4351 36.8415 26.5610 0.0029 -1.5831 0.5276
Car 0.0000 0 0.0000 -1.0000 -1.0000 -1.0000 -1.0000 1.9427 1.7953 4.5754 -49.2584 -19.4644 1.0889 1.6104 0.4899
Car 0.0000 0 0.0000 -1.0000 -1.0000 -1.0000 -1.0000 1.9110 1.7250 4.6314 -60.5694 -2.8215 0.1219 0.0805 0.4478
Car 0.0000 0 0.0000 -1.0000 -1.0000 -1.0000 -1.0000 1.9009 1.4679 4.5100 31.9422 26.1868 0.0283 -1.5495 0.4336
Car 0.0000 0 0.0000 -1.0000 -1.0000 -1.0000 -1.0000 2.0133 1.6581 4.7816 -81.7624 4.5842 -0.1578 -0.0138 0.4328
Car 0.0000 0 0.0000 -1.0000 -1.0000 -1.0000 -1.0000 1.9022 1.5813 4.5192 36.9608 31.8137 0.1190 -1.5017 0.3873
Car 0.0000 0 0.0000 -1.0000 -1.0000 -1.0000 -1.0000 2.0062 1.7936 4.7248 51.4874 -9.4793 0.9034 1.0248 0.3253
Car 0.0000 0 0.0000 -1.0000 -1.0000 -1.0000 -1.0000 1.8995 1.4741 4.5007 29.0637 28.1810 -0.0219 -1.6017 0.3175
Car 0.0000 0 0.0000 -1.0000 -1.0000 -1.0000 -1.0000 1.9061 1.5210 4.5866 29.3112 41.1028 -0.0895 -2.0201 0.3047
Cyclist 0.0000 0 0.0000 -1.0000 -1.0000 -1.0000 -1.0000 0.7567 1.5905 1.6924 -9.3690 -7.5785 0.8473 -3.0748 0.4543
Pedestrian 0.0000 0 0.0000 -1.0000 -1.0000 -1.0000 -1.0000 0.6925 1.6514 0.6446 -66.2088 -8.5547 0.0004 -3.1172 0.4493
