Car 0.0000 0 0.0000 -1.0000 -1.0000 -1.0000 -1.0000 2.0087 1.4544 4.5539 30.8767 2.4353 0.7787 0.0052 0.7964
Car 0.0000 0 0.0000 -1.0000 -1.0000 -1.0000 -1.0000 1.9438 1.4468 4.5676 -35.7294 4.6252 0.6398 -3.0510 0.6515
Car 0.0000 0 0.0000 -1.0000 -1.0000 -1.0000 -1.0000 2.0274 1.4518 4.6526 -55.5855 -1.1548 0.7273 -3.0904 0.6431
Car 0.0000 0 0.0000 -1.0000 -1.0000 -1.0000 -1.0000 1.9215 1.4745 4.5634 14.3592 21.8065 0.2611 -1.5506 0.6154
Car 0.0000 0 0.0000 -1.0000 -1.0000 -1.0000 -1.0000 2.0051 1.6713 4.5672 21.3644 9.3516 0.9408 -3.1209 0.6148
Car 0.0000 0 0.0000 -1.0000 -1.0000 -1.0000 -1.0000 1.9122 1.4378 4.5048 -15.3651 10.0005 0.5775 -3.1238 0.5253
Car 0.0000 0 0.0000 -1.0000 -1.0000 -1.0000 -1.0000 1.9649 1.5601 4.5914 57.5567 -4.2099 0.7050 2.7821 0.5046
Car 0.0000 0 0.0000 -1.0000 -1.0000 -1.0000 -1.0000 1.9221 1.6682 4.5518 61.4660 8.3582 0.7551 3.0921 0.4904
Car 0.0000 0 0.0000 -1.0000 -1.0000 -1.0000 -1.0000 1.9005 1.5244 4.4252 34.1662 6.9024 0.8681 0.0001 0.4771
Car 0.0000 0 0.0000 -1.0000 -1.0000 -1.0000 -1.0000 1.8876 1.5195 4.5258 4.7602 35.4449 -0.5049 -1.4373 0.4506
Car 0.0000 0 0.0000 -1.0000 -1.0000 -1.0000 -1.0000 1.9074 1.5862 4.5200 -55.6884 20.2721 0.4873 -1.5481 0.4403
Car 0.0000 0 0.0000 -1.0000 -1.0000 -1.0000 -1.0000 1.9312 1.6069 4.5509 42.3444 -9.3396 0.5549 -0.0848 0.4313
Car 0.0000 0 0.0000 -1.0000 -1.0000 -1.0000 -1.0000 1.8740 1.4193 4.5065 32.8593 -3.5252 0.6324 3.1326 0.4073
Car 0.0000 0 0.0000 -1.0000 -1.0000 -1.0000 -1.0000 1.9500 1.6693 4.6975 -48.2789 5.9625 0.8491 -3.0805 0.3960
Car 0.0000 0 0.0000 -1.0000 -1.0000 -1.0000 -1.0000 1.9159 1.4946 4.5966 27.3211 -10.8185 0.4580 -3.0595 0.3925
Car 0.0000 0 0.0000 -1.0000 -1.0000 -1.0000 -1.0000 1.9199 1.6313 4.5379 43.6243 -12.9900 0.5140 3.0785 0.3660
Car 0.0000 0 0.0000 -1.0000 -1.0000 -1.0000 -1.0000 1.8868 1.7616 4.5833 50.2386 -9.9405 0.5002 3.0585 0.3300
Truck 0.0000 0 0.0000 -1.0000 -1.0000 -1.0000 -1.0000 2.1767 2.1348 5.6164 7.1908 3.3865 1.1022 3.1269 0.4752
Truck 0.0000 0 0.0000 -1.0000 -1.0000 -1.0000 -1.0000 3.1455 4.2902 17.8604 -50.4477 9.2425 2.0936 -3.0792 0.3781
Cyclist 0.0000 0 0.0000 -1.0000 -1.0000 -1.0000 -1.0000 0.7971 1.5816 1.7658 41.0633 -6.6441 0.5939 3.0682 0.4424
Cyclist 0.0000 0 0.0000 -1.0000 -1.0000 -1.0000 -1.0000 0.9402 1.6486 1.8978 21.6125 16.8994 0.9803 -3.1369 0.3114
Cyclist 0.0000 0 0.0000 -1.0000 -1.0000 -1.0000 -1.0000 0.6802 1.3524 1.6768 4.6633 -14.5770 0.0852 -2.8447 0.3099
Pedestrian 0.0000 0 0.0000 -1.0000 -1.0000 -1.0000 -1.0000 0.6728 1.6207 0.5924 0.9735 24.3490 0.0297 0.9260 0.4885
