Car 0.0000 0 0.0000 -1.0000 -1.0000 -1.0000 -1.0000 2.0201 1.5639 4.5641 -37.7246 -2.9568 0.5946 3.0969 0.8300
Car 0.0000 0 0.0000 -1.0000 -1.0000 -1.0000 -1.0000 2.0009 1.5138 4.6459 22.3517 12.1703 0.7682 0.0260 0.8051
Car 0.0000 0 0.0000 -1.0000 -1.0000 -1.0000 -1.0000 2.0631 1.6656 4.6006 27.4705 15.8515 0.8705 -3.1366 0.7802
Car 0.0000 0 0.0000 -1.0000 -1.0000 -1.0000 -1.0000 1.9356 1.8749 4.3857 25.8530 -2.7099 1.0256 0.0353 0.7340
Car 0.0000 0 0.0000 -1.0000 -1.0000 -1.0000 -1.0000 1.9536 1.5511 4.5016 -16.8187 15.5657 0.6159 -3.1206 0.6711
Car 0.0000 0 0.0000 -1.0000 -1.0000 -1.0000 -1.0000 2.0619 1.5116 4.6999 39.8322 14.0609 0.7876 -3.1163 0.6203
Car 0.0000 0 0.0000 -1.0000 -1.0000 -1.0000 -1.0000 1.9408 1.4636 4.5321 -58.8208 -2.5963 0.4712 -0.0152 0.6185
Car 0.0000 0 0.0000 -1.0000 -1.0000 -1.0000 -1.0000 1.9201 1.7399 4.4384 -44.5548 11.8368 0.6363 -3.1311 0.5858
Car 0.0000 0 0.0000 -1.0000 -1.0000 -1.0000 -1.0000 1.9463 1.7045 4.5495 52.8451 10.5228 0.9664 3.1383 0.5266
Car 0.0000 0 0.0000 -1.0000 -1.0000 -1.0000 -1.0000 2.0980 1.9127 4.7273 49.7614 0.3803 1.1638 -3.0963 0.5199
Car 0.0000 0 0.0000 -1.0000 -1.0000 -1.0000 -1.0000 1.9322 1.4930 4.5124 -68.4853 13.1653 0.4117 -0.0060 0.4860
Car 0.0000 0 0.0000 -1.0000 -1.0000 -1.0000 -1.0000 1.9747 1.7758 4.5966 7.5806 12.5727 0.8630 3.1090 0.4578
Car 0.0000 0 0.0000 -1.0000 -1.0000 -1.0000 -1.0000 1.8790 1.7167 4.3413 -7.9707 9.3815 0.8083 -0.0087 0.4479
Car 0.0000 0 0.0000 -1.0000 -1.0000 -1.0000 -1.0000 1.9817 1.5059 4.6230 -57.1275 1.4665 0.5229 -0.0548 0.4477
Car 0.0000 0 0.0000 -1.0000 -1.0000 -1.0000 -1.0000 1.9241 1.5447 4.4916 27.2198 8.6865 0.8161 -3.1233 0.4462
Car 0.0000 0 0.0000 -1.0000 -1.0000 -1.0000 -1.0000 1.9065 1.5141 4.4225 -28.4588 8.5477 0.6062 -3.1059 0.3954
