Car 0.0000 0 0.0000 -1.0000 -1.0000 -1.0000 -1.0000 2.0359 1.5146 4.6617 -9.0873 5.0206 0.6935 0.0770 0.8400
Car 0.0000 0 0.0000 -1.0000 -1.0000 -1.0000 -1.0000 2.0044 1.4552 4.5812 -33.0497 2.4201 0.4962 -3.1239 0.7680
Car 0.0000 0 0.0000 -1.0000 -1.0000 -1.0000 -1.0000 2.0973 1.6801 4.7673 8.2360 2.8556 0.9519 0.0216 0.7155
Car 0.0000 0 0.0000 -1.0000 -1.0000 -1.0000 -1.0000 2.0440 1.5378 4.6619 7.9702 0.3875 0.8804 0.0285 0.6554
Car 0.0000 0 0.0000 -1.0000 -1.0000 -1.0000 -1.0000 1.8994 1.4480 4.5010 -20.1193 20.0260 0.1305 -1.6843 0.6196
Car 0.0000 0 0.0000 -1.0000 -1.0000 -1.0000 -1.0000 1.9315 1.7978 4.4151 24.5178 3.3979 1.2561 0.0233 0.6077
Car 0.0000 0 0.0000 -1.0000 -1.0000 -1.0000 -1.0000 1.9246 1.5536 4.5674 -0.3244 21.9051 0.4264 -1.1412 0.6006
Car 0.0000 0 0.0000 -1.0000 -1.0000 -1.0000 -1.0000 1.9200 1.5467 4.5231 -4.1015 21.6543 0.4042 -1.1787 0.5998
Car 0.0000 0 0.0000 -1.0000 -1.0000 -1.0000 -1.0000 1.9460 1.6455 4.4922 -0.3004 2.4744 0.8521 0.0081 0.5844
Car 0.0000 0 0.0000 -1.0000 -1.0000 -1.0000 -1.0000 1.8112 1.5448 4.2114 -35.3368 14.1491 0.1604 -3.0876 0.5323
Car 0.0000 0 0.0000 -1.0000 -1.0000 -1.0000 -1.0000 1.9145 1.6064 4.5496 6.3009 21.6973 0.5451 1.8105 0.5279
Car 0.0000 0 0.0000 -1.0000 -1.0000 -1.0000 -1.0000 1.9658 1.6432 4.5279 30.4834 3.4230 1.1985 -3.1337 0.5055
Car 0.0000 0 0.0000 -1.0000 -1.0000 -1.0000 -1.0000 1.9409 1.5201 4.6281 17.4710 22.1359 0.6116 -1.4019 0.5048
Car 0.0000 0 0.0000 -1.0000 -1.0000 -1.0000 -1.0000 1.9693 1.5567 4.5717 15.1304 3.3170 0.9642 3.1314 0.5038
Car 0.0000 0 0.0000 -1.0000 -1.0000 -1.0000 -1.0000 1.9195 1.4882 4.5442 -14.7971 21.3511 0.2103 -0.4708 0.4965
Car 0.0000 0 0.0000 -1.0000 -1.0000 -1.0000 -1.0000 1.9273 1.6157 4.4907 39.7156 3.5109 1.3102 0.1051 0.4876
Car 0.0000 0 0.0000 -1.0000 -1.0000 -1.0000 -1.0000 1.9340 1.8471 4.5338 3.4823 21.5284 0.6049 1.9265 0.4801
Car 0.0000 0 0.0000 -1.0000 -1.0000 -1.0000 -1.0000 1.9759 1.7164 4.7237 10.6248 22.3255 0.5903 1.7914 0.4626
Car 0.0000 0 0.0000 -1.0000 -1.0000 -1.0000 -1.0000 1.9122 1.5094 4.5842 21.6483 22.1729 0.6900 -1.4429 0.4506
Car 0.0000 0 0.0000 -1.0000 -1.0000 -1.0000 -1.0000 1.9217 1.5825 4.5329 -26.3769 18.9578 0.1353 -1.5952 0.4444
Car 0.0000 0 0.0000 -1.0000 -1.0000 -1.0000 -1.0000 1.9346 1.5456 4.6636 14.0739 22.2692 0.5584 -1.3741 0.4288
Car 0.0000 0 0.0000 -1.0000 -1.0000 -1.0000 -1.0000 1.8641 1.5947 4.5183 -13.0961 24.7973 0.3122 -0.1395 0.4079
Car 0.0000 0 0.0000 -1.0000 -1.0000 -1.0000 -1.0000 1.9619 1.7548 4.6037 -7.6934 21.4110 0.4972 2.0593 0.4075
Car 0.0000 0 0.0000 -1.0000 -1.0000 -1.0000 -1.0000 1.9008 1.5858 4.5419 24.3163 22.1977 0.7479 1.6292 0.4062
Car 0.0000 0 0.0000 -1.0000 -1.0000 -1.0000 -1.0000 1.8769 1.5169 4.5463 29.9623 22.1773 0.7946 1.6202 0.3943
Car 0.0000 0 0.0000 -1.0000 -1.0000 -1.0000 -1.0000 1.9839 1.5401 4.6563 14.5356 0.2593 0.9937 0.0169 0.3907
Car 0.0000 0 0.0000 -1.0000 -1.0000 -1.0000 -1.0000 1.8207 1.6170 4.3953 31.4024 29.5490 1.1437 -3.0420 0.3808
Car 0.0000 0 0.0000 -1.0000 -1.0000 -1.0000 -1.0000 2.1260 2.1426 4.8805 20.5496 0.2569 1.3854 0.0196 0.3715
Car 0.0000 0 0.0000 -1.0000 -1.0000 -1.0000 -1.0000 1.8986 1.6485 4.5005 27.3751 22.3605 0.8515 1.6217 0.3714
Car 0.0000 0 0.0000 -1.0000 -1.0000 -1.0000 -1.0000 1.8053 1.5842 4.3674 39.4643 -12.7656 1.8092 1.4870 0.3122
Car 0.0000 0 0.0000 -1.0000 -1.0000 -1.0000 -1.0000 1.9025 1.6657 4.6355 44.8764 -16.9214 2.1005 -2.7412 0.3084
Truck 0.0000 0 0.0000 -1.0000 -1.0000 -1.0000 -1.0000 2.9397 3.1791 11.2742 23.0384 10.8290 1.6278 0.0198 0.7401
Cyclist 0.0000 0 0.0000 -1.0000 -1.0000 -1.0000 -1.0000 0.7617 1.5400 1.7581 -30.2921 10.4331 0.2512 -3.0916 0.6612
Cyclist 0.0000 0 0.0000 -1.0000 -1.0000 -1.0000 -1.0000 0.7820 1.5561 1.7532 -5.2613 -6.1674 0.8390 -3.1190 0.6049
Cyclist 0.0000 0 0.0000 -1.0000 -1.0000 -1.0000 -1.0000 0.7312 1.4735 1.7286 -2.0916 16.1811 0.3181 -2.9445 0.6039
Cyclist 0.0000 0 0.0000 -1.0000 -1.0000 -1.0000 -1.0000 0.8012 1.5682 1.7903 7.9311 15.5845 0.5154 0.0602 0.5823
Cyclist 0.0000 0 0.0000 -1.0000 -1.0000 -1.0000 -1.0000 0.7929 1.5071 1.8273 -16.0361 14.4786 0.1897 -2.9840 0.5620
Cyclist 0.0000 0 0.0000 -1.0000 -1.0000 -1.0000 -1.0000 0.7204 1.5176 1.6982 -8.5750 14.5662 0.3170 -3.0109 0.5396
Cyclist 0.0000 0 0.0000 -1.0000 -1.0000 -1.0000 -1.0000 0.7464 1.5449 1.7444 0.6934 15.1529 0.4390 0.0669 0.5217
Cyclist 0.0000 0 0.0000 -1.0000 -1.0000 -1.0000 -1.0000 0.7519 1.5179 1.7306 3.9967 16.1172 0.4140 3.1333 0.5133
Cyclist 0.0000 0 0.0000 -1.0000 -1.0000 -1.0000 -1.0000 0.7340 1.5455 1.7456 -37.9554 10.9411 0.2307 0.0643 0.3947
Cyclist 0.0000 0 0.0000 -1.0000 -1.0000 -1.0000 -1.0000 0.8162 1.6758 1.7561 -19.3843 12.6916 0.3926 -2.9623 0.3417
Cyclist 0.0000 0 0.0000 -1.0000 -1.0000 -1.0000 -1.0000 0.7092 1.5310 1.6871 -65.5613 18.8449 0.1118 -0.0343 0.3322
Pedestrian 0.0000 0 0.0000 -1.0000 -1.0000 -1.0000 -1.0000 0.6558 1.5741 0.5589 -31.4935 16.3353 0.1003 0.5081 0.3515
