Car 0.0000 0 0.0000 -1.0000 -1.0000 -1.0000 -1.0000 1.9037 1.4166 4.4665 -2.7907 -8.2805 0.7756 -0.0259 0.7832
Car 0.0000 0 0.0000 -1.0000 -1.0000 -1.0000 -1.0000 1.8754 1.4350 4.4555 4.7126 6.7070 0.7007 3.1191 0.7572
Car 0.0000 0 0.0000 -1.0000 -1.0000 -1.0000 -1.0000 1.9231 1.3996 4.5108 -36.9983 -8.2617 0.8018 -0.0329 0.7569
Car 0.0000 0 0.0000 -1.0000 -1.0000 -1.0000 -1.0000 1.9272 1.4254 4.4680 -20.5043 8.9775 0.7116 3.0919 0.7562
Car 0.0000 0 0.0000 -1.0000 -1.0000 -1.0000 -1.0000 1.8755 1.4949 4.4216 27.4707 -8.5678 0.7728 0.0082 0.7508
Car 0.0000 0 0.0000 -1.0000 -1.0000 -1.0000 -1.0000 1.9305 1.4355 4.5085 -0.8289 3.9965 0.6941 0.0054 0.6241
Car 0.0000 0 0.0000 -1.0000 -1.0000 -1.0000 -1.0000 1.9002 1.6124 4.4018 -49.3506 -8.3711 0.8954 -3.1278 0.5825
Car 0.0000 0 0.0000 -1.0000 -1.0000 -1.0000 -1.0000 2.0494 2.0120 4.8541 -16.4022 -12.3400 1.1785 -1.5367 0.5697
Car 0.0000 0 0.0000 -1.0000 -1.0000 -1.0000 -1.0000 1.9417 1.4147 4.5782 -30.6283 -8.2795 0.8517 -0.0339 0.5691
Car 0.0000 0 0.0000 -1.0000 -1.0000 -1.0000 -1.0000 1.9863 1.4397 4.6083 -19.1964 5.1128 0.7523 3.1195 0.5555
Car 0.0000 0 0.0000 -1.0000 -1.0000 -1.0000 -1.0000 1.9822 1.4916 4.5711 -32.7758 4.0006 0.7759 -3.1157 0.5500
Car 0.0000 0 0.0000 -1.0000 -1.0000 -1.0000 -1.0000 1.9695 1.4492 4.6252 -44.3208 -0.2671 0.8350 -0.0197 0.5068
Car 0.0000 0 0.0000 -1.0000 -1.0000 -1.0000 -1.0000 1.9193 1.6417 4.5516 -52.8056 12.4565 0.7138 -3.0096 0.5039
Car 0.0000 0 0.0000 -1.0000 -1.0000 -1.0000 -1.0000 1.9564 1.6542 4.6523 -27.0389 -13.6561 1.1151 1.5949 0.4767
Car 0.0000 0 0.0000 -1.0000 -1.0000 -1.0000 -1.0000 1.8812 1.4551 4.5439 -42.7646 -8.3034 0.8033 3.1365 0.4678
Car 0.0000 0 0.0000 -1.0000 -1.0000 -1.0000 -1.0000 1.8351 1.5067 4.3457 -32.2590 12.8097 0.6985 -3.1040 0.4187
Car 0.0000 0 0.0000 -1.0000 -1.0000 -1.0000 -1.0000 1.9127 1.6154 4.5979 -29.7668 -13.7887 1.1282 1.5846 0.3984
Car 0.0000 0 0.0000 -1.0000 -1.0000 -1.0000 -1.0000 1.9303 1.5995 4.6347 -36.7296 -13.7259 1.1493 1.5484 0.3929
Car 0.0000 0 0.0000 -1.0000 -1.0000 -1.0000 -1.0000 1.9371 1.6612 4.7162 -59.8968 -14.1270 1.2422 1.5150 0.3873
Car 0.0000 0 0.0000 -1.0000 -1.0000 -1.0000 -1.0000 1.9433 1.5910 4.6911 -39.0139 -14.1299 1.1544 1.5617 0.3784
Car 0.0000 0 0.0000 -1.0000 -1.0000 -1.0000 -1.0000 1.8652 1.4805 4.5326 -33.6105 -12.9387 0.9618 -1.6323 0.3722
Car 0.0000 0 0.0000 -1.0000 -1.0000 -1.0000 -1.0000 1.8930 1.5319 4.5442 -45.0973 12.9776 0.6880 -3.0990 0.3625
Car 0.0000 0 0.0000 -1.0000 -1.0000 -1.0000 -1.0000 1.8360 1.5177 4.4165 -56.2173 -8.2978 0.7635 -0.0011 0.3565
Tricar 0.0000 0 0.0000 -1.0000 -1.0000 -1.0000 -1.0000 1.2476 1.4912 3.1989 -23.9106 13.7153 0.6407 3.0168 0.6465
Cyclist 0.0000 0 0.0000 -1.0000 -1.0000 -1.0000 -1.0000 0.7590 1.4252 1.7898 -7.9471 -6.7900 0.7367 3.1177 0.5721
Cyclist 0.0000 0 0.0000 -1.0000 -1.0000 -1.0000 -1.0000 0.8251 1.5404 1.8845 -11.8340 11.3284 0.6671 3.0966 0.5422
Cyclist 0.0000 0 0.0000 -1.0000 -1.0000 -1.0000 -1.0000 0.7648 1.2392 1.8207 15.9498 -9.2940 0.6881 0.1156 0.4477
Cyclist 0.0000 0 0.0000 -1.0000 -1.0000 -1.0000 -1.0000 0.7543 1.4918 1.7548 3.7338 12.5523 0.6669 -0.0086 0.4419
Cyclist 0.0000 0 0.0000 -1.0000 -1.0000 -1.0000 -1.0000 0.6615 1.0471 1.6553 12.8415 -8.6723 0.6694 1.0266 0.4344
Cyclist 0.0000 0 0.0000 -1.0000 -1.0000 -1.0000 -1.0000 0.7599 1.4597 1.7584 -10.3619 16.9608 0.7817 0.1443 0.4097
Cyclist 0.0000 0 0.0000 -1.0000 -1.0000 -1.0000 -1.0000 0.7654 1.6052 1.7173 22.3133 9.9696 0.7864 -0.0153 0.3909
Cyclist 0.0000 0 0.0000 -1.0000 -1.0000 -1.0000 -1.0000 0.7697 1.5441 1.7553 -15.6533 18.2181 0.8234 -1.0149 0.3720
Cyclist 0.0000 0 0.0000 -1.0000 -1.0000 -1.0000 -1.0000 0.6312 1.0730 1.6068 17.6520 -12.4718 0.9065 -0.0096 0.3326
Cyclist 0.0000 0 0.0000 -1.0000 -1.0000 -1.0000 -1.0000 0.6660 1.0614 1.6642 8.6828 -12.5997 0.8544 -3.1171 0.3245
Cyclist 0.0000 0 0.0000 -1.0000 -1.0000 -1.0000 -1.0000 0.7577 1.5556 1.7329 45.3803 12.4900 0.5807 0.0101 0.3225
Cyclist 0.0000 0 0.0000 -1.0000 -1.0000 -1.0000 -1.0000 0.6411 1.0653 1.6121 14.3435 -12.3648 0.8728 0.0134 0.3122
Pedestrian 0.0000 0 0.0000 -1.0000 -1.0000 -1.0000 -1.0000 0.7073 1.6904 0.6702 -2.2471 14.7840 0.8618 0.0164 0.4537
Pedestrian 0.0000 0 0.0000 -1.0000 -1.0000 -1.0000 -1.0000 0.7192 1.6777 0.6924 26.4177 16.5123 0.8810 -0.0095 0.3661
Pedestrian 0.0000 0 0.0000 -1.0000 -1.0000 -1.0000 -1.0000 0.7249 1.6340 0.6946 22.2968 10.0416 0.7643 3.1337 0.3596
