Car 0.0000 0 0.0000 -1.0000 -1.0000 -1.0000 -1.0000 1.9801 1.7059 4.6353 17.7387 -12.7995 1.1668 -1.5180 0.6284
Car 0.0000 0 0.0000 -1.0000 -1.0000 -1.0000 -1.0000 1.9830 1.4609 4.5628 -39.1757 0.1668 1.0238 -0.0133 0.6143
Car 0.0000 0 0.0000 -1.0000 -1.0000 -1.0000 -1.0000 2.0320 2.0175 4.7192 -3.5581 3.1944 0.9992 3.1215 0.5192
Car 0.0000 0 0.0000 -1.0000 -1.0000 -1.0000 -1.0000 1.9184 1.5315 4.6349 1.0926 -15.2325 1.1769 -1.6741 0.4392
Car 0.0000 0 0.0000 -1.0000 -1.0000 -1.0000 -1.0000 1.9021 1.5367 4.5623 22.3059 -12.7524 1.0431 1.6217 0.4137
Car 0.0000 0 0.0000 -1.0000 -1.0000 -1.0000 -1.0000 1.9048 1.6998 4.5877 68.0579 33.5226 0.4930 2.0149 0.3678
Car 0.0000 0 0.0000 -1.0000 -1.0000 -1.0000 -1.0000 1.8971 1.6527 4.6318 70.1464 8.8984 1.1077 1.5626 0.3444
Car 0.0000 0 0.0000 -1.0000 -1.0000 -1.0000 -1.0000 1.9243 1.4781 4.6652 20.2153 -12.5608 0.9817 1.6481 0.3069
Car 0.0000 0 0.0000 -1.0000 -1.0000 -1.0000 -1.0000 1.9248 1.8274 4.5901 25.1878 -12.9175 1.1838 1.6368 0.3062
Car 0.0000 0 0.0000 -1.0000 -1.0000 -1.0000 -1.0000 1.9024 1.4950 4.6424 10.5660 -34.8128 2.1531 1.7780 0.3053
Truck 0.0000 0 0.0000 -1.0000 -1.0000 -1.0000 -1.0000 2.2549 2.1738 5.8694 36.7086 3.2193 1.2184 0.0131 0.5376
Cyclist 0.0000 0 0.0000 -1.0000 -1.0000 -1.0000 -1.0000 0.8328 1.5912 1.8130 10.1065 23.9028 0.2564 -3.1386 0.4273
