Car 0.0000 0 0.0000 -1.0000 -1.0000 -1.0000 -1.0000 1.9971 1.4615 4.5968 5.0321 3.2262 0.7809 0.0059 0.8201
Car 0.0000 0 0.0000 -1.0000 -1.0000 -1.0000 -1.0000 1.9647 1.4905 4.5516 -11.1127 0.7255 0.7224 0.0093 0.7364
Car 0.0000 0 0.0000 -1.0000 -1.0000 -1.0000 -1.0000 2.0028 1.5548 4.5899 24.6367 2.8840 0.8793 3.1262 0.7016
Car 0.0000 0 0.0000 -1.0000 -1.0000 -1.0000 -1.0000 1.9882 1.4933 4.6130 -18.8257 3.3661 0.7298 0.0216 0.6691
Car 0.0000 0 0.0000 -1.0000 -1.0000 -1.0000 -1.0000 1.9328 1.4592 4.5355 -11.0368 3.4477 0.7510 0.0498 0.6541
Car 0.0000 0 0.0000 -1.0000 -1.0000 -1.0000 -1.0000 2.0186 1.6442 4.6000 9.0077 -0.1209 0.8507 -3.1343 0.6149
Car 0.0000 0 0.0000 -1.0000 -1.0000 -1.0000 -1.0000 1.9584 1.5632 4.5797 -34.9450 3.3511 0.7918 -0.0042 0.6111
Car 0.0000 0 0.0000 -1.0000 -1.0000 -1.0000 -1.0000 1.9660 1.4624 4.5811 -18.6717 0.2826 0.6919 0.0109 0.5852
Car 0.0000 0 0.0000 -1.0000 -1.0000 -1.0000 -1.0000 1.9613 1.5454 4.5883 -40.8347 3.1194 0.7997 -0.0014 0.5784
Car 0.0000 0 0.0000 -1.0000 -1.0000 -1.0000 -1.0000 1.9958 1.7973 4.6200 -27.5062 0.4496 0.9586 0.0236 0.5279
Car 0.0000 0 0.0000 -1.0000 -1.0000 -1.0000 -1.0000 1.8902 1.6026 4.4834 -27.8890 3.3605 0.8075 0.0213 0.4970
Car 0.0000 0 0.0000 -1.0000 -1.0000 -1.0000 -1.0000 1.8064 1.5082 4.3720 -8.7134 14.0195 0.4698 0.0063 0.4368
Car 0.0000 0 0.0000 -1.0000 -1.0000 -1.0000 -1.0000 1.9083 1.5528 4.5136 36.0911 2.3354 0.9330 3.1319 0.4081
Car 0.0000 0 0.0000 -1.0000 -1.0000 -1.0000 -1.0000 1.8673 1.5433 4.5062 -6.4488 17.3017 0.4232 3.1057 0.3226
Truck 0.0000 0 0.0000 -1.0000 -1.0000 -1.0000 -1.0000 2.8789 3.0084 9.3070 -48.7943 0.2974 1.7881 -0.0120 0.3961
