Car 0.0000 0 0.0000 -1.0000 -1.0000 -1.0000 -1.0000 1.9307 1.4702 4.5637 5.2689 -4.8163 0.7498 0.0176 0.7762
Car 0.0000 0 0.0000 -1.0000 -1.0000 -1.0000 -1.0000 2.0345 1.7859 4.7060 -56.6727 6.7178 0.7889 -0.0668 0.6963
Car 0.0000 0 0.0000 -1.0000 -1.0000 -1.0000 -1.0000 1.9880 1.4546 4.5613 14.2555 0.0791 0.7758 0.0575 0.6847
Car 0.0000 0 0.0000 -1.0000 -1.0000 -1.0000 -1.0000 2.0265 1.6325 4.6657 11.3127 -4.4293 0.8644 -3.1113 0.6734
Car 0.0000 0 0.0000 -1.0000 -1.0000 -1.0000 -1.0000 1.9383 1.4581 4.5405 -44.2578 -2.1948 0.6494 -0.0221 0.6727
Car 0.0000 0 0.0000 -1.0000 -1.0000 -1.0000 -1.0000 1.8580 1.4304 4.4538 -0.5155 9.0333 0.4772 -0.1202 0.6510
Car 0.0000 0 0.0000 -1.0000 -1.0000 -1.0000 -1.0000 1.9369 1.5113 4.4971 -7.4388 -4.5216 0.7434 -0.0092 0.6262
Car 0.0000 0 0.0000 -1.0000 -1.0000 -1.0000 -1.0000 1.8798 1.5060 4.4588 41.0711 -3.0049 0.8754 0.0320 0.5956
Car 0.0000 0 0.0000 -1.0000 -1.0000 -1.0000 -1.0000 1.9875 1.6465 4.6265 -2.0529 -4.6728 0.8197 -0.0227 0.5935
Car 0.0000 0 0.0000 -1.0000 -1.0000 -1.0000 -1.0000 1.8987 1.4663 4.5112 0.7297 14.2425 0.3428 -1.5877 0.5842
Car 0.0000 0 0.0000 -1.0000 -1.0000 -1.0000 -1.0000 2.0009 1.7777 4.7135 6.3562 17.1795 0.5265 1.6107 0.5628
Car 0.0000 0 0.0000 -1.0000 -1.0000 -1.0000 -1.0000 1.9413 1.5199 4.5844 -67.6793 11.9871 0.6730 -0.0784 0.5585
Car 0.0000 0 0.0000 -1.0000 -1.0000 -1.0000 -1.0000 2.2282 2.0213 5.1768 -34.6063 1.0975 0.9958 3.0313 0.5505
Car 0.0000 0 0.0000 -1.0000 -1.0000 -1.0000 -1.0000 1.8683 1.7924 4.4520 -34.6795 -3.1101 0.8870 -0.0856 0.5226
Car 0.0000 0 0.0000 -1.0000 -1.0000 -1.0000 -1.0000 1.9338 1.5054 4.4910 40.7056 1.7545 0.8190 0.0007 0.5114
Car 0.0000 0 0.0000 -1.0000 -1.0000 -1.0000 -1.0000 1.9211 1.5308 4.5529 6.0990 11.2354 0.5373 -1.4314 0.5089
Car 0.0000 0 0.0000 -1.0000 -1.0000 -1.0000 -1.0000 1.9585 1.6136 4.6007 -49.4329 -1.6812 0.7135 -0.0955 0.5035
Car 0.0000 0 0.0000 -1.0000 -1.0000 -1.0000 -1.0000 1.8746 1.4651 4.5132 9.2384 11.0058 0.4866 -1.3331 0.4525
Car 0.0000 0 0.0000 -1.0000 -1.0000 -1.0000 -1.0000 1.9420 1.5710 4.6156 -53.7244 10.8801 0.5874 2.9885 0.4354
Car 0.0000 0 0.0000 -1.0000 -1.0000 -1.0000 -1.0000 1.8697 2.0195 4.4937 20.1774 -4.5153 1.0998 0.0462 0.4152
Car 0.0000 0 0.0000 -1.0000 -1.0000 -1.0000 -1.0000 1.9328 1.5042 4.5714 -55.1071 -0.4081 0.6960 -0.0406 0.4014
Car 0.0000 0 0.0000 -1.0000 -1.0000 -1.0000 -1.0000 1.9515 1.5318 4.6565 -42.5542 10.0457 0.5791 3.1129 0.3759
Car 0.0000 0 0.0000 -1.0000 -1.0000 -1.0000 -1.0000 1.9624 1.5983 4.6547 72.9442 4.9945 1.0313 0.0948 0.3594
Car 0.0000 0 0.0000 -1.0000 -1.0000 -1.0000 -1.0000 1.8786 1.4706 4.6303 -16.1705 7.7410 0.4932 -0.0058 0.3492
Car 0.0000 0 0.0000 -1.0000 -1.0000 -1.0000 -1.0000 1.8701 1.6103 4.5199 -62.5112 12.9869 0.6246 -0.0491 0.3412
Truck 0.0000 0 0.0000 -1.0000 -1.0000 -1.0000 -1.0000 2.3009 2.3143 6.1493 -17.7340 -4.3200 1.1416 3.0327 0.5297
Truck 0.0000 0 0.0000 -1.0000 -1.0000 -1.0000 -1.0000 2.6125 3.0476 6.4659 66.8844 -0.5757 1.9509 0.1319 0.4421
Truck 0.0000 0 0.0000 -1.0000 -1.0000 -1.0000 -1.0000 2.2983 2.1306 5.9493 -33.3188 8.9602 0.8998 -0.0029 0.4149
Truck 0.0000 0 0.0000 -1.0000 -1.0000 -1.0000 -1.0000 2.5681 3.0639 6.5055 -10.0297 7.3374 1.4569 -0.0426 0.4089
Tricar 0.0000 0 0.0000 -1.0000 -1.0000 -1.0000 -1.0000 1.3548 1.7435 3.1900 32.1573 -2.1362 1.0382 0.0536 0.5006
Cyclist 0.0000 0 0.0000 -1.0000 -1.0000 -1.0000 -1.0000 0.7750 1.5715 1.7525 -0.2434 4.5959 0.6510 -0.0168 0.6526
Cyclist 0.0000 0 0.0000 -1.0000 -1.0000 -1.0000 -1.0000 0.7856 1.5670 1.7464 51.7436 1.1140 0.9299 0.1442 0.3798
