Car 0.0000 0 0.0000 -1.0000 -1.0000 -1.0000 -1.0000 1.9537 1.4374 4.5205 23.6928 3.2021 0.8062 0.0873 0.7838
Car 0.0000 0 0.0000 -1.0000 -1.0000 -1.0000 -1.0000 1.9966 1.5675 4.6340 6.9760 4.8808 0.8244 0.0579 0.7698
Car 0.0000 0 0.0000 -1.0000 -1.0000 -1.0000 -1.0000 2.0239 1.6526 4.6682 -40.6509 -1.4709 0.6757 -3.0547 0.7411
Car 0.0000 0 0.0000 -1.0000 -1.0000 -1.0000 -1.0000 2.0511 1.5461 4.6438 34.2149 0.6714 0.9419 -3.1021 0.6314
Car 0.0000 0 0.0000 -1.0000 -1.0000 -1.0000 -1.0000 1.9950 1.5149 4.6312 45.2293 7.2610 0.8911 0.0515 0.5905
Car 0.0000 0 0.0000 -1.0000 -1.0000 -1.0000 -1.0000 1.9531 1.6331 4.6804 62.3358 5.2662 1.1337 3.0528 0.3749
Tricar 0.0000 0 0.0000 -1.0000 -1.0000 -1.0000 -1.0000 1.3642 1.6205 3.1978 -67.5676 -4.5229 0.6520 -0.0134 0.4323
Cyclist 0.0000 0 0.0000 -1.0000 -1.0000 -1.0000 -1.0000 0.8290 1.5667 1.8537 14.1370 1.3696 0.8393 -3.0500 0.4986
Cyclist 0.0000 0 0.0000 -1.0000 -1.0000 -1.0000 -1.0000 0.8591 1.5698 1.9066 -8.2898 8.3464 0.7233 -3.1315 0.4781
Pedestrian 0.0000 0 0.0000 -1.0000 -1.0000 -1.0000 -1.0000 0.6920 1.6371 0.6200 -54.5960 -8.8416 0.6303 0.5888 0.4445
