Car 0.0000 0 0.0000 -1.0000 -1.0000 -1.0000 -1.0000 1.9823 1.6098 4.5982 -13.8706 0.1135 0.7174 3.1390 0.7038
Car 0.0000 0 0.0000 -1.0000 -1.0000 -1.0000 -1.0000 2.0019 1.6748 4.4955 19.2493 -3.3357 1.1468 0.0239 0.6122
Car 0.0000 0 0.0000 -1.0000 -1.0000 -1.0000 -1.0000 2.0245 1.4683 4.5678 7.4869 -0.2970 0.8597 -3.1313 0.5822
Car 0.0000 0 0.0000 -1.0000 -1.0000 -1.0000 -1.0000 2.0290 1.6493 4.7759 -55.8525 -25.1178 0.9585 -2.7608 0.4386
Car 0.0000 0 0.0000 -1.0000 -1.0000 -1.0000 -1.0000 1.9656 1.7248 4.8026 43.2773 7.2415 1.5338 3.0265 0.4201
Car 0.0000 0 0.0000 -1.0000 -1.0000 -1.0000 -1.0000 1.9180 1.7406 4.5175 15.5172 -0.2695 1.0835 3.1283 0.4175
Car 0.0000 0 0.0000 -1.0000 -1.0000 -1.0000 -1.0000 1.9333 1.6946 4.6455 59.7110 3.6583 1.7673 2.7903 0.3624
Car 0.0000 0 0.0000 -1.0000 -1.0000 -1.0000 -1.0000 1.9749 1.6448 4.5555 23.7929 -0.3559 1.2671 0.0106 0.3515
Car 0.0000 0 0.0000 -1.0000 -1.0000 -1.0000 -1.0000 1.9671 1.5537 4.6307 35.3482 -3.9474 1.2602 3.1036 0.3382
Car 0.0000 0 0.0000 -1.0000 -1.0000 -1.0000 -1.0000 1.9815 1.5996 4.5910 28.2705 -3.7116 1.3189 0.0105 0.3081
Truck 0.0000 0 0.0000 -1.0000 -1.0000 -1.0000 -1.0000 2.9049 3.3340 9.8050 34.8638 -7.2727 2.1365 3.1355 0.5911
Cyclist 0.0000 0 0.0000 -1.0000 -1.0000 -1.0000 -1.0000 0.7372 1.5369 1.7374 -8.9171 7.3085 0.5527 3.1159 0.6448
Cyclist 0.0000 0 0.0000 -1.0000 -1.0000 -1.0000 -1.0000 0.7654 1.5692 1.7260 -11.1685 -13.5506 0.5496 3.0948 0.4180
Cyclist 0.0000 0 0.0000 -1.0000 -1.0000 -1.0000 -1.0000 0.7181 1.5455 1.6652 45.1917 -13.5258 1.2194 -2.9196 0.3295
