Car 0.0000 0 0.0000 -1.0000 -1.0000 -1.0000 -1.0000 2.0631 1.6584 4.7453 42.8275 23.4795 0.0557 -3.0046 0.8203
Car 0.0000 0 0.0000 -1.0000 -1.0000 -1.0000 -1.0000 2.1086 1.8322 4.7468 -12.3409 0.1006 0.9725 -3.1372 0.7857
Car 0.0000 0 0.0000 -1.0000 -1.0000 -1.0000 -1.0000 2.0737 1.7464 4.8185 -2.6712 -2.9474 0.8908 -0.0124 0.7855
Car 0.0000 0 0.0000 -1.0000 -1.0000 -1.0000 -1.0000 1.9309 1.4673 4.5591 45.4116 29.7861 -0.1745 -2.9466 0.7154
Car 0.0000 0 0.0000 -1.0000 -1.0000 -1.0000 -1.0000 1.9300 1.5450 4.5231 40.3191 29.6019 -0.0860 -3.0204 0.6761
Car 0.0000 0 0.0000 -1.0000 -1.0000 -1.0000 -1.0000 1.9101 1.5423 4.6121 -4.9313 -21.9547 1.3533 1.6275 0.4337
Car 0.0000 0 0.0000 -1.0000 -1.0000 -1.0000 -1.0000 1.9866 1.7502 4.8234 -2.7608 -21.6925 1.5276 1.5669 0.4192
Car 0.0000 0 0.0000 -1.0000 -1.0000 -1.0000 -1.0000 1.9530 1.8141 4.7570 -8.3696 -21.9683 1.4968 1.6206 0.3943
Car 0.0000 0 0.0000 -1.0000 -1.0000 -1.0000 -1.0000 1.9404 1.5483 4.6632 54.8057 23.3148 -0.1228 -1.0952 0.3648
Car 0.0000 0 0.0000 -1.0000 -1.0000 -1.0000 -1.0000 1.9151 1.4871 4.5483 50.7373 30.4337 -0.1897 0.2112 0.3637
Car 0.0000 0 0.0000 -1.0000 -1.0000 -1.0000 -1.0000 1.9219 1.7348 4.6635 -36.8708 -22.7903 1.6821 1.5396 0.3518
Car 0.0000 0 0.0000 -1.0000 -1.0000 -1.0000 -1.0000 1.9189 1.6621 4.6564 -10.5736 -21.9764 1.4125 1.6115 0.3478
Car 0.0000 0 0.0000 -1.0000 -1.0000 -1.0000 -1.0000 1.8787 1.5289 4.4914 47.6278 22.2030 -0.0118 -1.0582 0.3330
Car 0.0000 0 0.0000 -1.0000 -1.0000 -1.0000 -1.0000 1.9511 1.6358 4.6684 50.9444 23.1324 -0.0490 -1.1210 0.3248
Truck 0.0000 0 0.0000 -1.0000 -1.0000 -1.0000 -1.0000 2.4078 2.2605 6.2374 59.9453 25.1825 0.2092 -0.5527 0.3542
Cyclist 0.0000 0 0.0000 -1.0000 -1.0000 -1.0000 -1.0000 0.7849 1.5182 1.7925 15.3518 14.4369 0.3427 3.0920 0.6011
Cyclist 0.0000 0 0.0000 -1.0000 -1.0000 -1.0000 -1.0000 0.8178 1.6011 1.8351 25.2461 -30.9578 1.4538 1.4838 0.5224
Cyclist 0.0000 0 0.0000 -1.0000 -1.0000 -1.0000 -1.0000 0.7589 1.6067 1.7001 44.5192 -12.3661 0.6632 0.3024 0.5193
Pedestrian 0.0000 0 0.0000 -1.0000 -1.0000 -1.0000 -1.0000 0.7054 1.6684 0.6498 48.2586 14.4276 0.1746 -0.0235 0.3970
Pedestrian 0.0000 0 0.0000 -1.0000 -1.0000 -1.0000 -1.0000 0.7037 1.7289 0.6194 -48.5110 -14.0791 1.2462 0.2435 0.3844
Pedestrian 0.0000 0 0.0000 -1.0000 -1.0000 -1.0000 -1.0000 0.7276 1.6895 0.7083 -54.1182 -11.6996 1.1390 0.0430 0.3062
