Car 0.0000 0 0.0000 -1.0000 -1.0000 -1.0000 -1.0000 1.9806 1.4900 4.6998 -58.1965 0.7748 0.6906 -3.1270 0.7325
Car 0.0000 0 0.0000 -1.0000 -1.0000 -1.0000 -1.0000 1.9740 1.4383 4.5986 12.0901 -9.6890 0.8798 -0.0418 0.6321
Car 0.0000 0 0.0000 -1.0000 -1.0000 -1.0000 -1.0000 1.9757 1.6250 4.5935 21.5604 -9.7148 0.9798 -0.0474 0.5867
Car 0.0000 0 0.0000 -1.0000 -1.0000 -1.0000 -1.0000 1.8980 1.4702 4.4960 -11.1437 19.9800 0.3913 -1.5507 0.5690
Car 0.0000 0 0.0000 -1.0000 -1.0000 -1.0000 -1.0000 1.9853 1.4479 4.6261 -11.5650 13.5881 0.4948 -3.0847 0.5178
Car 0.0000 0 0.0000 -1.0000 -1.0000 -1.0000 -1.0000 1.9022 1.4564 4.5298 -44.9167 16.9675 0.5675 -1.3733 0.5167
Car 0.0000 0 0.0000 -1.0000 -1.0000 -1.0000 -1.0000 1.9284 1.4911 4.4533 -16.8301 4.1749 0.7257 -3.1280 0.5124
Car 0.0000 0 0.0000 -1.0000 -1.0000 -1.0000 -1.0000 1.8994 1.5383 4.5418 -8.0731 -17.0656 1.0814 -1.4765 0.4755
Car 0.0000 0 0.0000 -1.0000 -1.0000 -1.0000 -1.0000 1.9744 1.5686 4.6577 23.9926 13.3733 0.6644 -0.0420 0.4625
Car 0.0000 0 0.0000 -1.0000 -1.0000 -1.0000 -1.0000 1.8469 1.4416 4.4718 -67.2180 12.8875 0.4296 -3.0957 0.4587
Car 0.0000 0 0.0000 -1.0000 -1.0000 -1.0000 -1.0000 1.9169 1.4368 4.5642 33.4073 13.2192 0.5392 -0.0042 0.4488
Car 0.0000 0 0.0000 -1.0000 -1.0000 -1.0000 -1.0000 1.9680 1.8918 4.5780 -45.9090 -1.5592 0.9531 3.0633 0.4204
Car 0.0000 0 0.0000 -1.0000 -1.0000 -1.0000 -1.0000 1.8626 1.4613 4.4549 54.7715 12.6734 0.4801 -0.0102 0.3881
Car 0.0000 0 0.0000 -1.0000 -1.0000 -1.0000 -1.0000 1.9079 1.5274 4.5846 -42.2097 -25.9522 1.1819 -1.7046 0.3479
Cyclist 0.0000 0 0.0000 -1.0000 -1.0000 -1.0000 -1.0000 0.7143 1.5266 1.6804 -21.7664 -4.2592 0.8297 2.8167 0.6054
Cyclist 0.0000 0 0.0000 -1.0000 -1.0000 -1.0000 -1.0000 0.7814 1.5440 1.7530 -44.4022 -4.5540 0.7762 -0.1022 0.5676
Cyclist 0.0000 0 0.0000 -1.0000 -1.0000 -1.0000 -1.0000 0.7632 1.5778 1.7397 -56.1932 8.5328 0.6379 -3.1135 0.5365
Cyclist 0.0000 0 0.0000 -1.0000 -1.0000 -1.0000 -1.0000 0.7901 1.3213 1.8332 -20.5471 -9.9167 0.8794 -0.1223 0.4667
Cyclist 0.0000 0 0.0000 -1.0000 -1.0000 -1.0000 -1.0000 0.7306 1.1939 1.7452 -20.8555 14.5186 0.4606 -2.5898 0.3825
Cyclist 0.0000 0 0.0000 -1.0000 -1.0000 -1.0000 -1.0000 0.7247 1.5339 1.6959 56.5381 -3.3204 0.8497 -3.1403 0.3804
Cyclist 0.0000 0 0.0000 -1.0000 -1.0000 -1.0000 -1.0000 0.6653 1.1031 1.7039 6.4786 13.6343 0.3538 1.8001 0.3489
Cyclist 0.0000 0 0.0000 -1.0000 -1.0000 -1.0000 -1.0000 0.7479 1.1392 1.7823 0.9264 -9.9256 0.7682 -0.4108 0.3468
Cyclist 0.0000 0 0.0000 -1.0000 -1.0000 -1.0000 -1.0000 0.6944 1.2893 1.7338 35.2873 -6.0806 0.7683 1.5190 0.3458
Cyclist 0.0000 0 0.0000 -1.0000 -1.0000 -1.0000 -1.0000 0.7038 1.4879 1.6916 -0.8982 -6.8575 0.8926 3.1107 0.3308
Cyclist 0.0000 0 0.0000 -1.0000 -1.0000 -1.0000 -1.0000 0.6572 1.1309 1.6231 24.3477 16.2070 0.4931 3.0172 0.3290
Cyclist 0.0000 0 0.0000 -1.0000 -1.0000 -1.0000 -1.0000 0.6583 1.1244 1.6543 -2.2014 -9.9501 0.7530 -2.5891 0.3145
Cyclist 0.0000 0 0.0000 -1.0000 -1.0000 -1.0000 -1.0000 0.6673 1.1667 1.6825 5.6075 13.6177 0.3453 -1.3315 0.3064
Pedestrian 0.0000 0 0.0000 -1.0000 -1.0000 -1.0000 -1.0000 0.6932 1.6666 0.6081 -46.4031 -10.1095 0.9298 3.0294 0.3539
Pedestrian 0.0000 0 0.0000 -1.0000 -1.0000 -1.0000 -1.0000 0.7093 1.6896 0.6382 -25.7194 6.9157 0.7612 3.0822 0.3422
Pedestrian 0.0000 0 0.0000 -1.0000 -1.0000 -1.0000 -1.0000 0.7059 1.6546 0.6484 -23.3177 -11.1093 1.0981 0.0821 0.3343
