Car 0.0000 0 0.0000 -1.0000 -1.0000 -1.0000 -1.0000 2.0286 1.5763 4.5783 40.8680 -1.2260 0.9314 -0.0538 0.7931
Car 0.0000 0 0.0000 -1.0000 -1.0000 -1.0000 -1.0000 2.0869 1.6488 4.7601 -17.7502 -0.3956 0.7922 0.0423 0.7881
Car 0.0000 0 0.0000 -1.0000 -1.0000 -1.0000 -1.0000 1.9079 1.4391 4.5227 -4.9413 7.0908 0.5150 3.1172 0.7626
Car 0.0000 0 0.0000 -1.0000 -1.0000 -1.0000 -1.0000 1.9455 1.5923 4.5363 24.3211 6.7703 0.7785 -0.0323 0.7412
Car 0.0000 0 0.0000 -1.0000 -1.0000 -1.0000 -1.0000 2.0133 1.7791 4.7072 -17.9099 -7.9600 1.1425 -0.0186 0.6945
Car 0.0000 0 0.0000 -1.0000 -1.0000 -1.0000 -1.0000 1.9616 1.4884 4.5387 42.6259 6.1562 0.7562 -0.0869 0.6608
Car 0.0000 0 0.0000 -1.0000 -1.0000 -1.0000 -1.0000 1.8770 1.4445 4.4202 -10.6832 7.3946 0.4634 -3.1216 0.5873
Car 0.0000 0 0.0000 -1.0000 -1.0000 -1.0000 -1.0000 1.9488 1.5606 4.5365 75.2959 -2.9956 1.0495 -2.9969 0.5699
Car 0.0000 0 0.0000 -1.0000 -1.0000 -1.0000 -1.0000 1.8625 1.4009 4.4396 18.7207 7.2157 0.6295 -0.0100 0.5517
Car 0.0000 0 0.0000 -1.0000 -1.0000 -1.0000 -1.0000 1.9586 1.7317 4.5633 -25.0434 -9.0917 0.9875 -3.0251 0.5491
Car 0.0000 0 0.0000 -1.0000 -1.0000 -1.0000 -1.0000 1.8988 1.4024 4.4937 -17.3693 7.3497 0.3336 -3.1384 0.5189
Car 0.0000 0 0.0000 -1.0000 -1.0000 -1.0000 -1.0000 2.0866 2.0448 4.8697 -29.8176 -1.1542 0.9145 0.0504 0.4919
Car 0.0000 0 0.0000 -1.0000 -1.0000 -1.0000 -1.0000 1.8712 1.4298 4.4681 -34.1716 7.3198 0.2728 -0.0101 0.4761
Car 0.0000 0 0.0000 -1.0000 -1.0000 -1.0000 -1.0000 1.8877 1.6188 4.5978 -54.4742 6.0654 0.1908 0.0048 0.4758
Car 0.0000 0 0.0000 -1.0000 -1.0000 -1.0000 -1.0000 1.8996 1.4121 4.4530 -23.8060 7.4414 0.3106 -0.0248 0.4747
Car 0.0000 0 0.0000 -1.0000 -1.0000 -1.0000 -1.0000 1.8894 1.5378 4.4951 55.0986 5.2514 0.9237 3.1140 0.4228
Car 0.0000 0 0.0000 -1.0000 -1.0000 -1.0000 -1.0000 1.8938 1.4836 4.4820 28.3353 -4.6678 0.9899 3.0999 0.4141
Car 0.0000 0 0.0000 -1.0000 -1.0000 -1.0000 -1.0000 1.9609 1.7740 4.6114 -39.7629 8.1166 0.3890 -0.2077 0.3947
Car 0.0000 0 0.0000 -1.0000 -1.0000 -1.0000 -1.0000 1.9070 1.4982 4.4930 22.4222 -4.4007 1.0001 -0.0063 0.3827
Car 0.0000 0 0.0000 -1.0000 -1.0000 -1.0000 -1.0000 1.8542 1.6541 4.4445 -0.6016 9.9626 0.5313 2.9450 0.3788
Car 0.0000 0 0.0000 -1.0000 -1.0000 -1.0000 -1.0000 1.8654 1.4569 4.4183 -28.8759 7.5134 0.2797 -0.0201 0.3540
Car 0.0000 0 0.0000 -1.0000 -1.0000 -1.0000 -1.0000 2.3014 2.6113 5.3107 67.4584 4.7267 1.4175 3.1108 0.3466
Truck 0.0000 0 0.0000 -1.0000 -1.0000 -1.0000 -1.0000 2.6387 3.0837 6.5106 34.7340 -4.8280 1.8048 0.0065 0.4909
Truck 0.0000 0 0.0000 -1.0000 -1.0000 -1.0000 -1.0000 2.4997 3.0452 6.1857 14.9386 -4.0407 1.7608 0.0195 0.4903
Tricar 0.0000 0 0.0000 -1.0000 -1.0000 -1.0000 -1.0000 1.0205 1.4335 2.3988 -31.6172 4.6887 0.3548 -3.1028 0.3306
Cyclist 0.0000 0 0.0000 -1.0000 -1.0000 -1.0000 -1.0000 0.7861 1.5357 1.8108 -43.1879 -4.1087 0.6209 -0.1171 0.6560
Cyclist 0.0000 0 0.0000 -1.0000 -1.0000 -1.0000 -1.0000 0.7061 1.5039 1.6809 39.8450 4.1016 0.7285 3.0805 0.5694
Cyclist 0.0000 0 0.0000 -1.0000 -1.0000 -1.0000 -1.0000 0.8629 1.5096 1.9543 -31.4443 4.7423 0.3626 -3.0966 0.5059
Cyclist 0.0000 0 0.0000 -1.0000 -1.0000 -1.0000 -1.0000 0.6570 1.1408 1.6847 17.2784 -10.1904 1.1231 -1.7682 0.3673
Pedestrian 0.0000 0 0.0000 -1.0000 -1.0000 -1.0000 -1.0000 0.6639 1.6189 0.5921 -33.5670 -9.1168 0.8591 -3.0382 0.5362
