Car 0.0000 0 0.0000 -1.0000 -1.0000 -1.0000 -1.0000 1.9704 1.5714 4.5796 23.3751 -1.2052 0.5847 -3.0464 0.7207
Car 0.0000 0 0.0000 -1.0000 -1.0000 -1.0000 -1.0000 1.9405 1.4864 4.6132 -8.4106 1.5956 0.7397 -1.4068 0.6198
Car 0.0000 0 0.0000 -1.0000 -1.0000 -1.0000 -1.0000 1.9387 1.4782 4.6228 -8.0621 -21.7499 0.7596 1.6621 0.5758
Car 0.0000 0 0.0000 -1.0000 -1.0000 -1.0000 -1.0000 1.9673 1.4949 4.6373 2.8959 23.1989 0.7219 -1.4412 0.5369
Car 0.0000 0 0.0000 -1.0000 -1.0000 -1.0000 -1.0000 1.9531 1.6010 4.5932 -11.8655 -23.1885 0.7843 1.5868 0.5143
Car 0.0000 0 0.0000 -1.0000 -1.0000 -1.0000 -1.0000 1.8852 1.5196 4.4757 -46.4074 6.4001 1.4407 -1.2150 0.5104
Car 0.0000 0 0.0000 -1.0000 -1.0000 -1.0000 -1.0000 1.9576 1.6103 4.5136 -24.4090 9.2011 0.8588 -0.2535 0.5000
Car 0.0000 0 0.0000 -1.0000 -1.0000 -1.0000 -1.0000 1.8983 1.4884 4.5816 22.0314 5.3676 0.4932 -3.0876 0.4878
Car 0.0000 0 0.0000 -1.0000 -1.0000 -1.0000 -1.0000 1.9122 1.4800 4.5303 -9.5750 12.4024 0.7688 1.5642 0.4841
Car 0.0000 0 0.0000 -1.0000 -1.0000 -1.0000 -1.0000 1.8403 1.6843 4.4018 -37.1572 12.2498 1.2346 -1.2309 0.3443
Car 0.0000 0 0.0000 -1.0000 -1.0000 -1.0000 -1.0000 1.8791 1.4434 4.5453 -38.9179 18.4259 1.1755 -1.1446 0.3401
Car 0.0000 0 0.0000 -1.0000 -1.0000 -1.0000 -1.0000 1.9216 1.4436 4.4770 -20.8836 0.1803 0.6129 -3.1058 0.3390
Car 0.0000 0 0.0000 -1.0000 -1.0000 -1.0000 -1.0000 1.8701 1.6080 4.5382 -61.7026 -9.9939 1.3142 -1.1937 0.3371
Tricar 0.0000 0 0.0000 -1.0000 -1.0000 -1.0000 -1.0000 1.2808 1.6937 2.9128 2.5125 8.9557 0.8261 1.5377 0.3688
Tricar 0.0000 0 0.0000 -1.0000 -1.0000 -1.0000 -1.0000 1.2807 1.6998 3.1849 13.2558 -4.4655 0.5950 1.6451 0.3552
Tricar 0.0000 0 0.0000 -1.0000 -1.0000 -1.0000 -1.0000 1.2807 1.8170 2.8259 -39.7030 -8.9076 1.0290 -2.6768 0.3376
Cyclist 0.0000 0 0.0000 -1.0000 -1.0000 -1.0000 -1.0000 0.7471 1.5346 1.7041 -33.5828 -9.1296 0.7829 -2.9262 0.6463
Cyclist 0.0000 0 0.0000 -1.0000 -1.0000 -1.0000 -1.0000 0.7756 1.5620 1.7404 -40.1031 -12.6236 0.9016 -2.7349 0.4687
Cyclist 0.0000 0 0.0000 -1.0000 -1.0000 -1.0000 -1.0000 0.6880 1.4581 1.6697 -17.7097 -9.0594 0.6681 0.7238 0.4516
Cyclist 0.0000 0 0.0000 -1.0000 -1.0000 -1.0000 -1.0000 0.7301 1.5210 1.6891 -45.2211 -12.2051 0.9527 -2.8675 0.4127
Cyclist 0.0000 0 0.0000 -1.0000 -1.0000 -1.0000 -1.0000 0.7797 1.5088 1.7544 -58.6615 -21.8882 1.1565 -2.9891 0.3970
Cyclist 0.0000 0 0.0000 -1.0000 -1.0000 -1.0000 -1.0000 0.6787 1.2563 1.6932 -32.9742 19.4606 1.0895 1.7652 0.3609
