Car 0.0000 0 0.0000 -1.0000 -1.0000 -1.0000 -1.0000 1.9769 1.4861 4.5430 12.6669 3.4776 0.6986 -0.0220 0.7471
Car 0.0000 0 0.0000 -1.0000 -1.0000 -1.0000 -1.0000 1.9738 1.6015 4.6050 -11.9251 3.3010 0.8244 0.0132 0.6997
Car 0.0000 0 0.0000 -1.0000 -1.0000 -1.0000 -1.0000 1.9176 1.5149 4.5285 54.6790 2.6469 0.1807 3.0910 0.6939
Car 0.0000 0 0.0000 -1.0000 -1.0000 -1.0000 -1.0000 1.9868 1.4998 4.6907 -42.6280 10.4441 1.2297 -0.0208 0.6545
Car 0.0000 0 0.0000 -1.0000 -1.0000 -1.0000 -1.0000 1.9546 1.3974 4.4787 -15.2637 -3.4386 0.7294 3.0902 0.5761
Car 0.0000 0 0.0000 -1.0000 -1.0000 -1.0000 -1.0000 1.9647 1.5619 4.5368 -4.0468 -3.3399 0.8117 -0.0011 0.5613
Car 0.0000 0 0.0000 -1.0000 -1.0000 -1.0000 -1.0000 1.9130 1.5300 4.4707 -21.0919 -3.6357 0.8113 0.0515 0.5222
Car 0.0000 0 0.0000 -1.0000 -1.0000 -1.0000 -1.0000 1.9478 1.4097 4.5353 26.0177 3.9100 0.4480 0.0052 0.4450
Car 0.0000 0 0.0000 -1.0000 -1.0000 -1.0000 -1.0000 1.8834 1.5211 4.5573 42.1722 -3.3089 0.3065 -0.2099 0.3434
Tricar 0.0000 0 0.0000 -1.0000 -1.0000 -1.0000 -1.0000 1.1845 1.6931 2.4844 25.5450 -1.6294 0.6336 3.1220 0.3153
Cyclist 0.0000 0 0.0000 -1.0000 -1.0000 -1.0000 -1.0000 0.7658 1.5692 1.7204 -1.0329 2.1994 0.8299 3.1200 0.6106
Cyclist 0.0000 0 0.0000 -1.0000 -1.0000 -1.0000 -1.0000 0.7263 1.5322 1.6716 12.6992 -1.1974 0.6879 0.0196 0.5190
Cyclist 0.0000 0 0.0000 -1.0000 -1.0000 -1.0000 -1.0000 0.6912 1.4740 1.6693 33.2436 -1.1832 0.3509 3.1383 0.4831
Cyclist 0.0000 0 0.0000 -1.0000 -1.0000 -1.0000 -1.0000 0.7453 1.5204 1.6994 -53.8215 7.9650 1.2344 -0.1873 0.4073
Cyclist 0.0000 0 0.0000 -1.0000 -1.0000 -1.0000 -1.0000 0.7428 1.5549 1.7053 17.9178 -1.7940 0.6549 0.0009 0.3737
Cyclist 0.0000 0 0.0000 -1.0000 -1.0000 -1.0000 -1.0000 0.9667 1.6612 1.9838 25.3089 -1.5510 0.6457 3.1407 0.3419
Cyclist 0.0000 0 0.0000 -1.0000 -1.0000 -1.0000 -1.0000 0.6835 1.5091 1.6603 6.8187 -1.7537 0.7462 -3.1035 0.3293
Cyclist 0.0000 0 0.0000 -1.0000 -1.0000 -1.0000 -1.0000 0.7740 1.5398 1.7822 -26.9274 -6.6744 1.0019 -1.2191 0.3051
Pedestrian 0.0000 0 0.0000 -1.0000 -1.0000 -1.0000 -1.0000 0.7000 1.6696 0.6738 -12.9073 6.4686 0.9997 3.1388 0.5273
Pedestrian 0.0000 0 0.0000 -1.0000 -1.0000 -1.0000 -1.0000 0.6799 1.7000 0.5900 10.0900 -4.6657 0.9836 0.4834 0.4451
Pedestrian 0.0000 0 0.0000 -1.0000 -1.0000 -1.0000 -1.0000 0.7454 1.6869 0.7815 -32.2551 6.2701 0.9593 0.1819 0.3898
Pedestrian 0.0000 0 0.0000 -1.0000 -1.0000 -1.0000 -1.0000 0.7274 1.6596 0.6966 -59.7453 0.4951 1.2763 -0.1856 0.3628
Pedestrian 0.0000 0 0.0000 -1.0000 -1.0000 -1.0000 -1.0000 0.6753 1.6819 0.5946 10.1659 -6.8026 1.0300 1.4884 0.3014
