Car 0.0000 0 0.0000 -1.0000 -1.0000 -1.0000 -1.0000 2.0268 1.7070 4.6582 -21.4757 -7.3752 0.8623 -3.0988 0.7709
Car 0.0000 0 0.0000 -1.0000 -1.0000 -1.0000 -1.0000 1.9150 1.4567 4.4012 8.0549 -7.0065 0.7959 -3.1112 0.7648
Car 0.0000 0 0.0000 -1.0000 -1.0000 -1.0000 -1.0000 1.9787 1.6153 4.5165 13.5926 -6.9725 0.8834 -3.1264 0.7594
Car 0.0000 0 0.0000 -1.0000 -1.0000 -1.0000 -1.0000 1.9329 1.4455 4.5261 -25.8469 5.0826 0.6523 3.1228 0.7514
Car 0.0000 0 0.0000 -1.0000 -1.0000 -1.0000 -1.0000 1.9459 1.4650 4.5046 -27.6722 -7.2891 0.7083 -3.1388 0.7377
Car 0.0000 0 0.0000 -1.0000 -1.0000 -1.0000 -1.0000 1.9627 1.4877 4.4350 2.1844 -7.1341 0.8337 -3.1263 0.7366
Car 0.0000 0 0.0000 -1.0000 -1.0000 -1.0000 -1.0000 1.9975 1.5162 4.6335 -6.1010 -7.2677 0.8479 -3.1263 0.7242
Car 0.0000 0 0.0000 -1.0000 -1.0000 -1.0000 -1.0000 1.9766 1.4709 4.5532 -1.3774 5.3748 0.6794 3.1320 0.7144
Car 0.0000 0 0.0000 -1.0000 -1.0000 -1.0000 -1.0000 1.9871 1.4931 4.5108 28.3347 5.5028 0.7712 -0.0138 0.7013
Car 0.0000 0 0.0000 -1.0000 -1.0000 -1.0000 -1.0000 2.0523 1.9590 4.7233 -33.1004 -7.2148 1.0130 -3.1317 0.6932
Car 0.0000 0 0.0000 -1.0000 -1.0000 -1.0000 -1.0000 1.9939 1.5985 4.5746 -25.7923 1.7383 0.7633 0.0007 0.6802
Car 0.0000 0 0.0000 -1.0000 -1.0000 -1.0000 -1.0000 1.8973 1.5258 4.4457 -40.7636 -6.7758 0.6831 -3.1014 0.6622
Car 0.0000 0 0.0000 -1.0000 -1.0000 -1.0000 -1.0000 2.0135 1.7327 4.6428 25.0426 2.1074 0.8717 -0.0127 0.6605
Car 0.0000 0 0.0000 -1.0000 -1.0000 -1.0000 -1.0000 1.9817 1.6741 4.5022 17.3063 5.2979 0.8218 -0.0129 0.6559
Car 0.0000 0 0.0000 -1.0000 -1.0000 -1.0000 -1.0000 1.9368 1.7878 4.4932 -16.0362 -7.4577 0.9296 -3.0968 0.6267
Car 0.0000 0 0.0000 -1.0000 -1.0000 -1.0000 -1.0000 1.9040 1.4663 4.4681 19.2625 -6.9630 0.7977 0.0139 0.5799
Car 0.0000 0 0.0000 -1.0000 -1.0000 -1.0000 -1.0000 2.0010 1.7876 4.6192 -41.4937 1.7738 0.7666 -3.1359 0.5334
Car 0.0000 0 0.0000 -1.0000 -1.0000 -1.0000 -1.0000 1.9838 1.6241 4.7078 69.5089 1.6054 0.7613 3.0976 0.5231
Car 0.0000 0 0.0000 -1.0000 -1.0000 -1.0000 -1.0000 1.9128 1.6234 4.4895 -11.1666 -7.3399 0.8619 -3.1378 0.5011
Car 0.0000 0 0.0000 -1.0000 -1.0000 -1.0000 -1.0000 1.9002 1.5782 4.4582 24.6593 -7.3349 0.9014 -3.1058 0.4536
Car 0.0000 0 0.0000 -1.0000 -1.0000 -1.0000 -1.0000 1.8704 1.5615 4.4228 31.2901 -7.3732 0.8481 3.1239 0.4445
Car 0.0000 0 0.0000 -1.0000 -1.0000 -1.0000 -1.0000 1.9783 1.5116 4.6475 44.0045 5.5545 0.8472 -0.0048 0.3453
Car 0.0000 0 0.0000 -1.0000 -1.0000 -1.0000 -1.0000 1.9001 1.7669 4.4932 40.6611 -7.2298 1.0168 -0.0151 0.3341
Truck 0.0000 0 0.0000 -1.0000 -1.0000 -1.0000 -1.0000 2.9185 3.0464 9.3716 -64.6215 -2.4000 1.3860 -3.1386 0.6055
Cyclist 0.0000 0 0.0000 -1.0000 -1.0000 -1.0000 -1.0000 0.7466 1.4803 1.7601 -14.7633 19.3556 0.3457 0.0941 0.5483
Cyclist 0.0000 0 0.0000 -1.0000 -1.0000 -1.0000 -1.0000 0.7856 1.5399 1.7608 -5.2360 14.0837 0.3749 3.1272 0.4893
Cyclist 0.0000 0 0.0000 -1.0000 -1.0000 -1.0000 -1.0000 0.7490 1.5169 1.6897 -22.7529 14.1461 0.3620 -3.0057 0.4681
Cyclist 0.0000 0 0.0000 -1.0000 -1.0000 -1.0000 -1.0000 0.7180 1.4952 1.7035 -27.0995 14.5910 0.2785 0.0495 0.4243
Cyclist 0.0000 0 0.0000 -1.0000 -1.0000 -1.0000 -1.0000 0.8272 1.5511 1.8299 -19.7879 16.8892 0.3258 1.7035 0.3628
Cyclist 0.0000 0 0.0000 -1.0000 -1.0000 -1.0000 -1.0000 0.6932 1.2856 1.6696 3.4352 -12.4030 1.0356 -0.1081 0.3508
Pedestrian 0.0000 0 0.0000 -1.0000 -1.0000 -1.0000 -1.0000 0.6770 1.6337 0.6199 10.9289 20.0403 0.4585 0.0066 0.5547
Pedestrian 0.0000 0 0.0000 -1.0000 -1.0000 -1.0000 -1.0000 0.7210 1.6755 0.7237 -2.2048 -10.8112 1.1888 0.0025 0.4292
