Car 0.0000 0 0.0000 -1.0000 -1.0000 -1.0000 -1.0000 1.9684 1.5041 4.5378 24.2329 6.4968 0.7245 -0.0968 0.8125
Car 0.0000 0 0.0000 -1.0000 -1.0000 -1.0000 -1.0000 1.9623 1.4863 4.5169 -10.4185 6.3519 0.6162 3.1313 0.8010
Car 0.0000 0 0.0000 -1.0000 -1.0000 -1.0000 -1.0000 1.9789 1.5111 4.5826 10.3119 -0.4431 0.8298 0.0169 0.7616
Car 0.0000 0 0.0000 -1.0000 -1.0000 -1.0000 -1.0000 1.9527 1.5594 4.5912 -27.9704 4.1339 0.6626 0.0085 0.6087
Car 0.0000 0 0.0000 -1.0000 -1.0000 -1.0000 -1.0000 1.8587 1.6060 4.3781 -10.5873 11.7674 0.4726 -0.0267 0.5976
Car 0.0000 0 0.0000 -1.0000 -1.0000 -1.0000 -1.0000 1.9099 1.4847 4.5618 -20.5339 -5.2241 0.7684 0.0102 0.5199
Car 0.0000 0 0.0000 -1.0000 -1.0000 -1.0000 -1.0000 2.0157 1.8922 4.6805 32.2080 6.4724 0.9287 3.1046 0.5118
Car 0.0000 0 0.0000 -1.0000 -1.0000 -1.0000 -1.0000 1.9011 1.7186 4.4458 -21.9892 6.9056 0.7031 3.1212 0.5110
Car 0.0000 0 0.0000 -1.0000 -1.0000 -1.0000 -1.0000 1.8861 1.5076 4.5329 -29.3990 28.3945 0.3336 -1.4435 0.5078
Car 0.0000 0 0.0000 -1.0000 -1.0000 -1.0000 -1.0000 2.0309 1.7236 4.6616 -18.0033 3.7046 0.7634 -0.0113 0.4973
Car 0.0000 0 0.0000 -1.0000 -1.0000 -1.0000 -1.0000 1.9076 1.5342 4.4988 -7.3065 28.5219 0.3351 -1.6187 0.4934
Car 0.0000 0 0.0000 -1.0000 -1.0000 -1.0000 -1.0000 1.9643 1.4800 4.5989 28.7185 3.6253 0.7460 3.0757 0.4505
Car 0.0000 0 0.0000 -1.0000 -1.0000 -1.0000 -1.0000 1.9053 1.6666 4.5915 19.9116 -16.9592 1.4025 1.4626 0.4470
Car 0.0000 0 0.0000 -1.0000 -1.0000 -1.0000 -1.0000 1.9343 1.5466 4.5160 43.6023 3.0361 0.9329 3.1405 0.4452
Car 0.0000 0 0.0000 -1.0000 -1.0000 -1.0000 -1.0000 2.0954 1.7514 4.7949 -13.4506 0.0373 0.8717 -0.0245 0.4448
Car 0.0000 0 0.0000 -1.0000 -1.0000 -1.0000 -1.0000 1.9544 1.5541 4.5803 21.8574 0.3323 0.8828 -2.1223 0.4218
Car 0.0000 0 0.0000 -1.0000 -1.0000 -1.0000 -1.0000 1.8419 1.4781 4.3816 -2.6830 28.0056 0.3671 1.4981 0.3946
Car 0.0000 0 0.0000 -1.0000 -1.0000 -1.0000 -1.0000 1.8664 1.4642 4.4487 -21.9631 28.1303 0.2142 -1.5021 0.3442
Car 0.0000 0 0.0000 -1.0000 -1.0000 -1.0000 -1.0000 1.8457 1.6195 4.4154 -28.2461 -5.3294 0.7653 0.0203 0.3336
Car 0.0000 0 0.0000 -1.0000 -1.0000 -1.0000 -1.0000 1.9549 1.7631 4.6280 -3.0440 14.7436 0.5246 -3.1108 0.3098
Car 0.0000 0 0.0000 -1.0000 -1.0000 -1.0000 -1.0000 1.8633 1.4464 4.4375 -36.7460 -4.7637 1.0551 -3.1282 0.3089
Car 0.0000 0 0.0000 -1.0000 -1.0000 -1.0000 -1.0000 1.9197 1.7626 4.5397 -34.1782 3.9517 0.8482 0.0030 0.3070
Truck 0.0000 0 0.0000 -1.0000 -1.0000 -1.0000 -1.0000 2.9754 3.1678 11.2575 1.8376 12.0507 1.2127 -3.1277 0.7089
Truck 0.0000 0 0.0000 -1.0000 -1.0000 -1.0000 -1.0000 2.9550 3.1725 11.9013 -25.9492 12.3169 1.4115 -0.0019 0.6478
Truck 0.0000 0 0.0000 -1.0000 -1.0000 -1.0000 -1.0000 2.9603 3.2707 11.8508 -10.2796 -5.6232 1.6999 0.0124 0.6069
Truck 0.0000 0 0.0000 -1.0000 -1.0000 -1.0000 -1.0000 2.8720 3.4606 10.7361 63.9166 -5.4481 2.1507 3.1397 0.3952
Tricar 0.0000 0 0.0000 -1.0000 -1.0000 -1.0000 -1.0000 1.2009 1.5516 2.7947 -29.9977 23.0395 0.2998 3.0906 0.3025
Cyclist 0.0000 0 0.0000 -1.0000 -1.0000 -1.0000 -1.0000 0.6993 1.5081 1.6823 41.2398 22.4637 0.3312 -0.0003 0.5115
Cyclist 0.0000 0 0.0000 -1.0000 -1.0000 -1.0000 -1.0000 0.7454 1.4983 1.7246 4.0578 -11.8729 0.9293 0.0193 0.5072
Cyclist 0.0000 0 0.0000 -1.0000 -1.0000 -1.0000 -1.0000 0.7380 1.5470 1.6889 21.7649 16.0414 0.3446 -0.0435 0.4119
Cyclist 0.0000 0 0.0000 -1.0000 -1.0000 -1.0000 -1.0000 0.7472 1.4981 1.7482 32.7873 16.8669 0.3962 3.1006 0.4023
Cyclist 0.0000 0 0.0000 -1.0000 -1.0000 -1.0000 -1.0000 0.7509 1.5335 1.7095 36.4019 15.9738 0.3806 3.1283 0.3828
Cyclist 0.0000 0 0.0000 -1.0000 -1.0000 -1.0000 -1.0000 0.6798 1.1953 1.6935 31.5918 19.6810 0.2112 1.7246 0.3373
Cyclist 0.0000 0 0.0000 -1.0000 -1.0000 -1.0000 -1.0000 0.6575 1.1932 1.6250 3.0537 -14.3070 0.8820 -3.1250 0.3298
Cyclist 0.0000 0 0.0000 -1.0000 -1.0000 -1.0000 -1.0000 0.7424 1.5642 1.7069 22.2359 17.6747 0.3722 -3.0995 0.3123
Cyclist 0.0000 0 0.0000 -1.0000 -1.0000 -1.0000 -1.0000 0.7354 1.5518 1.6870 5.0822 -15.7017 1.2021 -0.0411 0.3025
Pedestrian 0.0000 0 0.0000 -1.0000 -1.0000 -1.0000 -1.0000 0.7034 1.7235 0.6330 22.1267 -14.2538 1.3644 3.0321 0.5724
Pedestrian 0.0000 0 0.0000 -1.0000 -1.0000 -1.0000 -1.0000 0.6680 1.6444 0.5817 -12.5334 23.5472 0.3884 3.0972 0.5382
Pedestrian 0.0000 0 0.0000 -1.0000 -1.0000 -1.0000 -1.0000 0.6827 1.7055 0.5915 -4.9088 -8.7443 1.0395 -3.1357 0.4247
Pedestrian 0.0000 0 0.0000 -1.0000 -1.0000 -1.0000 -1.0000 0.7109 1.6604 0.6996 14.6873 5.5338 0.8240 0.0106 0.4063
Pedestrian 0.0000 0 0.0000 -1.0000 -1.0000 -1.0000 -1.0000 0.6908 1.7042 0.6315 -1.4812 -8.3262 1.0282 1.1062 0.3965
Pedestrian 0.0000 0 0.0000 -1.0000 -1.0000 -1.0000 -1.0000 0.7028 1.6356 0.6404 5.1451 -15.8182 1.2162 3.1040 0.3957
Pedestrian 0.0000 0 0.0000 -1.0000 -1.0000 -1.0000 -1.0000 0.7081 1.6097 0.6641 22.2601 17.7814 0.3515 -3.1142 0.3469
Pedestrian 0.0000 0 0.0000 -1.0000 -1.0000 -1.0000 -1.0000 0.6872 1.6483 0.6013 -13.8163 23.3101 0.3653 0.0244 0.3147
Pedestrian 0.0000 0 0.0000 -1.0000 -1.0000 -1.0000 -1.0000 0.6956 1.6639 0.6340 -18.0522 30.0904 0.4076 -1.0270 0.3137
Pedestrian 0.0000 0 0.0000 -1.0000 -1.0000 -1.0000 -1.0000 0.6902 1.7178 0.6084 -2.3851 -8.2122 0.9994 -2.4888 0.3127
Pedestrian 0.0000 0 0.0000 -1.0000 -1.0000 -1.0000 -1.0000 0.7054 1.7037 0.6342 28.0689 21.6342 0.6079 0.1011 0.3082
