Car 0.0000 0 0.0000 -1.0000 -1.0000 -1.0000 -1.0000 1.9541 1.4539 4.5694 -33.6456 3.0645 0.5063 -0.0096 0.7679
Car 0.0000 0 0.0000 -1.0000 -1.0000 -1.0000 -1.0000 2.0294 1.6869 4.6335 -48.7666 0.2368 0.6637 -0.0085 0.7003
Car 0.0000 0 0.0000 -1.0000 -1.0000 -1.0000 -1.0000 1.9216 1.4342 4.4665 4.2653 -4.1628 0.7582 -0.0566 0.6030
Car 0.0000 0 0.0000 -1.0000 -1.0000 -1.0000 -1.0000 1.9251 1.6452 4.4961 70.1847 -1.3306 1.3856 3.0244 0.5940
Car 0.0000 0 0.0000 -1.0000 -1.0000 -1.0000 -1.0000 1.9426 1.5798 4.6053 64.0660 -4.4402 1.3233 3.0958 0.5778
Car 0.0000 0 0.0000 -1.0000 -1.0000 -1.0000 -1.0000 1.9041 1.4559 4.5268 56.2215 4.1321 0.9713 0.0446 0.5705
Car 0.0000 0 0.0000 -1.0000 -1.0000 -1.0000 -1.0000 1.8838 1.4059 4.4558 15.2587 5.1263 0.6788 -0.0615 0.4753
Car 0.0000 0 0.0000 -1.0000 -1.0000 -1.0000 -1.0000 2.2910 2.5791 5.3084 -28.3032 -3.1711 1.1754 -3.1393 0.4550
Car 0.0000 0 0.0000 -1.0000 -1.0000 -1.0000 -1.0000 1.9024 1.4397 4.5300 -24.6645 6.2821 0.4878 -0.0204 0.4509
Car 0.0000 0 0.0000 -1.0000 -1.0000 -1.0000 -1.0000 1.8865 1.4423 4.4993 11.4156 -4.0368 0.7765 -0.0032 0.3951
Car 0.0000 0 0.0000 -1.0000 -1.0000 -1.0000 -1.0000 1.9217 1.5170 4.6000 -16.4249 -21.7774 1.0146 -2.1717 0.3901
Car 0.0000 0 0.0000 -1.0000 -1.0000 -1.0000 -1.0000 1.9185 1.6991 4.5339 61.5759 4.2151 1.2234 -3.1066 0.3566
Car 0.0000 0 0.0000 -1.0000 -1.0000 -1.0000 -1.0000 1.9188 1.9085 4.4425 -13.5281 8.9403 0.7461 1.6444 0.3495
Car 0.0000 0 0.0000 -1.0000 -1.0000 -1.0000 -1.0000 1.8693 1.6702 4.4126 15.7571 -7.7948 0.8697 1.5551 0.3238
Truck 0.0000 0 0.0000 -1.0000 -1.0000 -1.0000 -1.0000 2.1712 2.1323 5.4981 47.1360 10.9845 1.1352 -2.9818 0.3440
Tricar 0.0000 0 0.0000 -1.0000 -1.0000 -1.0000 -1.0000 1.2229 1.8116 2.6513 7.2452 -1.3256 0.9569 -0.0203 0.4425
Cyclist 0.0000 0 0.0000 -1.0000 -1.0000 -1.0000 -1.0000 0.7780 1.6004 1.7418 29.0707 -1.8588 0.9039 3.1278 0.4951
Cyclist 0.0000 0 0.0000 -1.0000 -1.0000 -1.0000 -1.0000 0.6624 1.1056 1.6548 -2.6497 9.7859 0.5161 3.0285 0.4812
Cyclist 0.0000 0 0.0000 -1.0000 -1.0000 -1.0000 -1.0000 0.7324 1.4883 1.7143 -33.7739 10.6919 0.4970 -0.0406 0.4750
Cyclist 0.0000 0 0.0000 -1.0000 -1.0000 -1.0000 -1.0000 0.7714 1.5075 1.7865 -35.1320 6.6313 0.4363 -2.9738 0.4480
Cyclist 0.0000 0 0.0000 -1.0000 -1.0000 -1.0000 -1.0000 0.7897 1.5912 1.7317 41.8557 -2.0826 0.9792 -0.0398 0.4296
Cyclist 0.0000 0 0.0000 -1.0000 -1.0000 -1.0000 -1.0000 0.6863 1.2614 1.7160 6.1615 6.7114 0.6492 1.5150 0.3706
Cyclist 0.0000 0 0.0000 -1.0000 -1.0000 -1.0000 -1.0000 0.6712 1.2157 1.7081 5.2774 6.7611 0.6202 1.5888 0.3628
Cyclist 0.0000 0 0.0000 -1.0000 -1.0000 -1.0000 -1.0000 0.6509 1.0628 1.6675 2.7617 6.2608 0.5090 1.6960 0.3185
Pedestrian 0.0000 0 0.0000 -1.0000 -1.0000 -1.0000 -1.0000 0.7099 1.7235 0.6305 -31.6531 8.7764 0.6291 -3.1122 0.3422
Pedestrian 0.0000 0 0.0000 -1.0000 -1.0000 -1.0000 -1.0000 0.7036 1.6521 0.6339 -22.5556 9.9309 0.5678 0.0460 0.3200
