Car 0.0000 0 0.0000 -1.0000 -1.0000 -1.0000 -1.0000 2.0348 1.4797 4.5704 18.6881 2.3178 0.8123 -0.0713 0.7930
Car 0.0000 0 0.0000 -1.0000 -1.0000 -1.0000 -1.0000 1.9837 1.5403 4.5689 2.5327 9.7790 0.5830 -0.0448 0.7437
Car 0.0000 0 0.0000 -1.0000 -1.0000 -1.0000 -1.0000 2.0399 1.5223 4.6266 10.1068 0.0655 0.8419 3.1377 0.7314
Car 0.0000 0 0.0000 -1.0000 -1.0000 -1.0000 -1.0000 2.0524 1.9235 4.7487 35.7700 9.0586 0.8749 3.1024 0.7116
Car 0.0000 0 0.0000 -1.0000 -1.0000 -1.0000 -1.0000 2.0118 1.8436 4.6741 50.9972 8.3553 0.8538 0.0126 0.6706
Car 0.0000 0 0.0000 -1.0000 -1.0000 -1.0000 -1.0000 2.0190 1.7697 4.6848 65.2673 -1.3656 1.1009 3.1318 0.6270
Car 0.0000 0 0.0000 -1.0000 -1.0000 -1.0000 -1.0000 1.9433 1.5630 4.6024 -76.7520 6.9346 0.3474 -0.1676 0.5071
Car 0.0000 0 0.0000 -1.0000 -1.0000 -1.0000 -1.0000 1.8751 1.8676 4.3889 60.1787 1.4497 1.1565 0.0704 0.4939
Car 0.0000 0 0.0000 -1.0000 -1.0000 -1.0000 -1.0000 2.0154 1.6537 4.6052 47.5497 2.3165 0.9394 3.1403 0.4858
Car 0.0000 0 0.0000 -1.0000 -1.0000 -1.0000 -1.0000 1.9561 1.6067 4.5924 1.0569 13.3364 0.5095 3.1280 0.4647
Car 0.0000 0 0.0000 -1.0000 -1.0000 -1.0000 -1.0000 1.9838 1.7841 4.6825 65.3782 -4.6365 1.1361 -3.1010 0.4158
Car 0.0000 0 0.0000 -1.0000 -1.0000 -1.0000 -1.0000 1.9323 1.7116 4.7058 35.6778 -27.6613 1.5214 -1.4335 0.3034
Truck 0.0000 0 0.0000 -1.0000 -1.0000 -1.0000 -1.0000 2.9819 3.3480 11.0503 -62.6507 1.0543 1.4363 -0.1404 0.6939
Truck 0.0000 0 0.0000 -1.0000 -1.0000 -1.0000 -1.0000 2.8679 3.2114 11.4472 28.4501 -3.3580 1.7718 0.0042 0.6480
Cyclist 0.0000 0 0.0000 -1.0000 -1.0000 -1.0000 -1.0000 0.7835 1.5562 1.7769 29.9659 25.6676 -0.3771 3.1137 0.3827
