Car 0.0000 0 0.0000 -1.0000 -1.0000 -1.0000 -1.0000 1.9327 1.4495 4.4896 11.9953 2.9721 0.6460 3.1157 0.7913
Car 0.0000 0 0.0000 -1.0000 -1.0000 -1.0000 -1.0000 1.9477 1.4002 4.5354 19.6541 2.6411 0.6149 3.1027 0.7604
Car 0.0000 0 0.0000 -1.0000 -1.0000 -1.0000 -1.0000 1.9394 1.4958 4.4843 19.9657 -0.5619 0.7104 3.0666 0.7421
Car 0.0000 0 0.0000 -1.0000 -1.0000 -1.0000 -1.0000 1.9127 1.5199 4.5099 27.2462 1.5568 0.7144 3.0636 0.6308
Car 0.0000 0 0.0000 -1.0000 -1.0000 -1.0000 -1.0000 1.8811 1.4850 4.4528 35.8191 1.1824 0.6580 2.9809 0.5771
Car 0.0000 0 0.0000 -1.0000 -1.0000 -1.0000 -1.0000 1.9451 1.4601 4.5707 5.6152 2.9982 0.6748 -0.0184 0.5519
Car 0.0000 0 0.0000 -1.0000 -1.0000 -1.0000 -1.0000 1.9411 1.6393 4.6222 -29.2164 -8.0314 1.1851 -1.6880 0.5254
Car 0.0000 0 0.0000 -1.0000 -1.0000 -1.0000 -1.0000 1.9894 1.6357 4.6164 65.2030 -7.5411 0.9368 3.0678 0.4985
Car 0.0000 0 0.0000 -1.0000 -1.0000 -1.0000 -1.0000 1.9865 1.5269 4.6343 -54.7491 0.1967 0.5390 -0.0843 0.4816
Car 0.0000 0 0.0000 -1.0000 -1.0000 -1.0000 -1.0000 1.8977 1.5846 4.5442 -34.9942 -9.0921 1.1383 1.3743 0.4523
Car 0.0000 0 0.0000 -1.0000 -1.0000 -1.0000 -1.0000 1.9452 1.5924 4.5629 68.5079 -3.4450 0.8814 3.0374 0.3966
Truck 0.0000 0 0.0000 -1.0000 -1.0000 -1.0000 -1.0000 2.9533 3.1598 11.6364 -4.8376 3.1981 1.5278 0.0098 0.7280
Truck 0.0000 0 0.0000 -1.0000 -1.0000 -1.0000 -1.0000 2.3614 2.5667 6.2198 29.5521 8.3080 1.1683 3.0076 0.4705
Tricar 0.0000 0 0.0000 -1.0000 -1.0000 -1.0000 -1.0000 1.1620 1.4010 2.9251 -38.6138 0.4047 0.7063 1.2281 0.3175
Cyclist 0.0000 0 0.0000 -1.0000 -1.0000 -1.0000 -1.0000 0.7313 1.5571 1.6645 21.4777 -2.9667 0.7987 0.0070 0.5849
Cyclist 0.0000 0 0.0000 -1.0000 -1.0000 -1.0000 -1.0000 0.7802 1.5662 1.7635 -27.8549 5.8887 0.7269 1.1531 0.5437
Cyclist 0.0000 0 0.0000 -1.0000 -1.0000 -1.0000 -1.0000 0.7925 1.5490 1.7573 -49.0573 -2.1038 0.6812 2.9999 0.4404
Cyclist 0.0000 0 0.0000 -1.0000 -1.0000 -1.0000 -1.0000 0.7496 1.5160 1.7198 27.6275 12.1849 0.5242 3.1154 0.3655
Cyclist 0.0000 0 0.0000 -1.0000 -1.0000 -1.0000 -1.0000 0.6986 1.3120 1.6708 28.1380 14.6279 0.3573 0.0097 0.3447
Cyclist 0.0000 0 0.0000 -1.0000 -1.0000 -1.0000 -1.0000 0.6895 1.1543 1.7094 22.5643 12.2508 0.2819 3.0553 0.3344
Pedestrian 0.0000 0 0.0000 -1.0000 -1.0000 -1.0000 -1.0000 0.6852 1.6432 0.6481 8.3648 -4.8443 0.8882 0.0040 0.5918
Pedestrian 0.0000 0 0.0000 -1.0000 -1.0000 -1.0000 -1.0000 0.6854 1.5691 0.6554 -10.7782 -5.0700 0.8854 -0.0853 0.4711
Pedestrian 0.0000 0 0.0000 -1.0000 -1.0000 -1.0000 -1.0000 0.6880 1.6213 0.6452 0.4532 -6.2025 1.0395 3.0109 0.4687
