Car 0.0000 0 0.0000 -1.0000 -1.0000 -1.0000 -1.0000 1.9510 1.4615 4.5236 1.0416 3.2671 0.7827 0.0068 0.8142
Car 0.0000 0 0.0000 -1.0000 -1.0000 -1.0000 -1.0000 1.9319 1.4423 4.4538 7.1102 3.2375 0.7910 3.1292 0.8067
Car 0.0000 0 0.0000 -1.0000 -1.0000 -1.0000 -1.0000 1.9573 1.5385 4.5727 -12.3564 3.0629 0.7485 3.1325 0.7943
Car 0.0000 0 0.0000 -1.0000 -1.0000 -1.0000 -1.0000 1.9440 1.4551 4.4785 -5.2928 2.9074 0.7314 3.1360 0.7519
Car 0.0000 0 0.0000 -1.0000 -1.0000 -1.0000 -1.0000 1.9515 1.4957 4.5785 -18.7957 3.3004 0.6952 0.0049 0.7301
Car 0.0000 0 0.0000 -1.0000 -1.0000 -1.0000 -1.0000 1.9921 1.5813 4.6056 -25.1208 3.2437 0.7257 -0.0102 0.7030
Car 0.0000 0 0.0000 -1.0000 -1.0000 -1.0000 -1.0000 1.9691 1.6686 4.5008 7.1400 -0.4729 0.9391 0.0223 0.7018
Car 0.0000 0 0.0000 -1.0000 -1.0000 -1.0000 -1.0000 1.9366 1.4693 4.5095 -9.2518 0.2373 0.7230 0.0163 0.6860
Car 0.0000 0 0.0000 -1.0000 -1.0000 -1.0000 -1.0000 2.0579 1.6904 4.7333 -37.4764 2.8781 0.8708 -0.0506 0.6495
Car 0.0000 0 0.0000 -1.0000 -1.0000 -1.0000 -1.0000 1.9073 1.5219 4.4710 -31.9786 3.3776 0.7367 -3.1409 0.6033
Car 0.0000 0 0.0000 -1.0000 -1.0000 -1.0000 -1.0000 1.9118 1.4315 4.4563 13.5739 2.9371 0.8522 0.0088 0.5992
Car 0.0000 0 0.0000 -1.0000 -1.0000 -1.0000 -1.0000 1.9329 1.5989 4.5244 20.7695 3.4837 0.9861 0.0116 0.5277
Car 0.0000 0 0.0000 -1.0000 -1.0000 -1.0000 -1.0000 1.9342 1.4224 4.5159 -16.8332 0.0107 0.6546 3.1348 0.5065
Car 0.0000 0 0.0000 -1.0000 -1.0000 -1.0000 -1.0000 1.8961 1.4605 4.4845 23.9146 -0.1569 0.9448 0.0155 0.4075
Car 0.0000 0 0.0000 -1.0000 -1.0000 -1.0000 -1.0000 2.1840 2.4633 5.0832 30.3890 2.9930 1.5419 3.1189 0.3536
Car 0.0000 0 0.0000 -1.0000 -1.0000 -1.0000 -1.0000 1.9731 1.7009 4.5695 -24.5556 0.2518 0.8351 0.0121 0.3328
Car 0.0000 0 0.0000 -1.0000 -1.0000 -1.0000 -1.0000 1.8809 1.5572 4.4827 15.9524 -0.1171 0.9635 0.0391 0.3253
Truck 0.0000 0 0.0000 -1.0000 -1.0000 -1.0000 -1.0000 2.7728 2.8619 8.4011 -40.1104 -0.2378 1.4422 -3.0879 0.4535
Truck 0.0000 0 0.0000 -1.0000 -1.0000 -1.0000 -1.0000 2.1272 2.3958 5.1910 30.4220 3.1650 1.4970 0.0332 0.3217
