Car 0.0000 0 0.0000 -1.0000 -1.0000 -1.0000 -1.0000 1.9015 1.4786 4.5286 10.5628 -10.1700 1.0247 -1.5833 0.6191
Car 0.0000 0 0.0000 -1.0000 -1.0000 -1.0000 -1.0000 1.8956 1.4976 4.4964 -18.5156 12.8778 0.5083 -1.5698 0.6084
Car 0.0000 0 0.0000 -1.0000 -1.0000 -1.0000 -1.0000 1.9303 1.4871 4.5993 16.5810 12.7520 0.5168 -1.3817 0.6053
Car 0.0000 0 0.0000 -1.0000 -1.0000 -1.0000 -1.0000 1.9195 1.6840 4.4793 18.5832 -10.3051 1.1398 1.6149 0.5570
Car 0.0000 0 0.0000 -1.0000 -1.0000 -1.0000 -1.0000 1.9164 1.4654 4.5455 -23.2933 13.0118 0.4919 -1.5411 0.5464
Car 0.0000 0 0.0000 -1.0000 -1.0000 -1.0000 -1.0000 1.9059 1.4674 4.5411 -13.6051 12.4024 0.4859 1.6129 0.5274
Car 0.0000 0 0.0000 -1.0000 -1.0000 -1.0000 -1.0000 2.1981 2.0306 5.1500 -15.6417 1.4513 0.9727 -0.1380 0.5199
Car 0.0000 0 0.0000 -1.0000 -1.0000 -1.0000 -1.0000 1.9415 1.4962 4.4855 7.7215 3.1182 0.6945 -3.1291 0.5037
Car 0.0000 0 0.0000 -1.0000 -1.0000 -1.0000 -1.0000 1.9006 1.5098 4.5064 -38.5691 16.0607 0.3954 -1.7547 0.5036
Car 0.0000 0 0.0000 -1.0000 -1.0000 -1.0000 -1.0000 1.8857 1.4534 4.5271 -6.2681 -12.4220 1.1068 -1.5956 0.4964
Car 0.0000 0 0.0000 -1.0000 -1.0000 -1.0000 -1.0000 1.8629 1.4873 4.5005 -23.8532 -8.5275 0.9460 -1.8026 0.3620
Car 0.0000 0 0.0000 -1.0000 -1.0000 -1.0000 -1.0000 1.9018 1.5829 4.5191 -39.4744 -7.1710 1.0181 -0.1660 0.3491
Car 0.0000 0 0.0000 -1.0000 -1.0000 -1.0000 -1.0000 1.8633 1.6105 4.5032 -21.7153 -9.1045 0.9928 -1.7159 0.3254
Car 0.0000 0 0.0000 -1.0000 -1.0000 -1.0000 -1.0000 1.8322 1.5642 4.3762 -29.7025 -8.1301 0.9961 -1.7260 0.3244
Car 0.0000 0 0.0000 -1.0000 -1.0000 -1.0000 -1.0000 1.8659 1.5900 4.4163 -5.9477 11.1637 0.6123 -1.3595 0.3020
Tricar 0.0000 0 0.0000 -1.0000 -1.0000 -1.0000 -1.0000 1.3401 1.7094 2.9925 60.0608 16.1916 0.5262 0.2761 0.3070
Cyclist 0.0000 0 0.0000 -1.0000 -1.0000 -1.0000 -1.0000 0.7805 1.5575 1.7468 -19.7555 -1.6644 0.7688 -0.1387 0.6594
Cyclist 0.0000 0 0.0000 -1.0000 -1.0000 -1.0000 -1.0000 0.8559 1.6207 1.8305 39.8009 3.9438 0.6222 -2.9346 0.4859
Cyclist 0.0000 0 0.0000 -1.0000 -1.0000 -1.0000 -1.0000 0.7584 1.5549 1.7574 73.6789 11.8818 0.2734 -2.9481 0.4280
Cyclist 0.0000 0 0.0000 -1.0000 -1.0000 -1.0000 -1.0000 0.7737 1.5563 1.7405 -59.6724 2.3637 0.7575 -0.2620 0.3308
Cyclist 0.0000 0 0.0000 -1.0000 -1.0000 -1.0000 -1.0000 0.6517 1.1853 1.6784 -4.8988 -4.1884 0.8025 1.4236 0.3291
Pedestrian 0.0000 0 0.0000 -1.0000 -1.0000 -1.0000 -1.0000 0.6992 1.6583 0.6587 11.7132 -4.5975 1.0308 0.0875 0.4651
Pedestrian 0.0000 0 0.0000 -1.0000 -1.0000 -1.0000 -1.0000 0.6665 1.6515 0.5749 -6.7243 8.3027 0.6645 3.0390 0.4612
Pedestrian 0.0000 0 0.0000 -1.0000 -1.0000 -1.0000 -1.0000 0.6768 1.6364 0.6066 -31.8075 -4.1518 0.9573 2.9414 0.4599
Pedestrian 0.0000 0 0.0000 -1.0000 -1.0000 -1.0000 -1.0000 0.7035 1.6934 0.6350 -44.6165 11.0350 0.5413 -0.2539 0.3813
Pedestrian 0.0000 0 0.0000 -1.0000 -1.0000 -1.0000 -1.0000 0.7318 1.7042 0.7204 21.2133 -3.5886 0.9759 1.1222 0.3105
Pedestrian 0.0000 0 0.0000 -1.0000 -1.0000 -1.0000 -1.0000 0.7319 1.6935 0.6868 -71.4022 13.6961 0.4356 -0.3302 0.3097
Pedestrian 0.0000 0 0.0000 -1.0000 -1.0000 -1.0000 -1.0000 0.7393 1.7023 0.7334 6.3991 -5.5491 1.0745 3.1250 0.3058
