Car 0.0000 0 0.0000 -1.0000 -1.0000 -1.0000 -1.0000 1.9210 1.4913 4.5221 2.9253 2.5663 0.8036 2.5946 0.7027
Car 0.0000 0 0.0000 -1.0000 -1.0000 -1.0000 -1.0000 1.9469 1.6146 4.5804 -8.2118 10.4816 0.8542 -2.6423 0.6740
Car 0.0000 0 0.0000 -1.0000 -1.0000 -1.0000 -1.0000 2.0344 1.7334 4.7127 -30.7085 -14.4594 0.1838 -0.5445 0.6384
Car 0.0000 0 0.0000 -1.0000 -1.0000 -1.0000 -1.0000 1.9503 1.4565 4.6035 -4.3265 14.5895 0.8602 -2.1561 0.6293
Car 0.0000 0 0.0000 -1.0000 -1.0000 -1.0000 -1.0000 2.0114 1.6987 4.6468 15.6711 -13.8600 0.8533 -0.6599 0.6284
Car 0.0000 0 0.0000 -1.0000 -1.0000 -1.0000 -1.0000 1.9230 1.4566 4.5947 46.5627 -28.9766 0.8222 2.4943 0.5337
Car 0.0000 0 0.0000 -1.0000 -1.0000 -1.0000 -1.0000 1.9236 1.5064 4.5390 5.0581 28.3639 1.3033 -2.2566 0.5229
Car 0.0000 0 0.0000 -1.0000 -1.0000 -1.0000 -1.0000 1.8889 1.4722 4.5176 8.6549 33.3483 1.3787 -2.2618 0.5174
Car 0.0000 0 0.0000 -1.0000 -1.0000 -1.0000 -1.0000 1.8840 1.5014 4.4378 34.6951 -20.7193 0.7915 2.5647 0.5118
Car 0.0000 0 0.0000 -1.0000 -1.0000 -1.0000 -1.0000 1.8708 1.6529 4.4123 12.5772 -4.4124 0.8520 -0.6195 0.5056
Car 0.0000 0 0.0000 -1.0000 -1.0000 -1.0000 -1.0000 1.9018 1.6694 4.4641 1.0202 10.2105 1.0517 -1.2664 0.5056
Car 0.0000 0 0.0000 -1.0000 -1.0000 -1.0000 -1.0000 1.9011 1.7131 4.5738 -19.6401 10.6005 0.7855 -0.6172 0.4969
Car 0.0000 0 0.0000 -1.0000 -1.0000 -1.0000 -1.0000 1.9822 1.6176 4.6286 34.4815 -25.0242 0.8325 -0.6080 0.4801
Car 0.0000 0 0.0000 -1.0000 -1.0000 -1.0000 -1.0000 1.8964 1.4516 4.5158 6.8271 19.5682 1.1325 0.9555 0.4800
Car 0.0000 0 0.0000 -1.0000 -1.0000 -1.0000 -1.0000 1.8321 1.4897 4.3659 21.4414 -10.6635 0.8294 2.5185 0.4747
Car 0.0000 0 0.0000 -1.0000 -1.0000 -1.0000 -1.0000 1.9270 1.6951 4.6107 -10.1391 34.9034 1.6801 1.0091 0.4546
Car 0.0000 0 0.0000 -1.0000 -1.0000 -1.0000 -1.0000 1.9032 1.4229 4.4512 -14.8711 7.1016 0.6504 -0.7362 0.4339
Car 0.0000 0 0.0000 -1.0000 -1.0000 -1.0000 -1.0000 1.9006 1.4165 4.4851 1.6076 23.1876 1.1307 -2.2402 0.4143
Car 0.0000 0 0.0000 -1.0000 -1.0000 -1.0000 -1.0000 1.8667 1.6702 4.4054 26.4357 -14.3994 0.9683 -0.6176 0.4024
Car 0.0000 0 0.0000 -1.0000 -1.0000 -1.0000 -1.0000 1.8686 1.4672 4.5042 -3.3153 29.5309 1.3626 -2.2411 0.3826
Car 0.0000 0 0.0000 -1.0000 -1.0000 -1.0000 -1.0000 1.9091 1.6196 4.6125 10.1111 24.3182 1.3690 0.9054 0.3665
Car 0.0000 0 0.0000 -1.0000 -1.0000 -1.0000 -1.0000 1.9629 1.5279 4.5333 -53.9376 5.4828 0.1506 -0.4808 0.3644
Tricar 0.0000 0 0.0000 -1.0000 -1.0000 -1.0000 -1.0000 1.2057 1.6737 2.6883 15.5474 -9.6455 0.8705 2.4886 0.3579
Cyclist 0.0000 0 0.0000 -1.0000 -1.0000 -1.0000 -1.0000 0.7919 1.5663 1.7799 -8.4402 -3.0059 0.7460 0.5714 0.5678
Cyclist 0.0000 0 0.0000 -1.0000 -1.0000 -1.0000 -1.0000 0.7884 1.5747 1.7542 -22.5357 -12.1779 0.4204 -2.6483 0.5279
Cyclist 0.0000 0 0.0000 -1.0000 -1.0000 -1.0000 -1.0000 0.7488 1.5221 1.7263 11.8653 17.0325 1.3237 -2.4319 0.3733
Pedestrian 0.0000 0 0.0000 -1.0000 -1.0000 -1.0000 -1.0000 0.7330 1.6955 0.7329 6.7045 -2.8146 0.9724 2.5902 0.5329
Pedestrian 0.0000 0 0.0000 -1.0000 -1.0000 -1.0000 -1.0000 0.7032 1.7302 0.6133 14.3031 23.4699 1.5120 0.9042 0.3986
