Car 0.0000 0 0.0000 -1.0000 -1.0000 -1.0000 -1.0000 1.9057 1.6428 4.5873 -6.2766 17.6784 0.5564 0.0391 0.7091
Car 0.0000 0 0.0000 -1.0000 -1.0000 -1.0000 -1.0000 1.9352 1.5853 4.5877 -12.5721 20.3139 0.5160 -1.5801 0.5999
Car 0.0000 0 0.0000 -1.0000 -1.0000 -1.0000 -1.0000 1.9607 1.5520 4.6602 58.1510 -0.3898 0.9470 0.0314 0.4574
Car 0.0000 0 0.0000 -1.0000 -1.0000 -1.0000 -1.0000 1.7448 1.5503 4.1852 -22.6198 14.5099 0.3892 -0.0168 0.3085
Car 0.0000 0 0.0000 -1.0000 -1.0000 -1.0000 -1.0000 1.9053 2.0098 4.4944 -25.5039 20.5410 0.5589 -1.8347 0.3027
Truck 0.0000 0 0.0000 -1.0000 -1.0000 -1.0000 -1.0000 2.9064 3.2706 8.9093 -36.2017 11.2220 1.9084 -3.0887 0.4697
Truck 0.0000 0 0.0000 -1.0000 -1.0000 -1.0000 -1.0000 2.0910 2.0095 5.2693 -22.1087 10.3361 0.7260 -3.1222 0.4279
Truck 0.0000 0 0.0000 -1.0000 -1.0000 -1.0000 -1.0000 2.8133 3.3830 8.7240 -50.0111 5.2165 1.6079 -3.0387 0.3965
Truck 0.0000 0 0.0000 -1.0000 -1.0000 -1.0000 -1.0000 2.9726 3.2930 10.4380 -27.6169 41.0862 0.8823 -0.2555 0.3881
Tricar 0.0000 0 0.0000 -1.0000 -1.0000 -1.0000 -1.0000 1.2406 1.6301 3.0008 13.0707 13.8389 0.5432 3.1146 0.4777
Tricar 0.0000 0 0.0000 -1.0000 -1.0000 -1.0000 -1.0000 1.1432 1.5864 2.5879 -15.6290 14.0132 0.3693 -0.1160 0.3939
Tricar 0.0000 0 0.0000 -1.0000 -1.0000 -1.0000 -1.0000 1.3196 1.5455 2.9375 -22.2704 14.4646 0.3721 -0.0228 0.3756
Tricar 0.0000 0 0.0000 -1.0000 -1.0000 -1.0000 -1.0000 0.9726 1.2505 2.3370 22.6405 -4.6132 0.7187 0.0052 0.3030
Cyclist 0.0000 0 0.0000 -1.0000 -1.0000 -1.0000 -1.0000 0.7781 1.5336 1.7489 -17.0097 -6.8943 0.8769 -0.0390 0.5425
Cyclist 0.0000 0 0.0000 -1.0000 -1.0000 -1.0000 -1.0000 0.7222 1.3526 1.7019 -23.4885 23.6434 0.1996 -1.0052 0.3892
Cyclist 0.0000 0 0.0000 -1.0000 -1.0000 -1.0000 -1.0000 0.8138 1.3729 1.9196 22.5059 -4.5822 0.7171 3.1234 0.3798
