Car 0.0000 0 0.0000 -1.0000 -1.0000 -1.0000 -1.0000 1.9542 1.4589 4.5484 -10.3862 2.9520 0.6112 -0.0033 0.7926
Car 0.0000 0 0.0000 -1.0000 -1.0000 -1.0000 -1.0000 2.0080 1.5178 4.6046 24.1364 -0.6668 1.1409 -3.1370 0.7823
Car 0.0000 0 0.0000 -1.0000 -1.0000 -1.0000 -1.0000 2.0350 1.5348 4.6745 34.8863 -3.1886 1.3496 3.1024 0.7650
Car 0.0000 0 0.0000 -1.0000 -1.0000 -1.0000 -1.0000 1.9835 1.4947 4.5664 -18.7604 3.0595 0.5403 -3.1183 0.7543
Car 0.0000 0 0.0000 -1.0000 -1.0000 -1.0000 -1.0000 1.9596 1.4971 4.6152 5.0335 3.2614 0.7903 0.0150 0.7362
Car 0.0000 0 0.0000 -1.0000 -1.0000 -1.0000 -1.0000 2.0209 1.5248 4.5846 22.0943 2.3703 1.0805 -3.1211 0.7182
Car 0.0000 0 0.0000 -1.0000 -1.0000 -1.0000 -1.0000 1.9548 1.4813 4.5696 -25.1699 2.6814 0.4836 -3.1146 0.7095
Car 0.0000 0 0.0000 -1.0000 -1.0000 -1.0000 -1.0000 1.9571 1.7687 4.5848 15.6418 -4.1027 1.2065 -0.0186 0.4889
Car 0.0000 0 0.0000 -1.0000 -1.0000 -1.0000 -1.0000 1.8979 1.5672 4.4928 -27.1538 14.0468 0.2935 -1.4808 0.4795
Car 0.0000 0 0.0000 -1.0000 -1.0000 -1.0000 -1.0000 1.9358 1.5833 4.6230 42.8635 -5.5345 1.5406 3.0748 0.4482
Car 0.0000 0 0.0000 -1.0000 -1.0000 -1.0000 -1.0000 1.8929 1.7359 4.4229 -3.5458 2.9634 0.8089 -3.1319 0.4052
Car 0.0000 0 0.0000 -1.0000 -1.0000 -1.0000 -1.0000 1.8935 1.6061 4.5886 -39.3330 24.2434 0.1503 -1.4454 0.3352
Truck 0.0000 0 0.0000 -1.0000 -1.0000 -1.0000 -1.0000 3.0376 3.4237 12.0838 -35.7869 2.0663 1.4554 -3.0718 0.5377
Truck 0.0000 0 0.0000 -1.0000 -1.0000 -1.0000 -1.0000 2.4068 2.5174 6.7882 -1.4039 10.0242 1.2048 -0.0061 0.4472
Truck 0.0000 0 0.0000 -1.0000 -1.0000 -1.0000 -1.0000 2.8753 3.4702 8.1182 -65.8266 -2.1496 1.3703 -1.6958 0.3452
Cyclist 0.0000 0 0.0000 -1.0000 -1.0000 -1.0000 -1.0000 0.7408 1.5358 1.7130 -6.1582 7.8893 0.5599 3.0898 0.5812
Cyclist 0.0000 0 0.0000 -1.0000 -1.0000 -1.0000 -1.0000 0.7362 1.5501 1.6608 13.0030 -2.0934 0.9714 -3.0065 0.5660
Cyclist 0.0000 0 0.0000 -1.0000 -1.0000 -1.0000 -1.0000 0.6985 1.2671 1.7104 -8.7653 13.1454 0.3556 -3.1235 0.4899
Cyclist 0.0000 0 0.0000 -1.0000 -1.0000 -1.0000 -1.0000 0.7186 1.5202 1.6660 29.3040 6.7288 1.0886 0.0177 0.4205
Cyclist 0.0000 0 0.0000 -1.0000 -1.0000 -1.0000 -1.0000 0.6813 1.2205 1.6551 -15.6540 13.2579 0.2983 -0.4188 0.4094
Cyclist 0.0000 0 0.0000 -1.0000 -1.0000 -1.0000 -1.0000 0.7157 1.5299 1.6626 21.2648 7.2016 1.0201 -3.1321 0.4048
Cyclist 0.0000 0 0.0000 -1.0000 -1.0000 -1.0000 -1.0000 0.8128 1.5116 1.8297 9.1220 7.4661 0.7805 -0.0043 0.3874
Cyclist 0.0000 0 0.0000 -1.0000 -1.0000 -1.0000 -1.0000 0.8119 1.5849 1.7753 36.8752 6.7698 1.1678 -0.0566 0.3621
Cyclist 0.0000 0 0.0000 -1.0000 -1.0000 -1.0000 -1.0000 0.7578 1.5526 1.7695 -56.9754 -4.2804 0.4524 -1.6497 0.3586
Cyclist 0.0000 0 0.0000 -1.0000 -1.0000 -1.0000 -1.0000 0.6862 1.3352 1.6694 1.0309 7.4540 0.5955 -3.1148 0.3539
Cyclist 0.0000 0 0.0000 -1.0000 -1.0000 -1.0000 -1.0000 0.7009 1.2433 1.7045 -23.6484 11.3495 0.2270 0.2603 0.3500
Cyclist 0.0000 0 0.0000 -1.0000 -1.0000 -1.0000 -1.0000 0.7038 1.2176 1.7199 -24.4920 14.3915 0.1703 -1.2750 0.3406
Cyclist 0.0000 0 0.0000 -1.0000 -1.0000 -1.0000 -1.0000 0.7562 1.5046 1.7483 4.2679 7.7480 0.7446 0.0448 0.3157
Pedestrian 0.0000 0 0.0000 -1.0000 -1.0000 -1.0000 -1.0000 0.6914 1.6333 0.6507 -25.5909 -6.5426 0.7147 -3.0409 0.5501
Pedestrian 0.0000 0 0.0000 -1.0000 -1.0000 -1.0000 -1.0000 0.6870 1.6537 0.6308 -20.5119 12.3575 0.5125 -0.0729 0.5383
Pedestrian 0.0000 0 0.0000 -1.0000 -1.0000 -1.0000 -1.0000 0.6764 1.6610 0.6022 5.2021 12.4135 1.0948 0.0286 0.3863
Pedestrian 0.0000 0 0.0000 -1.0000 -1.0000 -1.0000 -1.0000 0.6973 1.6061 0.6406 -35.6259 -6.5665 0.5188 0.0564 0.3642
Pedestrian 0.0000 0 0.0000 -1.0000 -1.0000 -1.0000 -1.0000 0.7055 1.6163 0.6442 27.8046 -5.3221 1.2739 3.0383 0.3450
Pedestrian 0.0000 0 0.0000 -1.0000 -1.0000 -1.0000 -1.0000 0.7004 1.6415 0.6495 6.9463 10.9481 0.9876 -3.0888 0.3363
Pedestrian 0.0000 0 0.0000 -1.0000 -1.0000 -1.0000 -1.0000 0.6769 1.7012 0.5790 6.5409 -6.3342 1.2207 -1.7953 0.3050
