Car 0.0000 0 0.0000 -1.0000 -1.0000 -1.0000 -1.0000 2.0248 1.4621 4.6116 -13.7009 -0.4511 0.6900 -0.0190 0.7473
Car 0.0000 0 0.0000 -1.0000 -1.0000 -1.0000 -1.0000 1.9894 1.6140 4.6113 -29.5890 -9.1944 0.6403 0.0144 0.7153
Car 0.0000 0 0.0000 -1.0000 -1.0000 -1.0000 -1.0000 1.9503 1.4399 4.5381 0.9597 -9.3156 0.7022 -3.1066 0.7041
Car 0.0000 0 0.0000 -1.0000 -1.0000 -1.0000 -1.0000 1.9543 1.5698 4.6828 -60.1908 2.8847 0.3951 0.0184 0.6255
Car 0.0000 0 0.0000 -1.0000 -1.0000 -1.0000 -1.0000 1.9326 1.5286 4.4622 3.6172 3.5825 0.7357 3.1188 0.5685
Car 0.0000 0 0.0000 -1.0000 -1.0000 -1.0000 -1.0000 1.9656 1.5572 4.6350 52.1281 -0.2497 0.8656 3.1333 0.4403
Car 0.0000 0 0.0000 -1.0000 -1.0000 -1.0000 -1.0000 1.8976 1.6914 4.5057 -37.5836 -15.1961 0.7666 3.1254 0.4379
Car 0.0000 0 0.0000 -1.0000 -1.0000 -1.0000 -1.0000 1.8922 1.5322 4.5618 27.8765 18.3501 0.2766 -1.4439 0.3609
Car 0.0000 0 0.0000 -1.0000 -1.0000 -1.0000 -1.0000 2.3524 2.5212 5.5637 -10.7350 -9.8307 1.3183 -3.1235 0.3526
Car 0.0000 0 0.0000 -1.0000 -1.0000 -1.0000 -1.0000 2.0451 1.5144 4.6839 38.1312 0.0900 0.7826 -3.1231 0.3254
Cyclist 0.0000 0 0.0000 -1.0000 -1.0000 -1.0000 -1.0000 0.8064 1.5731 1.8171 -23.4596 9.6846 0.4280 3.1170 0.5718
Cyclist 0.0000 0 0.0000 -1.0000 -1.0000 -1.0000 -1.0000 0.7702 1.5679 1.7438 30.3360 -7.4337 0.7921 -3.1379 0.4444
Cyclist 0.0000 0 0.0000 -1.0000 -1.0000 -1.0000 -1.0000 0.6810 1.2038 1.7257 -15.8817 14.3657 0.3257 1.6208 0.4034
Cyclist 0.0000 0 0.0000 -1.0000 -1.0000 -1.0000 -1.0000 0.7482 1.3710 1.7249 -23.9421 -10.5210 0.5480 -0.6642 0.3709
Cyclist 0.0000 0 0.0000 -1.0000 -1.0000 -1.0000 -1.0000 0.7423 1.4531 1.7271 -22.7566 -8.8847 0.5353 -0.1819 0.3668
Cyclist 0.0000 0 0.0000 -1.0000 -1.0000 -1.0000 -1.0000 0.6978 1.2292 1.7578 -11.9762 14.8334 0.3395 1.5715 0.3642
Cyclist 0.0000 0 0.0000 -1.0000 -1.0000 -1.0000 -1.0000 0.7125 1.4636 1.6813 -23.2487 -13.7982 0.6523 1.1594 0.3508
Cyclist 0.0000 0 0.0000 -1.0000 -1.0000 -1.0000 -1.0000 0.7694 1.4788 1.7885 0.2165 14.3682 0.5103 -1.7832 0.3299
Cyclist 0.0000 0 0.0000 -1.0000 -1.0000 -1.0000 -1.0000 0.6597 1.0950 1.6517 4.7457 14.1618 0.3128 -1.5211 0.3174
Cyclist 0.0000 0 0.0000 -1.0000 -1.0000 -1.0000 -1.0000 0.7080 1.1343 1.7125 -5.0715 -11.9654 0.8478 -1.0053 0.3168
Cyclist 0.0000 0 0.0000 -1.0000 -1.0000 -1.0000 -1.0000 0.6741 1.1791 1.7201 -14.7557 14.7424 0.2768 1.6547 0.3166
Cyclist 0.0000 0 0.0000 -1.0000 -1.0000 -1.0000 -1.0000 0.6998 1.2100 1.7591 -11.0632 14.9544 0.3436 1.4968 0.3081
Cyclist 0.0000 0 0.0000 -1.0000 -1.0000 -1.0000 -1.0000 0.6646 1.1087 1.6809 -22.7858 -15.7608 0.5971 -1.7160 0.3057
Cyclist 0.0000 0 0.0000 -1.0000 -1.0000 -1.0000 -1.0000 0.7187 1.2033 1.7288 -20.9135 -11.1632 0.5086 -1.8602 0.3040
Pedestrian 0.0000 0 0.0000 -1.0000 -1.0000 -1.0000 -1.0000 0.6940 1.6759 0.6659 -26.3710 -16.6741 0.9748 0.1746 0.5607
Pedestrian 0.0000 0 0.0000 -1.0000 -1.0000 -1.0000 -1.0000 0.6733 1.6369 0.5905 -18.2271 18.5319 0.4754 3.1040 0.5053
