Car 0.0000 0 0.0000 -1.0000 -1.0000 -1.0000 -1.0000 2.0276 1.5555 4.6166 -21.4913 0.7308 0.7513 -0.0606 0.7694
Car 0.0000 0 0.0000 -1.0000 -1.0000 -1.0000 -1.0000 1.9659 1.4746 4.5245 9.9400 6.4415 0.7192 3.0235 0.7687
Car 0.0000 0 0.0000 -1.0000 -1.0000 -1.0000 -1.0000 1.9664 1.4623 4.5316 20.0005 -0.2063 0.8833 -0.0424 0.6168
Car 0.0000 0 0.0000 -1.0000 -1.0000 -1.0000 -1.0000 1.9186 1.5449 4.5593 -48.9257 7.0849 0.7500 -3.1115 0.5850
Car 0.0000 0 0.0000 -1.0000 -1.0000 -1.0000 -1.0000 2.1525 2.2199 5.0219 43.5574 3.2030 1.3121 3.0921 0.5545
Car 0.0000 0 0.0000 -1.0000 -1.0000 -1.0000 -1.0000 1.8671 1.4985 4.4646 1.2357 -26.1011 1.1157 1.5233 0.5098
Car 0.0000 0 0.0000 -1.0000 -1.0000 -1.0000 -1.0000 2.0347 1.8657 4.6264 -15.1155 4.0778 0.9028 -0.0968 0.4403
Car 0.0000 0 0.0000 -1.0000 -1.0000 -1.0000 -1.0000 1.9017 1.5553 4.5646 -75.5120 12.7553 0.6838 -3.1077 0.4381
Car 0.0000 0 0.0000 -1.0000 -1.0000 -1.0000 -1.0000 1.8089 1.4207 4.3171 2.9751 -14.3167 0.9285 -1.6173 0.3564
Car 0.0000 0 0.0000 -1.0000 -1.0000 -1.0000 -1.0000 1.9249 1.8001 4.7067 -77.0421 19.4491 0.7688 -0.3111 0.3241
Car 0.0000 0 0.0000 -1.0000 -1.0000 -1.0000 -1.0000 1.8768 1.6429 4.5078 55.4878 16.3144 1.1505 1.4616 0.3039
Truck 0.0000 0 0.0000 -1.0000 -1.0000 -1.0000 -1.0000 3.0321 3.9063 11.7433 -48.6196 3.1131 1.9811 3.1071 0.4768
Truck 0.0000 0 0.0000 -1.0000 -1.0000 -1.0000 -1.0000 2.8037 2.9114 9.1354 23.2987 -4.5612 1.6056 -0.1196 0.4521
Tricar 0.0000 0 0.0000 -1.0000 -1.0000 -1.0000 -1.0000 1.1227 1.1971 2.8892 2.9366 -14.1948 0.8243 1.6193 0.3413
Cyclist 0.0000 0 0.0000 -1.0000 -1.0000 -1.0000 -1.0000 0.7967 1.5640 1.7897 -0.9535 -8.1270 0.8637 -0.0675 0.5491
Cyclist 0.0000 0 0.0000 -1.0000 -1.0000 -1.0000 -1.0000 0.7418 1.5766 1.6977 -35.6584 17.0772 0.5060 3.0741 0.3915
Cyclist 0.0000 0 0.0000 -1.0000 -1.0000 -1.0000 -1.0000 0.7318 1.5059 1.7220 -15.6342 18.3066 0.3120 3.0722 0.3751
Cyclist 0.0000 0 0.0000 -1.0000 -1.0000 -1.0000 -1.0000 0.7242 1.4825 1.7544 31.8716 -16.5833 1.3517 1.9323 0.3639
Cyclist 0.0000 0 0.0000 -1.0000 -1.0000 -1.0000 -1.0000 0.7543 1.5548 1.7231 -28.4498 16.2619 0.5544 3.0430 0.3360
Cyclist 0.0000 0 0.0000 -1.0000 -1.0000 -1.0000 -1.0000 0.7533 1.5744 1.7132 -8.3570 14.5856 0.5491 -0.0971 0.3208
Cyclist 0.0000 0 0.0000 -1.0000 -1.0000 -1.0000 -1.0000 0.7163 1.2577 1.7440 12.7665 -14.9069 1.1306 1.8005 0.3069
Cyclist 0.0000 0 0.0000 -1.0000 -1.0000 -1.0000 -1.0000 0.6408 0.9987 1.6111 -3.0323 -14.4412 0.7289 1.6513 0.3011
Pedestrian 0.0000 0 0.0000 -1.0000 -1.0000 -1.0000 -1.0000 0.7070 1.7011 0.6760 -12.5294 -10.6378 1.2488 -2.1332 0.5425
Pedestrian 0.0000 0 0.0000 -1.0000 -1.0000 -1.0000 -1.0000 0.7065 1.6750 0.7004 5.9543 -6.7956 0.9458 3.0593 0.4658
Pedestrian 0.0000 0 0.0000 -1.0000 -1.0000 -1.0000 -1.0000 0.6867 1.6784 0.5946 -46.7414 19.6419 0.7273 3.0869 0.3700
Pedestrian 0.0000 0 0.0000 -1.0000 -1.0000 -1.0000 -1.0000 0.6996 1.6557 0.6403 -56.5724 -5.1504 0.9057 3.1304 0.3643
Pedestrian 0.0000 0 0.0000 -1.0000 -1.0000 -1.0000 -1.0000 0.7046 1.6306 0.6508 -8.3657 14.4976 0.5537 3.0547 0.3161
