Car 0.0000 0 0.0000 -1.0000 -1.0000 -1.0000 -1.0000 2.0489 1.5623 4.6615 -28.2035 2.7092 0.7440 -0.0800 0.7615
Car 0.0000 0 0.0000 -1.0000 -1.0000 -1.0000 -1.0000 1.9269 1.4541 4.5046 -8.0183 12.7389 0.5257 3.0950 0.7603
Car 0.0000 0 0.0000 -1.0000 -1.0000 -1.0000 -1.0000 2.0305 1.5276 4.5886 -36.0137 0.2546 0.6571 -0.0357 0.5822
Car 0.0000 0 0.0000 -1.0000 -1.0000 -1.0000 -1.0000 1.9117 1.6208 4.5922 22.5072 -35.5178 1.1702 1.5119 0.5430
Car 0.0000 0 0.0000 -1.0000 -1.0000 -1.0000 -1.0000 1.9220 1.5153 4.6178 16.6732 -35.4525 1.0684 -1.6557 0.5321
Car 0.0000 0 0.0000 -1.0000 -1.0000 -1.0000 -1.0000 1.9674 1.5548 4.6601 69.9947 -6.3165 1.2831 3.1344 0.5133
Car 0.0000 0 0.0000 -1.0000 -1.0000 -1.0000 -1.0000 1.9318 1.5195 4.5567 -27.0255 14.0611 0.4406 -0.0555 0.4709
Car 0.0000 0 0.0000 -1.0000 -1.0000 -1.0000 -1.0000 1.8900 1.4979 4.5426 25.6737 -35.6694 1.0633 1.5484 0.4522
Car 0.0000 0 0.0000 -1.0000 -1.0000 -1.0000 -1.0000 1.8880 1.5396 4.5643 33.5170 -35.9149 1.1279 1.5028 0.4208
Car 0.0000 0 0.0000 -1.0000 -1.0000 -1.0000 -1.0000 2.0090 1.7605 4.8207 -55.5665 -21.4425 0.5761 -1.8302 0.3919
Car 0.0000 0 0.0000 -1.0000 -1.0000 -1.0000 -1.0000 1.9034 1.5282 4.5753 -80.9464 -4.5648 0.4547 -0.1350 0.3697
Car 0.0000 0 0.0000 -1.0000 -1.0000 -1.0000 -1.0000 1.9352 1.6670 4.6705 11.6718 -34.6411 1.1830 1.5159 0.3254
Car 0.0000 0 0.0000 -1.0000 -1.0000 -1.0000 -1.0000 2.0010 1.9480 4.8806 -50.1346 -33.2392 0.7730 0.1278 0.3235
Truck 0.0000 0 0.0000 -1.0000 -1.0000 -1.0000 -1.0000 2.5768 2.3339 7.1095 -26.1177 8.0630 1.0506 -0.1029 0.4370
Truck 0.0000 0 0.0000 -1.0000 -1.0000 -1.0000 -1.0000 2.0548 2.0102 5.2069 -16.7554 7.1984 0.9531 3.0446 0.4262
Truck 0.0000 0 0.0000 -1.0000 -1.0000 -1.0000 -1.0000 2.4345 2.2164 6.3124 69.6582 -1.2550 1.6638 3.1354 0.4077
Truck 0.0000 0 0.0000 -1.0000 -1.0000 -1.0000 -1.0000 2.0828 2.0634 5.2334 -50.0606 -33.3101 0.7116 0.1851 0.3446
Cyclist 0.0000 0 0.0000 -1.0000 -1.0000 -1.0000 -1.0000 0.7494 1.5308 1.7262 8.1085 -16.1640 0.8111 3.1141 0.5430
Cyclist 0.0000 0 0.0000 -1.0000 -1.0000 -1.0000 -1.0000 0.7367 1.5446 1.7171 -34.9219 26.3645 0.0554 -0.1173 0.4624
Cyclist 0.0000 0 0.0000 -1.0000 -1.0000 -1.0000 -1.0000 0.8385 1.6151 1.8297 -35.7142 28.8768 0.1104 -0.2190 0.4479
Cyclist 0.0000 0 0.0000 -1.0000 -1.0000 -1.0000 -1.0000 0.8067 1.5548 1.8079 -9.3790 -12.9596 0.7463 -0.0555 0.4346
Cyclist 0.0000 0 0.0000 -1.0000 -1.0000 -1.0000 -1.0000 0.7595 1.5428 1.7432 -17.5488 25.5468 0.2117 3.0732 0.3830
Cyclist 0.0000 0 0.0000 -1.0000 -1.0000 -1.0000 -1.0000 0.7915 1.4879 1.8040 -14.2607 -18.2464 0.8224 -2.6743 0.3259
Cyclist 0.0000 0 0.0000 -1.0000 -1.0000 -1.0000 -1.0000 0.7585 1.5394 1.7459 19.9359 -16.1627 0.8242 3.1035 0.3003
