Car 0.0000 0 0.0000 -1.0000 -1.0000 -1.0000 -1.0000 2.0000 1.4484 4.5891 -33.3499 2.8626 0.7755 0.0281 0.8216
Car 0.0000 0 0.0000 -1.0000 -1.0000 -1.0000 -1.0000 2.1100 1.7599 4.8587 -18.0217 6.9950 0.8768 3.1371 0.8176
Car 0.0000 0 0.0000 -1.0000 -1.0000 -1.0000 -1.0000 1.9927 1.4458 4.6085 4.6631 14.4242 0.3704 0.0360 0.7979
Car 0.0000 0 0.0000 -1.0000 -1.0000 -1.0000 -1.0000 1.9682 1.4464 4.5280 -17.7892 3.5051 0.7274 0.0280 0.7675
Car 0.0000 0 0.0000 -1.0000 -1.0000 -1.0000 -1.0000 1.9011 1.7854 4.4266 19.5395 6.9017 0.8231 0.0279 0.6841
Car 0.0000 0 0.0000 -1.0000 -1.0000 -1.0000 -1.0000 2.1383 2.0175 4.8436 20.3170 3.5697 0.9962 -3.1266 0.6474
Car 0.0000 0 0.0000 -1.0000 -1.0000 -1.0000 -1.0000 2.0279 1.5362 4.6092 -45.2585 5.7086 0.7352 -0.0275 0.5833
Car 0.0000 0 0.0000 -1.0000 -1.0000 -1.0000 -1.0000 2.0186 1.5917 4.5842 -79.9365 3.2735 0.8123 -0.0967 0.5632
Car 0.0000 0 0.0000 -1.0000 -1.0000 -1.0000 -1.0000 1.8823 1.4504 4.4249 18.8140 13.7416 0.3799 -3.1274 0.5436
Car 0.0000 0 0.0000 -1.0000 -1.0000 -1.0000 -1.0000 2.0012 1.6675 4.6996 33.0860 8.7311 0.6971 3.1290 0.3808
Car 0.0000 0 0.0000 -1.0000 -1.0000 -1.0000 -1.0000 1.9709 1.6602 4.6540 -67.4261 6.1812 0.7849 3.1114 0.3502
Car 0.0000 0 0.0000 -1.0000 -1.0000 -1.0000 -1.0000 1.9254 1.5660 4.6253 56.0964 22.4249 -0.2578 -1.7727 0.3440
Truck 0.0000 0 0.0000 -1.0000 -1.0000 -1.0000 -1.0000 2.8465 3.1129 9.9796 39.2921 2.5523 1.5197 0.0093 0.6727
Truck 0.0000 0 0.0000 -1.0000 -1.0000 -1.0000 -1.0000 2.8367 3.2087 9.9694 34.2618 -1.0398 1.5721 -3.1028 0.5672
Truck 0.0000 0 0.0000 -1.0000 -1.0000 -1.0000 -1.0000 2.3805 2.2797 6.2491 -59.0396 14.9151 0.9487 0.0200 0.5648
Cyclist 0.0000 0 0.0000 -1.0000 -1.0000 -1.0000 -1.0000 0.7426 1.5570 1.7070 37.9084 -10.6172 0.7956 3.1086 0.5469
Cyclist 0.0000 0 0.0000 -1.0000 -1.0000 -1.0000 -1.0000 0.8510 1.6210 1.8165 -34.2644 -12.2458 0.9618 -0.0460 0.4199
