Car 0.0000 0 0.0000 -1.0000 -1.0000 -1.0000 -1.0000 1.9519 1.4281 4.5159 -10.4642 2.7896 0.7111 0.0267 0.8178
Car 0.0000 0 0.0000 -1.0000 -1.0000 -1.0000 -1.0000 1.9811 1.4164 4.5747 -19.5326 0.8597 0.6755 0.0107 0.7743
Car 0.0000 0 0.0000 -1.0000 -1.0000 -1.0000 -1.0000 2.0243 1.4709 4.6586 23.0931 3.4979 0.8144 3.1398 0.7025
Car 0.0000 0 0.0000 -1.0000 -1.0000 -1.0000 -1.0000 1.9102 1.4226 4.4153 6.2330 4.0057 0.7479 0.0788 0.6978
Car 0.0000 0 0.0000 -1.0000 -1.0000 -1.0000 -1.0000 1.9852 1.4608 4.5200 -28.4291 3.3207 0.7180 -3.1221 0.6795
Car 0.0000 0 0.0000 -1.0000 -1.0000 -1.0000 -1.0000 1.9619 1.4515 4.5292 40.8561 3.4831 0.8955 0.0164 0.6693
Car 0.0000 0 0.0000 -1.0000 -1.0000 -1.0000 -1.0000 2.0364 1.6187 4.5948 11.0220 -0.3022 0.8913 -3.1274 0.6650
Car 0.0000 0 0.0000 -1.0000 -1.0000 -1.0000 -1.0000 1.9819 1.4575 4.6218 -31.6049 -0.1879 0.7025 3.1266 0.6483
Car 0.0000 0 0.0000 -1.0000 -1.0000 -1.0000 -1.0000 1.9715 1.5477 4.6310 51.8284 2.3981 0.9375 0.0053 0.5833
Car 0.0000 0 0.0000 -1.0000 -1.0000 -1.0000 -1.0000 1.9079 1.5312 4.5341 -42.9397 3.1644 0.6864 -0.0272 0.4645
Car 0.0000 0 0.0000 -1.0000 -1.0000 -1.0000 -1.0000 1.9032 1.5151 4.5868 15.8201 -17.4138 1.1034 -1.4384 0.4442
Car 0.0000 0 0.0000 -1.0000 -1.0000 -1.0000 -1.0000 1.9756 1.7269 4.6534 -41.0052 -0.2028 0.9001 -0.0193 0.3949
