Car 0.0000 0 0.0000 -1.0000 -1.0000 -1.0000 -1.0000 1.9952 1.5120 4.5263 -24.0993 -0.9791 0.6904 -3.1034 0.8114
Car 0.0000 0 0.0000 -1.0000 -1.0000 -1.0000 -1.0000 1.9893 1.4946 4.5098 27.1828 -1.1326 1.0552 3.0825 0.7687
Car 0.0000 0 0.0000 -1.0000 -1.0000 -1.0000 -1.0000 2.0440 1.5879 4.7211 39.1480 -4.6442 1.3155 3.1351 0.7619
Car 0.0000 0 0.0000 -1.0000 -1.0000 -1.0000 -1.0000 1.9622 1.6306 4.6248 -19.2333 -26.3202 0.9747 -1.2024 0.5625
Car 0.0000 0 0.0000 -1.0000 -1.0000 -1.0000 -1.0000 1.9009 1.7095 4.3640 35.2643 -1.3445 1.3026 3.1255 0.5272
Car 0.0000 0 0.0000 -1.0000 -1.0000 -1.0000 -1.0000 1.8946 1.5262 4.5345 -20.7939 29.6979 0.2187 -1.5597 0.3579
Car 0.0000 0 0.0000 -1.0000 -1.0000 -1.0000 -1.0000 1.9366 1.6157 4.6568 -14.6777 33.0408 0.3982 -1.7433 0.3523
Truck 0.0000 0 0.0000 -1.0000 -1.0000 -1.0000 -1.0000 2.7636 3.0974 9.5677 54.6382 -8.8187 2.1963 3.0750 0.5350
Cyclist 0.0000 0 0.0000 -1.0000 -1.0000 -1.0000 -1.0000 0.7351 1.4718 1.7669 -15.6835 -13.2365 0.5929 3.0683 0.5517
Cyclist 0.0000 0 0.0000 -1.0000 -1.0000 -1.0000 -1.0000 0.7493 1.4853 1.7181 -51.0760 -32.2288 1.2086 -2.6694 0.3024
