Car 0.0000 0 0.0000 -1.0000 -1.0000 -1.0000 -1.0000 1.9410 1.7197 4.4811 -41.0942 -3.7076 0.9648 -3.0805 0.6693
Car 0.0000 0 0.0000 -1.0000 -1.0000 -1.0000 -1.0000 1.9163 1.4659 4.4159 11.1779 -0.2706 0.7317 3.1168 0.6655
Car 0.0000 0 0.0000 -1.0000 -1.0000 -1.0000 -1.0000 2.0295 1.7061 4.5863 12.7436 -4.0022 0.8723 -3.1089 0.6559
Car 0.0000 0 0.0000 -1.0000 -1.0000 -1.0000 -1.0000 2.0177 1.6686 4.6276 -23.7095 -3.9918 0.9157 -3.1367 0.6278
Car 0.0000 0 0.0000 -1.0000 -1.0000 -1.0000 -1.0000 1.9730 1.6147 4.5391 -29.3197 -3.7372 0.8779 -3.1267 0.5650
Car 0.0000 0 0.0000 -1.0000 -1.0000 -1.0000 -1.0000 1.8835 1.4737 4.5119 -35.0003 -3.6288 0.8083 -3.1099 0.5388
Car 0.0000 0 0.0000 -1.0000 -1.0000 -1.0000 -1.0000 1.9075 1.4824 4.5355 30.1278 -4.1800 0.6474 3.1387 0.5328
Car 0.0000 0 0.0000 -1.0000 -1.0000 -1.0000 -1.0000 1.9550 1.4273 4.5537 6.6309 -3.9837 0.7152 -3.1332 0.5189
Car 0.0000 0 0.0000 -1.0000 -1.0000 -1.0000 -1.0000 1.9342 1.4722 4.5140 0.7829 -3.8191 0.7601 -0.0459 0.4935
Car 0.0000 0 0.0000 -1.0000 -1.0000 -1.0000 -1.0000 2.0054 1.6565 4.5888 -17.2329 -3.7887 0.9263 -0.0059 0.4449
Car 0.0000 0 0.0000 -1.0000 -1.0000 -1.0000 -1.0000 1.9000 1.4149 4.4676 -11.2739 -3.7469 0.7952 0.0137 0.4230
Car 0.0000 0 0.0000 -1.0000 -1.0000 -1.0000 -1.0000 1.9633 1.4608 4.5489 18.7017 -3.9668 0.7098 0.0039 0.4151
Car 0.0000 0 0.0000 -1.0000 -1.0000 -1.0000 -1.0000 1.9119 1.4718 4.4985 24.5815 -3.9484 0.6800 3.1329 0.3946
Car 0.0000 0 0.0000 -1.0000 -1.0000 -1.0000 -1.0000 1.8465 1.4950 4.4040 -47.4467 -3.5339 0.8578 -3.0950 0.3404
Car 0.0000 0 0.0000 -1.0000 -1.0000 -1.0000 -1.0000 1.9679 1.5495 4.6778 49.7979 2.2294 0.4939 -3.1279 0.3262
Cyclist 0.0000 0 0.0000 -1.0000 -1.0000 -1.0000 -1.0000 0.7304 1.5697 1.6870 -8.2178 4.7053 0.6712 -0.0289 0.6622
Cyclist 0.0000 0 0.0000 -1.0000 -1.0000 -1.0000 -1.0000 0.7205 1.5428 1.6839 40.7887 5.1537 0.5752 3.1087 0.4064
Cyclist 0.0000 0 0.0000 -1.0000 -1.0000 -1.0000 -1.0000 0.9375 1.5987 1.9760 -36.7024 4.2121 0.8404 0.0105 0.3004
Pedestrian 0.0000 0 0.0000 -1.0000 -1.0000 -1.0000 -1.0000 0.7244 1.7350 0.7048 7.9072 -8.3905 1.1060 3.1215 0.3324
