Car 0.0000 0 0.0000 -1.0000 -1.0000 -1.0000 -1.0000 2.0624 1.7032 4.6939 -8.1304 -2.9735 0.8324 -3.0998 0.7681
Car 0.0000 0 0.0000 -1.0000 -1.0000 -1.0000 -1.0000 1.9639 1.5051 4.5270 -13.8317 7.9817 0.3855 -3.1353 0.7150
Car 0.0000 0 0.0000 -1.0000 -1.0000 -1.0000 -1.0000 1.9523 1.4643 4.5325 23.7163 -2.1517 0.9905 0.0414 0.6538
Car 0.0000 0 0.0000 -1.0000 -1.0000 -1.0000 -1.0000 2.0034 1.5642 4.7682 44.8395 -1.4143 1.3181 0.0048 0.5862
Truck 0.0000 0 0.0000 -1.0000 -1.0000 -1.0000 -1.0000 3.0156 3.3134 10.6909 -43.2125 -2.3836 0.8547 -3.1248 0.6424
Truck 0.0000 0 0.0000 -1.0000 -1.0000 -1.0000 -1.0000 2.6797 2.5956 7.6479 -34.0195 3.6936 0.6743 -3.0744 0.4320
Truck 0.0000 0 0.0000 -1.0000 -1.0000 -1.0000 -1.0000 3.0405 3.9126 11.8343 -38.9606 7.8871 1.1648 -3.1229 0.3742
Tricar 0.0000 0 0.0000 -1.0000 -1.0000 -1.0000 -1.0000 1.3987 1.8694 3.4275 24.5030 11.5531 0.7724 3.0684 0.5870
Tricar 0.0000 0 0.0000 -1.0000 -1.0000 -1.0000 -1.0000 1.0975 1.4856 2.7418 7.7869 -8.8747 0.8709 3.1298 0.5356
Cyclist 0.0000 0 0.0000 -1.0000 -1.0000 -1.0000 -1.0000 0.7902 1.4826 1.7735 11.3432 -6.6054 0.8949 0.0280 0.6275
