Car 0.0000 0 0.0000 -1.0000 -1.0000 -1.0000 -1.0000 1.9865 1.4655 4.5771 -12.8255 4.7002 0.6576 3.1336 0.7390
Car 0.0000 0 0.0000 -1.0000 -1.0000 -1.0000 -1.0000 1.9191 1.5766 4.4529 -27.9499 9.1072 0.5958 -3.0643 0.7239
Car 0.0000 0 0.0000 -1.0000 -1.0000 -1.0000 -1.0000 1.9462 1.4423 4.4715 15.6150 -0.3763 0.7162 0.0275 0.6978
Car 0.0000 0 0.0000 -1.0000 -1.0000 -1.0000 -1.0000 2.0553 1.6820 4.6048 -37.8671 -5.4394 0.7816 -3.1338 0.6703
Car 0.0000 0 0.0000 -1.0000 -1.0000 -1.0000 -1.0000 1.9352 1.5139 4.5294 -54.5383 5.2174 0.5633 -0.0256 0.6591
Car 0.0000 0 0.0000 -1.0000 -1.0000 -1.0000 -1.0000 1.9500 1.6612 4.5573 49.1148 10.8204 0.4573 3.1192 0.6575
Car 0.0000 0 0.0000 -1.0000 -1.0000 -1.0000 -1.0000 2.0277 1.4920 4.6180 -17.8523 -0.1402 0.6831 -3.1222 0.6073
Car 0.0000 0 0.0000 -1.0000 -1.0000 -1.0000 -1.0000 1.9621 1.6102 4.6592 -21.8887 27.1857 0.1802 -1.7320 0.6065
Car 0.0000 0 0.0000 -1.0000 -1.0000 -1.0000 -1.0000 1.9841 1.5318 4.6476 -36.1083 5.2648 0.6183 0.0120 0.6020
Car 0.0000 0 0.0000 -1.0000 -1.0000 -1.0000 -1.0000 1.8814 1.6150 4.4239 -7.0156 9.9922 0.5935 0.0077 0.6010
Car 0.0000 0 0.0000 -1.0000 -1.0000 -1.0000 -1.0000 1.9313 1.5210 4.5380 -38.7399 2.5565 0.5830 -0.0011 0.5155
Car 0.0000 0 0.0000 -1.0000 -1.0000 -1.0000 -1.0000 1.9675 1.6229 4.5955 -61.4646 7.8284 0.5596 -0.0334 0.5034
Car 0.0000 0 0.0000 -1.0000 -1.0000 -1.0000 -1.0000 1.8650 1.4368 4.4375 -27.1769 29.6584 0.1438 -0.1866 0.4594
Car 0.0000 0 0.0000 -1.0000 -1.0000 -1.0000 -1.0000 1.9025 1.5160 4.5150 -22.6972 18.8595 0.1610 -1.6426 0.4456
Car 0.0000 0 0.0000 -1.0000 -1.0000 -1.0000 -1.0000 2.0044 1.7311 4.7014 44.3016 -0.1752 0.7853 3.1083 0.4297
Car 0.0000 0 0.0000 -1.0000 -1.0000 -1.0000 -1.0000 2.0064 1.7393 4.6476 6.5180 3.7804 0.8197 3.1395 0.4151
Car 0.0000 0 0.0000 -1.0000 -1.0000 -1.0000 -1.0000 1.9843 1.4514 4.5989 -7.4575 -5.6904 0.7004 -0.0004 0.4092
Car 0.0000 0 0.0000 -1.0000 -1.0000 -1.0000 -1.0000 2.0256 1.6631 4.7265 -46.0682 -1.2923 0.7351 -3.1113 0.3812
Car 0.0000 0 0.0000 -1.0000 -1.0000 -1.0000 -1.0000 1.9778 1.5465 4.6419 -46.2224 20.2731 0.3632 -0.0217 0.3752
Cyclist 0.0000 0 0.0000 -1.0000 -1.0000 -1.0000 -1.0000 0.7399 1.5689 1.6980 -22.0814 14.4533 0.2673 -3.1251 0.5580
Cyclist 0.0000 0 0.0000 -1.0000 -1.0000 -1.0000 -1.0000 0.8377 1.6297 1.7644 8.9220 -12.4100 0.8812 -3.0204 0.5570
Cyclist 0.0000 0 0.0000 -1.0000 -1.0000 -1.0000 -1.0000 0.8120 1.5713 1.7736 27.1195 -12.9557 0.9059 3.1126 0.5550
Cyclist 0.0000 0 0.0000 -1.0000 -1.0000 -1.0000 -1.0000 0.7548 1.5352 1.7201 18.3068 16.7433 0.3669 3.0739 0.5473
Cyclist 0.0000 0 0.0000 -1.0000 -1.0000 -1.0000 -1.0000 0.7584 1.4989 1.7421 18.0243 15.0559 0.4139 -0.0074 0.4639
Cyclist 0.0000 0 0.0000 -1.0000 -1.0000 -1.0000 -1.0000 0.8874 1.6351 1.8460 -4.7754 -13.8248 0.8961 -1.1791 0.3864
Cyclist 0.0000 0 0.0000 -1.0000 -1.0000 -1.0000 -1.0000 0.8025 1.5588 1.7269 7.6920 -10.7161 0.8349 0.1805 0.3547
Cyclist 0.0000 0 0.0000 -1.0000 -1.0000 -1.0000 -1.0000 0.7084 1.4980 1.7007 37.6989 18.2426 0.0854 3.1061 0.3397
Cyclist 0.0000 0 0.0000 -1.0000 -1.0000 -1.0000 -1.0000 0.7392 1.5209 1.7172 43.0676 -12.1838 0.8297 3.1378 0.3216
Cyclist 0.0000 0 0.0000 -1.0000 -1.0000 -1.0000 -1.0000 0.7727 1.5425 1.7927 10.6663 -39.0537 1.0395 1.5240 0.3208
Cyclist 0.0000 0 0.0000 -1.0000 -1.0000 -1.0000 -1.0000 0.6959 1.2448 1.7288 -11.0376 27.2460 0.1496 -1.4459 0.3081
Cyclist 0.0000 0 0.0000 -1.0000 -1.0000 -1.0000 -1.0000 0.7609 1.5106 1.7666 -1.7768 15.0405 0.3769 0.0150 0.3074
Pedestrian 0.0000 0 0.0000 -1.0000 -1.0000 -1.0000 -1.0000 0.6867 1.6384 0.6478 0.6608 -21.8223 0.8025 -0.2720 0.6551
Pedestrian 0.0000 0 0.0000 -1.0000 -1.0000 -1.0000 -1.0000 0.7339 1.6993 0.7544 13.0225 24.3166 0.4524 -3.1132 0.5374
Pedestrian 0.0000 0 0.0000 -1.0000 -1.0000 -1.0000 -1.0000 0.7028 1.6763 0.6521 -8.3118 -12.3815 0.9285 2.8069 0.5341
Pedestrian 0.0000 0 0.0000 -1.0000 -1.0000 -1.0000 -1.0000 0.6979 1.6795 0.6505 12.6694 -27.2278 1.2081 0.9181 0.5102
Pedestrian 0.0000 0 0.0000 -1.0000 -1.0000 -1.0000 -1.0000 0.6815 1.6895 0.6021 -14.5753 21.8285 0.4927 3.0475 0.4931
Pedestrian 0.0000 0 0.0000 -1.0000 -1.0000 -1.0000 -1.0000 0.7190 1.7047 0.7090 24.5391 23.7841 0.3192 -3.0822 0.4807
Pedestrian 0.0000 0 0.0000 -1.0000 -1.0000 -1.0000 -1.0000 0.7173 1.6931 0.6910 14.5394 19.7736 0.4975 -0.0049 0.4713
Pedestrian 0.0000 0 0.0000 -1.0000 -1.0000 -1.0000 -1.0000 0.6929 1.6643 0.6404 -4.3562 -21.9660 0.9037 3.1305 0.4701
Pedestrian 0.0000 0 0.0000 -1.0000 -1.0000 -1.0000 -1.0000 0.7136 1.7222 0.6693 -33.0517 -20.1833 1.2450 3.1278 0.4456
Pedestrian 0.0000 0 0.0000 -1.0000 -1.0000 -1.0000 -1.0000 0.7242 1.6734 0.6935 6.8100 19.5820 0.5079 0.0209 0.4419
Pedestrian 0.0000 0 0.0000 -1.0000 -1.0000 -1.0000 -1.0000 0.7224 1.6870 0.6809 -37.1724 21.3628 0.4866 -0.0466 0.4358
Pedestrian 0.0000 0 0.0000 -1.0000 -1.0000 -1.0000 -1.0000 0.6896 1.6366 0.6221 -39.3125 27.0826 0.4256 2.9217 0.3868
Pedestrian 0.0000 0 0.0000 -1.0000 -1.0000 -1.0000 -1.0000 0.6979 1.6927 0.6327 -40.6173 25.3461 0.4880 3.0406 0.3701
Pedestrian 0.0000 0 0.0000 -1.0000 -1.0000 -1.0000 -1.0000 0.6984 1.6578 0.6299 -40.4544 27.2613 0.4298 2.9879 0.3160
Pedestrian 0.0000 0 0.0000 -1.0000 -1.0000 -1.0000 -1.0000 0.6928 1.6774 0.6086 -31.4161 22.5751 0.4111 -0.0072 0.3128
