Car 0.0000 0 0.0000 -1.0000 -1.0000 -1.0000 -1.0000 2.0147 1.4653 4.6198 24.0322 -3.1784 0.8376 0.0506 0.8410
Car 0.0000 0 0.0000 -1.0000 -1.0000 -1.0000 -1.0000 1.9677 1.4368 4.4976 -9.9898 -6.3947 0.7503 -0.0028 0.7690
Car 0.0000 0 0.0000 -1.0000 -1.0000 -1.0000 -1.0000 2.1031 1.6329 4.7257 -31.6588 -4.0573 0.7241 -0.0254 0.6888
Car 0.0000 0 0.0000 -1.0000 -1.0000 -1.0000 -1.0000 1.9866 1.7405 4.5562 -2.2190 -3.7589 0.8998 0.0356 0.6234
Car 0.0000 0 0.0000 -1.0000 -1.0000 -1.0000 -1.0000 1.9228 1.5924 4.5929 16.1334 -32.2108 0.7149 -1.3027 0.4617
Car 0.0000 0 0.0000 -1.0000 -1.0000 -1.0000 -1.0000 1.9103 1.5566 4.5864 2.4179 -31.6502 0.5034 -1.6052 0.4221
Car 0.0000 0 0.0000 -1.0000 -1.0000 -1.0000 -1.0000 1.9412 1.6388 4.6398 -9.0639 -33.2084 0.3735 -1.4855 0.4161
Car 0.0000 0 0.0000 -1.0000 -1.0000 -1.0000 -1.0000 1.9138 1.5435 4.6018 -33.6341 -32.0427 -0.0526 -1.5782 0.3986
Car 0.0000 0 0.0000 -1.0000 -1.0000 -1.0000 -1.0000 1.9260 1.6210 4.6440 -25.6417 -32.1042 0.2497 1.6085 0.3786
Car 0.0000 0 0.0000 -1.0000 -1.0000 -1.0000 -1.0000 1.9235 1.5348 4.6012 -22.4890 -32.0835 0.2331 -1.5106 0.3702
Car 0.0000 0 0.0000 -1.0000 -1.0000 -1.0000 -1.0000 1.9610 1.9469 4.7165 63.5496 -33.3477 1.4401 1.5984 0.3698
Car 0.0000 0 0.0000 -1.0000 -1.0000 -1.0000 -1.0000 1.9154 1.5934 4.5794 -14.6743 -32.1784 0.3175 -1.5596 0.3658
Car 0.0000 0 0.0000 -1.0000 -1.0000 -1.0000 -1.0000 1.9782 1.6814 4.8906 73.0349 0.7542 1.0914 0.1012 0.3527
Car 0.0000 0 0.0000 -1.0000 -1.0000 -1.0000 -1.0000 1.9176 1.5431 4.5982 10.1753 -32.2282 0.5193 -1.5537 0.3415
Car 0.0000 0 0.0000 -1.0000 -1.0000 -1.0000 -1.0000 1.8965 1.5627 4.5563 6.1610 -32.2621 0.4962 -1.6142 0.3346
Car 0.0000 0 0.0000 -1.0000 -1.0000 -1.0000 -1.0000 1.9273 1.5269 4.6065 -30.1674 -32.1305 0.0205 -1.5181 0.3063
