Car 0.0000 0 0.0000 -1.0000 -1.0000 -1.0000 -1.0000 2.0537 1.7914 4.7270 7.1230 10.5359 0.6522 -0.0194 0.8070
Car 0.0000 0 0.0000 -1.0000 -1.0000 -1.0000 -1.0000 1.9490 1.4694 4.5400 -3.1368 -4.1647 0.7668 3.1386 0.7484
Car 0.0000 0 0.0000 -1.0000 -1.0000 -1.0000 -1.0000 1.9124 1.4960 4.5590 -6.4230 10.3301 0.4562 3.0416 0.7408
Car 0.0000 0 0.0000 -1.0000 -1.0000 -1.0000 -1.0000 1.9476 1.5146 4.5662 42.3247 12.1079 0.4454 -3.1236 0.7123
Car 0.0000 0 0.0000 -1.0000 -1.0000 -1.0000 -1.0000 1.9531 1.4658 4.5220 56.0260 6.5703 0.7489 -2.9997 0.6688
Car 0.0000 0 0.0000 -1.0000 -1.0000 -1.0000 -1.0000 1.9844 1.5818 4.6788 -59.5201 4.3713 0.6447 0.0214 0.6381
Car 0.0000 0 0.0000 -1.0000 -1.0000 -1.0000 -1.0000 1.8856 1.4200 4.4298 19.3583 -3.9691 0.7990 3.1161 0.5159
Car 0.0000 0 0.0000 -1.0000 -1.0000 -1.0000 -1.0000 2.0334 1.8465 4.7496 37.9444 -3.4840 1.0196 0.9746 0.4889
Car 0.0000 0 0.0000 -1.0000 -1.0000 -1.0000 -1.0000 1.9630 1.4367 4.5760 -17.2526 -4.5576 0.7523 0.0314 0.4833
Car 0.0000 0 0.0000 -1.0000 -1.0000 -1.0000 -1.0000 1.9963 1.5183 4.6937 -74.5634 -2.3902 0.7708 0.3110 0.4353
Car 0.0000 0 0.0000 -1.0000 -1.0000 -1.0000 -1.0000 1.9401 1.6051 4.5302 48.7772 11.8141 0.5344 -3.0874 0.3246
Car 0.0000 0 0.0000 -1.0000 -1.0000 -1.0000 -1.0000 1.9901 1.6046 4.5417 55.0679 1.7862 0.8886 0.0582 0.3162
Car 0.0000 0 0.0000 -1.0000 -1.0000 -1.0000 -1.0000 1.9046 1.4308 4.4407 11.3094 -3.8133 0.8382 -0.0054 0.3094
Cyclist 0.0000 0 0.0000 -1.0000 -1.0000 -1.0000 -1.0000 0.7255 1.2675 1.7391 25.2182 13.3199 0.2653 2.9889 0.3654
Cyclist 0.0000 0 0.0000 -1.0000 -1.0000 -1.0000 -1.0000 0.6872 1.1669 1.7350 -35.0196 14.0712 0.2378 -1.6918 0.3254
Pedestrian 0.0000 0 0.0000 -1.0000 -1.0000 -1.0000 -1.0000 0.6943 1.6935 0.6002 39.1432 14.4270 0.6122 0.1027 0.3965
Pedestrian 0.0000 0 0.0000 -1.0000 -1.0000 -1.0000 -1.0000 0.6975 1.6685 0.6078 49.0288 10.1041 0.6857 -3.1336 0.3408
Pedestrian 0.0000 0 0.0000 -1.0000 -1.0000 -1.0000 -1.0000 0.6862 1.6477 0.6232 2.8315 -10.0630 1.1795 3.1381 0.3008
