Car 0.0000 0 0.0000 -1.0000 -1.0000 -1.0000 -1.0000 2.0220 1.5025 4.6038 -46.7794 0.1375 0.8743 -0.1582 0.7267
Car 0.0000 0 0.0000 -1.0000 -1.0000 -1.0000 -1.0000 1.9217 1.4550 4.5319 12.4851 -19.8836 0.7159 -1.9627 0.7063
Car 0.0000 0 0.0000 -1.0000 -1.0000 -1.0000 -1.0000 2.0632 1.6672 4.6493 23.0423 4.4406 0.7626 -0.1440 0.6601
Car 0.0000 0 0.0000 -1.0000 -1.0000 -1.0000 -1.0000 2.0018 1.5857 4.6699 45.4260 -5.3259 0.4811 3.0221 0.6587
Car 0.0000 0 0.0000 -1.0000 -1.0000 -1.0000 -1.0000 1.9599 1.4535 4.5705 31.6275 -2.1390 0.5639 2.8942 0.6550
Car 0.0000 0 0.0000 -1.0000 -1.0000 -1.0000 -1.0000 1.9400 1.4454 4.5290 31.8459 11.1598 0.5100 2.5474 0.6527
Car 0.0000 0 0.0000 -1.0000 -1.0000 -1.0000 -1.0000 1.9506 1.4951 4.5860 14.8599 22.1085 0.5634 -1.9489 0.6357
Car 0.0000 0 0.0000 -1.0000 -1.0000 -1.0000 -1.0000 1.9483 1.5136 4.6555 22.4305 24.4909 0.7545 -1.9757 0.5700
Car 0.0000 0 0.0000 -1.0000 -1.0000 -1.0000 -1.0000 1.9379 1.4669 4.5135 5.3796 -15.0188 0.6951 -2.1813 0.5582
Car 0.0000 0 0.0000 -1.0000 -1.0000 -1.0000 -1.0000 1.9322 1.5357 4.5733 18.7071 24.0306 0.6709 -1.9361 0.5512
Car 0.0000 0 0.0000 -1.0000 -1.0000 -1.0000 -1.0000 2.0180 1.5163 4.5704 1.6572 7.7373 0.6951 -3.1080 0.5420
Car 0.0000 0 0.0000 -1.0000 -1.0000 -1.0000 -1.0000 1.9654 1.8029 4.6720 21.3015 29.4811 0.8471 1.1721 0.4794
Car 0.0000 0 0.0000 -1.0000 -1.0000 -1.0000 -1.0000 1.9155 1.8327 4.5997 -31.4070 -16.4191 1.2454 -1.9315 0.3855
Car 0.0000 0 0.0000 -1.0000 -1.0000 -1.0000 -1.0000 1.9007 1.5910 4.5233 50.0606 -3.1645 0.4628 2.7248 0.3590
Car 0.0000 0 0.0000 -1.0000 -1.0000 -1.0000 -1.0000 2.0220 1.4441 4.6650 -27.0148 5.6652 0.7385 -0.0113 0.3545
Car 0.0000 0 0.0000 -1.0000 -1.0000 -1.0000 -1.0000 1.9104 1.5759 4.6228 -43.3915 5.1078 0.9488 3.1250 0.3512
Car 0.0000 0 0.0000 -1.0000 -1.0000 -1.0000 -1.0000 1.9321 1.4697 4.6888 4.8943 -22.1999 0.7368 -1.9207 0.3476
Car 0.0000 0 0.0000 -1.0000 -1.0000 -1.0000 -1.0000 1.9466 1.5855 4.6606 73.1231 -2.1152 0.2821 2.8700 0.3447
Truck 0.0000 0 0.0000 -1.0000 -1.0000 -1.0000 -1.0000 3.0313 3.8629 10.7092 6.5789 -27.5792 2.0364 1.1462 0.4963
Cyclist 0.0000 0 0.0000 -1.0000 -1.0000 -1.0000 -1.0000 0.7935 1.5008 1.8029 -12.6778 -8.7202 0.7221 -3.0612 0.6954
Cyclist 0.0000 0 0.0000 -1.0000 -1.0000 -1.0000 -1.0000 0.7463 1.4954 1.7460 -15.6852 -7.8881 0.6769 0.0726 0.6708
Cyclist 0.0000 0 0.0000 -1.0000 -1.0000 -1.0000 -1.0000 0.7965 1.5507 1.7930 16.6479 -11.8122 0.7040 -0.7361 0.6459
Cyclist 0.0000 0 0.0000 -1.0000 -1.0000 -1.0000 -1.0000 0.7672 1.5153 1.7695 10.6342 10.3076 0.6223 3.0309 0.6235
Cyclist 0.0000 0 0.0000 -1.0000 -1.0000 -1.0000 -1.0000 0.8164 1.5373 1.8295 -4.9431 -10.7220 0.7532 2.9944 0.6064
Cyclist 0.0000 0 0.0000 -1.0000 -1.0000 -1.0000 -1.0000 0.7448 1.5417 1.7438 22.5114 -20.0820 0.6276 -1.8517 0.5454
Cyclist 0.0000 0 0.0000 -1.0000 -1.0000 -1.0000 -1.0000 0.6961 1.4791 1.6784 18.8299 -4.4242 0.6149 -3.0842 0.4627
Cyclist 0.0000 0 0.0000 -1.0000 -1.0000 -1.0000 -1.0000 0.7888 1.5625 1.7730 4.2711 16.3238 0.4780 -2.2231 0.4189
Cyclist 0.0000 0 0.0000 -1.0000 -1.0000 -1.0000 -1.0000 0.7227 1.5258 1.7058 -14.8594 -34.8169 0.7247 1.1250 0.4144
Cyclist 0.0000 0 0.0000 -1.0000 -1.0000 -1.0000 -1.0000 0.6950 1.2793 1.7279 27.6989 -20.2382 0.5392 -1.9612 0.4002
Cyclist 0.0000 0 0.0000 -1.0000 -1.0000 -1.0000 -1.0000 0.7971 1.5898 1.7387 57.7756 4.8261 0.3936 2.7838 0.3784
Cyclist 0.0000 0 0.0000 -1.0000 -1.0000 -1.0000 -1.0000 0.7389 1.4745 1.7451 22.4619 -11.4222 0.5604 -1.9982 0.3771
Cyclist 0.0000 0 0.0000 -1.0000 -1.0000 -1.0000 -1.0000 0.7278 1.5480 1.6865 -19.4010 -9.4865 0.7460 -3.0394 0.3586
Cyclist 0.0000 0 0.0000 -1.0000 -1.0000 -1.0000 -1.0000 0.7642 1.5240 1.7653 7.7950 25.1407 0.4711 -2.0828 0.3213
Cyclist 0.0000 0 0.0000 -1.0000 -1.0000 -1.0000 -1.0000 0.6905 1.1949 1.6821 -40.8956 14.1733 0.8760 0.0389 0.3110
Cyclist 0.0000 0 0.0000 -1.0000 -1.0000 -1.0000 -1.0000 0.7551 1.6073 1.7252 29.7737 -11.0476 0.6597 -0.2642 0.3076
Cyclist 0.0000 0 0.0000 -1.0000 -1.0000 -1.0000 -1.0000 0.6458 1.0797 1.6429 -13.9471 24.6480 0.7246 2.6399 0.3065
Pedestrian 0.0000 0 0.0000 -1.0000 -1.0000 -1.0000 -1.0000 0.6862 1.6862 0.6108 8.6437 16.2219 0.6652 -2.1371 0.4702
Pedestrian 0.0000 0 0.0000 -1.0000 -1.0000 -1.0000 -1.0000 0.7096 1.7233 0.6888 0.3411 -13.9150 0.9065 0.8905 0.4369
Pedestrian 0.0000 0 0.0000 -1.0000 -1.0000 -1.0000 -1.0000 0.7076 1.6952 0.6744 18.8933 14.3779 0.7219 0.1070 0.4184
Pedestrian 0.0000 0 0.0000 -1.0000 -1.0000 -1.0000 -1.0000 0.7145 1.6502 0.6703 29.7404 -10.9905 0.6435 2.8879 0.4018
Pedestrian 0.0000 0 0.0000 -1.0000 -1.0000 -1.0000 -1.0000 0.6611 1.5690 0.5911 35.7984 -12.3204 0.6799 -2.0101 0.3656
Pedestrian 0.0000 0 0.0000 -1.0000 -1.0000 -1.0000 -1.0000 0.7052 1.6958 0.6670 0.6119 25.7690 0.9806 -1.9338 0.3220
