Car 0.0000 0 0.0000 -1.0000 -1.0000 -1.0000 -1.0000 1.9331 1.4518 4.4910 10.6572 -2.9820 0.8207 0.0063 0.8086
Car 0.0000 0 0.0000 -1.0000 -1.0000 -1.0000 -1.0000 1.9817 1.6672 4.5270 -8.7815 -2.9214 0.8372 -3.1103 0.7978
Car 0.0000 0 0.0000 -1.0000 -1.0000 -1.0000 -1.0000 1.9332 1.4335 4.4973 17.5586 -3.0484 0.8538 0.0256 0.7890
Car 0.0000 0 0.0000 -1.0000 -1.0000 -1.0000 -1.0000 1.9696 1.4323 4.4919 -34.0533 -1.0721 0.5808 -0.0646 0.7506
Car 0.0000 0 0.0000 -1.0000 -1.0000 -1.0000 -1.0000 1.9997 1.4873 4.5574 48.2013 -3.2256 1.1344 -0.0540 0.7434
Car 0.0000 0 0.0000 -1.0000 -1.0000 -1.0000 -1.0000 1.9272 1.4493 4.4638 -14.8585 -2.6539 0.6831 3.1271 0.6728
Car 0.0000 0 0.0000 -1.0000 -1.0000 -1.0000 -1.0000 1.9472 1.4729 4.5151 0.6144 6.0542 0.7434 -0.0000 0.6450
Car 0.0000 0 0.0000 -1.0000 -1.0000 -1.0000 -1.0000 1.9324 1.3945 4.4793 11.7274 3.4277 0.7971 3.0580 0.6377
Car 0.0000 0 0.0000 -1.0000 -1.0000 -1.0000 -1.0000 1.8835 1.5916 4.4626 -0.8374 14.9121 0.9091 -1.5827 0.3762
Cyclist 0.0000 0 0.0000 -1.0000 -1.0000 -1.0000 -1.0000 0.7040 1.4905 1.6944 -38.7640 -2.2828 0.5067 -0.0644 0.5792
Cyclist 0.0000 0 0.0000 -1.0000 -1.0000 -1.0000 -1.0000 0.7193 1.1336 1.7390 -20.1496 8.0218 0.5539 -0.0310 0.5113
Cyclist 0.0000 0 0.0000 -1.0000 -1.0000 -1.0000 -1.0000 0.6781 1.1140 1.6831 -14.2935 5.9859 0.6048 0.0214 0.4320
Cyclist 0.0000 0 0.0000 -1.0000 -1.0000 -1.0000 -1.0000 0.7200 1.2734 1.7153 -16.7866 5.9265 0.6384 -0.0107 0.4098
Cyclist 0.0000 0 0.0000 -1.0000 -1.0000 -1.0000 -1.0000 0.6611 1.2178 1.6592 9.8876 5.9584 0.7055 3.1153 0.4014
Cyclist 0.0000 0 0.0000 -1.0000 -1.0000 -1.0000 -1.0000 0.7459 1.3732 1.7333 28.9249 5.5302 0.9772 0.7071 0.3212
Cyclist 0.0000 0 0.0000 -1.0000 -1.0000 -1.0000 -1.0000 0.6717 1.0713 1.6131 -22.7214 6.3097 0.5363 -2.0479 0.3039
Pedestrian 0.0000 0 0.0000 -1.0000 -1.0000 -1.0000 -1.0000 0.7040 1.6974 0.6558 54.7659 -0.4305 1.3001 3.0901 0.4673
Pedestrian 0.0000 0 0.0000 -1.0000 -1.0000 -1.0000 -1.0000 0.6918 1.6781 0.6279 19.6760 7.0054 1.1083 3.0663 0.4631
