Car 0.0000 0 0.0000 -1.0000 -1.0000 -1.0000 -1.0000 2.0494 1.5608 4.6788 14.1540 -3.5078 0.8584 -3.1340 0.8056
Car 0.0000 0 0.0000 -1.0000 -1.0000 -1.0000 -1.0000 1.9468 1.4453 4.4651 23.5297 -3.2027 0.9134 0.0045 0.7425
Car 0.0000 0 0.0000 -1.0000 -1.0000 -1.0000 -1.0000 1.9878 1.6479 4.5837 -32.8996 12.0261 0.3867 -0.0112 0.7026
Car 0.0000 0 0.0000 -1.0000 -1.0000 -1.0000 -1.0000 1.9798 1.4454 4.5725 22.5820 9.3482 0.6081 3.1211 0.6125
Car 0.0000 0 0.0000 -1.0000 -1.0000 -1.0000 -1.0000 2.0213 1.9608 4.7520 14.1025 -0.2966 1.0667 3.1361 0.5272
Car 0.0000 0 0.0000 -1.0000 -1.0000 -1.0000 -1.0000 1.8534 1.5477 4.3643 31.3900 -2.9392 0.9815 3.1229 0.5209
Car 0.0000 0 0.0000 -1.0000 -1.0000 -1.0000 -1.0000 1.9454 1.9985 4.5193 45.3994 3.1634 1.2906 0.0190 0.4986
Car 0.0000 0 0.0000 -1.0000 -1.0000 -1.0000 -1.0000 1.9307 1.7085 4.4939 -55.0898 12.6435 0.4677 -3.1112 0.4817
Car 0.0000 0 0.0000 -1.0000 -1.0000 -1.0000 -1.0000 1.8974 1.6243 4.6089 66.0028 -33.4845 1.7623 1.3770 0.3884
Car 0.0000 0 0.0000 -1.0000 -1.0000 -1.0000 -1.0000 1.9107 1.4637 4.4823 -46.6967 9.5075 0.4574 0.0139 0.3778
Car 0.0000 0 0.0000 -1.0000 -1.0000 -1.0000 -1.0000 1.9074 1.5872 4.5047 73.1446 32.2654 0.1042 1.5598 0.3747
Car 0.0000 0 0.0000 -1.0000 -1.0000 -1.0000 -1.0000 2.0931 2.1381 4.8790 55.6863 21.7976 0.5698 -2.2516 0.3575
Truck 0.0000 0 0.0000 -1.0000 -1.0000 -1.0000 -1.0000 2.6307 3.0293 6.8752 69.1143 35.6397 0.8005 -1.5634 0.5288
Tricar 0.0000 0 0.0000 -1.0000 -1.0000 -1.0000 -1.0000 1.3132 1.7278 3.3076 40.0395 -15.1606 1.3374 3.1300 0.5255
Cyclist 0.0000 0 0.0000 -1.0000 -1.0000 -1.0000 -1.0000 0.8476 1.6192 1.8083 45.6780 -13.1902 1.3955 -3.0241 0.3189
