Car 0.0000 0 0.0000 -1.0000 -1.0000 -1.0000 -1.0000 2.0692 1.5184 4.6870 -13.6970 -0.3269 0.7426 -0.0099 0.7708
Car 0.0000 0 0.0000 -1.0000 -1.0000 -1.0000 -1.0000 1.9422 1.4274 4.5697 37.3100 -0.3595 0.8880 3.1300 0.6813
Car 0.0000 0 0.0000 -1.0000 -1.0000 -1.0000 -1.0000 1.9477 1.5378 4.5720 -30.9153 -3.4263 0.6630 3.0832 0.6609
Car 0.0000 0 0.0000 -1.0000 -1.0000 -1.0000 -1.0000 1.9159 1.6077 4.4737 60.0552 2.7985 0.8879 3.1294 0.6471
Car 0.0000 0 0.0000 -1.0000 -1.0000 -1.0000 -1.0000 1.9374 1.4876 4.4995 50.6592 -0.8255 0.9476 -3.1301 0.5555
Car 0.0000 0 0.0000 -1.0000 -1.0000 -1.0000 -1.0000 1.8726 1.4654 4.5166 -7.1821 6.1746 0.5283 3.0805 0.5502
Car 0.0000 0 0.0000 -1.0000 -1.0000 -1.0000 -1.0000 1.9670 1.5407 4.5116 29.1618 -9.5328 0.8044 -0.0146 0.4339
Car 0.0000 0 0.0000 -1.0000 -1.0000 -1.0000 -1.0000 1.9861 1.6180 4.7657 59.6053 -9.9540 0.9672 0.0025 0.4063
Car 0.0000 0 0.0000 -1.0000 -1.0000 -1.0000 -1.0000 2.3148 2.4357 5.4657 48.1665 -10.0631 1.4437 3.1372 0.3213
Truck 0.0000 0 0.0000 -1.0000 -1.0000 -1.0000 -1.0000 2.3385 2.4920 6.0063 48.2724 -10.1605 1.4483 3.1233 0.3718
Cyclist 0.0000 0 0.0000 -1.0000 -1.0000 -1.0000 -1.0000 0.7502 1.4801 1.7403 -9.0393 -9.6598 0.6650 -3.1162 0.6306
Cyclist 0.0000 0 0.0000 -1.0000 -1.0000 -1.0000 -1.0000 0.7606 1.5673 1.7388 -27.2690 -8.5038 0.6097 -0.2147 0.6288
Cyclist 0.0000 0 0.0000 -1.0000 -1.0000 -1.0000 -1.0000 0.7917 1.6054 1.7691 -19.3194 14.7048 0.3815 -1.6147 0.5652
Cyclist 0.0000 0 0.0000 -1.0000 -1.0000 -1.0000 -1.0000 0.7698 1.5732 1.7217 -33.5303 11.9656 0.5020 -0.0212 0.5614
Cyclist 0.0000 0 0.0000 -1.0000 -1.0000 -1.0000 -1.0000 0.7163 1.3981 1.7310 -24.0446 -14.7554 0.5602 -0.8123 0.5127
Cyclist 0.0000 0 0.0000 -1.0000 -1.0000 -1.0000 -1.0000 0.7937 1.5532 1.7626 5.8890 -14.1439 0.8830 3.0375 0.5121
Cyclist 0.0000 0 0.0000 -1.0000 -1.0000 -1.0000 -1.0000 0.7524 1.5614 1.7168 7.5113 -5.3506 0.7750 3.1273 0.4919
Cyclist 0.0000 0 0.0000 -1.0000 -1.0000 -1.0000 -1.0000 0.7614 1.4948 1.7550 -4.9388 10.9330 0.5453 -0.0399 0.4692
Cyclist 0.0000 0 0.0000 -1.0000 -1.0000 -1.0000 -1.0000 0.7698 1.5636 1.7723 -21.0303 20.3488 0.2689 -1.6323 0.4636
Cyclist 0.0000 0 0.0000 -1.0000 -1.0000 -1.0000 -1.0000 0.7752 1.5847 1.7983 -22.1903 16.3499 0.3303 -1.7588 0.4490
Cyclist 0.0000 0 0.0000 -1.0000 -1.0000 -1.0000 -1.0000 0.8202 1.5393 1.8058 -5.1677 -8.3506 0.7371 3.1187 0.4304
Cyclist 0.0000 0 0.0000 -1.0000 -1.0000 -1.0000 -1.0000 0.8719 1.5848 1.9461 3.5499 14.3847 0.7758 1.4908 0.4270
Cyclist 0.0000 0 0.0000 -1.0000 -1.0000 -1.0000 -1.0000 0.8054 1.5620 1.8240 -21.1348 22.1531 0.2683 -1.5805 0.4199
Cyclist 0.0000 0 0.0000 -1.0000 -1.0000 -1.0000 -1.0000 0.7316 1.5005 1.6919 -67.2098 12.4813 0.1896 -0.0434 0.4013
Cyclist 0.0000 0 0.0000 -1.0000 -1.0000 -1.0000 -1.0000 0.6703 1.2840 1.6413 1.0856 -15.6911 0.8206 -0.1368 0.3791
Cyclist 0.0000 0 0.0000 -1.0000 -1.0000 -1.0000 -1.0000 0.7613 1.4239 1.8157 35.5716 -9.1890 0.7449 3.0358 0.3789
Cyclist 0.0000 0 0.0000 -1.0000 -1.0000 -1.0000 -1.0000 0.7353 1.5294 1.7096 27.2788 -5.8415 0.8067 3.0868 0.3771
Cyclist 0.0000 0 0.0000 -1.0000 -1.0000 -1.0000 -1.0000 0.7058 1.5235 1.6793 -29.3575 -5.4436 0.7066 -0.0867 0.3733
Cyclist 0.0000 0 0.0000 -1.0000 -1.0000 -1.0000 -1.0000 0.7689 1.5471 1.7706 -19.5426 16.7378 0.2966 -1.5530 0.3717
Cyclist 0.0000 0 0.0000 -1.0000 -1.0000 -1.0000 -1.0000 0.7983 1.5418 1.7758 -68.2318 9.8829 0.2185 -0.0203 0.3643
Cyclist 0.0000 0 0.0000 -1.0000 -1.0000 -1.0000 -1.0000 0.7947 1.5709 1.7502 -6.1280 9.1655 0.5910 3.0300 0.3617
Cyclist 0.0000 0 0.0000 -1.0000 -1.0000 -1.0000 -1.0000 0.6560 1.0930 1.6932 19.5987 13.9827 0.5458 1.5178 0.3588
Cyclist 0.0000 0 0.0000 -1.0000 -1.0000 -1.0000 -1.0000 0.7127 1.2287 1.7420 12.3863 14.0093 0.5998 -1.2394 0.3583
Cyclist 0.0000 0 0.0000 -1.0000 -1.0000 -1.0000 -1.0000 0.7958 1.5839 1.7555 -9.4894 -7.2302 0.7601 -3.0944 0.3502
Cyclist 0.0000 0 0.0000 -1.0000 -1.0000 -1.0000 -1.0000 0.9278 1.6004 1.9348 6.1808 -9.9159 0.8966 -0.0635 0.3381
Cyclist 0.0000 0 0.0000 -1.0000 -1.0000 -1.0000 -1.0000 0.7216 1.3415 1.7288 46.2096 13.9556 0.6229 2.0393 0.3354
Cyclist 0.0000 0 0.0000 -1.0000 -1.0000 -1.0000 -1.0000 0.7737 1.5712 1.7386 -52.8823 -8.3696 0.3781 -3.0918 0.3285
Cyclist 0.0000 0 0.0000 -1.0000 -1.0000 -1.0000 -1.0000 0.7000 1.3221 1.7439 -3.1942 14.4654 0.5403 -1.3558 0.3235
Cyclist 0.0000 0 0.0000 -1.0000 -1.0000 -1.0000 -1.0000 0.7584 1.5350 1.7390 -16.2683 19.5487 0.2690 1.8052 0.3183
Cyclist 0.0000 0 0.0000 -1.0000 -1.0000 -1.0000 -1.0000 0.6962 1.3490 1.6704 -13.6785 -20.1651 0.6021 -2.3805 0.3142
Cyclist 0.0000 0 0.0000 -1.0000 -1.0000 -1.0000 -1.0000 0.7316 1.2608 1.7704 -6.6701 14.7526 0.5067 -1.3919 0.3141
Cyclist 0.0000 0 0.0000 -1.0000 -1.0000 -1.0000 -1.0000 0.6964 1.5321 1.6941 -11.8690 11.5873 0.5152 2.9025 0.3081
Cyclist 0.0000 0 0.0000 -1.0000 -1.0000 -1.0000 -1.0000 0.6578 1.1381 1.6677 9.8230 17.6809 0.5604 -1.6977 0.3036
Cyclist 0.0000 0 0.0000 -1.0000 -1.0000 -1.0000 -1.0000 0.7324 1.5165 1.7329 -18.8662 -23.8093 0.5526 -1.6034 0.3031
Pedestrian 0.0000 0 0.0000 -1.0000 -1.0000 -1.0000 -1.0000 0.7139 1.6830 0.7033 -27.7775 8.8603 0.6200 -0.0271 0.5586
Pedestrian 0.0000 0 0.0000 -1.0000 -1.0000 -1.0000 -1.0000 0.6795 1.6246 0.6290 -14.3311 -4.9466 0.7858 3.0268 0.5049
Pedestrian 0.0000 0 0.0000 -1.0000 -1.0000 -1.0000 -1.0000 0.6994 1.6852 0.6384 -44.8799 14.4885 0.6356 -3.1368 0.4122
Pedestrian 0.0000 0 0.0000 -1.0000 -1.0000 -1.0000 -1.0000 0.6759 1.6511 0.6097 17.6179 -18.3521 1.2306 0.2276 0.4073
Pedestrian 0.0000 0 0.0000 -1.0000 -1.0000 -1.0000 -1.0000 0.6845 1.6103 0.6167 -4.6099 -13.0001 0.8488 3.0563 0.3632
Pedestrian 0.0000 0 0.0000 -1.0000 -1.0000 -1.0000 -1.0000 0.6803 1.6085 0.6154 -10.4642 -12.9167 0.7927 -1.9018 0.3438
Pedestrian 0.0000 0 0.0000 -1.0000 -1.0000 -1.0000 -1.0000 0.6772 1.6239 0.6064 -30.1338 -14.3888 0.7369 -0.1962 0.3419
Pedestrian 0.0000 0 0.0000 -1.0000 -1.0000 -1.0000 -1.0000 0.6996 1.6369 0.6276 -11.9120 -17.5428 0.7657 -3.1316 0.3414
Pedestrian 0.0000 0 0.0000 -1.0000 -1.0000 -1.0000 -1.0000 0.6727 1.5941 0.5830 3.1596 -16.7275 1.0065 2.9941 0.3097
Pedestrian 0.0000 0 0.0000 -1.0000 -1.0000 -1.0000 -1.0000 0.6918 1.6370 0.6127 -63.5430 -12.7579 0.5299 0.0241 0.3075
