Car 0.0000 0 0.0000 -1.0000 -1.0000 -1.0000 -1.0000 1.9526 1.5758 4.5523 -1.0510 6.5800 0.7228 -0.0380 0.8195
Car 0.0000 0 0.0000 -1.0000 -1.0000 -1.0000 -1.0000 1.8901 1.3989 4.4812 4.6944 6.3694 0.6656 0.0063 0.8149
Car 0.0000 0 0.0000 -1.0000 -1.0000 -1.0000 -1.0000 1.9812 1.7471 4.5428 -7.2914 6.5459 0.7855 -0.0007 0.7425
Car 0.0000 0 0.0000 -1.0000 -1.0000 -1.0000 -1.0000 1.8780 1.4129 4.4011 10.3290 6.7717 0.7323 -3.1037 0.7235
Car 0.0000 0 0.0000 -1.0000 -1.0000 -1.0000 -1.0000 1.8627 1.3949 4.4499 22.2707 6.5491 0.7581 3.1372 0.6859
Car 0.0000 0 0.0000 -1.0000 -1.0000 -1.0000 -1.0000 1.8736 1.4231 4.4354 -29.1646 9.3581 0.4912 -3.0350 0.6817
Car 0.0000 0 0.0000 -1.0000 -1.0000 -1.0000 -1.0000 1.8668 1.4087 4.3730 15.5548 6.4735 0.7109 -0.0002 0.6572
Car 0.0000 0 0.0000 -1.0000 -1.0000 -1.0000 -1.0000 1.9369 1.5151 4.5161 -34.4875 8.9523 0.4976 -3.0861 0.4863
Car 0.0000 0 0.0000 -1.0000 -1.0000 -1.0000 -1.0000 1.9136 1.4441 4.4665 34.6511 6.5288 0.8611 -3.0897 0.4427
Car 0.0000 0 0.0000 -1.0000 -1.0000 -1.0000 -1.0000 1.8545 1.4535 4.4532 40.4877 6.4433 0.9352 -3.1020 0.3680
Truck 0.0000 0 0.0000 -1.0000 -1.0000 -1.0000 -1.0000 3.0155 3.4585 10.5839 -54.7240 2.9699 1.5345 -3.0544 0.6557
Cyclist 0.0000 0 0.0000 -1.0000 -1.0000 -1.0000 -1.0000 0.7048 1.2939 1.7430 2.3020 -7.0353 0.8667 -1.4514 0.3354
Cyclist 0.0000 0 0.0000 -1.0000 -1.0000 -1.0000 -1.0000 0.6927 1.2221 1.7054 4.8895 -7.2987 0.8355 1.7258 0.3148
Pedestrian 0.0000 0 0.0000 -1.0000 -1.0000 -1.0000 -1.0000 0.6948 1.6853 0.6427 -45.3315 -6.2059 0.8981 3.1225 0.4561
