Car 0.0000 0 0.0000 -1.0000 -1.0000 -1.0000 -1.0000 1.9294 1.5400 4.4549 13.9119 -5.2268 0.7886 -3.1193 0.7731
Car 0.0000 0 0.0000 -1.0000 -1.0000 -1.0000 -1.0000 2.0529 1.7693 4.8248 -19.7823 -10.0307 0.8924 -0.0523 0.7457
Car 0.0000 0 0.0000 -1.0000 -1.0000 -1.0000 -1.0000 1.8990 1.4709 4.4898 6.8511 -5.2726 0.7103 0.0839 0.6953
Car 0.0000 0 0.0000 -1.0000 -1.0000 -1.0000 -1.0000 1.9136 1.4571 4.5152 -6.0779 4.6749 0.6476 -0.1005 0.6591
Car 0.0000 0 0.0000 -1.0000 -1.0000 -1.0000 -1.0000 1.9886 1.4829 4.6202 64.5826 5.5396 0.3124 -3.0688 0.5191
Car 0.0000 0 0.0000 -1.0000 -1.0000 -1.0000 -1.0000 1.7855 1.5042 4.3791 59.7074 -5.1583 0.4248 0.0189 0.4180
Car 0.0000 0 0.0000 -1.0000 -1.0000 -1.0000 -1.0000 1.8928 1.5487 4.5271 82.7692 2.5933 0.3380 0.1304 0.4048
Cyclist 0.0000 0 0.0000 -1.0000 -1.0000 -1.0000 -1.0000 0.7106 1.5134 1.6810 27.8091 -2.9307 0.7679 0.0393 0.6692
Cyclist 0.0000 0 0.0000 -1.0000 -1.0000 -1.0000 -1.0000 0.7306 1.5469 1.6849 18.7606 -3.9944 0.7161 -0.0268 0.6430
Cyclist 0.0000 0 0.0000 -1.0000 -1.0000 -1.0000 -1.0000 0.8594 1.5590 1.8843 -42.9447 6.2339 0.6841 0.0295 0.4708
Cyclist 0.0000 0 0.0000 -1.0000 -1.0000 -1.0000 -1.0000 0.7390 1.5011 1.6929 -24.9147 6.1128 0.6091 0.0906 0.4221
Cyclist 0.0000 0 0.0000 -1.0000 -1.0000 -1.0000 -1.0000 0.7672 1.5080 1.8017 -51.6615 11.1525 0.7241 -1.6611 0.4120
Cyclist 0.0000 0 0.0000 -1.0000 -1.0000 -1.0000 -1.0000 0.7033 1.5568 1.6781 -4.3234 -3.7270 0.7577 -3.0756 0.3995
Cyclist 0.0000 0 0.0000 -1.0000 -1.0000 -1.0000 -1.0000 0.8330 1.6147 1.7895 64.3581 -3.0167 0.4266 0.0624 0.3269
Cyclist 0.0000 0 0.0000 -1.0000 -1.0000 -1.0000 -1.0000 0.6977 1.2716 1.6786 -0.9259 -5.6532 0.6223 0.8136 0.3160
Cyclist 0.0000 0 0.0000 -1.0000 -1.0000 -1.0000 -1.0000 0.6993 1.3813 1.7487 6.6198 -8.2803 0.8144 -1.3542 0.3077
Pedestrian 0.0000 0 0.0000 -1.0000 -1.0000 -1.0000 -1.0000 0.6825 1.6689 0.6099 -2.9142 -8.2385 0.9067 -2.0086 0.5133
Pedestrian 0.0000 0 0.0000 -1.0000 -1.0000 -1.0000 -1.0000 0.7069 1.7028 0.6631 -7.3189 -8.4006 0.9529 0.0844 0.4927
Pedestrian 0.0000 0 0.0000 -1.0000 -1.0000 -1.0000 -1.0000 0.6861 1.6624 0.5937 0.6485 -6.4135 0.8767 -1.8933 0.3614
