Car 0.0000 0 0.0000 -1.0000 -1.0000 -1.0000 -1.0000 2.0062 1.5656 4.5279 28.4085 2.6643 0.9223 -0.0340 0.7519
Car 0.0000 0 0.0000 -1.0000 -1.0000 -1.0000 -1.0000 1.8759 1.4670 4.4714 -35.4583 -1.0136 0.5962 0.0161 0.6883
Car 0.0000 0 0.0000 -1.0000 -1.0000 -1.0000 -1.0000 2.0034 1.4944 4.5931 -42.1630 2.5116 0.5648 -3.1007 0.6405
Car 0.0000 0 0.0000 -1.0000 -1.0000 -1.0000 -1.0000 2.0478 2.1918 4.6550 -28.1654 9.1406 1.0329 -0.0105 0.5923
Car 0.0000 0 0.0000 -1.0000 -1.0000 -1.0000 -1.0000 1.9959 1.4453 4.5390 7.7040 3.6146 0.7833 -0.0291 0.5865
Car 0.0000 0 0.0000 -1.0000 -1.0000 -1.0000 -1.0000 2.0400 1.4267 4.6319 -21.3934 3.9007 0.6639 0.0401 0.5633
Car 0.0000 0 0.0000 -1.0000 -1.0000 -1.0000 -1.0000 1.8415 1.4945 4.4538 -52.4952 -2.4415 0.4721 -3.0804 0.5400
Car 0.0000 0 0.0000 -1.0000 -1.0000 -1.0000 -1.0000 2.0632 1.6300 4.7269 -23.4551 -0.1023 0.7187 0.0155 0.4440
Car 0.0000 0 0.0000 -1.0000 -1.0000 -1.0000 -1.0000 2.3800 2.4951 5.4971 21.5503 -0.3507 1.3538 0.0040 0.3326
Car 0.0000 0 0.0000 -1.0000 -1.0000 -1.0000 -1.0000 1.8880 1.9352 4.5573 48.5433 3.2253 1.0813 3.1305 0.3183
Truck 0.0000 0 0.0000 -1.0000 -1.0000 -1.0000 -1.0000 2.9836 3.8664 12.7278 43.5778 8.1708 2.1502 3.1377 0.6493
Truck 0.0000 0 0.0000 -1.0000 -1.0000 -1.0000 -1.0000 2.9597 3.1086 9.4764 -57.1750 1.4955 1.2207 -3.0079 0.6037
Truck 0.0000 0 0.0000 -1.0000 -1.0000 -1.0000 -1.0000 2.9687 3.5773 9.0553 -65.3020 -3.5108 1.5560 -3.0283 0.4237
Truck 0.0000 0 0.0000 -1.0000 -1.0000 -1.0000 -1.0000 2.5503 2.8231 8.0281 23.0431 -0.4535 1.5286 0.0009 0.3834
Truck 0.0000 0 0.0000 -1.0000 -1.0000 -1.0000 -1.0000 1.9466 1.9944 4.9484 49.0610 3.1123 1.1267 3.1279 0.3371
