Car 0.0000 0 0.0000 -1.0000 -1.0000 -1.0000 -1.0000 1.9709 1.4368 4.4990 23.5432 -3.2412 0.8853 0.0003 0.7799
Car 0.0000 0 0.0000 -1.0000 -1.0000 -1.0000 -1.0000 1.9842 1.5274 4.5640 12.5280 -3.4568 0.8643 -3.1364 0.7751
Car 0.0000 0 0.0000 -1.0000 -1.0000 -1.0000 -1.0000 2.0468 2.0159 4.7907 45.5806 3.3440 1.2856 3.1372 0.5005
Car 0.0000 0 0.0000 -1.0000 -1.0000 -1.0000 -1.0000 1.9612 1.9598 4.5725 14.1250 -0.1754 1.0793 3.1375 0.4828
Car 0.0000 0 0.0000 -1.0000 -1.0000 -1.0000 -1.0000 1.9522 1.5030 4.5337 58.1480 9.4250 0.8451 2.9604 0.4394
Car 0.0000 0 0.0000 -1.0000 -1.0000 -1.0000 -1.0000 1.9279 1.7493 4.6498 69.0234 -29.1405 1.9291 1.8254 0.3914
Car 0.0000 0 0.0000 -1.0000 -1.0000 -1.0000 -1.0000 1.8034 1.5342 4.2841 31.7136 -2.9955 0.9842 3.1138 0.3557
Car 0.0000 0 0.0000 -1.0000 -1.0000 -1.0000 -1.0000 1.8571 1.5838 4.4723 65.8119 -33.6153 1.7851 1.7282 0.3271
Tricar 0.0000 0 0.0000 -1.0000 -1.0000 -1.0000 -1.0000 1.3601 1.7628 3.2996 -9.0801 -16.9914 1.0071 0.0092 0.5786
Cyclist 0.0000 0 0.0000 -1.0000 -1.0000 -1.0000 -1.0000 0.8221 1.6064 1.7938 -48.4206 -14.1016 0.8220 -0.0388 0.3867
Cyclist 0.0000 0 0.0000 -1.0000 -1.0000 -1.0000 -1.0000 0.8819 1.5692 1.8587 -9.2410 -14.2818 0.8522 3.1406 0.3771
