Car 0.0000 0 0.0000 -1.0000 -1.0000 -1.0000 -1.0000 1.9150 1.4578 4.4385 3.3873 -8.2545 0.7865 -0.0496 0.7738
Car 0.0000 0 0.0000 -1.0000 -1.0000 -1.0000 -1.0000 1.9728 1.5270 4.5909 10.6689 -8.0344 0.8029 3.1193 0.7463
Car 0.0000 0 0.0000 -1.0000 -1.0000 -1.0000 -1.0000 1.9434 1.4702 4.5328 -24.4683 10.0572 0.3424 0.0120 0.7420
Car 0.0000 0 0.0000 -1.0000 -1.0000 -1.0000 -1.0000 1.9800 1.4879 4.5762 -50.5954 -3.3284 0.8697 -2.9212 0.6648
Car 0.0000 0 0.0000 -1.0000 -1.0000 -1.0000 -1.0000 1.9940 1.5254 4.6130 26.8983 -14.6146 0.7807 0.3483 0.6498
Car 0.0000 0 0.0000 -1.0000 -1.0000 -1.0000 -1.0000 1.9607 1.5128 4.6333 47.9695 20.2539 0.3049 -1.8759 0.6267
Car 0.0000 0 0.0000 -1.0000 -1.0000 -1.0000 -1.0000 1.9133 1.6626 4.4700 -12.0573 -11.4481 0.8883 0.0315 0.6134
Car 0.0000 0 0.0000 -1.0000 -1.0000 -1.0000 -1.0000 1.9097 1.4721 4.4570 -21.5453 18.9041 0.0345 -0.0218 0.5797
Car 0.0000 0 0.0000 -1.0000 -1.0000 -1.0000 -1.0000 2.0723 1.8925 4.9003 -30.0191 21.9981 0.3312 -3.1368 0.5550
Car 0.0000 0 0.0000 -1.0000 -1.0000 -1.0000 -1.0000 1.8902 1.4713 4.5518 52.3913 -16.1781 0.8469 1.5315 0.5377
Car 0.0000 0 0.0000 -1.0000 -1.0000 -1.0000 -1.0000 1.9810 1.5135 4.5564 -32.1759 -11.8630 0.9367 -3.0691 0.5355
Car 0.0000 0 0.0000 -1.0000 -1.0000 -1.0000 -1.0000 1.8267 1.5075 4.3406 1.0967 -11.2654 0.8343 3.1050 0.5110
Car 0.0000 0 0.0000 -1.0000 -1.0000 -1.0000 -1.0000 1.9170 1.4642 4.5665 2.6235 17.3079 0.0586 3.1192 0.4907
Car 0.0000 0 0.0000 -1.0000 -1.0000 -1.0000 -1.0000 2.1312 1.7706 4.7525 -22.4281 -0.1085 0.9708 -3.1392 0.4784
Car 0.0000 0 0.0000 -1.0000 -1.0000 -1.0000 -1.0000 1.9197 1.4746 4.4679 45.0398 1.6529 0.6525 0.6963 0.4571
Car 0.0000 0 0.0000 -1.0000 -1.0000 -1.0000 -1.0000 1.9331 1.4747 4.5771 -27.1024 13.9552 0.2477 3.1367 0.4544
Car 0.0000 0 0.0000 -1.0000 -1.0000 -1.0000 -1.0000 1.9386 1.5628 4.5462 -25.8968 -21.8317 0.8962 0.1966 0.4536
Car 0.0000 0 0.0000 -1.0000 -1.0000 -1.0000 -1.0000 1.8947 1.7821 4.3668 35.8583 2.1796 0.7359 0.2006 0.4520
Car 0.0000 0 0.0000 -1.0000 -1.0000 -1.0000 -1.0000 2.0152 1.6979 4.7846 63.2352 33.3147 0.1017 -1.1253 0.4496
Car 0.0000 0 0.0000 -1.0000 -1.0000 -1.0000 -1.0000 1.8369 1.6896 4.2874 32.0409 6.8662 0.6117 -1.3941 0.4165
Car 0.0000 0 0.0000 -1.0000 -1.0000 -1.0000 -1.0000 1.9391 1.7478 4.6190 57.6606 -26.5432 1.1003 1.7190 0.3826
Car 0.0000 0 0.0000 -1.0000 -1.0000 -1.0000 -1.0000 1.9197 1.5993 4.6460 -59.7916 19.9923 0.2869 -0.0219 0.3783
Car 0.0000 0 0.0000 -1.0000 -1.0000 -1.0000 -1.0000 1.9566 1.5067 4.6681 -48.9567 20.6117 -0.0218 3.1270 0.3692
Car 0.0000 0 0.0000 -1.0000 -1.0000 -1.0000 -1.0000 1.8900 1.5342 4.5033 51.6323 13.8275 0.4155 -1.9984 0.3373
Car 0.0000 0 0.0000 -1.0000 -1.0000 -1.0000 -1.0000 1.9788 1.5218 4.5862 9.7011 -11.1980 0.7682 -0.0370 0.3331
Car 0.0000 0 0.0000 -1.0000 -1.0000 -1.0000 -1.0000 1.8430 1.6704 4.3888 -68.1063 20.3406 0.3727 -0.0188 0.3297
Car 0.0000 0 0.0000 -1.0000 -1.0000 -1.0000 -1.0000 1.9125 1.7000 4.5574 11.6662 -21.2304 0.8865 -0.0183 0.3207
Car 0.0000 0 0.0000 -1.0000 -1.0000 -1.0000 -1.0000 2.0016 1.9023 4.5988 -2.2858 -7.4445 0.9857 -0.0426 0.3171
Car 0.0000 0 0.0000 -1.0000 -1.0000 -1.0000 -1.0000 1.9136 1.5405 4.5615 -37.6425 19.8526 0.1472 -3.1142 0.3099
Car 0.0000 0 0.0000 -1.0000 -1.0000 -1.0000 -1.0000 1.9305 1.6095 4.5510 -48.7336 -18.5083 1.0679 -3.0279 0.3057
Truck 0.0000 0 0.0000 -1.0000 -1.0000 -1.0000 -1.0000 2.5738 3.1041 6.2760 -16.0036 -7.9594 1.7033 3.0981 0.5728
Truck 0.0000 0 0.0000 -1.0000 -1.0000 -1.0000 -1.0000 2.8551 3.4771 7.4617 -0.3852 -14.5977 1.8612 0.0030 0.5508
Truck 0.0000 0 0.0000 -1.0000 -1.0000 -1.0000 -1.0000 3.0665 3.7293 9.8402 -37.1139 -8.1154 2.0991 0.0454 0.5467
Truck 0.0000 0 0.0000 -1.0000 -1.0000 -1.0000 -1.0000 2.7242 3.0377 7.4135 -70.0628 3.0014 2.0163 0.0139 0.5242
Truck 0.0000 0 0.0000 -1.0000 -1.0000 -1.0000 -1.0000 2.4588 2.4969 6.5698 7.6965 -14.8272 1.3251 0.0152 0.4781
Truck 0.0000 0 0.0000 -1.0000 -1.0000 -1.0000 -1.0000 2.6349 2.6747 7.0748 -70.1533 -4.4416 1.9340 0.0334 0.3991
Truck 0.0000 0 0.0000 -1.0000 -1.0000 -1.0000 -1.0000 2.9056 3.4374 11.6493 60.1378 -40.9433 2.0045 1.9074 0.3806
Truck 0.0000 0 0.0000 -1.0000 -1.0000 -1.0000 -1.0000 2.2572 2.2013 5.9437 -43.6846 -0.6507 1.2063 0.1087 0.3218
Truck 0.0000 0 0.0000 -1.0000 -1.0000 -1.0000 -1.0000 2.8249 3.2619 9.7005 76.3855 3.0551 1.7826 3.0967 0.3187
Tricar 0.0000 0 0.0000 -1.0000 -1.0000 -1.0000 -1.0000 1.3873 1.6583 3.2930 31.9743 6.8401 0.5940 1.7549 0.3179
Tricar 0.0000 0 0.0000 -1.0000 -1.0000 -1.0000 -1.0000 1.2896 1.6801 2.6681 -27.1213 -10.6954 0.9880 -3.0571 0.3059
Cyclist 0.0000 0 0.0000 -1.0000 -1.0000 -1.0000 -1.0000 0.7166 1.4778 1.7089 49.9981 -4.3254 0.7069 1.1024 0.4585
Cyclist 0.0000 0 0.0000 -1.0000 -1.0000 -1.0000 -1.0000 0.7790 1.5640 1.8051 58.4765 19.7478 0.3326 1.2189 0.4339
Cyclist 0.0000 0 0.0000 -1.0000 -1.0000 -1.0000 -1.0000 0.8197 1.5641 1.8239 77.8395 -19.4733 0.9147 1.8892 0.4033
Cyclist 0.0000 0 0.0000 -1.0000 -1.0000 -1.0000 -1.0000 0.8617 1.5730 1.9976 35.2693 28.2538 0.0670 -1.7132 0.3530
Cyclist 0.0000 0 0.0000 -1.0000 -1.0000 -1.0000 -1.0000 0.7595 1.4791 1.7823 36.1788 39.2494 -0.0688 -1.7670 0.3419
Cyclist 0.0000 0 0.0000 -1.0000 -1.0000 -1.0000 -1.0000 0.7750 1.5424 1.7877 49.6970 -38.5217 0.9718 1.7827 0.3136
