Car 0.0000 0 0.0000 -1.0000 -1.0000 -1.0000 -1.0000 1.9623 1.5258 4.4965 -9.2014 6.6903 0.7246 3.1393 0.7873
Car 0.0000 0 0.0000 -1.0000 -1.0000 -1.0000 -1.0000 2.0066 1.4818 4.6461 44.2083 2.5830 0.1568 -0.0356 0.7169
Car 0.0000 0 0.0000 -1.0000 -1.0000 -1.0000 -1.0000 2.0212 1.6521 4.6232 16.6298 5.4927 0.6553 3.0678 0.7166
Car 0.0000 0 0.0000 -1.0000 -1.0000 -1.0000 -1.0000 2.0433 1.5897 4.7433 49.3557 -1.0500 0.1754 3.1224 0.7087
Car 0.0000 0 0.0000 -1.0000 -1.0000 -1.0000 -1.0000 2.0576 1.7049 4.7755 -16.2937 2.8863 0.9164 3.0970 0.6315
Car 0.0000 0 0.0000 -1.0000 -1.0000 -1.0000 -1.0000 2.0645 1.7670 4.7543 -9.8137 2.5122 0.8976 0.0168 0.6083
Car 0.0000 0 0.0000 -1.0000 -1.0000 -1.0000 -1.0000 1.9561 1.5043 4.6258 9.2114 -13.1575 0.9338 -1.1382 0.5933
Car 0.0000 0 0.0000 -1.0000 -1.0000 -1.0000 -1.0000 1.9967 1.7516 4.5788 -22.7007 2.5767 1.0186 3.1215 0.5654
Car 0.0000 0 0.0000 -1.0000 -1.0000 -1.0000 -1.0000 1.9954 1.6707 4.5663 5.1200 5.7206 0.7763 3.1286 0.5019
Car 0.0000 0 0.0000 -1.0000 -1.0000 -1.0000 -1.0000 1.8974 1.5414 4.5550 16.6477 36.9281 -0.1258 -1.4455 0.4376
Car 0.0000 0 0.0000 -1.0000 -1.0000 -1.0000 -1.0000 1.9202 1.5829 4.5482 69.8284 -1.1778 -0.0525 -0.0672 0.3873
Car 0.0000 0 0.0000 -1.0000 -1.0000 -1.0000 -1.0000 1.9486 1.5731 4.6211 -52.1352 1.1025 1.1415 -0.0613 0.3186
Car 0.0000 0 0.0000 -1.0000 -1.0000 -1.0000 -1.0000 1.8488 1.4914 4.5059 4.7273 -33.5274 1.0531 -1.6835 0.3043
Truck 0.0000 0 0.0000 -1.0000 -1.0000 -1.0000 -1.0000 3.0356 3.9918 11.1887 60.4046 -23.6073 2.1001 3.0109 0.3498
Tricar 0.0000 0 0.0000 -1.0000 -1.0000 -1.0000 -1.0000 1.1791 1.6172 2.6882 -12.9277 -2.9880 0.8601 3.0840 0.4225
Tricar 0.0000 0 0.0000 -1.0000 -1.0000 -1.0000 -1.0000 1.1814 1.8025 2.8333 6.6758 25.6561 0.3817 -1.6300 0.3468
Cyclist 0.0000 0 0.0000 -1.0000 -1.0000 -1.0000 -1.0000 0.7738 1.5450 1.7519 -2.5393 -7.9856 0.8234 -0.1446 0.7439
Cyclist 0.0000 0 0.0000 -1.0000 -1.0000 -1.0000 -1.0000 0.7743 1.5364 1.7658 -8.6158 -8.4987 0.8047 3.0873 0.7210
Cyclist 0.0000 0 0.0000 -1.0000 -1.0000 -1.0000 -1.0000 0.7859 1.5948 1.8114 8.1195 33.4897 0.0649 -1.5809 0.5278
Cyclist 0.0000 0 0.0000 -1.0000 -1.0000 -1.0000 -1.0000 0.7856 1.5622 1.8133 6.3398 19.6464 0.2997 1.4836 0.5096
Cyclist 0.0000 0 0.0000 -1.0000 -1.0000 -1.0000 -1.0000 0.7651 1.5146 1.7454 -1.0493 20.8770 0.3554 0.4564 0.4805
Cyclist 0.0000 0 0.0000 -1.0000 -1.0000 -1.0000 -1.0000 0.7794 1.4317 1.8142 0.0571 -11.2769 0.7536 -0.5786 0.4378
Cyclist 0.0000 0 0.0000 -1.0000 -1.0000 -1.0000 -1.0000 0.8824 1.5981 1.9142 19.7020 -29.7794 1.0486 1.2396 0.4071
Cyclist 0.0000 0 0.0000 -1.0000 -1.0000 -1.0000 -1.0000 0.7964 1.5542 1.7921 14.5054 19.1333 0.2066 -1.9468 0.3941
Cyclist 0.0000 0 0.0000 -1.0000 -1.0000 -1.0000 -1.0000 0.7582 1.5589 1.7621 20.6072 -21.5890 1.0071 1.3398 0.3838
Cyclist 0.0000 0 0.0000 -1.0000 -1.0000 -1.0000 -1.0000 0.7407 1.5316 1.7314 21.3356 -16.5599 0.9000 -1.9199 0.3412
Cyclist 0.0000 0 0.0000 -1.0000 -1.0000 -1.0000 -1.0000 0.7405 1.4885 1.7576 20.0237 -16.4319 0.9188 1.2356 0.3267
Cyclist 0.0000 0 0.0000 -1.0000 -1.0000 -1.0000 -1.0000 0.7645 1.5652 1.7836 10.0683 27.7710 0.0866 2.0396 0.3236
Cyclist 0.0000 0 0.0000 -1.0000 -1.0000 -1.0000 -1.0000 0.9559 1.7085 2.0020 6.6029 25.4943 0.3779 -1.6461 0.3233
Cyclist 0.0000 0 0.0000 -1.0000 -1.0000 -1.0000 -1.0000 0.6803 1.0994 1.7134 -9.0551 16.3833 0.3866 1.4156 0.3233
Cyclist 0.0000 0 0.0000 -1.0000 -1.0000 -1.0000 -1.0000 0.7436 1.5216 1.7501 8.8736 -28.6005 0.9607 -1.5516 0.3176
Pedestrian 0.0000 0 0.0000 -1.0000 -1.0000 -1.0000 -1.0000 0.7094 1.6831 0.6899 -2.9431 18.2088 0.5572 -3.1098 0.6279
Pedestrian 0.0000 0 0.0000 -1.0000 -1.0000 -1.0000 -1.0000 0.6961 1.6879 0.6321 35.1267 13.8624 0.0620 0.3573 0.6042
Pedestrian 0.0000 0 0.0000 -1.0000 -1.0000 -1.0000 -1.0000 0.6818 1.6430 0.6193 22.1787 21.7985 0.0833 0.3571 0.5710
Pedestrian 0.0000 0 0.0000 -1.0000 -1.0000 -1.0000 -1.0000 0.6880 1.6828 0.6081 -13.9649 18.4551 0.7168 0.2407 0.5503
Pedestrian 0.0000 0 0.0000 -1.0000 -1.0000 -1.0000 -1.0000 0.7079 1.6662 0.6622 1.0440 23.2508 0.4985 0.8385 0.4967
Pedestrian 0.0000 0 0.0000 -1.0000 -1.0000 -1.0000 -1.0000 0.6970 1.6070 0.6559 38.7690 16.4156 -0.0715 0.4277 0.4695
Pedestrian 0.0000 0 0.0000 -1.0000 -1.0000 -1.0000 -1.0000 0.7247 1.6816 0.6689 40.8150 18.6956 0.0124 0.6040 0.4475
Pedestrian 0.0000 0 0.0000 -1.0000 -1.0000 -1.0000 -1.0000 0.7147 1.6993 0.6629 20.1637 25.0719 0.2307 -2.7816 0.3960
Pedestrian 0.0000 0 0.0000 -1.0000 -1.0000 -1.0000 -1.0000 0.7065 1.6956 0.6463 4.4004 31.1207 0.2201 1.4751 0.3748
Pedestrian 0.0000 0 0.0000 -1.0000 -1.0000 -1.0000 -1.0000 0.6812 1.5923 0.6096 39.0202 19.6414 -0.0742 1.0050 0.3285
Pedestrian 0.0000 0 0.0000 -1.0000 -1.0000 -1.0000 -1.0000 0.6925 1.6510 0.6037 42.5164 -27.1774 0.4973 3.0910 0.3179
Pedestrian 0.0000 0 0.0000 -1.0000 -1.0000 -1.0000 -1.0000 0.6885 1.6746 0.6379 0.4464 -14.4072 1.2627 -0.6706 0.3122
