Car 0.0000 0 0.0000 -1.0000 -1.0000 -1.0000 -1.0000 1.9879 1.4114 4.5128 6.3136 2.7821 0.7380 0.0034 0.8521
Car 0.0000 0 0.0000 -1.0000 -1.0000 -1.0000 -1.0000 1.9453 1.4061 4.4630 2.7622 -6.7771 0.6688 0.0699 0.8319
Car 0.0000 0 0.0000 -1.0000 -1.0000 -1.0000 -1.0000 1.9876 1.5171 4.4764 17.5502 2.9272 0.7908 -3.1304 0.8091
Car 0.0000 0 0.0000 -1.0000 -1.0000 -1.0000 -1.0000 2.0189 1.6547 4.5642 5.3019 -1.0126 0.8410 0.0193 0.7723
Car 0.0000 0 0.0000 -1.0000 -1.0000 -1.0000 -1.0000 1.9563 1.4583 4.5307 -24.2339 2.6927 0.6356 0.0098 0.7374
Car 0.0000 0 0.0000 -1.0000 -1.0000 -1.0000 -1.0000 1.9736 1.4405 4.5964 -9.7375 3.1293 0.7697 3.1231 0.7297
Car 0.0000 0 0.0000 -1.0000 -1.0000 -1.0000 -1.0000 2.0115 1.6319 4.6230 -39.1951 3.0602 0.5140 -3.1224 0.6364
Car 0.0000 0 0.0000 -1.0000 -1.0000 -1.0000 -1.0000 2.0269 1.7924 4.6416 -1.7083 -10.8634 0.8449 -3.0472 0.6195
Car 0.0000 0 0.0000 -1.0000 -1.0000 -1.0000 -1.0000 1.8909 1.4378 4.4156 -1.7263 2.8361 0.7453 3.1245 0.6148
Car 0.0000 0 0.0000 -1.0000 -1.0000 -1.0000 -1.0000 1.8889 1.5121 4.4850 -33.3358 3.3642 0.4739 -3.1107 0.5825
Car 0.0000 0 0.0000 -1.0000 -1.0000 -1.0000 -1.0000 1.8482 1.5556 4.3410 14.1207 -0.5066 0.7884 0.0071 0.5812
Car 0.0000 0 0.0000 -1.0000 -1.0000 -1.0000 -1.0000 1.9663 1.7033 4.6590 -0.9611 -13.9860 0.8297 -3.0718 0.5708
Car 0.0000 0 0.0000 -1.0000 -1.0000 -1.0000 -1.0000 1.9715 1.4747 4.5740 -9.9060 -0.1925 0.7451 0.0045 0.5362
Car 0.0000 0 0.0000 -1.0000 -1.0000 -1.0000 -1.0000 1.9101 1.7216 4.4714 -48.6678 2.9308 0.5011 -3.1300 0.5358
Car 0.0000 0 0.0000 -1.0000 -1.0000 -1.0000 -1.0000 2.0144 1.4693 4.6544 -17.0607 3.1298 0.7252 -3.1334 0.5325
Car 0.0000 0 0.0000 -1.0000 -1.0000 -1.0000 -1.0000 2.0039 1.5880 4.7290 38.2908 1.7221 0.8409 3.1371 0.4781
Car 0.0000 0 0.0000 -1.0000 -1.0000 -1.0000 -1.0000 1.9524 1.6053 4.5489 -27.1768 -0.4162 0.7195 -3.1325 0.4121
Car 0.0000 0 0.0000 -1.0000 -1.0000 -1.0000 -1.0000 1.9069 1.5327 4.6038 -0.4633 -16.1469 0.7975 -2.9969 0.3435
Car 0.0000 0 0.0000 -1.0000 -1.0000 -1.0000 -1.0000 1.8801 1.4445 4.4593 -16.3999 -0.2257 0.7099 0.0246 0.3004
Truck 0.0000 0 0.0000 -1.0000 -1.0000 -1.0000 -1.0000 2.8356 2.8796 8.8449 -41.3454 -0.3569 1.2416 -3.1085 0.5056
Cyclist 0.0000 0 0.0000 -1.0000 -1.0000 -1.0000 -1.0000 0.7745 1.5513 1.7717 15.5798 -7.2296 0.7766 -3.1152 0.6350
