Car 0.0000 0 0.0000 -1.0000 -1.0000 -1.0000 -1.0000 2.0875 1.8968 4.6543 8.1302 -3.0367 1.0258 -3.1252 0.8261
Car 0.0000 0 0.0000 -1.0000 -1.0000 -1.0000 -1.0000 1.9861 1.4745 4.5549 -8.9227 11.2684 0.5705 3.0596 0.6788
Car 0.0000 0 0.0000 -1.0000 -1.0000 -1.0000 -1.0000 1.9461 1.4507 4.5672 -34.7824 0.2176 0.5766 3.1036 0.6466
Car 0.0000 0 0.0000 -1.0000 -1.0000 -1.0000 -1.0000 1.9696 1.4318 4.4959 -5.6454 -3.1495 0.7175 -0.0062 0.5474
Car 0.0000 0 0.0000 -1.0000 -1.0000 -1.0000 -1.0000 1.9923 1.7133 4.6274 -47.2346 -0.5000 0.6222 -0.0138 0.5268
Car 0.0000 0 0.0000 -1.0000 -1.0000 -1.0000 -1.0000 1.9215 1.4601 4.4827 -38.1470 -3.1124 0.5078 -0.0102 0.5225
Car 0.0000 0 0.0000 -1.0000 -1.0000 -1.0000 -1.0000 2.0197 1.5609 4.5901 23.3910 -0.1523 0.9877 -3.1325 0.5125
Car 0.0000 0 0.0000 -1.0000 -1.0000 -1.0000 -1.0000 1.8237 1.6769 4.3849 -29.7609 13.4825 0.4763 0.0464 0.4914
Car 0.0000 0 0.0000 -1.0000 -1.0000 -1.0000 -1.0000 1.9460 1.6305 4.6559 20.0778 26.8609 0.4398 -1.6336 0.4475
Car 0.0000 0 0.0000 -1.0000 -1.0000 -1.0000 -1.0000 2.1315 2.1458 4.9744 -2.3563 32.7085 0.3585 -1.0960 0.4225
Car 0.0000 0 0.0000 -1.0000 -1.0000 -1.0000 -1.0000 1.9233 1.5506 4.5964 23.8917 26.4167 0.3906 1.5495 0.3824
Car 0.0000 0 0.0000 -1.0000 -1.0000 -1.0000 -1.0000 1.9579 1.8572 4.5715 -9.5851 34.8963 0.1681 1.4007 0.3434
Car 0.0000 0 0.0000 -1.0000 -1.0000 -1.0000 -1.0000 1.9157 1.5663 4.5698 27.5536 26.3741 0.4353 1.5523 0.3046
Truck 0.0000 0 0.0000 -1.0000 -1.0000 -1.0000 -1.0000 3.0186 3.9806 11.7845 -67.3352 29.3247 1.8447 0.0133 0.3550
Cyclist 0.0000 0 0.0000 -1.0000 -1.0000 -1.0000 -1.0000 0.8010 1.5812 1.7964 -25.1901 18.1873 0.2723 -1.1437 0.5493
Cyclist 0.0000 0 0.0000 -1.0000 -1.0000 -1.0000 -1.0000 0.7867 1.5554 1.8014 -24.9536 4.6295 0.6914 -1.6498 0.4395
