Car 0.0000 0 0.0000 -1.0000 -1.0000 -1.0000 -1.0000 2.1440 1.7834 4.8317 -27.9501 -1.1048 0.9460 -0.0210 0.7790
Car 0.0000 0 0.0000 -1.0000 -1.0000 -1.0000 -1.0000 1.8509 1.4981 4.3986 -2.3094 -4.8705 0.6524 3.1291 0.6040
Car 0.0000 0 0.0000 -1.0000 -1.0000 -1.0000 -1.0000 1.9244 1.4705 4.5035 -54.6683 -4.2544 1.0386 -0.1177 0.5993
Car 0.0000 0 0.0000 -1.0000 -1.0000 -1.0000 -1.0000 1.9427 1.5968 4.6143 -27.4690 11.7855 1.1123 -1.4686 0.5119
Car 0.0000 0 0.0000 -1.0000 -1.0000 -1.0000 -1.0000 1.8829 1.6095 4.4105 64.8260 -2.7165 0.1238 3.1046 0.5003
Car 0.0000 0 0.0000 -1.0000 -1.0000 -1.0000 -1.0000 1.8299 1.5142 4.4565 -50.2198 4.6333 1.1750 3.1156 0.4952
Car 0.0000 0 0.0000 -1.0000 -1.0000 -1.0000 -1.0000 1.9295 1.5366 4.6260 -25.4760 -15.6525 0.6775 -1.6471 0.4400
Car 0.0000 0 0.0000 -1.0000 -1.0000 -1.0000 -1.0000 1.9762 1.5106 4.6215 40.8843 1.8495 0.4747 -0.0250 0.4317
Car 0.0000 0 0.0000 -1.0000 -1.0000 -1.0000 -1.0000 1.8238 1.8213 4.3044 -4.3122 3.6597 0.9319 -0.0592 0.4213
Car 0.0000 0 0.0000 -1.0000 -1.0000 -1.0000 -1.0000 1.8662 1.4147 4.4528 -9.6699 3.8309 0.7089 -3.1372 0.3934
Car 0.0000 0 0.0000 -1.0000 -1.0000 -1.0000 -1.0000 1.9033 1.7564 4.4932 -25.0557 -10.1061 0.6978 -1.5663 0.3498
Car 0.0000 0 0.0000 -1.0000 -1.0000 -1.0000 -1.0000 1.9200 1.5990 4.5478 -32.0633 4.3136 1.0012 -0.1014 0.3030
Tricar 0.0000 0 0.0000 -1.0000 -1.0000 -1.0000 -1.0000 1.2458 1.8155 3.0228 -15.7422 -2.4235 0.8908 0.0556 0.5587
Tricar 0.0000 0 0.0000 -1.0000 -1.0000 -1.0000 -1.0000 1.2167 1.6653 2.9038 -12.6146 -6.5514 0.6852 -1.2478 0.3525
Tricar 0.0000 0 0.0000 -1.0000 -1.0000 -1.0000 -1.0000 1.1175 1.1780 2.7141 29.7900 -5.3914 0.3225 -3.0904 0.3064
Cyclist 0.0000 0 0.0000 -1.0000 -1.0000 -1.0000 -1.0000 0.7414 1.5343 1.7125 28.2853 -3.4799 0.4795 -3.1344 0.6163
Cyclist 0.0000 0 0.0000 -1.0000 -1.0000 -1.0000 -1.0000 0.7237 1.5609 1.6733 1.2281 -2.9036 0.7050 -0.0237 0.5937
Cyclist 0.0000 0 0.0000 -1.0000 -1.0000 -1.0000 -1.0000 0.7036 1.5140 1.6389 7.8066 -2.8899 0.6190 0.0231 0.5553
Cyclist 0.0000 0 0.0000 -1.0000 -1.0000 -1.0000 -1.0000 0.6747 1.1793 1.7304 19.4105 4.2665 0.6731 -1.6119 0.4904
Cyclist 0.0000 0 0.0000 -1.0000 -1.0000 -1.0000 -1.0000 0.7059 1.3225 1.6747 7.3804 -5.0138 0.5502 2.3431 0.4690
Cyclist 0.0000 0 0.0000 -1.0000 -1.0000 -1.0000 -1.0000 0.6822 1.2213 1.6681 18.4006 -7.9971 0.4446 -3.1275 0.4256
Cyclist 0.0000 0 0.0000 -1.0000 -1.0000 -1.0000 -1.0000 0.6594 1.1653 1.6715 27.0529 2.7392 0.5677 1.4219 0.3875
Cyclist 0.0000 0 0.0000 -1.0000 -1.0000 -1.0000 -1.0000 0.7792 1.5706 1.7953 -23.6634 6.3844 0.9520 -1.3772 0.3412
Cyclist 0.0000 0 0.0000 -1.0000 -1.0000 -1.0000 -1.0000 0.6800 1.1229 1.6938 -8.0929 -7.1392 0.4656 -1.3139 0.3148
Pedestrian 0.0000 0 0.0000 -1.0000 -1.0000 -1.0000 -1.0000 0.6768 1.6500 0.6083 10.8700 -8.4137 0.8828 0.1337 0.4858
Pedestrian 0.0000 0 0.0000 -1.0000 -1.0000 -1.0000 -1.0000 0.6683 1.5847 0.6057 -29.8652 -6.7741 0.7178 3.0364 0.4689
Pedestrian 0.0000 0 0.0000 -1.0000 -1.0000 -1.0000 -1.0000 0.6969 1.6844 0.6232 -17.8986 7.3438 0.9348 -2.9549 0.3723
