Car 0.0000 0 0.0000 -1.0000 -1.0000 -1.0000 -1.0000 1.8817 1.4306 4.4013 13.8577 -4.9129 0.7496 3.1335 0.7753
Car 0.0000 0 0.0000 -1.0000 -1.0000 -1.0000 -1.0000 1.9392 1.6712 4.3604 19.4352 -5.1035 0.8856 -0.0019 0.7526
Car 0.0000 0 0.0000 -1.0000 -1.0000 -1.0000 -1.0000 1.9890 1.6991 4.6150 -50.0737 -4.5013 0.4240 -0.0324 0.7522
Car 0.0000 0 0.0000 -1.0000 -1.0000 -1.0000 -1.0000 1.9664 1.4808 4.5582 1.4174 -5.1550 0.7340 -3.1261 0.7274
Car 0.0000 0 0.0000 -1.0000 -1.0000 -1.0000 -1.0000 1.8541 1.4237 4.3900 -4.2948 -4.7104 0.6612 -0.0046 0.7195
Car 0.0000 0 0.0000 -1.0000 -1.0000 -1.0000 -1.0000 1.9236 1.4252 4.5273 0.8475 6.2085 0.6854 0.0213 0.7192
Car 0.0000 0 0.0000 -1.0000 -1.0000 -1.0000 -1.0000 2.0830 1.6789 4.8282 -44.5137 -0.2960 0.5690 -3.1229 0.7062
Car 0.0000 0 0.0000 -1.0000 -1.0000 -1.0000 -1.0000 1.9209 1.9125 4.4065 7.1571 -5.2563 0.9689 -3.1009 0.6716
Car 0.0000 0 0.0000 -1.0000 -1.0000 -1.0000 -1.0000 1.8753 1.4622 4.4444 25.1005 -4.8603 0.8211 3.1349 0.6004
Car 0.0000 0 0.0000 -1.0000 -1.0000 -1.0000 -1.0000 1.8384 1.5727 4.4727 15.6835 6.8160 0.7953 0.0724 0.5073
Car 0.0000 0 0.0000 -1.0000 -1.0000 -1.0000 -1.0000 1.9476 1.4715 4.5493 51.8010 3.6438 0.9220 3.0473 0.5019
Car 0.0000 0 0.0000 -1.0000 -1.0000 -1.0000 -1.0000 1.9224 1.4901 4.4600 43.5675 -5.3452 0.9355 -0.0555 0.4775
Car 0.0000 0 0.0000 -1.0000 -1.0000 -1.0000 -1.0000 1.8715 1.4781 4.5001 -12.8535 14.9375 0.6369 -1.2820 0.4222
Car 0.0000 0 0.0000 -1.0000 -1.0000 -1.0000 -1.0000 1.8573 1.5322 4.4287 -56.9572 -4.0932 0.2088 -3.1411 0.3630
Truck 0.0000 0 0.0000 -1.0000 -1.0000 -1.0000 -1.0000 2.9471 3.2509 11.8888 -31.3635 3.1040 1.6134 0.0195 0.6897
Cyclist 0.0000 0 0.0000 -1.0000 -1.0000 -1.0000 -1.0000 0.7291 1.5199 1.6921 29.4098 -2.7560 0.8967 0.0737 0.6494
Cyclist 0.0000 0 0.0000 -1.0000 -1.0000 -1.0000 -1.0000 0.7166 1.5470 1.6793 -11.5709 4.8369 0.7198 -3.1348 0.6105
Cyclist 0.0000 0 0.0000 -1.0000 -1.0000 -1.0000 -1.0000 0.7278 1.5386 1.6655 -14.8927 -2.4177 0.7315 -3.1005 0.5714
Cyclist 0.0000 0 0.0000 -1.0000 -1.0000 -1.0000 -1.0000 0.8330 1.5476 1.8769 23.8512 3.3503 0.8268 3.1101 0.5463
Cyclist 0.0000 0 0.0000 -1.0000 -1.0000 -1.0000 -1.0000 0.7866 1.5539 1.7349 -10.9990 -3.1759 0.7282 -0.0399 0.5339
Cyclist 0.0000 0 0.0000 -1.0000 -1.0000 -1.0000 -1.0000 0.7833 1.5512 1.7576 56.4216 1.5569 0.9269 3.0245 0.5171
Cyclist 0.0000 0 0.0000 -1.0000 -1.0000 -1.0000 -1.0000 0.8330 1.6584 1.7503 17.5379 3.2485 0.9044 3.1415 0.4891
Cyclist 0.0000 0 0.0000 -1.0000 -1.0000 -1.0000 -1.0000 0.7382 1.5079 1.7405 -16.5155 9.0666 0.6823 0.9142 0.4580
Cyclist 0.0000 0 0.0000 -1.0000 -1.0000 -1.0000 -1.0000 0.6891 1.3227 1.7111 43.0444 8.6662 0.7524 1.3349 0.4294
Cyclist 0.0000 0 0.0000 -1.0000 -1.0000 -1.0000 -1.0000 0.7116 1.4655 1.6858 16.0822 -7.2650 0.8397 -0.0201 0.4127
Cyclist 0.0000 0 0.0000 -1.0000 -1.0000 -1.0000 -1.0000 0.7291 1.5499 1.6690 57.5982 -4.1924 0.9521 2.9033 0.4052
Cyclist 0.0000 0 0.0000 -1.0000 -1.0000 -1.0000 -1.0000 0.7250 1.5600 1.6660 -7.8259 4.2103 0.7458 0.0658 0.4013
Cyclist 0.0000 0 0.0000 -1.0000 -1.0000 -1.0000 -1.0000 0.7040 1.4282 1.6722 44.4030 13.6382 0.7603 -3.0226 0.3461
Cyclist 0.0000 0 0.0000 -1.0000 -1.0000 -1.0000 -1.0000 0.6539 1.2079 1.6498 -14.1260 -13.7392 0.3811 -2.8482 0.3423
Cyclist 0.0000 0 0.0000 -1.0000 -1.0000 -1.0000 -1.0000 0.9011 1.6121 1.8701 19.3836 4.9802 0.8588 3.1374 0.3226
Pedestrian 0.0000 0 0.0000 -1.0000 -1.0000 -1.0000 -1.0000 0.6822 1.6743 0.6091 -8.9016 11.8592 0.7952 3.1219 0.5125
Pedestrian 0.0000 0 0.0000 -1.0000 -1.0000 -1.0000 -1.0000 0.7031 1.7001 0.6587 43.4473 16.5473 1.0009 0.0852 0.4421
Pedestrian 0.0000 0 0.0000 -1.0000 -1.0000 -1.0000 -1.0000 0.7168 1.6710 0.7011 -28.9233 -6.9767 0.9178 0.0011 0.4330
Pedestrian 0.0000 0 0.0000 -1.0000 -1.0000 -1.0000 -1.0000 0.6715 1.6947 0.5936 12.5700 16.2822 0.8380 1.0653 0.4323
Pedestrian 0.0000 0 0.0000 -1.0000 -1.0000 -1.0000 -1.0000 0.7092 1.6395 0.6674 54.6761 10.6957 0.9689 3.1041 0.3955
Pedestrian 0.0000 0 0.0000 -1.0000 -1.0000 -1.0000 -1.0000 0.7372 1.7286 0.7261 -13.0296 -4.9052 0.9022 -0.0509 0.3394
Pedestrian 0.0000 0 0.0000 -1.0000 -1.0000 -1.0000 -1.0000 0.6827 1.6735 0.6128 -10.1547 -12.9486 0.8081 2.1924 0.3170
