Car 0.0000 0 0.0000 -1.0000 -1.0000 -1.0000 -1.0000 1.9814 1.4620 4.6648 -40.5843 -2.4771 0.6105 -0.0478 0.7685
Car 0.0000 0 0.0000 -1.0000 -1.0000 -1.0000 -1.0000 2.0011 1.7450 4.5485 4.8475 -4.1248 0.9005 -0.0323 0.7461
Car 0.0000 0 0.0000 -1.0000 -1.0000 -1.0000 -1.0000 1.9521 1.5915 4.5125 23.5371 -4.8650 0.8172 -0.0258 0.7229
Car 0.0000 0 0.0000 -1.0000 -1.0000 -1.0000 -1.0000 1.8934 1.4720 4.4302 17.0690 -4.4622 0.7235 3.0846 0.6384
Car 0.0000 0 0.0000 -1.0000 -1.0000 -1.0000 -1.0000 1.9843 1.4512 4.5486 -0.2356 3.3545 0.7412 -0.0359 0.6120
Car 0.0000 0 0.0000 -1.0000 -1.0000 -1.0000 -1.0000 2.0003 1.5933 4.6809 -49.0104 5.5186 0.7305 -0.9651 0.5802
Car 0.0000 0 0.0000 -1.0000 -1.0000 -1.0000 -1.0000 1.9348 1.4843 4.5050 11.3881 -4.4457 0.7584 -0.0423 0.5475
Car 0.0000 0 0.0000 -1.0000 -1.0000 -1.0000 -1.0000 2.0028 1.5674 4.5551 -1.2482 -3.7830 0.7990 -0.0520 0.5145
Car 0.0000 0 0.0000 -1.0000 -1.0000 -1.0000 -1.0000 1.9093 1.4830 4.5199 28.8570 -4.6279 0.7760 3.1320 0.5003
Car 0.0000 0 0.0000 -1.0000 -1.0000 -1.0000 -1.0000 1.9864 1.4766 4.6212 11.7722 -0.0311 0.7811 3.1360 0.4228
Car 0.0000 0 0.0000 -1.0000 -1.0000 -1.0000 -1.0000 1.9170 1.5172 4.5389 40.4756 -5.2558 0.7985 -0.0772 0.4151
Car 0.0000 0 0.0000 -1.0000 -1.0000 -1.0000 -1.0000 1.8986 1.5126 4.4986 46.5961 -5.2038 0.8373 3.1138 0.4066
Car 0.0000 0 0.0000 -1.0000 -1.0000 -1.0000 -1.0000 1.8762 1.4474 4.4435 34.2248 -5.1790 0.7943 -0.0377 0.3585
Tricar 0.0000 0 0.0000 -1.0000 -1.0000 -1.0000 -1.0000 1.2100 1.6317 2.7647 46.4714 4.0433 0.8516 3.0391 0.5343
Cyclist 0.0000 0 0.0000 -1.0000 -1.0000 -1.0000 -1.0000 0.7817 1.5644 1.7719 -46.8530 -0.4679 0.7147 0.0731 0.4803
