Car 0.0000 0 0.0000 -1.0000 -1.0000 -1.0000 -1.0000 1.9907 1.5360 4.5529 3.5141 8.3879 0.4825 -0.2407 0.7581
Car 0.0000 0 0.0000 -1.0000 -1.0000 -1.0000 -1.0000 2.1106 1.9486 4.9008 10.3036 6.6058 0.8432 0.0266 0.7372
Car 0.0000 0 0.0000 -1.0000 -1.0000 -1.0000 -1.0000 2.1179 1.7516 4.8666 -12.3671 -0.3398 0.9336 3.1388 0.6984
Car 0.0000 0 0.0000 -1.0000 -1.0000 -1.0000 -1.0000 1.9635 1.6028 4.5644 7.2269 -6.8741 0.8820 -1.1054 0.6951
Car 0.0000 0 0.0000 -1.0000 -1.0000 -1.0000 -1.0000 2.0080 1.7410 4.7146 19.9269 6.0910 0.7531 3.1272 0.6873
Car 0.0000 0 0.0000 -1.0000 -1.0000 -1.0000 -1.0000 2.0084 1.6072 4.6870 37.3192 2.8736 0.5991 -0.0411 0.6470
Car 0.0000 0 0.0000 -1.0000 -1.0000 -1.0000 -1.0000 1.9791 1.5118 4.6225 -38.7169 -5.2697 0.9011 -3.1278 0.6173
Car 0.0000 0 0.0000 -1.0000 -1.0000 -1.0000 -1.0000 1.9445 1.5288 4.4994 -31.3300 6.4972 0.7591 -0.0046 0.5863
Car 0.0000 0 0.0000 -1.0000 -1.0000 -1.0000 -1.0000 1.9017 1.5511 4.4555 -23.2611 -5.3039 0.8745 -0.0030 0.5578
Car 0.0000 0 0.0000 -1.0000 -1.0000 -1.0000 -1.0000 1.9184 1.5501 4.5886 -14.2610 27.9428 0.4041 -1.5531 0.5288
Car 0.0000 0 0.0000 -1.0000 -1.0000 -1.0000 -1.0000 1.8986 1.4435 4.4945 -22.2061 28.6154 0.4026 -1.5943 0.5209
Car 0.0000 0 0.0000 -1.0000 -1.0000 -1.0000 -1.0000 1.8748 1.7032 4.3871 -37.8628 6.4877 0.8951 -3.1156 0.5196
Car 0.0000 0 0.0000 -1.0000 -1.0000 -1.0000 -1.0000 1.9374 1.7226 4.5763 -9.7961 27.5764 0.5186 -1.6419 0.5024
Car 0.0000 0 0.0000 -1.0000 -1.0000 -1.0000 -1.0000 1.8717 1.4364 4.4502 12.4982 3.5103 0.6374 3.1109 0.4865
Car 0.0000 0 0.0000 -1.0000 -1.0000 -1.0000 -1.0000 1.8857 1.5125 4.5098 5.2027 -16.8129 1.1739 -1.7424 0.4533
Car 0.0000 0 0.0000 -1.0000 -1.0000 -1.0000 -1.0000 1.9645 1.6135 4.6361 -34.5241 3.1895 0.9114 -3.0905 0.4377
Car 0.0000 0 0.0000 -1.0000 -1.0000 -1.0000 -1.0000 1.9698 1.4557 4.5557 11.9653 11.4096 0.4536 3.0968 0.4344
Car 0.0000 0 0.0000 -1.0000 -1.0000 -1.0000 -1.0000 1.9256 1.4780 4.5202 10.9056 -0.0187 0.6950 3.0764 0.4314
Car 0.0000 0 0.0000 -1.0000 -1.0000 -1.0000 -1.0000 1.9481 1.4672 4.6106 -19.1818 3.6997 0.7124 -0.0044 0.4270
Car 0.0000 0 0.0000 -1.0000 -1.0000 -1.0000 -1.0000 1.8891 1.4887 4.4915 -16.2071 28.2790 0.3690 1.5944 0.4269
Car 0.0000 0 0.0000 -1.0000 -1.0000 -1.0000 -1.0000 2.0091 1.4933 4.6199 40.0311 6.1485 0.4848 3.1164 0.4231
Car 0.0000 0 0.0000 -1.0000 -1.0000 -1.0000 -1.0000 1.8917 1.5079 4.5194 -33.5395 11.7254 0.6773 -3.1170 0.3927
Car 0.0000 0 0.0000 -1.0000 -1.0000 -1.0000 -1.0000 1.9629 1.7044 4.7035 -12.3570 28.0679 0.4664 -1.5628 0.3787
Car 0.0000 0 0.0000 -1.0000 -1.0000 -1.0000 -1.0000 1.8725 1.5054 4.4934 -44.3746 6.3938 0.9818 -3.1095 0.3729
Car 0.0000 0 0.0000 -1.0000 -1.0000 -1.0000 -1.0000 1.7929 1.4985 4.3673 29.0807 6.1632 0.5460 0.0016 0.3083
Car 0.0000 0 0.0000 -1.0000 -1.0000 -1.0000 -1.0000 1.8813 1.5213 4.4903 8.4621 -17.8370 1.3556 -1.7184 0.3078
Truck 0.0000 0 0.0000 -1.0000 -1.0000 -1.0000 -1.0000 2.9839 3.1831 11.0598 -23.8538 12.0723 1.4011 3.1259 0.7621
Truck 0.0000 0 0.0000 -1.0000 -1.0000 -1.0000 -1.0000 2.9647 3.1424 11.7609 -8.0992 -5.6046 1.6711 -3.0777 0.4597
Cyclist 0.0000 0 0.0000 -1.0000 -1.0000 -1.0000 -1.0000 0.7265 1.5091 1.7062 -10.0880 18.0574 0.2455 -0.0474 0.5478
Cyclist 0.0000 0 0.0000 -1.0000 -1.0000 -1.0000 -1.0000 0.7455 1.5661 1.6893 19.0150 -11.3348 0.8520 -3.1157 0.4300
Cyclist 0.0000 0 0.0000 -1.0000 -1.0000 -1.0000 -1.0000 0.7454 1.5709 1.6967 -5.8814 16.9821 0.3244 -0.0794 0.4183
Cyclist 0.0000 0 0.0000 -1.0000 -1.0000 -1.0000 -1.0000 0.7162 1.4968 1.6959 -17.6360 18.6108 0.2835 -0.0456 0.3150
Cyclist 0.0000 0 0.0000 -1.0000 -1.0000 -1.0000 -1.0000 0.6883 1.4784 1.6746 -22.5635 16.2936 0.3452 3.1139 0.3149
Pedestrian 0.0000 0 0.0000 -1.0000 -1.0000 -1.0000 -1.0000 0.7003 1.6907 0.6740 8.1530 -14.5748 1.1926 2.9764 0.6409
Pedestrian 0.0000 0 0.0000 -1.0000 -1.0000 -1.0000 -1.0000 0.6794 1.6506 0.6242 0.8427 4.5833 0.7148 3.0898 0.6102
Pedestrian 0.0000 0 0.0000 -1.0000 -1.0000 -1.0000 -1.0000 0.6739 1.6027 0.6064 17.8072 23.8031 0.2535 -3.0912 0.4774
Pedestrian 0.0000 0 0.0000 -1.0000 -1.0000 -1.0000 -1.0000 0.6798 1.6682 0.6209 -0.6062 -14.8061 1.2039 0.0713 0.4724
Pedestrian 0.0000 0 0.0000 -1.0000 -1.0000 -1.0000 -1.0000 0.6897 1.6520 0.6238 -28.1544 21.8266 0.4856 -0.0721 0.4431
Pedestrian 0.0000 0 0.0000 -1.0000 -1.0000 -1.0000 -1.0000 0.6732 1.6627 0.6209 16.6376 -19.8492 1.6043 1.2702 0.4259
Pedestrian 0.0000 0 0.0000 -1.0000 -1.0000 -1.0000 -1.0000 0.6873 1.6630 0.6078 -21.3627 22.3716 0.5120 3.0332 0.3849
Pedestrian 0.0000 0 0.0000 -1.0000 -1.0000 -1.0000 -1.0000 0.6913 1.7026 0.6199 -0.7800 -15.7334 1.2302 3.1302 0.3779
Pedestrian 0.0000 0 0.0000 -1.0000 -1.0000 -1.0000 -1.0000 0.6695 1.6622 0.5746 23.8771 -16.0380 1.2187 0.3022 0.3436
Pedestrian 0.0000 0 0.0000 -1.0000 -1.0000 -1.0000 -1.0000 0.6909 1.6875 0.6166 16.7630 -16.6013 1.3727 3.0341 0.3184
