Car 0.0000 0 0.0000 -1.0000 -1.0000 -1.0000 -1.0000 2.0088 1.4685 4.5710 20.1827 3.2430 0.8544 3.1353 0.8512
Car 0.0000 0 0.0000 -1.0000 -1.0000 -1.0000 -1.0000 1.9589 1.4566 4.5333 -9.1098 0.4807 0.7772 3.1228 0.7526
Car 0.0000 0 0.0000 -1.0000 -1.0000 -1.0000 -1.0000 2.0231 1.5322 4.6312 -14.8024 2.9313 0.8199 3.1283 0.7424
Car 0.0000 0 0.0000 -1.0000 -1.0000 -1.0000 -1.0000 1.9152 1.4805 4.4742 2.4711 3.1996 0.7816 3.1310 0.7056
Car 0.0000 0 0.0000 -1.0000 -1.0000 -1.0000 -1.0000 1.9827 1.5635 4.6190 -35.1133 2.9529 0.9312 -0.0078 0.6414
Car 0.0000 0 0.0000 -1.0000 -1.0000 -1.0000 -1.0000 1.9621 1.6525 4.4734 7.4217 -0.2138 0.8847 -0.0022 0.6000
Car 0.0000 0 0.0000 -1.0000 -1.0000 -1.0000 -1.0000 1.9132 1.4577 4.4367 -7.4100 3.4966 0.8024 0.0001 0.5831
Car 0.0000 0 0.0000 -1.0000 -1.0000 -1.0000 -1.0000 1.9523 1.6273 4.6099 -47.0901 2.5940 1.2104 -0.0122 0.5792
Car 0.0000 0 0.0000 -1.0000 -1.0000 -1.0000 -1.0000 1.8825 1.6042 4.4005 -22.1261 3.0741 0.8911 3.1287 0.5745
Car 0.0000 0 0.0000 -1.0000 -1.0000 -1.0000 -1.0000 1.9204 1.5842 4.5421 -28.2748 2.9477 0.8797 0.0275 0.4618
Car 0.0000 0 0.0000 -1.0000 -1.0000 -1.0000 -1.0000 1.9343 1.4968 4.5494 32.7236 3.4669 0.9143 3.1099 0.4426
Car 0.0000 0 0.0000 -1.0000 -1.0000 -1.0000 -1.0000 1.9457 1.4875 4.6353 40.3822 2.1527 0.9588 0.0434 0.4379
Car 0.0000 0 0.0000 -1.0000 -1.0000 -1.0000 -1.0000 1.9346 1.4537 4.5469 -16.9178 0.0028 0.7826 0.0061 0.3970
Car 0.0000 0 0.0000 -1.0000 -1.0000 -1.0000 -1.0000 2.0002 1.8271 4.6265 -25.3348 0.1650 1.0463 3.1318 0.3729
Car 0.0000 0 0.0000 -1.0000 -1.0000 -1.0000 -1.0000 1.9648 1.6272 4.5946 -41.0625 2.7905 1.0419 -3.1219 0.3612
Car 0.0000 0 0.0000 -1.0000 -1.0000 -1.0000 -1.0000 1.9151 1.5630 4.5558 -4.1083 16.9830 0.6460 3.1294 0.3403
Truck 0.0000 0 0.0000 -1.0000 -1.0000 -1.0000 -1.0000 2.9581 3.2025 10.7495 -46.2780 -0.6349 1.9346 3.1398 0.5504
Truck 0.0000 0 0.0000 -1.0000 -1.0000 -1.0000 -1.0000 2.3580 2.3345 6.2799 49.9249 3.6100 1.5252 0.0336 0.3836
