Car 0.0000 0 0.0000 -1.0000 -1.0000 -1.0000 -1.0000 1.9751 1.4937 4.6063 44.7446 -4.6278 0.4518 3.1393 0.7320
Car 0.0000 0 0.0000 -1.0000 -1.0000 -1.0000 -1.0000 1.8814 1.5645 4.3760 -12.1472 12.9493 0.7562 3.1104 0.6976
Car 0.0000 0 0.0000 -1.0000 -1.0000 -1.0000 -1.0000 2.0045 1.4762 4.6549 30.8272 14.7593 0.1755 -0.0152 0.6272
Car 0.0000 0 0.0000 -1.0000 -1.0000 -1.0000 -1.0000 1.9193 1.4953 4.4483 -31.6856 17.0231 0.8067 -0.0167 0.5444
Car 0.0000 0 0.0000 -1.0000 -1.0000 -1.0000 -1.0000 1.9247 1.5552 4.5975 43.6421 16.6265 -0.0717 -1.8731 0.4915
Car 0.0000 0 0.0000 -1.0000 -1.0000 -1.0000 -1.0000 1.9244 1.4955 4.5395 -11.2257 23.4849 0.4580 -1.5988 0.4299
Car 0.0000 0 0.0000 -1.0000 -1.0000 -1.0000 -1.0000 2.1097 2.0796 5.0921 35.5337 20.3770 0.3528 1.5349 0.4036
Car 0.0000 0 0.0000 -1.0000 -1.0000 -1.0000 -1.0000 1.8961 1.5033 4.4894 6.1380 23.5557 0.2396 -1.5108 0.3961
Car 0.0000 0 0.0000 -1.0000 -1.0000 -1.0000 -1.0000 1.8600 1.9077 4.3630 20.1011 15.0259 0.4884 3.0681 0.3939
Car 0.0000 0 0.0000 -1.0000 -1.0000 -1.0000 -1.0000 1.9601 1.4877 4.5258 -1.7399 9.6719 0.6092 -0.0027 0.3556
Car 0.0000 0 0.0000 -1.0000 -1.0000 -1.0000 -1.0000 1.8771 1.6784 4.3581 -12.0951 29.0544 0.4892 -1.3803 0.3539
Car 0.0000 0 0.0000 -1.0000 -1.0000 -1.0000 -1.0000 1.8688 1.4864 4.4871 -1.0984 24.1608 0.3127 1.5771 0.3166
Car 0.0000 0 0.0000 -1.0000 -1.0000 -1.0000 -1.0000 2.0567 1.8730 4.8650 13.1469 24.3963 0.4042 -0.0981 0.3046
Car 0.0000 0 0.0000 -1.0000 -1.0000 -1.0000 -1.0000 1.8863 1.8090 4.4999 75.0353 -3.9726 0.6553 0.0054 0.3030
Truck 0.0000 0 0.0000 -1.0000 -1.0000 -1.0000 -1.0000 2.9178 3.1939 11.6971 32.8416 0.3942 1.3565 -3.0483 0.6639
Truck 0.0000 0 0.0000 -1.0000 -1.0000 -1.0000 -1.0000 2.3087 2.2873 6.1403 48.5225 34.8436 1.3028 1.5386 0.3506
Cyclist 0.0000 0 0.0000 -1.0000 -1.0000 -1.0000 -1.0000 0.8143 1.5408 1.8425 11.6521 -1.6799 0.6487 0.0053 0.5602
Cyclist 0.0000 0 0.0000 -1.0000 -1.0000 -1.0000 -1.0000 0.7475 1.5681 1.6858 -35.0779 15.5605 0.8566 3.1152 0.5532
Cyclist 0.0000 0 0.0000 -1.0000 -1.0000 -1.0000 -1.0000 0.7365 1.4774 1.7633 8.5151 13.2515 0.4008 3.1033 0.5456
Cyclist 0.0000 0 0.0000 -1.0000 -1.0000 -1.0000 -1.0000 0.7765 1.5672 1.7126 -13.0614 4.4951 0.8658 0.0152 0.4985
Cyclist 0.0000 0 0.0000 -1.0000 -1.0000 -1.0000 -1.0000 0.7368 1.5830 1.6790 59.4943 -3.0462 0.3647 3.0997 0.3565
Cyclist 0.0000 0 0.0000 -1.0000 -1.0000 -1.0000 -1.0000 0.7384 1.5321 1.7145 64.0514 12.6644 -0.0640 -0.0085 0.3305
Pedestrian 0.0000 0 0.0000 -1.0000 -1.0000 -1.0000 -1.0000 0.7011 1.6686 0.6629 22.5446 -4.5963 0.7608 3.0952 0.5372
Pedestrian 0.0000 0 0.0000 -1.0000 -1.0000 -1.0000 -1.0000 0.7159 1.6295 0.6970 1.0999 -3.3649 0.9158 -3.1118 0.5044
Pedestrian 0.0000 0 0.0000 -1.0000 -1.0000 -1.0000 -1.0000 0.7060 1.6774 0.6778 30.9109 4.5214 0.4738 0.0653 0.3926
