Car 0.0000 0 0.0000 -1.0000 -1.0000 -1.0000 -1.0000 1.9478 1.4617 4.4397 -33.9752 2.9900 0.6144 0.0426 0.7668
Car 0.0000 0 0.0000 -1.0000 -1.0000 -1.0000 -1.0000 1.9644 1.4393 4.5161 23.3127 3.4636 0.7741 3.1259 0.7430
Car 0.0000 0 0.0000 -1.0000 -1.0000 -1.0000 -1.0000 2.1388 1.7936 4.8645 -12.3456 3.5563 0.9005 0.0235 0.7090
Car 0.0000 0 0.0000 -1.0000 -1.0000 -1.0000 -1.0000 1.9330 1.6343 4.4981 30.0383 4.1333 0.9228 3.1217 0.4160
Car 0.0000 0 0.0000 -1.0000 -1.0000 -1.0000 -1.0000 2.0226 2.0260 4.7771 16.1917 4.4312 1.1054 0.0032 0.4073
Car 0.0000 0 0.0000 -1.0000 -1.0000 -1.0000 -1.0000 1.8675 1.7553 4.3752 5.0126 12.3951 0.7014 0.0117 0.3680
Car 0.0000 0 0.0000 -1.0000 -1.0000 -1.0000 -1.0000 1.9043 1.5560 4.6302 52.6743 41.2080 0.2003 1.7586 0.3240
Car 0.0000 0 0.0000 -1.0000 -1.0000 -1.0000 -1.0000 1.9111 1.5616 4.6112 61.6112 33.1074 0.4112 -1.2431 0.3180
Truck 0.0000 0 0.0000 -1.0000 -1.0000 -1.0000 -1.0000 2.5123 2.4655 7.0199 42.8816 19.7190 0.9098 -2.0490 0.5380
Truck 0.0000 0 0.0000 -1.0000 -1.0000 -1.0000 -1.0000 1.9544 1.9921 4.9180 6.5400 3.5029 1.0609 0.0105 0.5065
Truck 0.0000 0 0.0000 -1.0000 -1.0000 -1.0000 -1.0000 1.8772 1.9423 4.5525 0.4348 3.6189 1.0225 0.0256 0.4981
Cyclist 0.0000 0 0.0000 -1.0000 -1.0000 -1.0000 -1.0000 0.7231 1.5268 1.6945 -0.3944 -3.5636 0.7617 -3.1156 0.6289
Cyclist 0.0000 0 0.0000 -1.0000 -1.0000 -1.0000 -1.0000 0.7355 1.4559 1.7155 34.0776 -5.3342 0.8459 -3.1062 0.5260
Cyclist 0.0000 0 0.0000 -1.0000 -1.0000 -1.0000 -1.0000 0.7092 1.4940 1.6606 26.1070 -3.0808 0.7934 3.0746 0.5039
Cyclist 0.0000 0 0.0000 -1.0000 -1.0000 -1.0000 -1.0000 0.9120 1.6522 1.9114 28.3575 13.5510 0.6279 -2.5696 0.3715
Cyclist 0.0000 0 0.0000 -1.0000 -1.0000 -1.0000 -1.0000 0.7319 1.5710 1.6781 54.7089 -2.1529 0.7699 -3.0216 0.3510
Cyclist 0.0000 0 0.0000 -1.0000 -1.0000 -1.0000 -1.0000 0.8208 1.6083 1.7405 38.4469 -2.2843 0.8885 -3.0378 0.3346
