Car 0.0000 0 0.0000 -1.0000 -1.0000 -1.0000 -1.0000 2.0085 1.4729 4.6060 -13.9930 -5.3609 0.7430 -0.0130 0.8091
Car 0.0000 0 0.0000 -1.0000 -1.0000 -1.0000 -1.0000 1.9866 1.4385 4.5807 -33.2356 -0.7137 0.6185 -0.0113 0.7912
Car 0.0000 0 0.0000 -1.0000 -1.0000 -1.0000 -1.0000 2.0251 1.5038 4.5760 -26.4102 -3.4063 0.7368 -0.0408 0.7400
Car 0.0000 0 0.0000 -1.0000 -1.0000 -1.0000 -1.0000 1.9989 1.4689 4.5052 6.0280 -3.6225 0.7678 -3.1350 0.6508
Car 0.0000 0 0.0000 -1.0000 -1.0000 -1.0000 -1.0000 1.9586 1.5389 4.6433 -54.2760 -28.9355 0.1869 -1.0515 0.5246
Car 0.0000 0 0.0000 -1.0000 -1.0000 -1.0000 -1.0000 2.0848 2.2121 4.8401 -22.3440 4.8918 0.9996 3.1169 0.5171
Car 0.0000 0 0.0000 -1.0000 -1.0000 -1.0000 -1.0000 1.9914 1.6704 4.6048 -30.8585 5.1965 0.6974 -0.0257 0.4614
Car 0.0000 0 0.0000 -1.0000 -1.0000 -1.0000 -1.0000 2.0247 2.0057 4.8533 58.6234 -3.4555 0.6389 0.0077 0.3475
Car 0.0000 0 0.0000 -1.0000 -1.0000 -1.0000 -1.0000 1.8738 1.5612 4.4782 -51.3629 -35.2206 0.1415 -1.0883 0.3317
Tricar 0.0000 0 0.0000 -1.0000 -1.0000 -1.0000 -1.0000 1.4605 1.7388 3.4218 -11.9857 -16.2068 0.9242 -0.0316 0.5689
Cyclist 0.0000 0 0.0000 -1.0000 -1.0000 -1.0000 -1.0000 0.7175 1.5776 1.6719 37.4681 26.7064 0.1692 3.1362 0.3675
Cyclist 0.0000 0 0.0000 -1.0000 -1.0000 -1.0000 -1.0000 0.7603 1.5317 1.7437 -26.1506 -16.8622 0.5484 -0.2257 0.3016
