Car 0.0000 0 0.0000 -1.0000 -1.0000 -1.0000 -1.0000 1.9592 1.5045 4.5902 36.9210 14.7786 0.8730 3.1197 0.6915
Car 0.0000 0 0.0000 -1.0000 -1.0000 -1.0000 -1.0000 2.0070 1.6200 4.5745 38.3730 -0.5063 1.2464 -3.1374 0.5972
Car 0.0000 0 0.0000 -1.0000 -1.0000 -1.0000 -1.0000 1.8935 1.6123 4.4905 -35.4556 25.8221 0.1270 -1.4738 0.4206
Car 0.0000 0 0.0000 -1.0000 -1.0000 -1.0000 -1.0000 1.9807 1.7083 4.5589 -4.6438 11.4986 0.6999 -3.1211 0.4120
Car 0.0000 0 0.0000 -1.0000 -1.0000 -1.0000 -1.0000 1.9697 1.5253 4.6151 -63.4367 -3.5813 0.0399 -3.1231 0.3510
Car 0.0000 0 0.0000 -1.0000 -1.0000 -1.0000 -1.0000 1.8526 1.6618 4.5099 12.4037 10.8642 0.8215 -3.1336 0.3469
Truck 0.0000 0 0.0000 -1.0000 -1.0000 -1.0000 -1.0000 2.9641 3.5409 11.1932 44.2469 10.5699 2.0700 3.1211 0.7268
Truck 0.0000 0 0.0000 -1.0000 -1.0000 -1.0000 -1.0000 2.8360 3.2129 10.5429 56.4919 -3.1327 2.0469 0.0253 0.6391
Truck 0.0000 0 0.0000 -1.0000 -1.0000 -1.0000 -1.0000 2.9525 3.1663 10.2686 -69.0876 -0.1272 1.1092 -3.1377 0.5148
Tricar 0.0000 0 0.0000 -1.0000 -1.0000 -1.0000 -1.0000 1.1984 1.7351 2.6156 34.7432 -10.3954 1.2412 3.1191 0.5726
Cyclist 0.0000 0 0.0000 -1.0000 -1.0000 -1.0000 -1.0000 0.8097 1.5569 1.7839 24.3802 27.0568 0.3417 0.7666 0.5237
Cyclist 0.0000 0 0.0000 -1.0000 -1.0000 -1.0000 -1.0000 0.7636 1.5768 1.7794 13.8117 20.9874 0.4278 0.0135 0.4435
Cyclist 0.0000 0 0.0000 -1.0000 -1.0000 -1.0000 -1.0000 0.7124 1.5518 1.6747 -2.5828 -9.1892 0.7704 3.1200 0.4235
Cyclist 0.0000 0 0.0000 -1.0000 -1.0000 -1.0000 -1.0000 0.7448 1.5700 1.7032 -32.7540 -9.8444 0.4184 -0.0181 0.3521
Cyclist 0.0000 0 0.0000 -1.0000 -1.0000 -1.0000 -1.0000 0.7540 1.5706 1.7238 23.4900 29.5145 0.3546 -2.2767 0.3436
Cyclist 0.0000 0 0.0000 -1.0000 -1.0000 -1.0000 -1.0000 0.7206 1.5440 1.6834 10.5347 -9.7506 0.8685 0.5850 0.3024
Pedestrian 0.0000 0 0.0000 -1.0000 -1.0000 -1.0000 -1.0000 0.7127 1.6196 0.6734 23.5702 29.5847 0.3787 0.8245 0.3318
Pedestrian 0.0000 0 0.0000 -1.0000 -1.0000 -1.0000 -1.0000 0.7048 1.6157 0.6911 26.2385 33.2568 0.3519 1.1136 0.3036
