Car 0.0000 0 0.0000 -1.0000 -1.0000 -1.0000 -1.0000 1.9991 1.4840 4.5741 -43.4498 5.0968 0.5705 -0.1012 0.7834
Car 0.0000 0 0.0000 -1.0000 -1.0000 -1.0000 -1.0000 1.9539 1.4866 4.5257 -33.6994 17.6993 0.9237 2.9201 0.7313
Car 0.0000 0 0.0000 -1.0000 -1.0000 -1.0000 -1.0000 1.9665 1.5960 4.4666 13.2030 2.8745 0.9489 3.0903 0.7291
Car 0.0000 0 0.0000 -1.0000 -1.0000 -1.0000 -1.0000 1.9922 1.5612 4.5758 -19.3491 -0.2155 0.7478 3.1280 0.6170
Car 0.0000 0 0.0000 -1.0000 -1.0000 -1.0000 -1.0000 1.9812 1.4412 4.5381 -26.4661 4.5382 0.6945 3.0973 0.6010
Car 0.0000 0 0.0000 -1.0000 -1.0000 -1.0000 -1.0000 1.9963 1.4666 4.5465 -5.8560 3.6265 0.7619 0.0105 0.5663
Car 0.0000 0 0.0000 -1.0000 -1.0000 -1.0000 -1.0000 1.9417 1.5117 4.6139 48.9373 2.2371 0.9792 3.0676 0.5611
Car 0.0000 0 0.0000 -1.0000 -1.0000 -1.0000 -1.0000 1.9284 1.6852 4.4405 -9.3281 13.2646 1.0043 3.1112 0.4614
Car 0.0000 0 0.0000 -1.0000 -1.0000 -1.0000 -1.0000 1.8403 1.5225 4.4066 -42.7353 0.9343 0.5474 3.0760 0.3846
Car 0.0000 0 0.0000 -1.0000 -1.0000 -1.0000 -1.0000 1.9606 1.9947 4.6347 25.4557 2.8153 1.1569 3.1324 0.3664
Car 0.0000 0 0.0000 -1.0000 -1.0000 -1.0000 -1.0000 1.9412 1.5143 4.6125 -30.9807 -0.3346 0.6530 3.1328 0.3511
Truck 0.0000 0 0.0000 -1.0000 -1.0000 -1.0000 -1.0000 3.0487 3.6255 10.2545 -59.7971 2.6649 1.6594 2.9780 0.6748
Truck 0.0000 0 0.0000 -1.0000 -1.0000 -1.0000 -1.0000 3.0176 3.6881 9.9789 -31.0443 11.7279 1.9553 2.9972 0.6211
Truck 0.0000 0 0.0000 -1.0000 -1.0000 -1.0000 -1.0000 2.8792 3.1512 9.1199 8.2014 13.1542 1.8498 3.1106 0.6035
Truck 0.0000 0 0.0000 -1.0000 -1.0000 -1.0000 -1.0000 2.6423 2.9385 7.0185 50.5457 6.2609 1.7525 3.0031 0.5506
Truck 0.0000 0 0.0000 -1.0000 -1.0000 -1.0000 -1.0000 2.4330 2.6239 6.9145 12.3140 -0.6371 1.4466 0.0390 0.3480
Truck 0.0000 0 0.0000 -1.0000 -1.0000 -1.0000 -1.0000 1.8871 1.9399 4.8222 25.8127 2.8136 1.1593 3.1224 0.3303
