Car 0.0000 0 0.0000 -1.0000 -1.0000 -1.0000 -1.0000 1.9248 1.4303 4.4859 12.3357 -4.8303 0.8529 -3.0697 0.8235
Car 0.0000 0 0.0000 -1.0000 -1.0000 -1.0000 -1.0000 1.9410 1.6483 4.4615 -29.2739 -4.3656 0.4673 -0.0579 0.7759
Car 0.0000 0 0.0000 -1.0000 -1.0000 -1.0000 -1.0000 1.9250 1.4191 4.4811 -3.5079 -4.7599 0.6889 -0.0195 0.7002
Car 0.0000 0 0.0000 -1.0000 -1.0000 -1.0000 -1.0000 2.0005 1.5544 4.5962 -24.4548 0.2395 0.5213 -0.0027 0.6990
Car 0.0000 0 0.0000 -1.0000 -1.0000 -1.0000 -1.0000 1.9999 1.5842 4.6800 47.3550 3.0524 1.2309 3.1011 0.6488
Car 0.0000 0 0.0000 -1.0000 -1.0000 -1.0000 -1.0000 2.2147 2.2093 5.0075 -9.7869 -4.9326 1.1011 -0.0221 0.6453
Car 0.0000 0 0.0000 -1.0000 -1.0000 -1.0000 -1.0000 1.9451 1.5983 4.5364 -25.0639 6.9617 0.4812 -0.0070 0.6415
Car 0.0000 0 0.0000 -1.0000 -1.0000 -1.0000 -1.0000 1.9907 1.4952 4.6109 -40.1926 4.1557 0.2166 -0.5259 0.6338
Car 0.0000 0 0.0000 -1.0000 -1.0000 -1.0000 -1.0000 1.9647 1.6913 4.5346 7.1119 -14.7091 1.1580 -0.0251 0.5868
Car 0.0000 0 0.0000 -1.0000 -1.0000 -1.0000 -1.0000 1.9225 1.5068 4.5085 -15.1716 -4.7896 0.6319 -0.0214 0.5533
Car 0.0000 0 0.0000 -1.0000 -1.0000 -1.0000 -1.0000 1.9177 1.4965 4.5267 -44.4858 10.8506 0.0248 -1.7106 0.5372
Car 0.0000 0 0.0000 -1.0000 -1.0000 -1.0000 -1.0000 1.8806 1.5501 4.4942 -14.7616 -16.3858 0.8924 -1.2935 0.5161
Car 0.0000 0 0.0000 -1.0000 -1.0000 -1.0000 -1.0000 1.8730 1.5176 4.4538 -29.1718 -10.2332 0.4372 -0.0171 0.5016
Car 0.0000 0 0.0000 -1.0000 -1.0000 -1.0000 -1.0000 1.8981 1.5045 4.5796 -46.5813 -6.0436 0.2059 -3.1340 0.4894
Car 0.0000 0 0.0000 -1.0000 -1.0000 -1.0000 -1.0000 1.8830 1.5114 4.5001 36.6271 -6.1370 1.0750 0.0244 0.4656
Car 0.0000 0 0.0000 -1.0000 -1.0000 -1.0000 -1.0000 1.9991 1.8603 4.7340 0.2403 -10.9095 1.0543 3.1250 0.4633
Car 0.0000 0 0.0000 -1.0000 -1.0000 -1.0000 -1.0000 2.0291 1.6231 4.6913 -1.8207 3.6187 0.8418 -3.1406 0.4609
Car 0.0000 0 0.0000 -1.0000 -1.0000 -1.0000 -1.0000 1.9085 1.5547 4.4411 26.5452 -5.8671 1.0439 -0.0625 0.4345
Car 0.0000 0 0.0000 -1.0000 -1.0000 -1.0000 -1.0000 1.9624 1.4933 4.6100 20.0911 -5.7734 0.9788 -0.0684 0.4134
Car 0.0000 0 0.0000 -1.0000 -1.0000 -1.0000 -1.0000 1.8880 1.6461 4.5259 6.1165 -18.3104 1.1424 -0.0163 0.3190
Car 0.0000 0 0.0000 -1.0000 -1.0000 -1.0000 -1.0000 1.8823 1.5298 4.4852 -46.5415 -16.3869 0.3303 -3.1239 0.3046
Truck 0.0000 0 0.0000 -1.0000 -1.0000 -1.0000 -1.0000 2.8605 3.2882 10.4545 57.1664 -4.7137 2.0638 3.0908 0.6561
Truck 0.0000 0 0.0000 -1.0000 -1.0000 -1.0000 -1.0000 2.6606 2.5537 7.4299 -9.6511 -11.1227 1.3580 -3.1204 0.4222
Cyclist 0.0000 0 0.0000 -1.0000 -1.0000 -1.0000 -1.0000 0.7678 1.5031 1.7601 5.8969 -2.7072 0.7825 0.1996 0.5919
Cyclist 0.0000 0 0.0000 -1.0000 -1.0000 -1.0000 -1.0000 0.7587 1.5574 1.7091 44.1555 -2.7417 1.1853 0.0370 0.5728
Cyclist 0.0000 0 0.0000 -1.0000 -1.0000 -1.0000 -1.0000 0.7047 1.5180 1.7050 -20.2139 5.1197 0.5197 3.1283 0.5100
Pedestrian 0.0000 0 0.0000 -1.0000 -1.0000 -1.0000 -1.0000 0.6934 1.7211 0.6194 -33.1970 -8.1530 0.5618 -0.0043 0.5529
Pedestrian 0.0000 0 0.0000 -1.0000 -1.0000 -1.0000 -1.0000 0.6897 1.6461 0.6399 -19.5514 10.8741 0.6776 3.1047 0.4821
Pedestrian 0.0000 0 0.0000 -1.0000 -1.0000 -1.0000 -1.0000 0.7033 1.6283 0.6775 21.3864 10.0033 1.2455 0.0536 0.3484
