Car 0.0000 0 0.0000 -1.0000 -1.0000 -1.0000 -1.0000 2.0711 1.7973 4.7031 -12.1674 0.2917 0.8795 -3.1303 0.7573
Car 0.0000 0 0.0000 -1.0000 -1.0000 -1.0000 -1.0000 1.9271 1.5720 4.4800 57.5738 -3.0561 1.1511 0.2205 0.6535
Car 0.0000 0 0.0000 -1.0000 -1.0000 -1.0000 -1.0000 1.9454 1.4768 4.4838 -0.0694 3.4096 0.7532 3.1178 0.5773
Car 0.0000 0 0.0000 -1.0000 -1.0000 -1.0000 -1.0000 1.9881 1.5101 4.6134 -24.4679 7.7916 0.4687 -3.1288 0.5224
Car 0.0000 0 0.0000 -1.0000 -1.0000 -1.0000 -1.0000 1.9119 1.4608 4.5059 31.5698 34.3584 0.0409 -1.6839 0.5066
Car 0.0000 0 0.0000 -1.0000 -1.0000 -1.0000 -1.0000 1.9682 1.5614 4.5933 68.4001 7.1010 0.9945 3.0203 0.4660
Car 0.0000 0 0.0000 -1.0000 -1.0000 -1.0000 -1.0000 1.9749 1.5664 4.6429 65.1972 3.5489 1.1287 3.0940 0.4421
Car 0.0000 0 0.0000 -1.0000 -1.0000 -1.0000 -1.0000 1.9198 1.5369 4.5566 33.0633 42.0301 -0.1639 -1.9233 0.4257
Car 0.0000 0 0.0000 -1.0000 -1.0000 -1.0000 -1.0000 2.1728 2.2645 5.0944 -34.5232 8.1997 0.7413 3.1086 0.3591
Truck 0.0000 0 0.0000 -1.0000 -1.0000 -1.0000 -1.0000 2.4773 2.8357 6.4491 -68.1373 -1.9789 0.9036 -0.0883 0.4079
Cyclist 0.0000 0 0.0000 -1.0000 -1.0000 -1.0000 -1.0000 0.7789 1.5583 1.7543 -29.5982 -10.4332 0.5571 0.0029 0.5135
