Car 0.0000 0 0.0000 -1.0000 -1.0000 -1.0000 -1.0000 1.9845 1.7105 4.5844 18.5950 -1.2121 0.8417 0.0261 0.6335
Car 0.0000 0 0.0000 -1.0000 -1.0000 -1.0000 -1.0000 1.8755 1.4286 4.4433 -10.8576 2.4506 0.6428 -3.1339 0.6321
Car 0.0000 0 0.0000 -1.0000 -1.0000 -1.0000 -1.0000 2.0564 1.6602 4.7816 -74.7628 2.9491 0.7122 -0.0966 0.6271
Car 0.0000 0 0.0000 -1.0000 -1.0000 -1.0000 -1.0000 1.8857 1.4969 4.5995 -21.8848 2.4724 0.6723 0.0350 0.6104
Car 0.0000 0 0.0000 -1.0000 -1.0000 -1.0000 -1.0000 1.9347 1.5205 4.5713 -46.5978 3.7024 0.6898 3.1174 0.5308
Car 0.0000 0 0.0000 -1.0000 -1.0000 -1.0000 -1.0000 2.1948 1.7866 4.9910 -32.6309 -0.1644 0.8768 -0.0324 0.4765
Cyclist 0.0000 0 0.0000 -1.0000 -1.0000 -1.0000 -1.0000 0.7563 1.6027 1.7033 43.6568 0.8934 0.7992 0.0565 0.6059
Cyclist 0.0000 0 0.0000 -1.0000 -1.0000 -1.0000 -1.0000 0.7549 1.4011 1.7705 22.0015 3.0476 0.7148 3.1112 0.5254
Cyclist 0.0000 0 0.0000 -1.0000 -1.0000 -1.0000 -1.0000 0.7285 1.4612 1.6837 22.0576 -4.0021 0.7301 0.0973 0.5219
Cyclist 0.0000 0 0.0000 -1.0000 -1.0000 -1.0000 -1.0000 0.7616 1.5276 1.7268 49.1004 1.5488 0.7132 3.0271 0.5114
Cyclist 0.0000 0 0.0000 -1.0000 -1.0000 -1.0000 -1.0000 0.8092 1.5792 1.7471 -7.6134 -1.2126 0.7727 0.1059 0.4768
Cyclist 0.0000 0 0.0000 -1.0000 -1.0000 -1.0000 -1.0000 0.6986 1.5389 1.6364 40.2125 -4.7905 0.7736 3.1210 0.4608
Cyclist 0.0000 0 0.0000 -1.0000 -1.0000 -1.0000 -1.0000 0.8540 1.5357 1.8685 6.5657 3.3039 0.8207 3.0210 0.4555
Cyclist 0.0000 0 0.0000 -1.0000 -1.0000 -1.0000 -1.0000 0.7873 1.5059 1.7925 -7.2373 4.2332 0.7617 -0.1729 0.4330
Cyclist 0.0000 0 0.0000 -1.0000 -1.0000 -1.0000 -1.0000 0.6606 1.0697 1.6477 0.9898 -3.0135 0.5792 -2.9084 0.4183
Cyclist 0.0000 0 0.0000 -1.0000 -1.0000 -1.0000 -1.0000 0.7569 1.4905 1.7630 30.3492 -7.3399 0.8120 -2.7415 0.3977
Cyclist 0.0000 0 0.0000 -1.0000 -1.0000 -1.0000 -1.0000 0.8133 1.5588 1.8239 32.5875 4.6611 0.8951 -1.0423 0.3894
Cyclist 0.0000 0 0.0000 -1.0000 -1.0000 -1.0000 -1.0000 0.7159 1.2607 1.7472 4.3073 6.2000 0.7821 -1.8936 0.3866
Cyclist 0.0000 0 0.0000 -1.0000 -1.0000 -1.0000 -1.0000 0.6923 1.2698 1.7101 15.7097 5.0821 0.7354 1.6796 0.3677
Cyclist 0.0000 0 0.0000 -1.0000 -1.0000 -1.0000 -1.0000 0.7833 1.5960 1.7423 -9.9692 -0.7397 0.8026 0.0463 0.3280
Pedestrian 0.0000 0 0.0000 -1.0000 -1.0000 -1.0000 -1.0000 0.6853 1.6294 0.6244 -12.0028 8.1821 0.8814 3.0875 0.5560
Pedestrian 0.0000 0 0.0000 -1.0000 -1.0000 -1.0000 -1.0000 0.7100 1.7227 0.6451 -6.3721 -4.6800 0.9407 3.0931 0.4196
Pedestrian 0.0000 0 0.0000 -1.0000 -1.0000 -1.0000 -1.0000 0.6689 1.5830 0.5966 -12.7967 6.5892 0.8290 2.9145 0.4065
Pedestrian 0.0000 0 0.0000 -1.0000 -1.0000 -1.0000 -1.0000 0.6968 1.6123 0.6607 -21.2949 4.9131 0.7378 -3.1139 0.3515
Pedestrian 0.0000 0 0.0000 -1.0000 -1.0000 -1.0000 -1.0000 0.6899 1.6112 0.6324 -2.2240 -3.4576 0.8397 -2.7182 0.3514
Pedestrian 0.0000 0 0.0000 -1.0000 -1.0000 -1.0000 -1.0000 0.7087 1.6544 0.6730 -10.0602 -0.6817 0.8231 0.0654 0.3492
Pedestrian 0.0000 0 0.0000 -1.0000 -1.0000 -1.0000 -1.0000 0.7018 1.6872 0.6154 47.0992 6.1600 0.9952 0.0323 0.3438
Pedestrian 0.0000 0 0.0000 -1.0000 -1.0000 -1.0000 -1.0000 0.7140 1.6797 0.6635 18.3213 -5.9688 0.9181 3.0831 0.3222
Pedestrian 0.0000 0 0.0000 -1.0000 -1.0000 -1.0000 -1.0000 0.6921 1.6625 0.6281 44.4219 7.2733 0.9742 3.1095 0.3175
