Car 0.0000 0 0.0000 -1.0000 -1.0000 -1.0000 -1.0000 1.9749 1.4721 4.5505 19.8163 -11.9344 0.5256 0.0231 0.7713
Car 0.0000 0 0.0000 -1.0000 -1.0000 -1.0000 -1.0000 1.9844 1.5231 4.5385 -1.5867 -12.3157 0.4434 -0.0071 0.7637
Car 0.0000 0 0.0000 -1.0000 -1.0000 -1.0000 -1.0000 1.9256 1.5021 4.4977 -29.9365 18.6188 0.4713 3.1179 0.6623
Car 0.0000 0 0.0000 -1.0000 -1.0000 -1.0000 -1.0000 1.9974 1.7864 4.5638 8.3346 -8.8244 0.7524 -3.1391 0.6608
Car 0.0000 0 0.0000 -1.0000 -1.0000 -1.0000 -1.0000 1.9335 1.4963 4.5323 1.5175 16.6716 0.6854 3.1239 0.6586
Car 0.0000 0 0.0000 -1.0000 -1.0000 -1.0000 -1.0000 1.9688 1.4771 4.5513 -37.6771 14.7911 0.3735 -0.0227 0.6062
Car 0.0000 0 0.0000 -1.0000 -1.0000 -1.0000 -1.0000 1.9399 1.5815 4.5904 42.2518 -14.7540 0.4047 0.0524 0.5914
Car 0.0000 0 0.0000 -1.0000 -1.0000 -1.0000 -1.0000 1.9912 1.4778 4.5709 -14.9166 -15.4217 0.2468 -3.1279 0.5833
Car 0.0000 0 0.0000 -1.0000 -1.0000 -1.0000 -1.0000 1.9675 1.7938 4.6872 61.8278 36.7669 1.2724 0.0548 0.5436
Car 0.0000 0 0.0000 -1.0000 -1.0000 -1.0000 -1.0000 1.9242 1.6058 4.4928 6.4357 13.1944 0.7345 3.1308 0.5312
Car 0.0000 0 0.0000 -1.0000 -1.0000 -1.0000 -1.0000 1.9542 1.6806 4.4949 25.1884 13.6979 0.7545 0.0402 0.5212
Car 0.0000 0 0.0000 -1.0000 -1.0000 -1.0000 -1.0000 1.9825 1.6336 4.5827 -6.1558 13.3912 0.7384 3.1122 0.5027
Car 0.0000 0 0.0000 -1.0000 -1.0000 -1.0000 -1.0000 1.9428 1.6010 4.6048 45.0650 14.0631 0.5529 0.0173 0.4854
Car 0.0000 0 0.0000 -1.0000 -1.0000 -1.0000 -1.0000 2.0055 1.5403 4.7433 57.4534 3.4822 0.6293 0.0261 0.4577
Car 0.0000 0 0.0000 -1.0000 -1.0000 -1.0000 -1.0000 1.9706 1.7050 4.7120 5.2135 32.8374 1.0465 -3.1120 0.4461
Car 0.0000 0 0.0000 -1.0000 -1.0000 -1.0000 -1.0000 1.9864 1.5209 4.6019 68.4699 -9.9775 0.5418 0.0736 0.4446
Car 0.0000 0 0.0000 -1.0000 -1.0000 -1.0000 -1.0000 1.8836 1.6478 4.5210 49.9447 -10.7857 0.3903 0.0402 0.4417
Car 0.0000 0 0.0000 -1.0000 -1.0000 -1.0000 -1.0000 1.9838 1.7895 4.7861 -51.8780 39.8399 0.9882 3.0022 0.3874
Car 0.0000 0 0.0000 -1.0000 -1.0000 -1.0000 -1.0000 2.0444 2.0305 4.7862 -2.2134 29.5990 1.1152 -0.0019 0.3762
Car 0.0000 0 0.0000 -1.0000 -1.0000 -1.0000 -1.0000 1.9363 1.7023 4.6320 -16.8223 32.9464 1.0934 3.1075 0.3319
Truck 0.0000 0 0.0000 -1.0000 -1.0000 -1.0000 -1.0000 3.0521 3.7372 8.8399 18.4961 20.4934 1.9341 3.1343 0.5980
Truck 0.0000 0 0.0000 -1.0000 -1.0000 -1.0000 -1.0000 2.4658 2.7243 6.5675 53.1909 8.2388 1.2075 0.0267 0.4834
