Car 0.0000 0 0.0000 -1.0000 -1.0000 -1.0000 -1.0000 1.9704 1.4163 4.5608 -29.6650 2.9131 0.6337 0.0239 0.8400
Car 0.0000 0 0.0000 -1.0000 -1.0000 -1.0000 -1.0000 1.9661 1.5075 4.5129 -10.1806 3.0721 0.8005 -3.0920 0.8256
Car 0.0000 0 0.0000 -1.0000 -1.0000 -1.0000 -1.0000 1.9312 1.4451 4.4571 1.4010 2.9731 0.7735 3.1369 0.7987
Car 0.0000 0 0.0000 -1.0000 -1.0000 -1.0000 -1.0000 1.9751 1.5076 4.6070 -42.6086 2.8423 0.4817 -0.0016 0.7178
Car 0.0000 0 0.0000 -1.0000 -1.0000 -1.0000 -1.0000 1.9259 1.5376 4.5196 -29.4582 -18.2664 0.8290 -2.9538 0.6668
Car 0.0000 0 0.0000 -1.0000 -1.0000 -1.0000 -1.0000 1.9483 1.4190 4.4845 -14.5443 0.1265 0.6941 0.0085 0.6573
Car 0.0000 0 0.0000 -1.0000 -1.0000 -1.0000 -1.0000 1.9785 1.4542 4.5084 17.0771 3.2738 0.7979 0.0088 0.6432
Car 0.0000 0 0.0000 -1.0000 -1.0000 -1.0000 -1.0000 1.9980 1.5482 4.5341 -31.0222 -11.0603 0.7556 -2.9768 0.5907
Car 0.0000 0 0.0000 -1.0000 -1.0000 -1.0000 -1.0000 2.0439 1.7330 4.7165 -37.9456 -0.6265 0.7700 -0.0168 0.5597
Car 0.0000 0 0.0000 -1.0000 -1.0000 -1.0000 -1.0000 1.9068 1.4356 4.5478 31.7614 3.5839 0.8765 3.1199 0.5561
Car 0.0000 0 0.0000 -1.0000 -1.0000 -1.0000 -1.0000 1.9832 1.7141 4.5598 9.8273 -0.5103 0.9322 -3.1163 0.5426
Car 0.0000 0 0.0000 -1.0000 -1.0000 -1.0000 -1.0000 1.9334 1.5205 4.5784 40.4829 3.3181 0.9584 -3.0626 0.5260
Car 0.0000 0 0.0000 -1.0000 -1.0000 -1.0000 -1.0000 1.9508 1.5591 4.5575 27.8908 -0.1403 0.8912 3.0999 0.4525
Car 0.0000 0 0.0000 -1.0000 -1.0000 -1.0000 -1.0000 1.9470 1.4514 4.5077 -26.4665 -0.2414 0.6385 -3.1261 0.4486
Car 0.0000 0 0.0000 -1.0000 -1.0000 -1.0000 -1.0000 1.9088 1.6016 4.5099 11.9571 14.9739 0.6847 3.1229 0.4124
Truck 0.0000 0 0.0000 -1.0000 -1.0000 -1.0000 -1.0000 2.9088 3.0336 9.8569 -60.5664 -0.6302 1.0831 -3.0888 0.3033
Tricar 0.0000 0 0.0000 -1.0000 -1.0000 -1.0000 -1.0000 1.3054 1.7271 2.8197 -30.1610 -13.5503 0.8776 -2.8806 0.3747
Cyclist 0.0000 0 0.0000 -1.0000 -1.0000 -1.0000 -1.0000 0.7477 1.4741 1.7595 -36.6209 -7.2757 0.6143 -3.0735 0.6806
Cyclist 0.0000 0 0.0000 -1.0000 -1.0000 -1.0000 -1.0000 0.7917 1.5572 1.7882 -47.8557 -7.6574 0.5607 -0.0216 0.3370
