Car 0.0000 0 0.0000 -1.0000 -1.0000 -1.0000 -1.0000 2.1641 1.9863 4.9224 -10.8321 5.5282 0.9469 -2.8394 0.6466
Car 0.0000 0 0.0000 -1.0000 -1.0000 -1.0000 -1.0000 1.9963 1.4599 4.6068 25.5829 1.9352 0.9368 0.0286 0.6339
Car 0.0000 0 0.0000 -1.0000 -1.0000 -1.0000 -1.0000 1.8830 1.4034 4.4321 -5.4537 7.9803 0.6227 3.1369 0.5594
Car 0.0000 0 0.0000 -1.0000 -1.0000 -1.0000 -1.0000 1.9904 1.5849 4.8177 56.2223 12.5634 1.5458 0.0592 0.5229
Car 0.0000 0 0.0000 -1.0000 -1.0000 -1.0000 -1.0000 1.8935 1.4880 4.5363 -8.3363 12.6276 0.6661 -1.5289 0.5211
Car 0.0000 0 0.0000 -1.0000 -1.0000 -1.0000 -1.0000 1.9053 1.4805 4.5494 -14.1679 13.0447 0.6743 -1.4974 0.4902
Car 0.0000 0 0.0000 -1.0000 -1.0000 -1.0000 -1.0000 1.9514 1.6297 4.6195 -60.0088 -0.0150 0.7166 -3.1236 0.4322
Car 0.0000 0 0.0000 -1.0000 -1.0000 -1.0000 -1.0000 1.8882 1.4993 4.5162 -46.7750 13.7496 0.5657 -1.5227 0.4081
Car 0.0000 0 0.0000 -1.0000 -1.0000 -1.0000 -1.0000 1.9055 1.5281 4.4778 33.3900 1.8114 1.0966 3.0877 0.4071
Car 0.0000 0 0.0000 -1.0000 -1.0000 -1.0000 -1.0000 1.8939 1.6036 4.5145 -1.3711 11.0927 0.7587 -1.4678 0.3874
Car 0.0000 0 0.0000 -1.0000 -1.0000 -1.0000 -1.0000 2.0029 1.8654 4.7090 19.2209 -0.2464 1.0415 -0.0391 0.3634
Car 0.0000 0 0.0000 -1.0000 -1.0000 -1.0000 -1.0000 1.9213 1.8905 4.6209 57.7029 2.4704 1.4825 1.5410 0.3567
Car 0.0000 0 0.0000 -1.0000 -1.0000 -1.0000 -1.0000 1.8715 1.4788 4.4754 -12.0841 13.1540 0.6811 1.6740 0.3493
Car 0.0000 0 0.0000 -1.0000 -1.0000 -1.0000 -1.0000 1.8832 1.4741 4.5339 -36.9252 12.9812 0.5702 -1.3334 0.3231
Car 0.0000 0 0.0000 -1.0000 -1.0000 -1.0000 -1.0000 1.9207 1.5845 4.5947 -33.9445 13.6680 0.8166 -1.4325 0.3032
Truck 0.0000 0 0.0000 -1.0000 -1.0000 -1.0000 -1.0000 2.9317 3.2089 10.7596 42.1384 6.5812 2.0328 3.0182 0.7263
Truck 0.0000 0 0.0000 -1.0000 -1.0000 -1.0000 -1.0000 2.9707 3.2066 11.9968 3.3210 3.7355 1.6511 0.0446 0.6158
Cyclist 0.0000 0 0.0000 -1.0000 -1.0000 -1.0000 -1.0000 0.7683 1.5368 1.7552 -41.2037 1.4615 0.7005 -0.1380 0.6193
Cyclist 0.0000 0 0.0000 -1.0000 -1.0000 -1.0000 -1.0000 0.6916 1.4804 1.6832 -29.4180 5.1732 0.6546 0.1228 0.5719
Cyclist 0.0000 0 0.0000 -1.0000 -1.0000 -1.0000 -1.0000 0.7675 1.5963 1.7208 42.5056 -11.3650 1.0902 2.6383 0.3965
Cyclist 0.0000 0 0.0000 -1.0000 -1.0000 -1.0000 -1.0000 0.7196 1.5319 1.6824 35.9118 -5.2404 1.0024 2.9232 0.3819
Pedestrian 0.0000 0 0.0000 -1.0000 -1.0000 -1.0000 -1.0000 0.6878 1.7049 0.6331 -26.0003 -6.9166 0.9557 0.7894 0.4967
Pedestrian 0.0000 0 0.0000 -1.0000 -1.0000 -1.0000 -1.0000 0.6860 1.6560 0.6285 -3.0232 -8.6283 1.2364 -3.0958 0.4526
Pedestrian 0.0000 0 0.0000 -1.0000 -1.0000 -1.0000 -1.0000 0.7127 1.6337 0.6992 4.3523 -5.3093 1.0278 3.0576 0.4385
Pedestrian 0.0000 0 0.0000 -1.0000 -1.0000 -1.0000 -1.0000 0.7140 1.6663 0.7141 4.1934 -7.1841 1.1883 3.0828 0.3633
