Car 0.0000 0 0.0000 -1.0000 -1.0000 -1.0000 -1.0000 2.1204 1.7782 4.8826 1.4739 10.8791 0.6737 -3.1003 0.7697
Car 0.0000 0 0.0000 -1.0000 -1.0000 -1.0000 -1.0000 1.9394 1.5417 4.5581 36.6111 12.1118 0.3593 3.0703 0.6237
Car 0.0000 0 0.0000 -1.0000 -1.0000 -1.0000 -1.0000 1.9772 1.6892 4.6827 14.8518 -17.2267 1.0914 1.5908 0.4994
Car 0.0000 0 0.0000 -1.0000 -1.0000 -1.0000 -1.0000 1.9054 1.5121 4.5793 -62.6753 21.9316 0.1292 -1.5895 0.3824
Truck 0.0000 0 0.0000 -1.0000 -1.0000 -1.0000 -1.0000 2.2081 2.1661 5.7299 -15.9418 -0.4532 1.0766 0.0346 0.4838
Truck 0.0000 0 0.0000 -1.0000 -1.0000 -1.0000 -1.0000 2.3191 2.7403 5.8274 31.2747 -3.3780 1.4570 -3.0655 0.4666
Truck 0.0000 0 0.0000 -1.0000 -1.0000 -1.0000 -1.0000 2.3839 2.4594 6.2514 51.8803 11.8944 0.9253 3.1278 0.4040
Truck 0.0000 0 0.0000 -1.0000 -1.0000 -1.0000 -1.0000 1.9780 1.9292 4.9017 12.7375 11.3435 0.7687 0.0164 0.4021
Truck 0.0000 0 0.0000 -1.0000 -1.0000 -1.0000 -1.0000 2.3130 2.6169 5.7866 23.6944 -0.1969 1.3497 0.0335 0.3879
Truck 0.0000 0 0.0000 -1.0000 -1.0000 -1.0000 -1.0000 1.9101 1.8998 4.7674 13.9466 -0.6850 0.9322 0.0366 0.3682
Cyclist 0.0000 0 0.0000 -1.0000 -1.0000 -1.0000 -1.0000 0.7697 1.5078 1.8161 -6.4867 15.0237 0.3558 -3.1294 0.6307
Cyclist 0.0000 0 0.0000 -1.0000 -1.0000 -1.0000 -1.0000 0.7359 1.4569 1.7614 21.6023 14.7248 0.3048 3.0805 0.3941
Pedestrian 0.0000 0 0.0000 -1.0000 -1.0000 -1.0000 -1.0000 0.7211 1.6051 0.7454 -34.6704 -6.7874 0.8935 -3.1178 0.3064
