Car 0.0000 0 0.0000 -1.0000 -1.0000 -1.0000 -1.0000 2.0031 1.5198 4.5165 -56.9089 -0.7891 1.0709 -3.0919 0.6597
Car 0.0000 0 0.0000 -1.0000 -1.0000 -1.0000 -1.0000 1.9569 1.8204 4.5559 11.9929 -15.9048 1.1904 1.6129 0.5534
Car 0.0000 0 0.0000 -1.0000 -1.0000 -1.0000 -1.0000 1.9051 1.5114 4.4199 5.6524 -2.6367 0.8262 0.0029 0.5213
Car 0.0000 0 0.0000 -1.0000 -1.0000 -1.0000 -1.0000 1.9155 1.5263 4.6024 -4.5495 -18.7560 1.2126 -1.7077 0.5064
Car 0.0000 0 0.0000 -1.0000 -1.0000 -1.0000 -1.0000 1.9340 1.5825 4.6244 15.5838 -37.4839 2.0654 1.7329 0.5059
Car 0.0000 0 0.0000 -1.0000 -1.0000 -1.0000 -1.0000 1.9328 1.5140 4.5392 66.2758 12.4823 0.8916 -0.0433 0.4823
Car 0.0000 0 0.0000 -1.0000 -1.0000 -1.0000 -1.0000 1.8551 1.5970 4.4957 2.1785 12.5051 0.6350 -0.0106 0.3583
Car 0.0000 0 0.0000 -1.0000 -1.0000 -1.0000 -1.0000 1.9411 1.9157 4.6030 19.4401 -16.5653 1.3120 1.6549 0.3580
Car 0.0000 0 0.0000 -1.0000 -1.0000 -1.0000 -1.0000 1.8949 1.7425 4.5458 79.4578 10.6005 1.5386 0.0084 0.3574
Car 0.0000 0 0.0000 -1.0000 -1.0000 -1.0000 -1.0000 1.9043 1.6125 4.5559 16.6985 -16.5297 1.1267 1.6045 0.3401
Car 0.0000 0 0.0000 -1.0000 -1.0000 -1.0000 -1.0000 1.9130 1.5065 4.5803 -2.6891 -37.2300 2.1071 -1.6314 0.3124
Truck 0.0000 0 0.0000 -1.0000 -1.0000 -1.0000 -1.0000 2.2162 2.1957 5.7904 56.6473 -3.9050 1.4966 3.1219 0.3180
Cyclist 0.0000 0 0.0000 -1.0000 -1.0000 -1.0000 -1.0000 0.8198 1.6641 1.7609 17.8934 -9.2159 0.9989 2.8587 0.4237
Cyclist 0.0000 0 0.0000 -1.0000 -1.0000 -1.0000 -1.0000 0.7512 1.4447 1.7694 25.7567 24.5051 0.3253 3.0728 0.3705
Pedestrian 0.0000 0 0.0000 -1.0000 -1.0000 -1.0000 -1.0000 0.6922 1.7195 0.6144 16.3841 -12.4924 1.0574 3.1264 0.5865
