Car 0.0000 0 0.0000 -1.0000 -1.0000 -1.0000 -1.0000 2.0096 1.4890 4.6064 6.1420 -2.6775 0.8557 3.1263 0.8009
Car 0.0000 0 0.0000 -1.0000 -1.0000 -1.0000 -1.0000 1.9816 1.4797 4.5652 -23.3501 11.7548 0.4486 3.0872 0.7686
Car 0.0000 0 0.0000 -1.0000 -1.0000 -1.0000 -1.0000 1.9439 1.4824 4.4367 12.9145 6.4491 0.8832 3.1019 0.7675
Car 0.0000 0 0.0000 -1.0000 -1.0000 -1.0000 -1.0000 1.9817 1.4996 4.5636 -2.4339 10.5085 0.7146 3.0802 0.7539
Car 0.0000 0 0.0000 -1.0000 -1.0000 -1.0000 -1.0000 1.9193 1.6446 4.4543 4.2421 13.9907 0.8689 3.0846 0.7022
Car 0.0000 0 0.0000 -1.0000 -1.0000 -1.0000 -1.0000 2.0170 1.6742 4.6491 -54.8229 -0.3337 0.2304 -0.1024 0.6709
Car 0.0000 0 0.0000 -1.0000 -1.0000 -1.0000 -1.0000 2.0224 1.6724 4.5870 9.4788 10.2119 0.9337 3.1006 0.6536
Car 0.0000 0 0.0000 -1.0000 -1.0000 -1.0000 -1.0000 2.0264 1.8011 4.5735 29.9008 9.3742 1.3366 3.1158 0.6457
Car 0.0000 0 0.0000 -1.0000 -1.0000 -1.0000 -1.0000 1.9896 1.6127 4.7291 67.6213 8.3995 1.3974 3.1277 0.5936
Car 0.0000 0 0.0000 -1.0000 -1.0000 -1.0000 -1.0000 1.8997 1.5001 4.4727 -36.6624 16.8733 0.3410 3.0133 0.5650
Car 0.0000 0 0.0000 -1.0000 -1.0000 -1.0000 -1.0000 1.9455 1.6373 4.4587 -9.8328 14.8822 0.6262 -0.0349 0.5625
Car 0.0000 0 0.0000 -1.0000 -1.0000 -1.0000 -1.0000 2.0147 1.8787 4.7090 15.0130 14.0826 1.1126 3.1079 0.5600
Car 0.0000 0 0.0000 -1.0000 -1.0000 -1.0000 -1.0000 1.9538 1.5151 4.5571 73.3631 -2.5356 1.5494 -3.1217 0.5527
Car 0.0000 0 0.0000 -1.0000 -1.0000 -1.0000 -1.0000 1.9928 1.5444 4.6864 -67.9323 4.2563 0.0057 -0.1699 0.5337
Car 0.0000 0 0.0000 -1.0000 -1.0000 -1.0000 -1.0000 1.9192 1.5079 4.4330 32.0314 5.5165 1.1513 3.1297 0.5148
Car 0.0000 0 0.0000 -1.0000 -1.0000 -1.0000 -1.0000 1.9471 1.5149 4.5634 -35.8689 13.1845 0.4057 3.0336 0.4768
Car 0.0000 0 0.0000 -1.0000 -1.0000 -1.0000 -1.0000 1.9113 1.7503 4.5115 25.4182 -11.7664 1.2840 -0.1846 0.4763
Car 0.0000 0 0.0000 -1.0000 -1.0000 -1.0000 -1.0000 1.9440 1.4593 4.5198 -5.6167 7.6594 0.6879 3.0912 0.4678
Car 0.0000 0 0.0000 -1.0000 -1.0000 -1.0000 -1.0000 1.9054 1.4696 4.5008 -18.8580 -21.5178 0.8055 -0.0722 0.3981
Car 0.0000 0 0.0000 -1.0000 -1.0000 -1.0000 -1.0000 1.9191 1.5800 4.5339 58.7702 5.4459 1.3648 3.1228 0.3751
Truck 0.0000 0 0.0000 -1.0000 -1.0000 -1.0000 -1.0000 2.8908 3.2972 11.8819 35.2452 -5.1299 2.0176 3.0930 0.6950
Truck 0.0000 0 0.0000 -1.0000 -1.0000 -1.0000 -1.0000 2.9576 3.6932 13.1681 -37.0061 -12.4134 1.5612 3.0085 0.4630
Truck 0.0000 0 0.0000 -1.0000 -1.0000 -1.0000 -1.0000 2.6911 3.0306 8.1872 76.8980 -6.9277 2.3395 0.0282 0.4254
Cyclist 0.0000 0 0.0000 -1.0000 -1.0000 -1.0000 -1.0000 0.7487 1.5562 1.7118 4.6746 -8.1046 0.8775 3.1301 0.6783
Cyclist 0.0000 0 0.0000 -1.0000 -1.0000 -1.0000 -1.0000 0.7579 1.5195 1.7313 11.0451 -8.4906 0.8800 3.0960 0.6718
Cyclist 0.0000 0 0.0000 -1.0000 -1.0000 -1.0000 -1.0000 0.7439 1.5250 1.7347 -50.9966 -4.7800 0.1730 -0.0559 0.4359
Cyclist 0.0000 0 0.0000 -1.0000 -1.0000 -1.0000 -1.0000 0.7228 1.5184 1.6562 38.5720 -12.2021 1.1311 3.0097 0.4136
Cyclist 0.0000 0 0.0000 -1.0000 -1.0000 -1.0000 -1.0000 0.7626 1.5463 1.7331 24.9713 -8.5821 1.1004 -0.1384 0.3848
Cyclist 0.0000 0 0.0000 -1.0000 -1.0000 -1.0000 -1.0000 0.7610 1.5543 1.6983 33.9557 -11.5707 1.1731 3.0317 0.3154
Pedestrian 0.0000 0 0.0000 -1.0000 -1.0000 -1.0000 -1.0000 0.6820 1.6488 0.6110 33.8185 -8.6796 1.2081 2.9918 0.4350
Pedestrian 0.0000 0 0.0000 -1.0000 -1.0000 -1.0000 -1.0000 0.6728 1.5997 0.5955 27.6733 -15.8063 1.3540 3.0375 0.3641
Pedestrian 0.0000 0 0.0000 -1.0000 -1.0000 -1.0000 -1.0000 0.6808 1.6366 0.6132 50.0873 -10.0407 1.4306 0.0460 0.3192
Pedestrian 0.0000 0 0.0000 -1.0000 -1.0000 -1.0000 -1.0000 0.6673 1.5701 0.5944 -26.2002 -8.1817 0.5906 -1.9019 0.3131
