Car 0.0000 0 0.0000 -1.0000 -1.0000 -1.0000 -1.0000 1.9615 1.4762 4.5078 8.4096 -0.5637 0.7328 3.0409 0.7918
Car 0.0000 0 0.0000 -1.0000 -1.0000 -1.0000 -1.0000 1.9704 1.4407 4.6000 -27.3523 6.2958 0.5779 -3.1322 0.7256
Car 0.0000 0 0.0000 -1.0000 -1.0000 -1.0000 -1.0000 1.9675 1.6219 4.6073 -52.3117 1.1860 0.7308 -0.0344 0.7004
Car 0.0000 0 0.0000 -1.0000 -1.0000 -1.0000 -1.0000 2.0668 1.9174 4.8276 -12.8402 -12.0979 1.0923 -0.0805 0.6199
Car 0.0000 0 0.0000 -1.0000 -1.0000 -1.0000 -1.0000 1.9482 1.4858 4.5161 -39.9968 -2.4560 0.7134 -0.0351 0.6070
Car 0.0000 0 0.0000 -1.0000 -1.0000 -1.0000 -1.0000 1.8765 1.4676 4.4707 -23.2449 -14.3949 0.9593 -0.0197 0.6020
Car 0.0000 0 0.0000 -1.0000 -1.0000 -1.0000 -1.0000 1.9623 1.5160 4.6065 10.2265 -19.7762 1.1146 -0.4205 0.5319
Car 0.0000 0 0.0000 -1.0000 -1.0000 -1.0000 -1.0000 1.9350 1.4823 4.6111 10.3729 -26.2521 1.1807 -0.4218 0.4950
Car 0.0000 0 0.0000 -1.0000 -1.0000 -1.0000 -1.0000 1.9267 1.4626 4.5450 32.8726 -4.0869 0.6822 3.1245 0.4916
Car 0.0000 0 0.0000 -1.0000 -1.0000 -1.0000 -1.0000 2.2133 2.4700 5.1024 -35.9819 6.9792 1.0425 -0.0039 0.4544
Car 0.0000 0 0.0000 -1.0000 -1.0000 -1.0000 -1.0000 1.8800 1.5696 4.5362 -54.7396 -8.3322 0.8455 -1.1854 0.3924
Car 0.0000 0 0.0000 -1.0000 -1.0000 -1.0000 -1.0000 1.8844 1.6840 4.4993 -48.0832 -2.4672 0.7562 -3.0781 0.3887
Car 0.0000 0 0.0000 -1.0000 -1.0000 -1.0000 -1.0000 1.9572 1.8970 4.5637 -18.5375 -7.4754 1.0382 -1.5012 0.3876
Car 0.0000 0 0.0000 -1.0000 -1.0000 -1.0000 -1.0000 1.8996 1.7073 4.5405 -10.9587 -25.6668 1.1321 -1.5159 0.3771
Car 0.0000 0 0.0000 -1.0000 -1.0000 -1.0000 -1.0000 1.8722 1.5643 4.4860 -10.3591 -29.4908 1.0321 -2.8814 0.3750
Car 0.0000 0 0.0000 -1.0000 -1.0000 -1.0000 -1.0000 1.8895 1.5097 4.5513 -29.5066 -7.2595 0.7875 -1.4594 0.3453
Car 0.0000 0 0.0000 -1.0000 -1.0000 -1.0000 -1.0000 1.8180 1.7936 4.3129 10.3004 -16.8142 1.1819 -0.1982 0.3442
Car 0.0000 0 0.0000 -1.0000 -1.0000 -1.0000 -1.0000 1.8893 1.7108 4.5114 38.7063 -4.2243 0.8364 0.0103 0.3309
Car 0.0000 0 0.0000 -1.0000 -1.0000 -1.0000 -1.0000 1.9174 1.6588 4.6235 -11.7247 -16.3159 1.0442 -3.1180 0.3164
Tricar 0.0000 0 0.0000 -1.0000 -1.0000 -1.0000 -1.0000 1.2652 1.6680 2.8829 -2.4607 22.2576 0.2616 -1.7625 0.3785
Tricar 0.0000 0 0.0000 -1.0000 -1.0000 -1.0000 -1.0000 1.3416 1.7281 2.9317 -68.4863 7.8162 0.7002 -3.0751 0.3083
Cyclist 0.0000 0 0.0000 -1.0000 -1.0000 -1.0000 -1.0000 0.7412 1.5230 1.7251 -10.0272 7.3051 0.5578 0.6351 0.5247
Cyclist 0.0000 0 0.0000 -1.0000 -1.0000 -1.0000 -1.0000 0.7627 1.5466 1.7194 -28.9425 3.9795 0.6566 0.0154 0.5124
Cyclist 0.0000 0 0.0000 -1.0000 -1.0000 -1.0000 -1.0000 0.7040 1.5267 1.6684 14.0389 -2.2887 0.7267 -3.0925 0.4925
Cyclist 0.0000 0 0.0000 -1.0000 -1.0000 -1.0000 -1.0000 0.7285 1.5560 1.6880 -14.3028 7.3463 0.6273 -2.8175 0.4746
Cyclist 0.0000 0 0.0000 -1.0000 -1.0000 -1.0000 -1.0000 0.7005 1.5330 1.6856 30.8384 5.1718 0.5035 3.1005 0.4271
Cyclist 0.0000 0 0.0000 -1.0000 -1.0000 -1.0000 -1.0000 0.6741 1.0784 1.6693 6.2000 -8.5658 0.7517 1.2548 0.3762
Cyclist 0.0000 0 0.0000 -1.0000 -1.0000 -1.0000 -1.0000 0.7348 1.5057 1.7323 -55.2249 7.4882 0.5564 0.1114 0.3188
Cyclist 0.0000 0 0.0000 -1.0000 -1.0000 -1.0000 -1.0000 0.6975 1.2303 1.6866 6.2592 -10.4286 0.8199 1.2142 0.3173
Pedestrian 0.0000 0 0.0000 -1.0000 -1.0000 -1.0000 -1.0000 0.6984 1.6461 0.6691 -15.7302 -4.4367 0.8774 -3.1140 0.6086
Pedestrian 0.0000 0 0.0000 -1.0000 -1.0000 -1.0000 -1.0000 0.6898 1.6479 0.6214 12.7449 -8.1753 1.0012 2.6747 0.5103
Pedestrian 0.0000 0 0.0000 -1.0000 -1.0000 -1.0000 -1.0000 0.7050 1.6221 0.6987 -25.1605 -1.1419 0.8187 -3.1282 0.4143
Pedestrian 0.0000 0 0.0000 -1.0000 -1.0000 -1.0000 -1.0000 0.7082 1.6296 0.6713 26.0368 6.0380 0.6075 3.0986 0.3819
Pedestrian 0.0000 0 0.0000 -1.0000 -1.0000 -1.0000 -1.0000 0.6719 1.6843 0.5597 8.4951 -10.1426 1.0525 -2.4252 0.3447
Pedestrian 0.0000 0 0.0000 -1.0000 -1.0000 -1.0000 -1.0000 0.6773 1.6511 0.5938 11.8519 -10.5536 1.0440 -2.4463 0.3018
