Car 0.0000 0 0.0000 -1.0000 -1.0000 -1.0000 -1.0000 2.0107 1.4223 4.5840 -22.2872 -3.3572 0.7132 -3.1163 0.8430
Car 0.0000 0 0.0000 -1.0000 -1.0000 -1.0000 -1.0000 2.0194 1.4710 4.5408 41.4979 2.9605 1.0531 3.1109 0.8199
Car 0.0000 0 0.0000 -1.0000 -1.0000 -1.0000 -1.0000 1.9847 1.4915 4.5468 18.1744 -0.2679 0.9046 3.1386 0.7946
Car 0.0000 0 0.0000 -1.0000 -1.0000 -1.0000 -1.0000 1.9126 1.4528 4.4567 -20.2192 10.9125 0.3372 0.0152 0.7707
Car 0.0000 0 0.0000 -1.0000 -1.0000 -1.0000 -1.0000 1.9799 1.6381 4.5156 8.1866 12.0270 0.5744 -3.1264 0.7138
Car 0.0000 0 0.0000 -1.0000 -1.0000 -1.0000 -1.0000 1.9365 1.5645 4.4474 -10.9913 13.6614 0.3875 -3.1373 0.6857
Car 0.0000 0 0.0000 -1.0000 -1.0000 -1.0000 -1.0000 1.9407 1.4513 4.5502 18.3412 -4.1567 0.9080 0.0349 0.6708
Car 0.0000 0 0.0000 -1.0000 -1.0000 -1.0000 -1.0000 2.0147 1.6158 4.6763 47.2915 -4.1210 1.2191 3.0729 0.6617
Car 0.0000 0 0.0000 -1.0000 -1.0000 -1.0000 -1.0000 1.9829 1.6837 4.5494 30.3558 -4.3220 1.1003 -3.1402 0.6609
Car 0.0000 0 0.0000 -1.0000 -1.0000 -1.0000 -1.0000 1.9855 1.4594 4.5579 -25.2251 0.3420 0.6839 -3.0606 0.6607
Car 0.0000 0 0.0000 -1.0000 -1.0000 -1.0000 -1.0000 1.9645 1.5636 4.5493 51.3078 2.9517 1.1171 3.1010 0.6125
Car 0.0000 0 0.0000 -1.0000 -1.0000 -1.0000 -1.0000 1.9565 1.4807 4.4762 31.2008 0.2564 0.9870 -3.1209 0.6042
Car 0.0000 0 0.0000 -1.0000 -1.0000 -1.0000 -1.0000 1.9700 1.4881 4.5410 -3.6165 4.0020 0.7156 3.1336 0.5001
Car 0.0000 0 0.0000 -1.0000 -1.0000 -1.0000 -1.0000 2.1270 2.3047 4.9261 -38.4633 10.8889 0.6963 -0.0150 0.4967
Car 0.0000 0 0.0000 -1.0000 -1.0000 -1.0000 -1.0000 1.9184 1.4891 4.5340 -62.7825 13.6208 0.0633 -3.1357 0.4612
Car 0.0000 0 0.0000 -1.0000 -1.0000 -1.0000 -1.0000 1.8850 1.6981 4.5221 64.3782 3.0714 1.2246 0.1084 0.4048
Car 0.0000 0 0.0000 -1.0000 -1.0000 -1.0000 -1.0000 1.9133 1.5973 4.5629 -71.8432 -3.4237 0.7537 -3.0179 0.3883
Car 0.0000 0 0.0000 -1.0000 -1.0000 -1.0000 -1.0000 1.9034 1.7854 4.6133 69.4250 10.1801 1.1358 0.1104 0.3619
Car 0.0000 0 0.0000 -1.0000 -1.0000 -1.0000 -1.0000 1.8959 1.7368 4.5342 52.4068 13.3432 1.0316 0.0685 0.3242
Car 0.0000 0 0.0000 -1.0000 -1.0000 -1.0000 -1.0000 1.9929 1.7813 4.6958 59.4791 -0.5446 1.3631 0.1182 0.3146
Truck 0.0000 0 0.0000 -1.0000 -1.0000 -1.0000 -1.0000 2.8843 3.3156 10.0257 57.8288 6.5939 1.9418 0.1345 0.6989
Truck 0.0000 0 0.0000 -1.0000 -1.0000 -1.0000 -1.0000 2.9240 3.1505 11.3916 35.8151 13.2044 1.7491 3.1191 0.5611
Truck 0.0000 0 0.0000 -1.0000 -1.0000 -1.0000 -1.0000 2.9943 3.6784 9.1993 -2.7603 -3.3129 1.9120 -3.1355 0.5365
Truck 0.0000 0 0.0000 -1.0000 -1.0000 -1.0000 -1.0000 3.0085 3.6667 8.7909 -45.1058 -3.3893 1.8034 -3.1119 0.5031
Truck 0.0000 0 0.0000 -1.0000 -1.0000 -1.0000 -1.0000 2.4267 2.5671 6.3994 64.5651 14.5577 1.3851 -2.9514 0.4218
Truck 0.0000 0 0.0000 -1.0000 -1.0000 -1.0000 -1.0000 2.7769 3.4461 8.6802 -55.4152 0.3545 1.6937 -3.1188 0.3324
Cyclist 0.0000 0 0.0000 -1.0000 -1.0000 -1.0000 -1.0000 0.8021 1.5970 1.7622 77.0885 21.2127 0.6531 3.0110 0.3793
