Car 0.0000 0 0.0000 -1.0000 -1.0000 -1.0000 -1.0000 1.9394 1.5899 4.5991 24.1318 40.9473 0.7216 -2.4949 0.5330
Car 0.0000 0 0.0000 -1.0000 -1.0000 -1.0000 -1.0000 1.9929 1.6660 4.6507 15.6910 -0.5916 0.9108 2.2878 0.5061
Car 0.0000 0 0.0000 -1.0000 -1.0000 -1.0000 -1.0000 1.9675 1.4675 4.5793 -24.4174 39.2824 0.6758 2.4545 0.4743
Car 0.0000 0 0.0000 -1.0000 -1.0000 -1.0000 -1.0000 1.9734 1.4455 4.6082 20.2695 -5.9806 0.7756 -0.8539 0.4691
Car 0.0000 0 0.0000 -1.0000 -1.0000 -1.0000 -1.0000 1.9264 1.4700 4.4634 24.6929 -4.6000 0.7519 2.3809 0.4607
Car 0.0000 0 0.0000 -1.0000 -1.0000 -1.0000 -1.0000 1.8921 1.4552 4.3828 -20.5238 18.7741 0.7152 -2.3488 0.4379
Car 0.0000 0 0.0000 -1.0000 -1.0000 -1.0000 -1.0000 1.9674 1.6033 4.5853 -10.4878 28.1477 0.8369 0.6947 0.4289
Car 0.0000 0 0.0000 -1.0000 -1.0000 -1.0000 -1.0000 2.0039 2.0832 4.6069 -1.4564 36.9050 1.0393 -2.3849 0.4235
Car 0.0000 0 0.0000 -1.0000 -1.0000 -1.0000 -1.0000 1.8989 1.4793 4.4399 26.5389 -12.4839 0.7622 2.3725 0.4086
Car 0.0000 0 0.0000 -1.0000 -1.0000 -1.0000 -1.0000 1.9039 1.5309 4.5949 -50.5068 -28.1279 0.4341 -2.5651 0.3939
Car 0.0000 0 0.0000 -1.0000 -1.0000 -1.0000 -1.0000 2.0929 2.4139 4.9449 18.3850 15.9705 1.0830 1.5487 0.3599
Car 0.0000 0 0.0000 -1.0000 -1.0000 -1.0000 -1.0000 2.0457 1.9814 4.6581 -4.7699 12.9817 1.0150 0.7733 0.3562
Car 0.0000 0 0.0000 -1.0000 -1.0000 -1.0000 -1.0000 1.8904 1.4466 4.4544 21.7260 34.4873 0.6472 0.7438 0.3537
Car 0.0000 0 0.0000 -1.0000 -1.0000 -1.0000 -1.0000 1.9407 1.5716 4.5705 12.6845 40.2188 0.8802 -2.2798 0.3365
Car 0.0000 0 0.0000 -1.0000 -1.0000 -1.0000 -1.0000 1.9608 1.8165 4.5767 30.4332 -10.1401 0.9722 2.3310 0.3200
Truck 0.0000 0 0.0000 -1.0000 -1.0000 -1.0000 -1.0000 3.1270 3.7587 10.3576 -34.0406 4.8209 1.7752 0.7384 0.5326
Truck 0.0000 0 0.0000 -1.0000 -1.0000 -1.0000 -1.0000 2.9152 2.9658 9.7052 -37.5444 -16.3355 1.2788 -2.4154 0.4877
Truck 0.0000 0 0.0000 -1.0000 -1.0000 -1.0000 -1.0000 1.9682 2.0628 5.0936 18.0677 15.8398 1.0187 1.6243 0.3910
Truck 0.0000 0 0.0000 -1.0000 -1.0000 -1.0000 -1.0000 2.8686 3.1244 10.1969 -45.0475 -29.3595 1.2573 -2.4480 0.3763
Truck 0.0000 0 0.0000 -1.0000 -1.0000 -1.0000 -1.0000 1.8569 1.8678 4.6033 -21.5755 -1.7768 0.8970 0.7464 0.3108
Tricar 0.0000 0 0.0000 -1.0000 -1.0000 -1.0000 -1.0000 1.2324 1.6446 2.8385 16.8024 23.1978 0.8075 0.3896 0.5872
Tricar 0.0000 0 0.0000 -1.0000 -1.0000 -1.0000 -1.0000 1.1639 1.4807 2.7248 -18.3015 36.9202 0.7596 2.4138 0.4686
Tricar 0.0000 0 0.0000 -1.0000 -1.0000 -1.0000 -1.0000 1.1667 1.6113 2.4933 31.2702 33.5763 0.6167 0.7126 0.3605
Tricar 0.0000 0 0.0000 -1.0000 -1.0000 -1.0000 -1.0000 1.1875 1.5660 2.8096 -30.3778 35.1030 0.6360 2.3245 0.3432
Cyclist 0.0000 0 0.0000 -1.0000 -1.0000 -1.0000 -1.0000 0.7682 1.5659 1.7479 6.2665 -7.5627 0.7150 2.3992 0.5183
Cyclist 0.0000 0 0.0000 -1.0000 -1.0000 -1.0000 -1.0000 0.6804 1.5127 1.6688 10.5430 14.7840 0.7656 -2.5879 0.4349
Cyclist 0.0000 0 0.0000 -1.0000 -1.0000 -1.0000 -1.0000 0.8275 1.5125 1.8788 -13.2402 -8.6935 0.6069 0.9373 0.4339
Cyclist 0.0000 0 0.0000 -1.0000 -1.0000 -1.0000 -1.0000 0.8937 1.6206 1.9500 30.9631 33.4146 0.6299 0.7315 0.3590
Cyclist 0.0000 0 0.0000 -1.0000 -1.0000 -1.0000 -1.0000 0.7675 1.5479 1.7518 -46.3078 -38.8170 0.2473 -2.4622 0.3098
