Car 0.0000 0 0.0000 -1.0000 -1.0000 -1.0000 -1.0000 1.9835 1.8206 4.6218 -23.2134 5.4850 0.9358 -3.1405 0.6367
Car 0.0000 0 0.0000 -1.0000 -1.0000 -1.0000 -1.0000 1.9492 1.4622 4.5529 -29.6778 5.3478 0.7469 -3.0923 0.6219
Car 0.0000 0 0.0000 -1.0000 -1.0000 -1.0000 -1.0000 1.8777 1.4302 4.4919 -35.4834 5.2449 0.7143 -3.1122 0.6214
Car 0.0000 0 0.0000 -1.0000 -1.0000 -1.0000 -1.0000 1.8804 1.4382 4.4938 -47.0694 5.0425 0.7810 -3.0682 0.5129
Car 0.0000 0 0.0000 -1.0000 -1.0000 -1.0000 -1.0000 1.8843 1.5672 4.4456 -41.7808 5.3379 0.8199 -3.0897 0.4365
Car 0.0000 0 0.0000 -1.0000 -1.0000 -1.0000 -1.0000 1.8529 1.4821 4.4432 -52.4017 4.7247 0.8196 -3.0795 0.4358
Car 0.0000 0 0.0000 -1.0000 -1.0000 -1.0000 -1.0000 1.9532 2.0010 4.7167 -52.7088 -4.9576 1.1882 -0.0125 0.4339
Car 0.0000 0 0.0000 -1.0000 -1.0000 -1.0000 -1.0000 1.8558 1.5325 4.4748 -17.3749 5.6076 0.7915 -3.1245 0.4112
Truck 0.0000 0 0.0000 -1.0000 -1.0000 -1.0000 -1.0000 2.0964 2.1108 5.4041 -59.0585 0.6617 1.1923 -3.0780 0.4124
Cyclist 0.0000 0 0.0000 -1.0000 -1.0000 -1.0000 -1.0000 0.7866 1.4817 1.7953 -7.7474 -2.7221 0.7370 3.0816 0.5680
Cyclist 0.0000 0 0.0000 -1.0000 -1.0000 -1.0000 -1.0000 0.7843 1.5897 1.7676 60.5604 4.2173 0.3138 3.1226 0.4545
