Car 0.0000 0 0.0000 -1.0000 -1.0000 -1.0000 -1.0000 2.0834 1.9459 4.7952 43.4499 16.2866 1.1072 0.0484 0.7891
Car 0.0000 0 0.0000 -1.0000 -1.0000 -1.0000 -1.0000 1.9766 1.5562 4.6114 -6.9347 10.3618 0.7268 3.1260 0.7469
Car 0.0000 0 0.0000 -1.0000 -1.0000 -1.0000 -1.0000 1.9526 1.8725 4.3722 19.6701 11.8665 1.0435 -0.0009 0.7204
Car 0.0000 0 0.0000 -1.0000 -1.0000 -1.0000 -1.0000 2.2803 2.1599 5.0307 -7.4951 2.8462 1.0972 -0.0043 0.6386
Car 0.0000 0 0.0000 -1.0000 -1.0000 -1.0000 -1.0000 2.0793 1.8710 4.8682 -40.5199 -8.2685 0.9400 3.1307 0.6134
Car 0.0000 0 0.0000 -1.0000 -1.0000 -1.0000 -1.0000 1.9528 1.4965 4.5767 68.1816 17.9901 0.9467 -3.1330 0.5986
Car 0.0000 0 0.0000 -1.0000 -1.0000 -1.0000 -1.0000 1.9905 1.5922 4.6096 -77.6557 -4.5800 0.7215 -0.0455 0.5676
Car 0.0000 0 0.0000 -1.0000 -1.0000 -1.0000 -1.0000 1.9139 1.5656 4.4838 -38.6051 8.9080 0.7031 -3.1410 0.4128
Car 0.0000 0 0.0000 -1.0000 -1.0000 -1.0000 -1.0000 1.9671 1.9049 4.6910 -72.8853 15.0905 0.7151 -0.0082 0.3829
Car 0.0000 0 0.0000 -1.0000 -1.0000 -1.0000 -1.0000 1.8673 1.6591 4.4507 83.3262 12.8232 1.0973 2.9305 0.3449
Car 0.0000 0 0.0000 -1.0000 -1.0000 -1.0000 -1.0000 2.3158 2.4099 5.3685 2.0791 17.3698 1.1790 0.0224 0.3114
