Car 0.0000 0 0.0000 -1.0000 -1.0000 -1.0000 -1.0000 2.0333 1.7939 4.6874 -5.9495 14.0751 0.5749 -0.0160 0.7066
Car 0.0000 0 0.0000 -1.0000 -1.0000 -1.0000 -1.0000 1.9498 1.4742 4.6177 0.9845 14.0422 0.3318 -0.0152 0.6253
Car 0.0000 0 0.0000 -1.0000 -1.0000 -1.0000 -1.0000 1.9575 1.5351 4.6051 -0.8675 10.3910 0.4495 3.1407 0.6240
Car 0.0000 0 0.0000 -1.0000 -1.0000 -1.0000 -1.0000 1.9168 1.4485 4.5498 15.0101 13.9670 0.3958 3.1135 0.6042
Car 0.0000 0 0.0000 -1.0000 -1.0000 -1.0000 -1.0000 1.9285 1.6117 4.5805 20.2293 10.4066 0.5012 3.1241 0.5976
Car 0.0000 0 0.0000 -1.0000 -1.0000 -1.0000 -1.0000 1.9420 1.5058 4.5479 -9.2386 10.4328 0.4311 -3.1241 0.5928
Car 0.0000 0 0.0000 -1.0000 -1.0000 -1.0000 -1.0000 1.8928 1.5990 4.5736 -12.4594 14.1636 0.4002 -3.0891 0.5469
Car 0.0000 0 0.0000 -1.0000 -1.0000 -1.0000 -1.0000 1.9552 1.5044 4.5827 7.8769 14.2476 0.4067 3.1308 0.5413
Car 0.0000 0 0.0000 -1.0000 -1.0000 -1.0000 -1.0000 2.0313 1.9763 4.8778 12.9428 10.4052 0.7626 3.1369 0.4703
Car 0.0000 0 0.0000 -1.0000 -1.0000 -1.0000 -1.0000 1.9565 1.4920 4.6480 5.5415 10.6327 0.4418 0.0056 0.4640
Car 0.0000 0 0.0000 -1.0000 -1.0000 -1.0000 -1.0000 1.8890 1.5181 4.4863 -48.6374 14.7138 0.3863 -0.0505 0.4622
Car 0.0000 0 0.0000 -1.0000 -1.0000 -1.0000 -1.0000 1.9029 1.5319 4.5427 28.2454 10.9392 0.4446 3.1298 0.4244
Car 0.0000 0 0.0000 -1.0000 -1.0000 -1.0000 -1.0000 1.9364 1.5050 4.5411 -41.4412 11.1721 0.5077 -3.1383 0.4130
Car 0.0000 0 0.0000 -1.0000 -1.0000 -1.0000 -1.0000 1.9365 1.7193 4.6010 -26.8524 10.6663 0.7285 3.1412 0.3865
Car 0.0000 0 0.0000 -1.0000 -1.0000 -1.0000 -1.0000 1.9215 1.5003 4.5856 -33.0479 11.2258 0.5329 -0.0169 0.3250
Truck 0.0000 0 0.0000 -1.0000 -1.0000 -1.0000 -1.0000 2.3976 2.4443 6.3379 -18.4617 10.8418 0.9311 0.0514 0.4751
Truck 0.0000 0 0.0000 -1.0000 -1.0000 -1.0000 -1.0000 2.0574 2.0976 5.1670 -31.8386 0.0413 1.0326 -0.0138 0.3417
Truck 0.0000 0 0.0000 -1.0000 -1.0000 -1.0000 -1.0000 2.0040 1.9976 4.9905 -66.1085 12.6764 0.4774 -0.9544 0.3224
Cyclist 0.0000 0 0.0000 -1.0000 -1.0000 -1.0000 -1.0000 0.7201 1.5265 1.6657 23.1012 -10.2487 0.9317 3.0859 0.4020
