Car 0.0000 0 0.0000 -1.0000 -1.0000 -1.0000 -1.0000 1.9549 1.4852 4.5609 -12.4580 -4.8730 0.7898 3.1017 0.8199
Car 0.0000 0 0.0000 -1.0000 -1.0000 -1.0000 -1.0000 1.9933 1.5181 4.5924 22.5411 -0.6568 0.8552 0.0032 0.7800
Car 0.0000 0 0.0000 -1.0000 -1.0000 -1.0000 -1.0000 1.9700 1.4850 4.6285 1.4134 -4.9184 0.8589 3.1241 0.7785
Car 0.0000 0 0.0000 -1.0000 -1.0000 -1.0000 -1.0000 1.9402 1.4361 4.5264 -33.2686 4.1981 0.5465 -2.9942 0.7653
Car 0.0000 0 0.0000 -1.0000 -1.0000 -1.0000 -1.0000 2.0865 1.7818 4.7904 -19.6352 -0.2678 0.8663 -0.0101 0.7535
Car 0.0000 0 0.0000 -1.0000 -1.0000 -1.0000 -1.0000 2.0829 1.7293 4.6979 -23.8854 6.1238 0.6779 -3.0988 0.7379
Car 0.0000 0 0.0000 -1.0000 -1.0000 -1.0000 -1.0000 2.0171 1.5098 4.5760 22.7411 3.4460 0.8110 -0.0704 0.6814
Car 0.0000 0 0.0000 -1.0000 -1.0000 -1.0000 -1.0000 2.0076 1.6301 4.6105 7.7406 -4.6201 0.9380 -3.0620 0.6425
Car 0.0000 0 0.0000 -1.0000 -1.0000 -1.0000 -1.0000 1.9196 1.4860 4.5437 -2.2068 -7.9327 0.9111 -0.1070 0.5796
Car 0.0000 0 0.0000 -1.0000 -1.0000 -1.0000 -1.0000 1.8568 1.6241 4.3686 17.5029 -4.4951 0.8879 -3.0829 0.5788
Car 0.0000 0 0.0000 -1.0000 -1.0000 -1.0000 -1.0000 2.0035 1.4955 4.5821 -18.7904 -3.6528 0.7103 -3.1394 0.5617
Car 0.0000 0 0.0000 -1.0000 -1.0000 -1.0000 -1.0000 1.8508 1.4276 4.3915 -49.3198 -5.2687 0.7544 -3.0863 0.5477
Car 0.0000 0 0.0000 -1.0000 -1.0000 -1.0000 -1.0000 1.9578 1.5197 4.6258 -38.2994 6.6041 0.5276 -3.0795 0.5474
Car 0.0000 0 0.0000 -1.0000 -1.0000 -1.0000 -1.0000 1.9164 1.4418 4.4640 -43.1604 -5.3179 0.8001 0.0047 0.5373
Car 0.0000 0 0.0000 -1.0000 -1.0000 -1.0000 -1.0000 1.9333 1.5494 4.4724 -38.0599 -5.5391 0.8557 -3.1248 0.5337
Car 0.0000 0 0.0000 -1.0000 -1.0000 -1.0000 -1.0000 1.8396 1.4440 4.3947 -55.0560 -5.2677 0.7092 -3.1181 0.4828
Car 0.0000 0 0.0000 -1.0000 -1.0000 -1.0000 -1.0000 1.8934 1.5434 4.5787 -65.6594 -5.4733 0.6875 -0.0381 0.4809
Car 0.0000 0 0.0000 -1.0000 -1.0000 -1.0000 -1.0000 1.8056 1.5993 4.3462 -44.7068 -10.7663 1.2296 -3.1041 0.4173
Car 0.0000 0 0.0000 -1.0000 -1.0000 -1.0000 -1.0000 1.8958 1.6807 4.5447 -50.0066 -11.0174 1.2067 -3.0621 0.3835
Car 0.0000 0 0.0000 -1.0000 -1.0000 -1.0000 -1.0000 1.8979 1.6054 4.5401 -77.3576 1.4961 0.7311 -3.1061 0.3629
Car 0.0000 0 0.0000 -1.0000 -1.0000 -1.0000 -1.0000 1.8714 1.6740 4.4810 -34.8024 -18.1242 1.8145 1.7268 0.3575
Car 0.0000 0 0.0000 -1.0000 -1.0000 -1.0000 -1.0000 2.0490 1.8378 4.8592 -32.8246 -1.2018 0.9527 0.0559 0.3492
Car 0.0000 0 0.0000 -1.0000 -1.0000 -1.0000 -1.0000 1.8762 1.5122 4.4938 -44.3386 6.3372 0.5820 -3.0472 0.3460
Car 0.0000 0 0.0000 -1.0000 -1.0000 -1.0000 -1.0000 1.8798 1.5857 4.5971 -46.4372 -16.4926 1.5816 0.0497 0.3433
Car 0.0000 0 0.0000 -1.0000 -1.0000 -1.0000 -1.0000 1.9668 1.5907 4.5389 53.3649 -0.1959 1.1635 3.1257 0.3152
Car 0.0000 0 0.0000 -1.0000 -1.0000 -1.0000 -1.0000 1.9014 1.7778 4.5634 -27.7179 -13.2533 1.4435 -1.5191 0.3026
Cyclist 0.0000 0 0.0000 -1.0000 -1.0000 -1.0000 -1.0000 0.7581 1.5278 1.7667 -5.0427 7.3571 0.5046 0.2521 0.6584
Cyclist 0.0000 0 0.0000 -1.0000 -1.0000 -1.0000 -1.0000 0.7086 1.3092 1.7540 -25.3324 -7.1096 0.7906 -1.5041 0.4513
Cyclist 0.0000 0 0.0000 -1.0000 -1.0000 -1.0000 -1.0000 0.8190 1.5245 1.8612 -43.3499 2.7824 0.6069 -3.0771 0.4218
