Car 0.0000 0 0.0000 -1.0000 -1.0000 -1.0000 -1.0000 2.1200 1.9240 4.8827 -13.9213 -4.8233 0.8664 -0.0087 0.7558
Car 0.0000 0 0.0000 -1.0000 -1.0000 -1.0000 -1.0000 1.9362 1.5129 4.4964 23.8291 -2.4172 0.8250 0.0462 0.7252
Car 0.0000 0 0.0000 -1.0000 -1.0000 -1.0000 -1.0000 1.9055 1.6342 4.3546 38.9066 4.5420 0.9826 -0.0062 0.6884
Car 0.0000 0 0.0000 -1.0000 -1.0000 -1.0000 -1.0000 1.9978 1.5453 4.6115 67.1794 0.3913 1.1734 0.0357 0.6849
Car 0.0000 0 0.0000 -1.0000 -1.0000 -1.0000 -1.0000 1.9414 1.5182 4.4860 18.3326 4.7271 0.8710 -0.0030 0.6836
Car 0.0000 0 0.0000 -1.0000 -1.0000 -1.0000 -1.0000 1.8800 1.4295 4.4170 23.7980 4.6839 0.8648 3.0996 0.6801
Car 0.0000 0 0.0000 -1.0000 -1.0000 -1.0000 -1.0000 1.9644 1.6782 4.5151 -12.8971 3.4877 0.8475 -3.0902 0.6790
Car 0.0000 0 0.0000 -1.0000 -1.0000 -1.0000 -1.0000 1.9719 1.6043 4.5764 -3.3162 -4.0853 0.7592 0.0426 0.6500
Car 0.0000 0 0.0000 -1.0000 -1.0000 -1.0000 -1.0000 1.9195 1.6001 4.4736 -26.2493 -3.5867 0.8043 3.0736 0.6426
Car 0.0000 0 0.0000 -1.0000 -1.0000 -1.0000 -1.0000 1.9376 1.5704 4.4225 49.9551 -1.5642 0.9706 -3.0727 0.5993
Car 0.0000 0 0.0000 -1.0000 -1.0000 -1.0000 -1.0000 1.8599 1.4644 4.4439 -29.6048 -0.1167 0.7717 3.0649 0.5939
Car 0.0000 0 0.0000 -1.0000 -1.0000 -1.0000 -1.0000 1.9077 1.5894 4.5455 -2.4071 4.1544 0.8585 -3.0800 0.5822
Car 0.0000 0 0.0000 -1.0000 -1.0000 -1.0000 -1.0000 2.0220 1.6197 4.6068 7.5161 -6.7166 0.8010 -3.1021 0.5672
Car 0.0000 0 0.0000 -1.0000 -1.0000 -1.0000 -1.0000 1.8859 1.5200 4.4485 -35.2541 -9.0299 0.8162 0.4305 0.5638
Car 0.0000 0 0.0000 -1.0000 -1.0000 -1.0000 -1.0000 1.8695 1.4397 4.4410 -23.0367 3.1831 0.7809 -0.0433 0.5434
Car 0.0000 0 0.0000 -1.0000 -1.0000 -1.0000 -1.0000 1.9039 1.5498 4.4314 2.9765 4.5087 0.8179 0.0164 0.5329
Car 0.0000 0 0.0000 -1.0000 -1.0000 -1.0000 -1.0000 1.8745 1.6058 4.4370 -18.1179 3.5205 0.7917 -3.0980 0.4800
Car 0.0000 0 0.0000 -1.0000 -1.0000 -1.0000 -1.0000 1.8657 1.6801 4.4369 -52.8230 -13.1390 1.1537 2.8082 0.4569
Car 0.0000 0 0.0000 -1.0000 -1.0000 -1.0000 -1.0000 1.8513 1.4771 4.4781 8.4508 4.0557 0.8378 -3.0447 0.4535
Car 0.0000 0 0.0000 -1.0000 -1.0000 -1.0000 -1.0000 1.9448 1.5174 4.5036 -41.5200 -1.9654 0.8934 -3.0719 0.4489
Car 0.0000 0 0.0000 -1.0000 -1.0000 -1.0000 -1.0000 1.9597 1.6921 4.5973 -58.7951 -11.4854 1.3407 -0.1645 0.4230
Car 0.0000 0 0.0000 -1.0000 -1.0000 -1.0000 -1.0000 1.9084 1.5429 4.4858 -40.8492 -7.4413 0.8989 -0.6111 0.4138
Car 0.0000 0 0.0000 -1.0000 -1.0000 -1.0000 -1.0000 1.8431 1.4291 4.4771 -7.3243 4.0246 0.7487 3.1412 0.3971
Car 0.0000 0 0.0000 -1.0000 -1.0000 -1.0000 -1.0000 1.8814 1.4601 4.3972 34.1682 5.0335 0.8902 -0.0355 0.3852
Car 0.0000 0 0.0000 -1.0000 -1.0000 -1.0000 -1.0000 1.9074 1.4552 4.5354 13.1536 4.7364 0.8153 -3.0922 0.3837
Car 0.0000 0 0.0000 -1.0000 -1.0000 -1.0000 -1.0000 1.9458 1.5150 4.4418 29.3267 5.0702 0.9431 -0.0232 0.3818
Truck 0.0000 0 0.0000 -1.0000 -1.0000 -1.0000 -1.0000 2.7475 3.3289 7.2078 9.4707 -2.6063 1.7138 0.0586 0.5869
Cyclist 0.0000 0 0.0000 -1.0000 -1.0000 -1.0000 -1.0000 0.7835 1.5335 1.8208 -0.4911 -11.1754 0.5717 -3.1398 0.6800
Cyclist 0.0000 0 0.0000 -1.0000 -1.0000 -1.0000 -1.0000 0.8381 1.5740 1.8439 28.4035 2.2991 0.8916 -3.1325 0.6390
Cyclist 0.0000 0 0.0000 -1.0000 -1.0000 -1.0000 -1.0000 0.7710 1.5600 1.7138 50.7275 2.3296 0.9528 -3.0889 0.6114
Cyclist 0.0000 0 0.0000 -1.0000 -1.0000 -1.0000 -1.0000 0.7575 1.4854 1.7811 -21.4130 -5.4517 0.6920 -0.0274 0.5779
Cyclist 0.0000 0 0.0000 -1.0000 -1.0000 -1.0000 -1.0000 0.7263 1.5271 1.6838 35.8120 2.3845 0.9053 -3.1305 0.5646
Cyclist 0.0000 0 0.0000 -1.0000 -1.0000 -1.0000 -1.0000 0.7058 1.5039 1.6532 -28.0071 2.1896 0.8019 3.0692 0.5640
Cyclist 0.0000 0 0.0000 -1.0000 -1.0000 -1.0000 -1.0000 0.7774 1.4873 1.7792 -30.1096 -6.2547 0.6974 3.1262 0.4981
Cyclist 0.0000 0 0.0000 -1.0000 -1.0000 -1.0000 -1.0000 0.7649 1.5241 1.7331 -50.2901 4.1223 1.1129 0.1141 0.4566
Cyclist 0.0000 0 0.0000 -1.0000 -1.0000 -1.0000 -1.0000 0.7713 1.3907 1.8393 -18.2721 -9.9030 0.4361 0.0865 0.4558
Cyclist 0.0000 0 0.0000 -1.0000 -1.0000 -1.0000 -1.0000 0.7529 1.5357 1.7128 -27.8742 9.2950 1.1599 0.0494 0.4168
Cyclist 0.0000 0 0.0000 -1.0000 -1.0000 -1.0000 -1.0000 0.8191 1.5171 1.8373 -9.3921 -12.4261 0.5259 -3.1301 0.4134
Cyclist 0.0000 0 0.0000 -1.0000 -1.0000 -1.0000 -1.0000 0.7514 1.5313 1.7206 -39.6201 4.8201 0.9411 -2.2223 0.4124
Cyclist 0.0000 0 0.0000 -1.0000 -1.0000 -1.0000 -1.0000 0.7248 1.5063 1.6944 -25.7631 -6.1864 0.6999 0.0372 0.3903
Cyclist 0.0000 0 0.0000 -1.0000 -1.0000 -1.0000 -1.0000 0.6839 1.2550 1.7056 0.4898 6.8134 0.8300 2.1255 0.3849
Cyclist 0.0000 0 0.0000 -1.0000 -1.0000 -1.0000 -1.0000 0.6647 1.2534 1.6347 11.0051 6.6927 0.7863 -3.1183 0.3623
Cyclist 0.0000 0 0.0000 -1.0000 -1.0000 -1.0000 -1.0000 0.7257 1.5079 1.6908 -10.2280 -10.6862 0.5359 -3.1134 0.3533
Cyclist 0.0000 0 0.0000 -1.0000 -1.0000 -1.0000 -1.0000 0.7412 1.5764 1.7015 -11.7704 -7.3700 0.7098 0.0087 0.3522
Cyclist 0.0000 0 0.0000 -1.0000 -1.0000 -1.0000 -1.0000 0.6639 1.3547 1.6584 -6.6541 -14.0019 0.4032 0.1092 0.3487
Cyclist 0.0000 0 0.0000 -1.0000 -1.0000 -1.0000 -1.0000 0.6969 1.4265 1.6703 -11.8362 -14.1366 0.4322 -2.5999 0.3446
Cyclist 0.0000 0 0.0000 -1.0000 -1.0000 -1.0000 -1.0000 0.7930 1.3102 1.7927 -8.7236 7.4027 0.8745 0.0158 0.3285
Cyclist 0.0000 0 0.0000 -1.0000 -1.0000 -1.0000 -1.0000 0.7642 1.5801 1.6933 -43.5640 -4.4588 0.9448 3.0070 0.3225
Cyclist 0.0000 0 0.0000 -1.0000 -1.0000 -1.0000 -1.0000 0.7851 1.6008 1.7189 -48.0853 -1.6946 1.1028 0.0738 0.3022
Cyclist 0.0000 0 0.0000 -1.0000 -1.0000 -1.0000 -1.0000 0.7376 1.5426 1.7034 -11.7663 8.8532 1.0555 -0.0035 0.3015
Pedestrian 0.0000 0 0.0000 -1.0000 -1.0000 -1.0000 -1.0000 0.6946 1.6713 0.6548 22.3885 8.7994 1.2126 0.0407 0.5153
Pedestrian 0.0000 0 0.0000 -1.0000 -1.0000 -1.0000 -1.0000 0.7064 1.6886 0.6780 12.9026 8.5478 1.2076 3.1409 0.4950
Pedestrian 0.0000 0 0.0000 -1.0000 -1.0000 -1.0000 -1.0000 0.6974 1.7212 0.6224 25.4225 8.5389 1.2571 3.1133 0.4727
Pedestrian 0.0000 0 0.0000 -1.0000 -1.0000 -1.0000 -1.0000 0.6754 1.6646 0.5795 -16.2616 -16.0369 0.6389 -2.8755 0.4579
Pedestrian 0.0000 0 0.0000 -1.0000 -1.0000 -1.0000 -1.0000 0.6617 1.6871 0.5851 -4.9810 10.3301 1.5043 0.0833 0.4149
Pedestrian 0.0000 0 0.0000 -1.0000 -1.0000 -1.0000 -1.0000 0.6757 1.6417 0.6015 25.8839 -13.9357 0.7266 -1.8262 0.3874
Pedestrian 0.0000 0 0.0000 -1.0000 -1.0000 -1.0000 -1.0000 0.7032 1.6193 0.6809 6.0452 -15.6030 0.6750 -3.1415 0.3493
Pedestrian 0.0000 0 0.0000 -1.0000 -1.0000 -1.0000 -1.0000 0.6675 1.6624 0.6033 -2.4985 10.7665 1.4576 0.1804 0.3002
