Car 0.0000 0 0.0000 -1.0000 -1.0000 -1.0000 -1.0000 2.0172 1.5436 4.5523 10.7937 2.7774 0.9314 0.0368 0.8439
Car 0.0000 0 0.0000 -1.0000 -1.0000 -1.0000 -1.0000 1.9645 1.4311 4.5082 2.7094 2.4493 0.7272 -3.0708 0.7953
Car 0.0000 0 0.0000 -1.0000 -1.0000 -1.0000 -1.0000 2.0136 1.8046 4.4742 12.2449 -0.4948 1.2098 -3.1189 0.7218
Car 0.0000 0 0.0000 -1.0000 -1.0000 -1.0000 -1.0000 1.9519 1.4761 4.6320 33.0714 -6.6192 1.5709 -1.5122 0.6862
Car 0.0000 0 0.0000 -1.0000 -1.0000 -1.0000 -1.0000 1.9151 1.4858 4.5234 34.5843 2.8098 1.3320 -1.7058 0.5672
Car 0.0000 0 0.0000 -1.0000 -1.0000 -1.0000 -1.0000 2.0404 1.8984 4.6954 -33.7519 5.1193 0.6712 -2.8304 0.5568
Car 0.0000 0 0.0000 -1.0000 -1.0000 -1.0000 -1.0000 1.9915 1.5528 4.6954 -82.6557 -1.7683 0.7633 -3.0486 0.4506
Car 0.0000 0 0.0000 -1.0000 -1.0000 -1.0000 -1.0000 1.8940 1.6078 4.5483 34.8547 -14.8012 2.0508 1.5227 0.4071
Car 0.0000 0 0.0000 -1.0000 -1.0000 -1.0000 -1.0000 1.9406 1.7433 4.6207 45.9918 37.3594 0.0687 -1.6064 0.4043
Car 0.0000 0 0.0000 -1.0000 -1.0000 -1.0000 -1.0000 1.8790 1.5677 4.4463 -1.6436 13.8220 0.3291 1.5244 0.3638
Car 0.0000 0 0.0000 -1.0000 -1.0000 -1.0000 -1.0000 1.9129 1.8905 4.5662 1.3685 13.6927 0.5103 1.5206 0.3056
Truck 0.0000 0 0.0000 -1.0000 -1.0000 -1.0000 -1.0000 2.9368 3.0548 10.7561 -9.4600 5.0091 1.4073 0.0859 0.7281
Truck 0.0000 0 0.0000 -1.0000 -1.0000 -1.0000 -1.0000 2.8406 3.2593 8.7292 -40.8345 1.2486 1.5383 -3.0630 0.3866
Cyclist 0.0000 0 0.0000 -1.0000 -1.0000 -1.0000 -1.0000 0.7691 1.5308 1.7161 12.7735 -3.5653 1.1201 0.0501 0.5681
Cyclist 0.0000 0 0.0000 -1.0000 -1.0000 -1.0000 -1.0000 0.7788 1.5520 1.7271 -42.7506 -1.7273 0.8152 0.0054 0.4294
Cyclist 0.0000 0 0.0000 -1.0000 -1.0000 -1.0000 -1.0000 0.7297 1.4922 1.7865 17.0022 -14.1506 1.8334 2.1585 0.3751
Cyclist 0.0000 0 0.0000 -1.0000 -1.0000 -1.0000 -1.0000 0.7312 1.5091 1.7591 50.7109 37.1355 0.0150 -1.6194 0.3001
Pedestrian 0.0000 0 0.0000 -1.0000 -1.0000 -1.0000 -1.0000 0.6995 1.6447 0.6463 12.0982 15.7426 0.6041 2.4683 0.4656
Pedestrian 0.0000 0 0.0000 -1.0000 -1.0000 -1.0000 -1.0000 0.6937 1.6749 0.6113 22.0155 -12.8693 1.5949 2.4487 0.4128
Pedestrian 0.0000 0 0.0000 -1.0000 -1.0000 -1.0000 -1.0000 0.6982 1.6727 0.6197 0.5132 10.9324 0.5023 -2.2760 0.4115
Pedestrian 0.0000 0 0.0000 -1.0000 -1.0000 -1.0000 -1.0000 0.7005 1.6475 0.6454 19.5001 -16.3491 1.9093 -0.7836 0.3565
