Car 0.0000 0 0.0000 -1.0000 -1.0000 -1.0000 -1.0000 1.9281 1.5414 4.5504 17.8069 35.3690 0.0335 -1.5663 0.6936
Car 0.0000 0 0.0000 -1.0000 -1.0000 -1.0000 -1.0000 1.9410 1.9045 4.4449 -8.2825 -4.4579 0.9739 0.0337 0.6404
Car 0.0000 0 0.0000 -1.0000 -1.0000 -1.0000 -1.0000 1.9332 1.4790 4.5666 33.9827 35.4129 0.0020 -1.3822 0.6265
Car 0.0000 0 0.0000 -1.0000 -1.0000 -1.0000 -1.0000 1.9437 1.4757 4.5972 18.1428 27.0642 0.1993 -1.4825 0.5681
Car 0.0000 0 0.0000 -1.0000 -1.0000 -1.0000 -1.0000 1.9353 1.6151 4.5559 21.3244 35.1194 0.1627 -1.6422 0.5637
Car 0.0000 0 0.0000 -1.0000 -1.0000 -1.0000 -1.0000 1.9432 1.4996 4.5877 21.2483 27.8784 0.2143 -1.4519 0.5512
Car 0.0000 0 0.0000 -1.0000 -1.0000 -1.0000 -1.0000 1.9150 1.5505 4.5864 18.2033 41.6036 0.0286 1.4978 0.4649
Car 0.0000 0 0.0000 -1.0000 -1.0000 -1.0000 -1.0000 1.8676 1.5169 4.3452 42.9850 15.6522 0.3351 2.3213 0.4190
Car 0.0000 0 0.0000 -1.0000 -1.0000 -1.0000 -1.0000 1.8673 1.5328 4.4061 35.9117 -23.3296 0.9787 1.5384 0.3968
Car 0.0000 0 0.0000 -1.0000 -1.0000 -1.0000 -1.0000 1.9521 1.6497 4.6088 -68.4363 9.5848 0.6497 -3.1274 0.3493
Car 0.0000 0 0.0000 -1.0000 -1.0000 -1.0000 -1.0000 1.9868 1.7682 4.8523 29.8525 -40.7140 1.3589 1.6626 0.3232
Truck 0.0000 0 0.0000 -1.0000 -1.0000 -1.0000 -1.0000 2.9196 3.2603 9.3125 17.6974 -15.9627 1.6494 2.1456 0.5514
Truck 0.0000 0 0.0000 -1.0000 -1.0000 -1.0000 -1.0000 2.3859 2.4075 6.3181 18.2572 -28.1979 1.3806 1.7602 0.5142
Truck 0.0000 0 0.0000 -1.0000 -1.0000 -1.0000 -1.0000 2.2130 2.1537 5.8508 -11.0865 0.0659 1.0692 3.1252 0.4316
Truck 0.0000 0 0.0000 -1.0000 -1.0000 -1.0000 -1.0000 2.5099 2.6301 7.8757 37.6154 3.1843 1.1353 -2.9874 0.4302
Truck 0.0000 0 0.0000 -1.0000 -1.0000 -1.0000 -1.0000 2.6894 2.8631 8.0141 33.1115 -41.4473 1.8505 1.6269 0.3805
Truck 0.0000 0 0.0000 -1.0000 -1.0000 -1.0000 -1.0000 2.2384 2.4702 5.7700 79.5305 -5.9870 0.8330 -0.0129 0.3463
Tricar 0.0000 0 0.0000 -1.0000 -1.0000 -1.0000 -1.0000 1.4373 1.7793 3.5188 36.5293 -13.8279 0.8738 0.2935 0.5260
Tricar 0.0000 0 0.0000 -1.0000 -1.0000 -1.0000 -1.0000 1.2043 1.5538 2.7260 -48.5405 11.3584 0.4804 -0.0568 0.4917
Cyclist 0.0000 0 0.0000 -1.0000 -1.0000 -1.0000 -1.0000 0.8219 1.6019 1.8168 33.1373 8.6710 0.6014 0.6617 0.6548
Cyclist 0.0000 0 0.0000 -1.0000 -1.0000 -1.0000 -1.0000 0.7669 1.5346 1.7935 43.3190 33.6215 -0.0981 -1.7135 0.4918
Cyclist 0.0000 0 0.0000 -1.0000 -1.0000 -1.0000 -1.0000 0.7656 1.5100 1.7534 10.8425 24.6691 0.1746 1.2588 0.4508
Cyclist 0.0000 0 0.0000 -1.0000 -1.0000 -1.0000 -1.0000 0.7365 1.5216 1.7676 41.7158 33.8716 -0.0333 -1.8023 0.3577
