Car 0.0000 0 0.0000 -1.0000 -1.0000 -1.0000 -1.0000 1.9859 1.5857 4.6680 -28.0274 4.1894 0.4724 -3.1199 0.7950
Car 0.0000 0 0.0000 -1.0000 -1.0000 -1.0000 -1.0000 2.0286 1.6025 4.5953 14.1022 1.5513 0.9482 -0.0939 0.7490
Car 0.0000 0 0.0000 -1.0000 -1.0000 -1.0000 -1.0000 2.0194 1.7353 4.6147 16.6082 5.1129 1.0010 0.0216 0.7355
Car 0.0000 0 0.0000 -1.0000 -1.0000 -1.0000 -1.0000 1.9502 1.6802 4.5533 -16.5380 5.2386 0.6728 -3.1258 0.7196
Car 0.0000 0 0.0000 -1.0000 -1.0000 -1.0000 -1.0000 2.0262 1.5597 4.6567 -1.6759 5.9988 0.7033 -3.0844 0.6507
Car 0.0000 0 0.0000 -1.0000 -1.0000 -1.0000 -1.0000 1.9029 1.4532 4.5389 -21.5668 10.4465 0.4622 -0.0146 0.6329
Car 0.0000 0 0.0000 -1.0000 -1.0000 -1.0000 -1.0000 1.8477 1.4434 4.4438 -13.6372 -4.3366 0.6011 -3.1256 0.5217
Car 0.0000 0 0.0000 -1.0000 -1.0000 -1.0000 -1.0000 1.9780 1.7732 4.6532 4.5454 11.9949 0.8259 1.3886 0.4920
Car 0.0000 0 0.0000 -1.0000 -1.0000 -1.0000 -1.0000 1.9048 1.7489 4.4847 -35.8643 8.8270 0.5404 1.7586 0.4396
Car 0.0000 0 0.0000 -1.0000 -1.0000 -1.0000 -1.0000 1.8642 1.4636 4.5220 -31.3122 8.9922 0.3557 -1.3370 0.4191
Car 0.0000 0 0.0000 -1.0000 -1.0000 -1.0000 -1.0000 1.9175 1.7138 4.5439 27.3967 13.7322 1.2321 1.8094 0.4132
Car 0.0000 0 0.0000 -1.0000 -1.0000 -1.0000 -1.0000 1.8929 1.5321 4.5403 -33.4812 8.9541 0.4136 -1.3878 0.4098
Car 0.0000 0 0.0000 -1.0000 -1.0000 -1.0000 -1.0000 1.9009 1.5919 4.5545 23.6051 8.6115 1.0159 -2.8327 0.4088
Car 0.0000 0 0.0000 -1.0000 -1.0000 -1.0000 -1.0000 1.9148 1.5323 4.5965 33.5541 14.0427 1.1782 1.6204 0.4087
Car 0.0000 0 0.0000 -1.0000 -1.0000 -1.0000 -1.0000 1.9124 1.5877 4.4983 38.0727 9.0766 1.2412 -3.0449 0.3583
Car 0.0000 0 0.0000 -1.0000 -1.0000 -1.0000 -1.0000 1.8687 1.5370 4.4626 32.9485 8.0307 1.1308 -2.9811 0.3511
Car 0.0000 0 0.0000 -1.0000 -1.0000 -1.0000 -1.0000 1.8038 1.4348 4.3331 11.0721 14.6657 0.6725 0.1217 0.3306
Car 0.0000 0 0.0000 -1.0000 -1.0000 -1.0000 -1.0000 1.9050 1.5859 4.5272 0.0479 12.2033 0.6960 -1.4742 0.3227
Car 0.0000 0 0.0000 -1.0000 -1.0000 -1.0000 -1.0000 1.8930 1.4896 4.5049 -27.9562 9.0517 0.3405 -1.2665 0.3169
Car 0.0000 0 0.0000 -1.0000 -1.0000 -1.0000 -1.0000 1.8870 1.6726 4.5228 -39.3564 8.0713 0.5001 1.7764 0.3161
Truck 0.0000 0 0.0000 -1.0000 -1.0000 -1.0000 -1.0000 2.6159 3.1113 6.6240 -15.8181 11.0766 1.4531 -3.1245 0.3165
Tricar 0.0000 0 0.0000 -1.0000 -1.0000 -1.0000 -1.0000 1.2193 1.7074 2.8551 9.6226 6.4772 0.9150 0.0337 0.5544
Tricar 0.0000 0 0.0000 -1.0000 -1.0000 -1.0000 -1.0000 1.3386 1.7498 3.0379 32.9816 -1.7316 1.3250 0.0950 0.5213
Tricar 0.0000 0 0.0000 -1.0000 -1.0000 -1.0000 -1.0000 1.3375 1.7674 2.9709 39.7752 -0.8300 1.3785 0.1371 0.4816
Tricar 0.0000 0 0.0000 -1.0000 -1.0000 -1.0000 -1.0000 1.2339 1.6459 2.8986 15.4317 -2.5440 1.0244 -0.0334 0.3716
Cyclist 0.0000 0 0.0000 -1.0000 -1.0000 -1.0000 -1.0000 0.7280 1.5181 1.7067 -21.2212 -3.3525 0.5749 -3.1261 0.5040
Cyclist 0.0000 0 0.0000 -1.0000 -1.0000 -1.0000 -1.0000 0.7001 1.5001 1.6930 -10.8502 -1.8575 0.6662 3.1060 0.5015
Cyclist 0.0000 0 0.0000 -1.0000 -1.0000 -1.0000 -1.0000 0.7749 1.5677 1.7452 9.7303 -1.4177 0.8622 3.0996 0.4937
Cyclist 0.0000 0 0.0000 -1.0000 -1.0000 -1.0000 -1.0000 0.7607 1.5757 1.6964 40.7538 6.8977 1.2264 0.0764 0.4224
Cyclist 0.0000 0 0.0000 -1.0000 -1.0000 -1.0000 -1.0000 0.7414 1.5198 1.7292 -19.2158 -1.8221 0.5426 3.1346 0.4200
Cyclist 0.0000 0 0.0000 -1.0000 -1.0000 -1.0000 -1.0000 0.7185 1.3566 1.7768 -9.8103 17.3795 0.5181 -1.5469 0.3883
Cyclist 0.0000 0 0.0000 -1.0000 -1.0000 -1.0000 -1.0000 0.7539 1.1099 1.7988 6.2168 -3.2818 0.6642 -3.0781 0.3772
