Car 0.0000 0 0.0000 -1.0000 -1.0000 -1.0000 -1.0000 2.0152 1.4397 4.5702 -12.7685 3.2068 0.7604 0.0396 0.8487
Car 0.0000 0 0.0000 -1.0000 -1.0000 -1.0000 -1.0000 2.0995 1.7267 4.6676 13.5712 2.2521 0.9341 -3.1409 0.5533
Car 0.0000 0 0.0000 -1.0000 -1.0000 -1.0000 -1.0000 1.9843 1.5190 4.6062 23.3078 11.3425 0.5844 3.1337 0.4791
Car 0.0000 0 0.0000 -1.0000 -1.0000 -1.0000 -1.0000 1.9003 1.5499 4.5299 -77.6392 23.5512 0.6207 -2.2503 0.4547
Car 0.0000 0 0.0000 -1.0000 -1.0000 -1.0000 -1.0000 1.9607 1.7219 4.7067 -2.6508 -27.5580 1.7760 0.0297 0.4205
Car 0.0000 0 0.0000 -1.0000 -1.0000 -1.0000 -1.0000 1.9877 1.6311 4.6572 -38.2617 7.2579 0.9034 -3.1304 0.3857
Car 0.0000 0 0.0000 -1.0000 -1.0000 -1.0000 -1.0000 1.9193 1.5497 4.6590 -33.6691 -24.2699 1.5676 -3.0027 0.3639
Car 0.0000 0 0.0000 -1.0000 -1.0000 -1.0000 -1.0000 1.9258 1.4941 4.5912 -31.3341 7.7557 0.7513 3.1308 0.3564
Car 0.0000 0 0.0000 -1.0000 -1.0000 -1.0000 -1.0000 2.0254 1.7262 4.7543 -79.1075 3.5239 1.1560 -3.0889 0.3351
Car 0.0000 0 0.0000 -1.0000 -1.0000 -1.0000 -1.0000 1.9872 1.6218 4.6817 -70.9369 -0.5742 0.8932 0.1715 0.3011
Truck 0.0000 0 0.0000 -1.0000 -1.0000 -1.0000 -1.0000 2.2371 2.1167 5.8458 -36.8511 -3.3607 1.3531 3.1157 0.5579
Cyclist 0.0000 0 0.0000 -1.0000 -1.0000 -1.0000 -1.0000 0.7922 1.5411 1.8055 -14.6962 -9.7468 0.8343 -0.0262 0.6303
Cyclist 0.0000 0 0.0000 -1.0000 -1.0000 -1.0000 -1.0000 0.7807 1.5188 1.7691 14.4386 -9.4038 0.8329 0.0411 0.4580
Cyclist 0.0000 0 0.0000 -1.0000 -1.0000 -1.0000 -1.0000 0.8529 1.5712 1.8655 -0.3538 21.2572 0.4774 0.0198 0.4432
Cyclist 0.0000 0 0.0000 -1.0000 -1.0000 -1.0000 -1.0000 0.7550 1.5214 1.7381 30.2355 -9.7232 0.8218 0.0446 0.4294
Cyclist 0.0000 0 0.0000 -1.0000 -1.0000 -1.0000 -1.0000 0.8785 1.5546 1.9098 11.5338 16.1803 0.5107 3.0486 0.4250
