Car 0.0000 0 0.0000 -1.0000 -1.0000 -1.0000 -1.0000 2.1500 1.9452 4.9216 -12.5017 3.2132 0.9693 -0.0188 0.7768
Car 0.0000 0 0.0000 -1.0000 -1.0000 -1.0000 -1.0000 2.0660 1.4727 4.6608 -29.4544 0.1070 0.6582 -0.0040 0.5306
Car 0.0000 0 0.0000 -1.0000 -1.0000 -1.0000 -1.0000 1.8832 1.4973 4.5030 -27.1050 -13.1328 0.7411 -1.5360 0.3635
Car 0.0000 0 0.0000 -1.0000 -1.0000 -1.0000 -1.0000 2.0964 2.2896 4.8930 35.9087 -3.4620 1.3600 3.1186 0.3466
Car 0.0000 0 0.0000 -1.0000 -1.0000 -1.0000 -1.0000 1.8975 1.4838 4.5796 4.7092 28.1850 0.1248 -1.4421 0.3134
Car 0.0000 0 0.0000 -1.0000 -1.0000 -1.0000 -1.0000 1.8461 1.4923 4.4769 -14.5712 -18.0654 1.0268 1.7148 0.3032
Truck 0.0000 0 0.0000 -1.0000 -1.0000 -1.0000 -1.0000 2.9319 3.3952 9.5025 -17.8160 -18.2543 2.0245 1.6842 0.3489
Tricar 0.0000 0 0.0000 -1.0000 -1.0000 -1.0000 -1.0000 1.2927 1.7404 2.9874 0.7361 -6.7739 0.9875 -0.0021 0.5047
Cyclist 0.0000 0 0.0000 -1.0000 -1.0000 -1.0000 -1.0000 0.7044 1.5503 1.6546 46.6884 -7.4578 0.8152 -3.1412 0.4567
Cyclist 0.0000 0 0.0000 -1.0000 -1.0000 -1.0000 -1.0000 0.8743 1.6433 1.7980 37.3426 -1.1992 1.0405 3.1229 0.3104
Cyclist 0.0000 0 0.0000 -1.0000 -1.0000 -1.0000 -1.0000 0.7016 1.4358 1.6663 29.5881 25.0652 0.3380 -3.1135 0.3074
Pedestrian 0.0000 0 0.0000 -1.0000 -1.0000 -1.0000 -1.0000 0.7015 1.6318 0.6385 -32.8086 -10.0661 0.7889 3.1377 0.3134
