Car 0.0000 0 0.0000 -1.0000 -1.0000 -1.0000 -1.0000 2.0147 1.5157 4.6024 -15.8114 -0.6762 0.8423 -3.1210 0.7857
Car 0.0000 0 0.0000 -1.0000 -1.0000 -1.0000 -1.0000 1.9307 1.4538 4.5003 16.8416 -3.3548 0.7189 -0.0047 0.7087
Car 0.0000 0 0.0000 -1.0000 -1.0000 -1.0000 -1.0000 1.9524 1.4737 4.5456 9.7897 -0.5164 0.7276 -3.1005 0.6705
Car 0.0000 0 0.0000 -1.0000 -1.0000 -1.0000 -1.0000 1.9231 1.4607 4.5671 -4.7439 12.8095 0.7291 -1.2293 0.6460
Car 0.0000 0 0.0000 -1.0000 -1.0000 -1.0000 -1.0000 1.9109 1.4483 4.4847 22.6627 5.0541 0.6471 3.1099 0.6270
Car 0.0000 0 0.0000 -1.0000 -1.0000 -1.0000 -1.0000 1.9645 1.6432 4.6280 -39.5472 13.1024 0.7844 -1.5569 0.5879
Car 0.0000 0 0.0000 -1.0000 -1.0000 -1.0000 -1.0000 1.9512 1.4591 4.5029 26.5292 -0.7465 0.6775 3.1067 0.5355
Car 0.0000 0 0.0000 -1.0000 -1.0000 -1.0000 -1.0000 1.9384 1.4573 4.5478 34.0689 4.2465 0.6786 3.1294 0.5281
Car 0.0000 0 0.0000 -1.0000 -1.0000 -1.0000 -1.0000 2.0662 1.6960 4.8119 -55.5543 14.7241 0.9752 -0.1959 0.4960
Car 0.0000 0 0.0000 -1.0000 -1.0000 -1.0000 -1.0000 1.9166 1.4733 4.5426 27.1237 11.0475 0.5764 -3.1019 0.4813
Car 0.0000 0 0.0000 -1.0000 -1.0000 -1.0000 -1.0000 1.8811 1.5321 4.4717 -8.3982 12.1199 0.7073 -1.3248 0.4254
Car 0.0000 0 0.0000 -1.0000 -1.0000 -1.0000 -1.0000 1.9560 1.4700 4.5454 -43.3556 -0.2302 1.1495 -3.1116 0.3960
Car 0.0000 0 0.0000 -1.0000 -1.0000 -1.0000 -1.0000 2.0243 2.2072 4.7183 19.2029 14.4444 0.9007 1.6641 0.3154
Tricar 0.0000 0 0.0000 -1.0000 -1.0000 -1.0000 -1.0000 1.2204 1.6483 2.9306 -12.4285 10.9793 0.8433 1.8108 0.4152
Cyclist 0.0000 0 0.0000 -1.0000 -1.0000 -1.0000 -1.0000 0.8006 1.5304 1.8476 12.3221 6.7121 0.6716 0.0767 0.6618
Cyclist 0.0000 0 0.0000 -1.0000 -1.0000 -1.0000 -1.0000 0.8513 1.5926 1.8631 -2.4089 6.7998 0.7971 -3.0165 0.6114
Cyclist 0.0000 0 0.0000 -1.0000 -1.0000 -1.0000 -1.0000 0.7225 1.4743 1.6963 -42.9573 -3.3587 1.1073 0.0799 0.4384
Cyclist 0.0000 0 0.0000 -1.0000 -1.0000 -1.0000 -1.0000 0.8248 1.5407 1.8314 -43.3964 6.9308 1.0959 -3.0863 0.3766
Cyclist 0.0000 0 0.0000 -1.0000 -1.0000 -1.0000 -1.0000 0.6531 1.0592 1.6490 -12.8270 16.4521 0.6441 1.7971 0.3065
