Car 0.0000 0 0.0000 -1.0000 -1.0000 -1.0000 -1.0000 1.9754 1.5195 4.5702 -35.2770 6.3482 0.5476 -3.0979 0.8106
Car 0.0000 0 0.0000 -1.0000 -1.0000 -1.0000 -1.0000 2.0271 1.4282 4.6414 -17.9590 -0.4622 0.6890 0.0219 0.8034
Car 0.0000 0 0.0000 -1.0000 -1.0000 -1.0000 -1.0000 1.9746 1.5760 4.5636 46.7924 0.4632 0.8416 -3.1238 0.7721
Car 0.0000 0 0.0000 -1.0000 -1.0000 -1.0000 -1.0000 1.9207 1.4776 4.4658 -10.0977 13.0519 0.3645 -0.0097 0.7531
Car 0.0000 0 0.0000 -1.0000 -1.0000 -1.0000 -1.0000 1.9853 1.5893 4.5937 -61.8854 14.6192 0.3290 -3.1247 0.7469
Car 0.0000 0 0.0000 -1.0000 -1.0000 -1.0000 -1.0000 1.9291 1.4588 4.5298 -21.5388 6.7261 0.5894 -3.1242 0.7462
Car 0.0000 0 0.0000 -1.0000 -1.0000 -1.0000 -1.0000 1.9577 1.4918 4.6053 49.1485 -2.9432 0.7964 0.0002 0.6309
Car 0.0000 0 0.0000 -1.0000 -1.0000 -1.0000 -1.0000 2.0138 1.5006 4.6598 -60.6352 5.3221 0.5649 -3.0833 0.6275
Car 0.0000 0 0.0000 -1.0000 -1.0000 -1.0000 -1.0000 2.0339 1.4847 4.5939 -41.1852 -10.8304 0.7517 -2.4168 0.6267
Car 0.0000 0 0.0000 -1.0000 -1.0000 -1.0000 -1.0000 1.9845 1.5004 4.5328 12.0870 -1.8289 0.7019 -3.0996 0.6144
Car 0.0000 0 0.0000 -1.0000 -1.0000 -1.0000 -1.0000 1.9480 1.4555 4.5181 -40.8114 5.4908 0.5125 -3.0816 0.6097
Car 0.0000 0 0.0000 -1.0000 -1.0000 -1.0000 -1.0000 1.9371 1.6759 4.5022 6.0009 9.9107 0.5245 3.1384 0.5627
Car 0.0000 0 0.0000 -1.0000 -1.0000 -1.0000 -1.0000 2.0559 2.3960 4.7498 -13.5924 9.7992 0.8865 -0.0408 0.3417
Car 0.0000 0 0.0000 -1.0000 -1.0000 -1.0000 -1.0000 2.1004 2.0644 4.8646 24.7547 14.1018 1.0139 -3.1290 0.3393
Car 0.0000 0 0.0000 -1.0000 -1.0000 -1.0000 -1.0000 1.9580 1.5619 4.6177 5.8655 13.4260 0.3495 -3.0987 0.3227
Car 0.0000 0 0.0000 -1.0000 -1.0000 -1.0000 -1.0000 1.8855 1.5997 4.5361 17.8180 10.0643 0.4328 0.0110 0.3016
Truck 0.0000 0 0.0000 -1.0000 -1.0000 -1.0000 -1.0000 2.8845 3.0739 9.4462 30.4859 10.5700 1.5229 0.0054 0.6828
Truck 0.0000 0 0.0000 -1.0000 -1.0000 -1.0000 -1.0000 2.9473 3.6332 8.4492 -23.9333 15.7631 1.4140 -0.3156 0.6456
Truck 0.0000 0 0.0000 -1.0000 -1.0000 -1.0000 -1.0000 2.8434 3.0586 9.1324 58.4095 14.3193 1.9390 0.0121 0.6094
Truck 0.0000 0 0.0000 -1.0000 -1.0000 -1.0000 -1.0000 2.5849 2.6686 6.9195 -30.5353 10.1598 1.0894 3.1323 0.4475
Cyclist 0.0000 0 0.0000 -1.0000 -1.0000 -1.0000 -1.0000 0.7425 1.5677 1.7025 12.6474 -10.4848 0.7350 0.0201 0.5081
Cyclist 0.0000 0 0.0000 -1.0000 -1.0000 -1.0000 -1.0000 0.8669 1.5977 1.8719 -9.9959 -10.9426 0.7899 -0.0153 0.4883
Cyclist 0.0000 0 0.0000 -1.0000 -1.0000 -1.0000 -1.0000 0.7914 1.5155 1.8435 -72.4247 -14.8831 0.6056 -1.7319 0.3086
