Car 0.0000 0 0.0000 -1.0000 -1.0000 -1.0000 -1.0000 2.0015 1.5179 4.6123 -29.2395 -3.0073 0.5662 -0.1358 0.8201
Car 0.0000 0 0.0000 -1.0000 -1.0000 -1.0000 -1.0000 1.9421 1.4454 4.6206 10.2520 -10.2808 0.5743 -0.1368 0.7641
Car 0.0000 0 0.0000 -1.0000 -1.0000 -1.0000 -1.0000 1.8890 1.4813 4.4631 25.9280 1.0560 0.8241 0.1090 0.7243
Car 0.0000 0 0.0000 -1.0000 -1.0000 -1.0000 -1.0000 1.9375 1.5698 4.4453 -33.9469 6.6432 0.6841 -0.0790 0.6936
Car 0.0000 0 0.0000 -1.0000 -1.0000 -1.0000 -1.0000 2.0366 1.6415 4.6743 -18.7450 0.2766 0.7799 3.0728 0.6917
Car 0.0000 0 0.0000 -1.0000 -1.0000 -1.0000 -1.0000 1.9402 1.6120 4.5587 -14.0593 5.1832 0.8104 0.1158 0.5956
Car 0.0000 0 0.0000 -1.0000 -1.0000 -1.0000 -1.0000 1.8792 1.4522 4.4868 -28.3836 6.1911 0.6633 3.1202 0.5657
Car 0.0000 0 0.0000 -1.0000 -1.0000 -1.0000 -1.0000 2.0101 1.9485 4.6954 7.9201 -4.0206 0.9789 -0.0421 0.5385
Car 0.0000 0 0.0000 -1.0000 -1.0000 -1.0000 -1.0000 1.8846 1.4526 4.5064 23.8417 -4.1254 0.8154 0.0556 0.5012
Car 0.0000 0 0.0000 -1.0000 -1.0000 -1.0000 -1.0000 1.8713 1.6079 4.4417 35.1358 2.0725 0.7845 -3.0349 0.4728
Car 0.0000 0 0.0000 -1.0000 -1.0000 -1.0000 -1.0000 1.9119 1.5077 4.5367 -36.6026 0.9115 0.4870 -0.0012 0.4719
Car 0.0000 0 0.0000 -1.0000 -1.0000 -1.0000 -1.0000 1.7911 1.5971 4.3740 -44.5481 2.3553 0.5352 3.0630 0.4023
Car 0.0000 0 0.0000 -1.0000 -1.0000 -1.0000 -1.0000 1.9097 1.5656 4.5397 -61.4078 7.4280 0.4732 -0.1062 0.3261
Car 0.0000 0 0.0000 -1.0000 -1.0000 -1.0000 -1.0000 1.8922 1.4668 4.3428 12.3410 5.0585 0.8779 0.3044 0.3238
Truck 0.0000 0 0.0000 -1.0000 -1.0000 -1.0000 -1.0000 3.0492 3.2160 11.3284 -39.0552 -5.0682 1.3505 -0.0317 0.7437
Truck 0.0000 0 0.0000 -1.0000 -1.0000 -1.0000 -1.0000 2.8128 3.1980 9.5614 13.8525 -0.6531 1.6624 3.1262 0.6399
Truck 0.0000 0 0.0000 -1.0000 -1.0000 -1.0000 -1.0000 2.9126 3.2772 9.9632 -54.6694 -4.6310 1.2327 -0.0222 0.3593
Tricar 0.0000 0 0.0000 -1.0000 -1.0000 -1.0000 -1.0000 1.2137 1.7123 2.6490 14.2781 2.1397 0.9622 3.1388 0.3805
Tricar 0.0000 0 0.0000 -1.0000 -1.0000 -1.0000 -1.0000 1.1750 1.4259 2.7602 0.2538 5.4491 0.7947 3.0051 0.3248
Cyclist 0.0000 0 0.0000 -1.0000 -1.0000 -1.0000 -1.0000 0.7543 1.5521 1.7223 -22.5543 -4.6619 0.5734 3.0394 0.6584
Cyclist 0.0000 0 0.0000 -1.0000 -1.0000 -1.0000 -1.0000 0.8013 1.5662 1.7857 -2.7980 -2.8254 0.7486 -0.0494 0.5638
Cyclist 0.0000 0 0.0000 -1.0000 -1.0000 -1.0000 -1.0000 0.7674 1.5441 1.7015 -0.6493 -5.1687 0.7070 -0.0840 0.5222
Cyclist 0.0000 0 0.0000 -1.0000 -1.0000 -1.0000 -1.0000 0.7929 1.5959 1.7025 -1.3796 -6.6758 0.6996 3.0508 0.4957
Cyclist 0.0000 0 0.0000 -1.0000 -1.0000 -1.0000 -1.0000 0.7567 1.5591 1.7434 -48.3892 -0.9714 0.4469 -0.0296 0.4952
Cyclist 0.0000 0 0.0000 -1.0000 -1.0000 -1.0000 -1.0000 0.7010 1.3508 1.7382 8.7916 6.9385 0.9491 -1.7216 0.4557
Cyclist 0.0000 0 0.0000 -1.0000 -1.0000 -1.0000 -1.0000 0.7955 1.5644 1.7523 47.4915 4.2495 0.6468 3.1139 0.4471
Cyclist 0.0000 0 0.0000 -1.0000 -1.0000 -1.0000 -1.0000 0.7275 1.5356 1.6785 39.9536 5.8600 0.7091 3.1351 0.4443
Cyclist 0.0000 0 0.0000 -1.0000 -1.0000 -1.0000 -1.0000 1.0228 1.7530 1.9409 -8.4855 -2.1565 0.9388 -0.0801 0.4249
Cyclist 0.0000 0 0.0000 -1.0000 -1.0000 -1.0000 -1.0000 0.7406 1.5905 1.6869 9.3522 3.1319 0.8625 3.0272 0.4144
Cyclist 0.0000 0 0.0000 -1.0000 -1.0000 -1.0000 -1.0000 0.7383 1.3710 1.7705 -44.4231 5.4365 0.4365 2.9729 0.3963
Cyclist 0.0000 0 0.0000 -1.0000 -1.0000 -1.0000 -1.0000 0.7396 1.4891 1.7197 -41.7010 4.0900 0.5141 -0.0307 0.3949
Cyclist 0.0000 0 0.0000 -1.0000 -1.0000 -1.0000 -1.0000 0.6798 1.2502 1.7106 4.6214 7.2222 0.8361 1.4932 0.3889
Cyclist 0.0000 0 0.0000 -1.0000 -1.0000 -1.0000 -1.0000 0.6856 1.2657 1.6955 -10.0050 -12.2754 0.4359 -1.6053 0.3882
Cyclist 0.0000 0 0.0000 -1.0000 -1.0000 -1.0000 -1.0000 0.7462 1.3217 1.7498 11.8182 7.1722 0.9117 -1.8463 0.3846
Cyclist 0.0000 0 0.0000 -1.0000 -1.0000 -1.0000 -1.0000 0.6963 1.2365 1.7563 4.9550 -13.0216 0.4876 1.4569 0.3771
Cyclist 0.0000 0 0.0000 -1.0000 -1.0000 -1.0000 -1.0000 0.6898 1.2807 1.7415 6.9750 -13.1042 0.4883 1.4465 0.3706
Cyclist 0.0000 0 0.0000 -1.0000 -1.0000 -1.0000 -1.0000 0.7222 1.3288 1.7863 -4.5066 7.9154 0.9277 1.4481 0.3500
Cyclist 0.0000 0 0.0000 -1.0000 -1.0000 -1.0000 -1.0000 0.6895 1.2298 1.6944 -2.3501 -12.2754 0.5214 1.4905 0.3307
Cyclist 0.0000 0 0.0000 -1.0000 -1.0000 -1.0000 -1.0000 0.7213 1.4825 1.6992 -13.2724 -4.4987 0.5965 3.1073 0.3282
Cyclist 0.0000 0 0.0000 -1.0000 -1.0000 -1.0000 -1.0000 0.6875 1.2875 1.6594 -12.4559 8.1601 0.8331 -1.6327 0.3255
Cyclist 0.0000 0 0.0000 -1.0000 -1.0000 -1.0000 -1.0000 0.6901 1.5407 1.6533 29.7665 7.5258 0.9076 -0.0249 0.3061
Pedestrian 0.0000 0 0.0000 -1.0000 -1.0000 -1.0000 -1.0000 0.6755 1.6725 0.6045 -12.3242 -13.9712 0.6024 -2.8087 0.6411
Pedestrian 0.0000 0 0.0000 -1.0000 -1.0000 -1.0000 -1.0000 0.6815 1.6725 0.5984 -4.6250 -13.7849 0.6669 -3.0962 0.4832
Pedestrian 0.0000 0 0.0000 -1.0000 -1.0000 -1.0000 -1.0000 0.6964 1.6530 0.6491 -16.5970 -11.8990 0.6059 3.0897 0.4377
Pedestrian 0.0000 0 0.0000 -1.0000 -1.0000 -1.0000 -1.0000 0.6712 1.6543 0.5699 33.4749 -6.7168 1.0110 0.6377 0.3980
Pedestrian 0.0000 0 0.0000 -1.0000 -1.0000 -1.0000 -1.0000 0.7002 1.6859 0.6263 -46.5548 10.9424 0.9063 3.1197 0.3972
Pedestrian 0.0000 0 0.0000 -1.0000 -1.0000 -1.0000 -1.0000 0.7056 1.6369 0.6831 -17.7685 -9.8694 0.5416 -3.0887 0.3937
Pedestrian 0.0000 0 0.0000 -1.0000 -1.0000 -1.0000 -1.0000 0.7060 1.6682 0.6745 -17.5356 -13.0144 0.6035 -3.1093 0.3481
Pedestrian 0.0000 0 0.0000 -1.0000 -1.0000 -1.0000 -1.0000 0.6832 1.6521 0.6226 -10.4220 -14.8198 0.6135 -1.8708 0.3478
Pedestrian 0.0000 0 0.0000 -1.0000 -1.0000 -1.0000 -1.0000 0.6749 1.6371 0.5987 -0.9641 6.7594 0.9164 3.0883 0.3421
Pedestrian 0.0000 0 0.0000 -1.0000 -1.0000 -1.0000 -1.0000 0.6638 1.6499 0.5610 -27.7980 8.6649 0.9131 3.0438 0.3138
Pedestrian 0.0000 0 0.0000 -1.0000 -1.0000 -1.0000 -1.0000 0.7200 1.6932 0.6736 45.5144 6.9949 0.7922 3.1192 0.3067
