Car 0.0000 0 0.0000 -1.0000 -1.0000 -1.0000 -1.0000 1.9930 1.4951 4.5839 25.2125 -3.5361 1.0320 0.0207 0.7674
Car 0.0000 0 0.0000 -1.0000 -1.0000 -1.0000 -1.0000 2.0278 1.5415 4.5751 12.9417 0.1214 0.9752 -3.1323 0.6501
Car 0.0000 0 0.0000 -1.0000 -1.0000 -1.0000 -1.0000 1.9658 1.5279 4.5673 20.4363 -0.4056 1.0517 0.0269 0.6118
Car 0.0000 0 0.0000 -1.0000 -1.0000 -1.0000 -1.0000 2.0131 1.5209 4.6142 29.2668 3.1362 1.2063 3.1312 0.6098
Car 0.0000 0 0.0000 -1.0000 -1.0000 -1.0000 -1.0000 2.0296 1.8187 4.6611 29.1764 0.5690 1.3620 3.1237 0.5035
Car 0.0000 0 0.0000 -1.0000 -1.0000 -1.0000 -1.0000 1.9532 1.5155 4.5779 -54.1875 0.0302 0.5391 -3.1322 0.5034
Car 0.0000 0 0.0000 -1.0000 -1.0000 -1.0000 -1.0000 1.9978 1.7232 4.7199 -21.1794 -18.2732 0.7703 -1.4850 0.4352
Car 0.0000 0 0.0000 -1.0000 -1.0000 -1.0000 -1.0000 2.1039 2.1701 4.9274 59.7901 23.2618 1.8539 1.7162 0.4117
Car 0.0000 0 0.0000 -1.0000 -1.0000 -1.0000 -1.0000 1.9453 1.8519 4.6865 -23.6008 -27.2978 0.9443 -1.5519 0.3027
Truck 0.0000 0 0.0000 -1.0000 -1.0000 -1.0000 -1.0000 1.8924 2.0080 4.7326 -4.6879 -3.3904 1.0103 -3.1203 0.4798
Truck 0.0000 0 0.0000 -1.0000 -1.0000 -1.0000 -1.0000 2.9377 3.6180 9.3349 63.4509 10.3912 2.5673 2.0944 0.4617
Truck 0.0000 0 0.0000 -1.0000 -1.0000 -1.0000 -1.0000 2.1005 2.1045 5.2563 59.7296 22.5701 1.8438 1.7343 0.3248
Cyclist 0.0000 0 0.0000 -1.0000 -1.0000 -1.0000 -1.0000 0.8117 1.6098 1.7908 -18.1028 -10.5486 0.5667 -3.1339 0.5980
Pedestrian 0.0000 0 0.0000 -1.0000 -1.0000 -1.0000 -1.0000 0.6947 1.7003 0.6442 -29.8697 -6.4450 0.8067 3.0608 0.4631
Pedestrian 0.0000 0 0.0000 -1.0000 -1.0000 -1.0000 -1.0000 0.6684 1.6645 0.5693 -35.4718 16.4609 0.5628 -2.8147 0.3856
