Car 0.0000 0 0.0000 -1.0000 -1.0000 -1.0000 -1.0000 1.9506 1.4222 4.5346 -23.2221 7.1162 0.6248 -3.1305 0.7889
Car 0.0000 0 0.0000 -1.0000 -1.0000 -1.0000 -1.0000 1.9489 1.5034 4.5641 -27.7065 3.1919 0.7488 -3.0893 0.7493
Car 0.0000 0 0.0000 -1.0000 -1.0000 -1.0000 -1.0000 2.0274 1.5960 4.7026 43.3538 -0.7787 0.6366 3.1274 0.7079
Car 0.0000 0 0.0000 -1.0000 -1.0000 -1.0000 -1.0000 1.8717 1.4417 4.4552 -34.8629 6.9551 0.6168 -3.1290 0.7007
Car 0.0000 0 0.0000 -1.0000 -1.0000 -1.0000 -1.0000 1.8878 1.6489 4.4368 -29.0680 7.2337 0.7754 -3.1273 0.6719
Car 0.0000 0 0.0000 -1.0000 -1.0000 -1.0000 -1.0000 1.9034 1.4264 4.4320 -15.1276 6.8807 0.6153 -3.1309 0.5600
Car 0.0000 0 0.0000 -1.0000 -1.0000 -1.0000 -1.0000 1.9087 1.5465 4.4789 28.9550 2.1045 0.6558 3.1278 0.5506
Car 0.0000 0 0.0000 -1.0000 -1.0000 -1.0000 -1.0000 1.9099 1.7831 4.5154 24.7484 10.5943 0.6944 1.2805 0.4755
Car 0.0000 0 0.0000 -1.0000 -1.0000 -1.0000 -1.0000 2.0228 1.6797 4.7601 21.2656 29.1590 0.2941 -3.0813 0.4707
Car 0.0000 0 0.0000 -1.0000 -1.0000 -1.0000 -1.0000 1.9083 1.7237 4.5287 28.2665 10.5949 0.6600 1.5532 0.4523
Car 0.0000 0 0.0000 -1.0000 -1.0000 -1.0000 -1.0000 1.9176 1.4841 4.5687 35.6366 5.7245 0.4886 0.0247 0.4404
Car 0.0000 0 0.0000 -1.0000 -1.0000 -1.0000 -1.0000 1.9228 1.7269 4.5168 5.5769 29.7192 0.3837 -1.0119 0.4323
Car 0.0000 0 0.0000 -1.0000 -1.0000 -1.0000 -1.0000 1.8253 1.6280 4.3726 -41.4150 6.8643 0.7666 -3.1068 0.3944
Car 0.0000 0 0.0000 -1.0000 -1.0000 -1.0000 -1.0000 1.9733 1.6940 4.7517 6.1139 22.6242 0.4357 -1.9653 0.3884
Car 0.0000 0 0.0000 -1.0000 -1.0000 -1.0000 -1.0000 2.1039 1.9267 4.8650 22.2138 15.5685 0.6519 -0.1464 0.3874
Car 0.0000 0 0.0000 -1.0000 -1.0000 -1.0000 -1.0000 1.9221 1.5346 4.5470 23.3139 38.9583 -0.0253 -3.0160 0.3704
Car 0.0000 0 0.0000 -1.0000 -1.0000 -1.0000 -1.0000 1.9527 1.7390 4.6913 6.6733 40.4615 0.2892 1.1217 0.3474
Car 0.0000 0 0.0000 -1.0000 -1.0000 -1.0000 -1.0000 2.0535 1.8388 4.7530 21.3664 22.1220 0.4851 -3.1403 0.3288
Car 0.0000 0 0.0000 -1.0000 -1.0000 -1.0000 -1.0000 1.9380 1.5187 4.5550 49.1380 1.7850 0.5001 0.0071 0.3132
Car 0.0000 0 0.0000 -1.0000 -1.0000 -1.0000 -1.0000 1.9284 1.7036 4.5225 21.5829 25.8955 0.3149 -3.1152 0.3043
Truck 0.0000 0 0.0000 -1.0000 -1.0000 -1.0000 -1.0000 2.4436 2.4943 6.5361 -16.3445 -0.3783 1.3209 -3.1200 0.4168
Cyclist 0.0000 0 0.0000 -1.0000 -1.0000 -1.0000 -1.0000 0.7317 1.5509 1.6706 27.1858 -3.0946 0.7002 0.0180 0.5666
Cyclist 0.0000 0 0.0000 -1.0000 -1.0000 -1.0000 -1.0000 0.7947 1.5174 1.7670 -15.1194 -2.9900 0.7648 0.0093 0.5468
Cyclist 0.0000 0 0.0000 -1.0000 -1.0000 -1.0000 -1.0000 0.7603 1.5368 1.7142 2.3038 -3.2819 0.7300 3.0323 0.5441
Cyclist 0.0000 0 0.0000 -1.0000 -1.0000 -1.0000 -1.0000 0.7336 1.4562 1.7766 13.1487 14.1413 0.3799 1.3712 0.4946
Cyclist 0.0000 0 0.0000 -1.0000 -1.0000 -1.0000 -1.0000 0.7825 1.5389 1.7808 4.0445 -1.6743 0.7245 -0.1250 0.4717
Cyclist 0.0000 0 0.0000 -1.0000 -1.0000 -1.0000 -1.0000 0.7251 1.4597 1.7331 16.8754 9.1481 0.4848 2.9155 0.4548
Cyclist 0.0000 0 0.0000 -1.0000 -1.0000 -1.0000 -1.0000 0.6744 1.1182 1.6812 -18.5904 11.6669 0.4559 -0.0987 0.3912
Cyclist 0.0000 0 0.0000 -1.0000 -1.0000 -1.0000 -1.0000 0.6729 1.1869 1.6944 -0.4287 11.1720 0.4527 -0.4250 0.3760
Cyclist 0.0000 0 0.0000 -1.0000 -1.0000 -1.0000 -1.0000 0.7775 1.3654 1.7923 23.5552 -8.6883 0.7419 -3.0036 0.3406
Cyclist 0.0000 0 0.0000 -1.0000 -1.0000 -1.0000 -1.0000 0.6911 1.1828 1.6567 -4.3154 11.8616 0.5179 -0.1063 0.3204
Cyclist 0.0000 0 0.0000 -1.0000 -1.0000 -1.0000 -1.0000 0.6472 1.1345 1.6507 33.5639 18.1807 0.2955 3.1006 0.3057
Pedestrian 0.0000 0 0.0000 -1.0000 -1.0000 -1.0000 -1.0000 0.6869 1.6115 0.6594 -9.9469 -8.3816 0.9344 -3.1222 0.4783
Pedestrian 0.0000 0 0.0000 -1.0000 -1.0000 -1.0000 -1.0000 0.7144 1.6928 0.6983 -29.1400 -8.5986 1.0802 3.1312 0.4259
Pedestrian 0.0000 0 0.0000 -1.0000 -1.0000 -1.0000 -1.0000 0.7011 1.6420 0.6731 -11.9417 -7.9819 0.9780 -3.1013 0.3684
