Car 0.0000 0 0.0000 -1.0000 -1.0000 -1.0000 -1.0000 1.9818 1.4823 4.4936 15.9930 3.4592 0.7465 -0.0030 0.7703
Car 0.0000 0 0.0000 -1.0000 -1.0000 -1.0000 -1.0000 2.0017 1.5593 4.6358 29.6927 3.3474 0.7963 3.1116 0.7446
Car 0.0000 0 0.0000 -1.0000 -1.0000 -1.0000 -1.0000 1.9215 1.5079 4.4922 14.1087 -0.4754 0.7922 3.1281 0.6861
Car 0.0000 0 0.0000 -1.0000 -1.0000 -1.0000 -1.0000 1.9446 1.4679 4.5098 -23.3285 -0.2410 0.6867 3.1396 0.6740
Car 0.0000 0 0.0000 -1.0000 -1.0000 -1.0000 -1.0000 1.9363 1.5603 4.5181 39.6816 2.8896 0.8279 0.0379 0.6703
Car 0.0000 0 0.0000 -1.0000 -1.0000 -1.0000 -1.0000 1.9668 1.5344 4.6263 25.6061 6.5135 0.6543 0.0035 0.6600
Car 0.0000 0 0.0000 -1.0000 -1.0000 -1.0000 -1.0000 1.9289 1.4537 4.4556 -3.4740 3.5514 0.6277 3.1364 0.6320
Car 0.0000 0 0.0000 -1.0000 -1.0000 -1.0000 -1.0000 1.8909 1.6957 4.4377 -15.7589 -0.6570 0.8626 3.1238 0.5944
Car 0.0000 0 0.0000 -1.0000 -1.0000 -1.0000 -1.0000 1.9727 1.5536 4.6164 -46.0926 3.4582 0.5831 3.1372 0.5905
Car 0.0000 0 0.0000 -1.0000 -1.0000 -1.0000 -1.0000 1.9226 1.6010 4.5179 56.8018 3.4628 0.9080 0.0292 0.5033
Car 0.0000 0 0.0000 -1.0000 -1.0000 -1.0000 -1.0000 1.8286 1.5097 4.4309 -66.2349 3.3256 0.5380 -3.1104 0.4970
Car 0.0000 0 0.0000 -1.0000 -1.0000 -1.0000 -1.0000 1.9430 1.6329 4.6591 31.1569 20.2377 0.5234 -1.4255 0.4544
Car 0.0000 0 0.0000 -1.0000 -1.0000 -1.0000 -1.0000 1.9220 1.5472 4.6287 -10.0964 23.5830 0.3885 -1.4058 0.4239
Car 0.0000 0 0.0000 -1.0000 -1.0000 -1.0000 -1.0000 1.8694 1.5132 4.4846 -56.7652 0.8453 0.5329 -3.1236 0.4034
Car 0.0000 0 0.0000 -1.0000 -1.0000 -1.0000 -1.0000 1.8298 1.5794 4.4623 -45.4199 12.3892 0.2730 -0.0102 0.4030
Car 0.0000 0 0.0000 -1.0000 -1.0000 -1.0000 -1.0000 1.9115 1.7208 4.5063 -36.7554 -0.4841 0.8069 0.0298 0.3867
Car 0.0000 0 0.0000 -1.0000 -1.0000 -1.0000 -1.0000 1.8050 1.4828 4.3313 -28.4190 12.2029 0.2741 -3.0042 0.3748
Car 0.0000 0 0.0000 -1.0000 -1.0000 -1.0000 -1.0000 1.9714 1.5757 4.7420 34.8112 21.5572 0.5366 -1.4921 0.3616
Car 0.0000 0 0.0000 -1.0000 -1.0000 -1.0000 -1.0000 1.9648 1.5461 4.6479 -28.7531 37.8660 -0.2749 2.4740 0.3556
Car 0.0000 0 0.0000 -1.0000 -1.0000 -1.0000 -1.0000 2.0222 2.0650 4.7803 -14.2615 21.9872 0.6327 -1.4334 0.3445
Car 0.0000 0 0.0000 -1.0000 -1.0000 -1.0000 -1.0000 1.9120 1.5925 4.5257 32.7494 -0.0399 0.8471 0.0089 0.3444
Car 0.0000 0 0.0000 -1.0000 -1.0000 -1.0000 -1.0000 1.8960 1.5030 4.5934 -18.2498 21.9372 0.3114 -1.3823 0.3163
Truck 0.0000 0 0.0000 -1.0000 -1.0000 -1.0000 -1.0000 2.9287 3.0931 11.3096 43.3486 6.6112 1.4702 0.1050 0.7000
Truck 0.0000 0 0.0000 -1.0000 -1.0000 -1.0000 -1.0000 2.8849 3.4321 9.9671 78.7716 0.4555 1.6730 -3.1189 0.3244
Cyclist 0.0000 0 0.0000 -1.0000 -1.0000 -1.0000 -1.0000 0.7637 1.5449 1.6955 -14.6673 -9.1075 0.8814 3.1260 0.4849
Cyclist 0.0000 0 0.0000 -1.0000 -1.0000 -1.0000 -1.0000 0.7169 1.5409 1.6641 -4.2954 -6.8079 0.8731 0.0037 0.4843
Cyclist 0.0000 0 0.0000 -1.0000 -1.0000 -1.0000 -1.0000 0.7081 1.2809 1.6714 -8.7680 -11.1487 0.8749 -0.0898 0.3853
Cyclist 0.0000 0 0.0000 -1.0000 -1.0000 -1.0000 -1.0000 0.6831 1.3785 1.6525 -8.1861 -8.7795 0.8279 0.0047 0.3450
Cyclist 0.0000 0 0.0000 -1.0000 -1.0000 -1.0000 -1.0000 0.7396 1.5253 1.6716 -13.6755 -6.7848 0.8667 0.0236 0.3286
Pedestrian 0.0000 0 0.0000 -1.0000 -1.0000 -1.0000 -1.0000 0.6996 1.6395 0.6662 4.2196 -12.7079 1.2647 3.0909 0.4548
Pedestrian 0.0000 0 0.0000 -1.0000 -1.0000 -1.0000 -1.0000 0.6940 1.6384 0.6131 -10.6240 -12.8782 1.1361 3.1082 0.3927
Pedestrian 0.0000 0 0.0000 -1.0000 -1.0000 -1.0000 -1.0000 0.6869 1.6444 0.5961 38.9797 -6.2889 0.9657 0.0265 0.3072
Pedestrian 0.0000 0 0.0000 -1.0000 -1.0000 -1.0000 -1.0000 0.7124 1.6539 0.6257 20.4831 -10.9149 1.2956 -3.1040 0.3069
