Car 0.0000 0 0.0000 -1.0000 -1.0000 -1.0000 -1.0000 2.0797 1.9576 4.8430 -11.9009 -10.6042 0.8461 0.0176 0.7120
Car 0.0000 0 0.0000 -1.0000 -1.0000 -1.0000 -1.0000 2.0323 1.6403 4.6611 -9.3138 -2.8880 0.7726 -0.0054 0.7111
Car 0.0000 0 0.0000 -1.0000 -1.0000 -1.0000 -1.0000 1.8991 1.4748 4.4981 -36.7655 10.3868 0.4570 -3.0710 0.6779
Car 0.0000 0 0.0000 -1.0000 -1.0000 -1.0000 -1.0000 1.9818 1.5680 4.5120 -20.8006 -0.5691 0.7079 -3.0993 0.5958
Car 0.0000 0 0.0000 -1.0000 -1.0000 -1.0000 -1.0000 1.9337 1.5127 4.5361 -42.2614 10.4039 0.4607 -0.0340 0.5407
Car 0.0000 0 0.0000 -1.0000 -1.0000 -1.0000 -1.0000 1.8451 1.4079 4.3590 -18.4017 11.0953 0.4050 -3.1392 0.5222
Car 0.0000 0 0.0000 -1.0000 -1.0000 -1.0000 -1.0000 1.8760 1.6772 4.4297 -18.8969 -10.9134 0.6640 -3.0862 0.5187
Car 0.0000 0 0.0000 -1.0000 -1.0000 -1.0000 -1.0000 1.9293 1.5630 4.5318 -24.6503 -11.0754 0.6233 -3.1196 0.5065
Car 0.0000 0 0.0000 -1.0000 -1.0000 -1.0000 -1.0000 2.0314 1.5621 4.7499 -82.8615 -4.2099 0.2575 -3.1196 0.4714
Car 0.0000 0 0.0000 -1.0000 -1.0000 -1.0000 -1.0000 1.8794 1.4384 4.4498 -25.1969 10.7908 0.3889 -3.1333 0.4249
Car 0.0000 0 0.0000 -1.0000 -1.0000 -1.0000 -1.0000 1.9457 1.5159 4.5488 -3.9494 5.6019 0.6547 -3.1120 0.4213
Car 0.0000 0 0.0000 -1.0000 -1.0000 -1.0000 -1.0000 1.9153 1.8691 4.5531 -7.8158 -14.4614 0.8476 1.6074 0.3845
Car 0.0000 0 0.0000 -1.0000 -1.0000 -1.0000 -1.0000 2.0269 1.4920 4.6739 39.5252 1.9131 0.9525 -3.1000 0.3651
Car 0.0000 0 0.0000 -1.0000 -1.0000 -1.0000 -1.0000 2.0092 1.7039 4.7436 46.7357 2.2746 1.1132 0.0401 0.3549
Truck 0.0000 0 0.0000 -1.0000 -1.0000 -1.0000 -1.0000 2.7891 3.0715 10.4575 34.3594 -0.5920 1.7428 0.0166 0.4863
Cyclist 0.0000 0 0.0000 -1.0000 -1.0000 -1.0000 -1.0000 0.7468 1.5795 1.6930 7.3582 10.2526 0.5237 -3.0666 0.4899
Cyclist 0.0000 0 0.0000 -1.0000 -1.0000 -1.0000 -1.0000 0.7542 1.5831 1.7112 -30.2540 -9.3440 0.5934 -3.0953 0.4848
Cyclist 0.0000 0 0.0000 -1.0000 -1.0000 -1.0000 -1.0000 0.6816 1.2742 1.7238 9.1153 -12.2171 0.7799 1.5133 0.4655
Cyclist 0.0000 0 0.0000 -1.0000 -1.0000 -1.0000 -1.0000 0.8353 1.4677 1.8987 23.3966 15.0347 0.6821 -0.0186 0.3802
Cyclist 0.0000 0 0.0000 -1.0000 -1.0000 -1.0000 -1.0000 0.7328 1.5564 1.6767 23.2283 -10.7107 0.8751 3.0995 0.3587
Cyclist 0.0000 0 0.0000 -1.0000 -1.0000 -1.0000 -1.0000 0.7023 1.3551 1.7033 39.2334 14.0951 0.5332 -3.1007 0.3561
Cyclist 0.0000 0 0.0000 -1.0000 -1.0000 -1.0000 -1.0000 0.6725 1.1473 1.6747 16.3752 -13.7421 0.8452 -1.5801 0.3338
Cyclist 0.0000 0 0.0000 -1.0000 -1.0000 -1.0000 -1.0000 0.6564 1.1437 1.6569 35.8868 -9.9009 0.8020 0.0397 0.3119
Pedestrian 0.0000 0 0.0000 -1.0000 -1.0000 -1.0000 -1.0000 0.7031 1.6503 0.6643 -16.8454 14.0230 0.6547 -3.1169 0.4314
Pedestrian 0.0000 0 0.0000 -1.0000 -1.0000 -1.0000 -1.0000 0.6889 1.7716 0.6151 8.5740 -18.2696 1.4022 1.5246 0.3180
