Car 0.0000 0 0.0000 -1.0000 -1.0000 -1.0000 -1.0000 2.0652 1.6059 4.6675 -23.2392 -3.4119 0.6924 -0.0035 0.7755
Car 0.0000 0 0.0000 -1.0000 -1.0000 -1.0000 -1.0000 1.8899 1.4988 4.4451 -29.9389 -3.2768 0.5895 -0.0085 0.6554
Car 0.0000 0 0.0000 -1.0000 -1.0000 -1.0000 -1.0000 1.8512 1.4620 4.4786 -35.8101 -3.4413 0.5293 0.0221 0.6206
Car 0.0000 0 0.0000 -1.0000 -1.0000 -1.0000 -1.0000 1.9933 1.4906 4.6718 -18.8302 3.2547 0.6312 0.0389 0.6089
Car 0.0000 0 0.0000 -1.0000 -1.0000 -1.0000 -1.0000 1.8695 1.4351 4.4166 4.1400 -5.3828 0.7393 -3.0688 0.5899
Car 0.0000 0 0.0000 -1.0000 -1.0000 -1.0000 -1.0000 1.9147 1.4709 4.4615 -0.9475 -6.0844 0.7651 -3.0944 0.5703
Car 0.0000 0 0.0000 -1.0000 -1.0000 -1.0000 -1.0000 1.8431 1.4465 4.4736 -46.4936 -3.6407 0.4171 0.0517 0.4902
Car 0.0000 0 0.0000 -1.0000 -1.0000 -1.0000 -1.0000 1.9126 1.4889 4.5351 -53.7768 -3.5175 0.4483 -3.0939 0.4084
Car 0.0000 0 0.0000 -1.0000 -1.0000 -1.0000 -1.0000 1.8760 2.0551 4.3139 45.4438 -2.4275 1.5439 3.0343 0.3704
Car 0.0000 0 0.0000 -1.0000 -1.0000 -1.0000 -1.0000 1.9116 1.8077 4.5851 67.4222 1.0929 1.4777 1.5616 0.3690
Car 0.0000 0 0.0000 -1.0000 -1.0000 -1.0000 -1.0000 1.8581 1.5659 4.4184 -27.2848 14.2384 0.6269 -1.3292 0.3246
Car 0.0000 0 0.0000 -1.0000 -1.0000 -1.0000 -1.0000 1.8705 1.4830 4.5530 -41.5664 -3.5616 0.4908 0.0266 0.3071
Truck 0.0000 0 0.0000 -1.0000 -1.0000 -1.0000 -1.0000 2.9690 3.1846 9.6108 -2.7556 3.5989 1.5859 -3.1391 0.5797
Cyclist 0.0000 0 0.0000 -1.0000 -1.0000 -1.0000 -1.0000 0.7399 1.5172 1.7351 -33.9137 -1.0208 0.5787 -0.0146 0.5775
Cyclist 0.0000 0 0.0000 -1.0000 -1.0000 -1.0000 -1.0000 0.7895 1.5841 1.7609 47.8956 -4.3023 1.4186 1.5204 0.4230
Cyclist 0.0000 0 0.0000 -1.0000 -1.0000 -1.0000 -1.0000 0.6944 1.4929 1.6678 35.4622 7.1738 0.9381 2.9818 0.3995
Cyclist 0.0000 0 0.0000 -1.0000 -1.0000 -1.0000 -1.0000 0.6930 1.1714 1.6908 -33.0209 10.3746 0.3137 2.0222 0.3362
Cyclist 0.0000 0 0.0000 -1.0000 -1.0000 -1.0000 -1.0000 0.6751 1.1273 1.6674 -32.0382 10.2728 0.3579 -1.1857 0.3117
Cyclist 0.0000 0 0.0000 -1.0000 -1.0000 -1.0000 -1.0000 0.7153 1.5188 1.7104 -58.6662 -2.1055 0.4129 0.0019 0.3011
