Car 0.0000 0 0.0000 -1.0000 -1.0000 -1.0000 -1.0000 2.0625 1.4816 4.6403 -12.5188 -3.2493 0.7411 -3.1187 0.8542
Car 0.0000 0 0.0000 -1.0000 -1.0000 -1.0000 -1.0000 2.0018 1.4203 4.5344 -39.1620 -3.5516 0.7784 0.0191 0.7962
Car 0.0000 0 0.0000 -1.0000 -1.0000 -1.0000 -1.0000 2.0343 1.7684 4.5398 23.3403 -1.0837 1.0400 -3.1286 0.7788
Car 0.0000 0 0.0000 -1.0000 -1.0000 -1.0000 -1.0000 1.9619 1.4676 4.4804 -32.0556 -7.2128 0.7660 3.1386 0.7437
Car 0.0000 0 0.0000 -1.0000 -1.0000 -1.0000 -1.0000 1.8571 1.4480 4.3181 39.1093 -4.6648 1.0143 0.0389 0.7368
Car 0.0000 0 0.0000 -1.0000 -1.0000 -1.0000 -1.0000 1.9294 1.5573 4.4934 50.3923 -7.3158 1.1299 0.0633 0.6543
Car 0.0000 0 0.0000 -1.0000 -1.0000 -1.0000 -1.0000 1.9726 1.4610 4.5694 3.9954 9.4107 0.5602 -0.0183 0.5356
Car 0.0000 0 0.0000 -1.0000 -1.0000 -1.0000 -1.0000 1.9743 1.5873 4.6404 75.6120 11.1357 1.4005 3.1341 0.5213
Car 0.0000 0 0.0000 -1.0000 -1.0000 -1.0000 -1.0000 1.9756 1.4738 4.5324 -3.0115 -3.7906 0.7527 3.1391 0.5095
Car 0.0000 0 0.0000 -1.0000 -1.0000 -1.0000 -1.0000 1.8702 1.6306 4.3769 -37.3787 6.8129 0.8642 -3.1226 0.4769
Car 0.0000 0 0.0000 -1.0000 -1.0000 -1.0000 -1.0000 1.9915 1.4527 4.6037 -34.1898 -0.0993 0.7849 -0.0037 0.4660
Car 0.0000 0 0.0000 -1.0000 -1.0000 -1.0000 -1.0000 1.9402 1.7374 4.6002 -6.7240 28.7528 0.3185 0.0344 0.3944
Truck 0.0000 0 0.0000 -1.0000 -1.0000 -1.0000 -1.0000 2.9483 3.3420 9.0990 28.3181 29.4125 1.1512 -3.0664 0.6816
Truck 0.0000 0 0.0000 -1.0000 -1.0000 -1.0000 -1.0000 3.0678 3.7948 9.6572 8.1145 28.9307 1.2688 -3.1179 0.6415
Cyclist 0.0000 0 0.0000 -1.0000 -1.0000 -1.0000 -1.0000 0.7817 1.6008 1.7213 -3.2611 25.5164 0.2242 -0.0092 0.3678
