Car 0.0000 0 0.0000 -1.0000 -1.0000 -1.0000 -1.0000 2.0004 1.5457 4.6164 -49.2429 -4.9745 0.7175 -0.0527 0.6396
Car 0.0000 0 0.0000 -1.0000 -1.0000 -1.0000 -1.0000 1.9464 1.6999 4.5923 49.8415 -14.5553 1.2684 1.3815 0.5441
Car 0.0000 0 0.0000 -1.0000 -1.0000 -1.0000 -1.0000 1.9072 1.5435 4.5518 48.0916 25.5234 0.5127 -1.5726 0.4736
Car 0.0000 0 0.0000 -1.0000 -1.0000 -1.0000 -1.0000 2.2156 2.6303 5.1561 8.9474 10.0215 1.2049 -0.0576 0.3668
Car 0.0000 0 0.0000 -1.0000 -1.0000 -1.0000 -1.0000 1.8816 1.5662 4.5438 58.7667 -23.4114 1.1777 1.5775 0.3306
Truck 0.0000 0 0.0000 -1.0000 -1.0000 -1.0000 -1.0000 2.1488 2.1519 5.5000 -13.3961 -0.2784 1.0776 3.1401 0.4653
Truck 0.0000 0 0.0000 -1.0000 -1.0000 -1.0000 -1.0000 2.1809 2.3230 5.6533 57.3644 23.1811 1.0533 1.5084 0.3938
Truck 0.0000 0 0.0000 -1.0000 -1.0000 -1.0000 -1.0000 2.3375 2.6023 5.8743 13.6055 1.7390 1.4039 -2.6538 0.3848
Truck 0.0000 0 0.0000 -1.0000 -1.0000 -1.0000 -1.0000 2.0849 2.0740 5.3896 7.5194 -0.2734 1.1751 0.0749 0.3579
Truck 0.0000 0 0.0000 -1.0000 -1.0000 -1.0000 -1.0000 2.4498 2.8957 6.1451 -34.0834 8.3033 1.1777 -0.0035 0.3179
Tricar 0.0000 0 0.0000 -1.0000 -1.0000 -1.0000 -1.0000 1.2673 1.7273 3.2124 -23.2834 -7.8043 0.7797 -0.1245 0.6021
Tricar 0.0000 0 0.0000 -1.0000 -1.0000 -1.0000 -1.0000 1.2910 1.7246 2.9309 30.8945 -11.9315 1.1203 -1.2842 0.3515
Tricar 0.0000 0 0.0000 -1.0000 -1.0000 -1.0000 -1.0000 2.2923 2.7069 4.7924 -33.3640 8.3516 1.1399 -3.1415 0.3457
Cyclist 0.0000 0 0.0000 -1.0000 -1.0000 -1.0000 -1.0000 0.7366 1.3458 1.7617 37.9211 22.9806 0.5077 1.8022 0.3046
