Car 0.0000 0 0.0000 -1.0000 -1.0000 -1.0000 -1.0000 1.9489 1.4373 4.5300 -1.2199 4.3272 0.7024 0.0044 0.8168
Car 0.0000 0 0.0000 -1.0000 -1.0000 -1.0000 -1.0000 2.0584 1.7951 4.7221 8.1552 4.0781 0.8851 0.0495 0.7417
Car 0.0000 0 0.0000 -1.0000 -1.0000 -1.0000 -1.0000 1.9178 1.4716 4.5699 -13.9670 2.8871 0.7171 -3.1338 0.7103
Car 0.0000 0 0.0000 -1.0000 -1.0000 -1.0000 -1.0000 1.8975 1.5401 4.5121 -25.4780 3.4370 0.7836 3.1189 0.6786
Car 0.0000 0 0.0000 -1.0000 -1.0000 -1.0000 -1.0000 1.8931 1.4623 4.4786 27.3945 5.2961 0.5917 0.0169 0.6560
Car 0.0000 0 0.0000 -1.0000 -1.0000 -1.0000 -1.0000 1.9204 1.4673 4.5733 1.3578 -29.3765 0.8803 1.6588 0.6342
Car 0.0000 0 0.0000 -1.0000 -1.0000 -1.0000 -1.0000 1.9349 1.4562 4.5991 8.0095 -23.7511 0.8024 -1.5732 0.6304
Car 0.0000 0 0.0000 -1.0000 -1.0000 -1.0000 -1.0000 1.9477 1.5927 4.6231 5.1519 -24.0621 0.8482 1.5629 0.6133
Car 0.0000 0 0.0000 -1.0000 -1.0000 -1.0000 -1.0000 1.9785 1.6912 4.6091 17.4227 2.6830 0.7650 0.0718 0.5616
Car 0.0000 0 0.0000 -1.0000 -1.0000 -1.0000 -1.0000 1.8991 1.5031 4.5349 17.5038 5.1040 0.6595 0.0418 0.4929
Car 0.0000 0 0.0000 -1.0000 -1.0000 -1.0000 -1.0000 1.9047 1.4674 4.5151 2.3240 -23.2491 0.7652 -1.6109 0.4348
Car 0.0000 0 0.0000 -1.0000 -1.0000 -1.0000 -1.0000 2.1063 1.9268 4.7945 -11.4216 -0.3086 0.9750 -3.1091 0.4332
Car 0.0000 0 0.0000 -1.0000 -1.0000 -1.0000 -1.0000 1.9116 1.7896 4.4894 17.5129 -0.1518 0.8821 0.1674 0.4244
Car 0.0000 0 0.0000 -1.0000 -1.0000 -1.0000 -1.0000 1.8738 1.4875 4.5640 -52.5200 2.4852 0.8100 0.0076 0.3702
Car 0.0000 0 0.0000 -1.0000 -1.0000 -1.0000 -1.0000 1.9352 1.4960 4.4795 64.8565 4.3225 -0.1063 0.0883 0.3338
Car 0.0000 0 0.0000 -1.0000 -1.0000 -1.0000 -1.0000 1.9482 1.5263 4.5850 -34.9113 0.2974 0.7274 -0.0387 0.3309
Car 0.0000 0 0.0000 -1.0000 -1.0000 -1.0000 -1.0000 1.9006 1.4881 4.5741 7.2829 -29.7074 0.9178 1.5960 0.3270
Tricar 0.0000 0 0.0000 -1.0000 -1.0000 -1.0000 -1.0000 1.3282 1.9044 2.9168 12.2284 12.2698 0.8401 0.0817 0.4793
Tricar 0.0000 0 0.0000 -1.0000 -1.0000 -1.0000 -1.0000 1.2581 1.8229 2.8264 -1.5708 8.9392 0.8900 0.6294 0.4511
Tricar 0.0000 0 0.0000 -1.0000 -1.0000 -1.0000 -1.0000 1.2972 1.6416 2.7713 -29.8414 -2.8787 0.8746 -3.1400 0.3806
Tricar 0.0000 0 0.0000 -1.0000 -1.0000 -1.0000 -1.0000 1.2915 1.7470 2.7856 11.7204 7.6176 0.8464 -3.0111 0.3482
Cyclist 0.0000 0 0.0000 -1.0000 -1.0000 -1.0000 -1.0000 0.8172 1.5812 1.7620 12.3526 14.7713 0.6771 -2.9955 0.5332
Cyclist 0.0000 0 0.0000 -1.0000 -1.0000 -1.0000 -1.0000 0.7181 1.5152 1.6690 -22.6071 -2.5996 0.7762 0.0079 0.4722
Cyclist 0.0000 0 0.0000 -1.0000 -1.0000 -1.0000 -1.0000 0.7844 1.5292 1.7695 17.3185 -7.4067 0.7127 -2.7178 0.4563
Cyclist 0.0000 0 0.0000 -1.0000 -1.0000 -1.0000 -1.0000 0.8490 1.5710 1.8055 12.0624 8.9517 0.7357 0.0755 0.3956
Cyclist 0.0000 0 0.0000 -1.0000 -1.0000 -1.0000 -1.0000 0.7034 1.2999 1.7596 -8.9129 12.3766 0.5259 -1.3698 0.3943
Cyclist 0.0000 0 0.0000 -1.0000 -1.0000 -1.0000 -1.0000 0.7952 1.5869 1.8245 7.6720 -11.9777 0.7992 -1.6343 0.3436
Cyclist 0.0000 0 0.0000 -1.0000 -1.0000 -1.0000 -1.0000 0.7010 1.2885 1.7498 -1.3628 18.6526 0.5116 -1.3675 0.3430
Cyclist 0.0000 0 0.0000 -1.0000 -1.0000 -1.0000 -1.0000 0.8685 1.5884 1.8254 13.5391 10.2201 0.6823 -3.0356 0.3253
Pedestrian 0.0000 0 0.0000 -1.0000 -1.0000 -1.0000 -1.0000 0.6824 1.6714 0.6259 10.8516 -8.6436 0.8784 0.9742 0.6280
Pedestrian 0.0000 0 0.0000 -1.0000 -1.0000 -1.0000 -1.0000 0.6807 1.6794 0.6012 2.6931 12.5504 0.7836 0.0254 0.5668
Pedestrian 0.0000 0 0.0000 -1.0000 -1.0000 -1.0000 -1.0000 0.6781 1.6599 0.6236 -8.4181 8.5419 0.7893 2.4672 0.5523
Pedestrian 0.0000 0 0.0000 -1.0000 -1.0000 -1.0000 -1.0000 0.6803 1.6486 0.6307 21.5339 -5.0785 0.8017 0.2451 0.5389
Pedestrian 0.0000 0 0.0000 -1.0000 -1.0000 -1.0000 -1.0000 0.6909 1.6694 0.6195 5.2661 17.7083 0.8039 0.1394 0.4934
Pedestrian 0.0000 0 0.0000 -1.0000 -1.0000 -1.0000 -1.0000 0.6973 1.6706 0.6760 -4.2482 -18.6635 0.8289 2.4579 0.4497
Pedestrian 0.0000 0 0.0000 -1.0000 -1.0000 -1.0000 -1.0000 0.6883 1.6493 0.6190 12.4524 -10.8710 0.8129 -2.2727 0.3976
Pedestrian 0.0000 0 0.0000 -1.0000 -1.0000 -1.0000 -1.0000 0.7155 1.6688 0.6910 5.2267 -11.8115 0.8465 1.2081 0.3866
Pedestrian 0.0000 0 0.0000 -1.0000 -1.0000 -1.0000 -1.0000 0.7034 1.6922 0.6791 -1.0972 23.3944 0.8352 1.5864 0.3812
Pedestrian 0.0000 0 0.0000 -1.0000 -1.0000 -1.0000 -1.0000 0.6991 1.6568 0.6983 6.2589 -10.1981 0.8752 -1.8889 0.3669
Pedestrian 0.0000 0 0.0000 -1.0000 -1.0000 -1.0000 -1.0000 0.6829 1.6881 0.5996 -4.9426 15.8071 0.7627 2.6455 0.3563
Pedestrian 0.0000 0 0.0000 -1.0000 -1.0000 -1.0000 -1.0000 0.6637 1.6326 0.5696 -14.4970 10.9086 0.7075 3.1256 0.3527
Pedestrian 0.0000 0 0.0000 -1.0000 -1.0000 -1.0000 -1.0000 0.7072 1.6663 0.6728 -1.0512 22.6065 0.8206 1.3981 0.3416
Pedestrian 0.0000 0 0.0000 -1.0000 -1.0000 -1.0000 -1.0000 0.6799 1.6522 0.6001 10.7476 -10.1430 0.8287 -2.0679 0.3267
Pedestrian 0.0000 0 0.0000 -1.0000 -1.0000 -1.0000 -1.0000 0.7014 1.7628 0.6114 -1.3920 -34.9357 1.2079 -2.4974 0.3107
Pedestrian 0.0000 0 0.0000 -1.0000 -1.0000 -1.0000 -1.0000 0.7199 1.6765 0.6642 39.4341 -10.7135 0.3890 -3.0794 0.3080
