Car 0.0000 0 0.0000 -1.0000 -1.0000 -1.0000 -1.0000 1.9715 1.4839 4.6278 -40.8633 21.4744 0.0113 -0.9537 0.5557
Car 0.0000 0 0.0000 -1.0000 -1.0000 -1.0000 -1.0000 1.8904 1.5228 4.4965 10.6334 -35.4508 1.0382 -0.9711 0.5373
Car 0.0000 0 0.0000 -1.0000 -1.0000 -1.0000 -1.0000 1.9542 1.5808 4.6496 -49.1895 33.2924 -0.3218 -0.9261 0.5108
Car 0.0000 0 0.0000 -1.0000 -1.0000 -1.0000 -1.0000 1.9900 1.6514 4.6465 -59.0468 -8.2259 -0.3010 -0.0440 0.5050
Car 0.0000 0 0.0000 -1.0000 -1.0000 -1.0000 -1.0000 1.9840 1.5347 4.7251 -45.0856 27.4891 -0.2298 -0.9649 0.4971
Car 0.0000 0 0.0000 -1.0000 -1.0000 -1.0000 -1.0000 2.0652 1.7273 4.6781 9.5511 7.4389 1.0130 -2.8134 0.4720
Car 0.0000 0 0.0000 -1.0000 -1.0000 -1.0000 -1.0000 1.9737 1.9238 4.6191 16.4832 9.0594 1.2530 0.3782 0.4110
Car 0.0000 0 0.0000 -1.0000 -1.0000 -1.0000 -1.0000 1.9157 1.9487 4.5254 14.8803 2.7556 1.2045 0.3924 0.3441
Car 0.0000 0 0.0000 -1.0000 -1.0000 -1.0000 -1.0000 2.0886 2.0527 4.9757 -48.2963 -20.7202 0.1267 0.0128 0.3338
Car 0.0000 0 0.0000 -1.0000 -1.0000 -1.0000 -1.0000 1.9029 2.0646 4.4879 20.5507 -0.3271 1.2802 0.4732 0.3188
Car 0.0000 0 0.0000 -1.0000 -1.0000 -1.0000 -1.0000 2.0226 1.9284 4.7551 22.3732 11.2659 1.3447 0.3372 0.3095
Truck 0.0000 0 0.0000 -1.0000 -1.0000 -1.0000 -1.0000 2.9923 3.7440 9.7397 35.5992 7.2032 2.5597 0.3247 0.5310
Truck 0.0000 0 0.0000 -1.0000 -1.0000 -1.0000 -1.0000 2.3727 2.3921 6.0267 9.3060 -8.3564 1.2706 1.0779 0.5100
Truck 0.0000 0 0.0000 -1.0000 -1.0000 -1.0000 -1.0000 2.4281 2.4196 6.2909 -47.8186 -8.9556 0.0965 -3.1409 0.5049
Truck 0.0000 0 0.0000 -1.0000 -1.0000 -1.0000 -1.0000 2.8877 3.2668 11.5186 16.5235 -33.4672 1.9210 2.2747 0.4555
Truck 0.0000 0 0.0000 -1.0000 -1.0000 -1.0000 -1.0000 2.5891 2.9129 6.8288 -48.5837 -16.3398 0.4198 -0.0141 0.4386
Truck 0.0000 0 0.0000 -1.0000 -1.0000 -1.0000 -1.0000 1.8404 1.9011 4.4508 20.5417 -0.4980 1.3455 0.4823 0.3741
Truck 0.0000 0 0.0000 -1.0000 -1.0000 -1.0000 -1.0000 2.0714 2.1462 5.4200 -48.7457 -20.3852 0.0101 -0.0388 0.3530
Truck 0.0000 0 0.0000 -1.0000 -1.0000 -1.0000 -1.0000 2.4125 2.5164 6.2212 -49.3810 -12.9284 0.1439 -0.0608 0.3395
Truck 0.0000 0 0.0000 -1.0000 -1.0000 -1.0000 -1.0000 1.8767 1.9133 4.5903 14.4730 2.5469 1.2481 0.3987 0.3282
Truck 0.0000 0 0.0000 -1.0000 -1.0000 -1.0000 -1.0000 2.6913 3.0956 7.3302 -48.2265 26.5836 0.5451 -0.9444 0.3261
Tricar 0.0000 0 0.0000 -1.0000 -1.0000 -1.0000 -1.0000 1.3285 1.7201 3.2835 -35.6693 -23.5388 0.2128 -0.0527 0.6345
Tricar 0.0000 0 0.0000 -1.0000 -1.0000 -1.0000 -1.0000 1.2707 1.5334 3.0154 -64.4789 -0.9953 -0.6705 -0.0679 0.3047
Cyclist 0.0000 0 0.0000 -1.0000 -1.0000 -1.0000 -1.0000 0.7296 1.4593 1.7296 5.0924 13.1465 0.5654 -2.8318 0.6181
Cyclist 0.0000 0 0.0000 -1.0000 -1.0000 -1.0000 -1.0000 0.7876 1.5477 1.8113 -36.0383 -6.6204 0.1252 -0.9836 0.5558
Cyclist 0.0000 0 0.0000 -1.0000 -1.0000 -1.0000 -1.0000 0.7663 1.5367 1.7685 7.8943 13.1969 0.6844 0.3201 0.4798
Cyclist 0.0000 0 0.0000 -1.0000 -1.0000 -1.0000 -1.0000 0.7142 1.5531 1.7070 -21.5641 34.5735 -0.0723 -0.8517 0.4597
