Car 0.0000 0 0.0000 -1.0000 -1.0000 -1.0000 -1.0000 1.9854 1.9476 4.4796 14.7549 -3.1604 1.0864 -3.1367 0.7310
Car 0.0000 0 0.0000 -1.0000 -1.0000 -1.0000 -1.0000 1.9753 1.4823 4.5624 -48.1137 -3.0397 0.5599 -0.0013 0.7168
Car 0.0000 0 0.0000 -1.0000 -1.0000 -1.0000 -1.0000 1.9806 1.4153 4.5314 -11.2656 -2.9814 0.6806 0.0053 0.6293
Car 0.0000 0 0.0000 -1.0000 -1.0000 -1.0000 -1.0000 2.0692 1.5794 4.7071 -47.3995 0.1854 0.6915 -0.0326 0.5057
Car 0.0000 0 0.0000 -1.0000 -1.0000 -1.0000 -1.0000 1.9253 1.5001 4.5867 -13.1178 29.5257 0.2003 -1.6248 0.4596
Car 0.0000 0 0.0000 -1.0000 -1.0000 -1.0000 -1.0000 1.8903 1.5048 4.4422 -1.4692 13.6959 0.4424 3.1249 0.4390
Car 0.0000 0 0.0000 -1.0000 -1.0000 -1.0000 -1.0000 2.0164 1.5784 4.8227 51.6407 -0.3147 1.2585 2.9564 0.3997
Car 0.0000 0 0.0000 -1.0000 -1.0000 -1.0000 -1.0000 1.9505 1.5475 4.6786 59.0089 -5.7354 1.1849 2.1176 0.3432
Tricar 0.0000 0 0.0000 -1.0000 -1.0000 -1.0000 -1.0000 1.3498 1.6708 3.3578 16.4640 -10.5579 1.0335 -0.0321 0.6711
Cyclist 0.0000 0 0.0000 -1.0000 -1.0000 -1.0000 -1.0000 0.7786 1.5910 1.7026 37.0275 -14.8597 1.1394 2.7497 0.4589
