Car 0.0000 0 0.0000 -1.0000 -1.0000 -1.0000 -1.0000 2.0402 1.4912 4.6362 35.4583 -14.4492 0.7058 0.0173 0.8329
Car 0.0000 0 0.0000 -1.0000 -1.0000 -1.0000 -1.0000 1.9990 1.4601 4.5091 27.4000 1.1691 0.9867 -3.1393 0.8062
Car 0.0000 0 0.0000 -1.0000 -1.0000 -1.0000 -1.0000 2.0068 1.5337 4.5782 -12.2831 -11.8060 0.3630 -0.0224 0.7901
Car 0.0000 0 0.0000 -1.0000 -1.0000 -1.0000 -1.0000 2.0305 1.4422 4.6530 -31.8710 -11.7891 0.0785 -0.0455 0.7380
Car 0.0000 0 0.0000 -1.0000 -1.0000 -1.0000 -1.0000 1.9878 1.6040 4.5283 55.7808 -13.1432 0.9806 0.0714 0.7367
Car 0.0000 0 0.0000 -1.0000 -1.0000 -1.0000 -1.0000 1.9699 1.7999 4.5228 11.8939 -8.2431 0.7529 0.0099 0.6490
Car 0.0000 0 0.0000 -1.0000 -1.0000 -1.0000 -1.0000 1.9193 1.5360 4.5154 -21.5756 17.9048 0.3890 3.1309 0.6276
Car 0.0000 0 0.0000 -1.0000 -1.0000 -1.0000 -1.0000 1.9934 1.4412 4.5878 9.1493 -11.6833 0.4971 0.0360 0.6170
Car 0.0000 0 0.0000 -1.0000 -1.0000 -1.0000 -1.0000 1.9121 1.5068 4.4079 -43.3504 14.6078 0.2643 -0.0176 0.6126
Car 0.0000 0 0.0000 -1.0000 -1.0000 -1.0000 -1.0000 1.9295 1.5098 4.4995 -14.6601 13.9018 0.5207 -3.1211 0.6085
Car 0.0000 0 0.0000 -1.0000 -1.0000 -1.0000 -1.0000 1.9248 1.5127 4.5829 58.1310 -9.0001 1.0331 0.0197 0.5705
Car 0.0000 0 0.0000 -1.0000 -1.0000 -1.0000 -1.0000 1.9656 1.5138 4.5931 -14.8035 -15.5440 0.2683 -3.1387 0.5436
Car 0.0000 0 0.0000 -1.0000 -1.0000 -1.0000 -1.0000 1.9042 1.8223 4.4932 -26.2009 33.0675 0.8472 3.1251 0.4451
Car 0.0000 0 0.0000 -1.0000 -1.0000 -1.0000 -1.0000 1.9079 1.9360 4.4082 22.7040 14.2366 1.0939 -3.1313 0.4197
Car 0.0000 0 0.0000 -1.0000 -1.0000 -1.0000 -1.0000 1.8624 1.6982 4.4282 -52.5712 35.8573 0.9594 -0.0225 0.4197
Car 0.0000 0 0.0000 -1.0000 -1.0000 -1.0000 -1.0000 1.9176 1.5613 4.5948 -74.9254 35.1361 0.5447 -0.0258 0.3957
Car 0.0000 0 0.0000 -1.0000 -1.0000 -1.0000 -1.0000 1.9914 1.5051 4.5551 -38.3441 -7.6715 0.1141 -0.0365 0.3668
Car 0.0000 0 0.0000 -1.0000 -1.0000 -1.0000 -1.0000 2.1806 2.4274 5.1642 41.5868 18.8011 1.4995 3.1412 0.3409
Car 0.0000 0 0.0000 -1.0000 -1.0000 -1.0000 -1.0000 2.0157 1.6013 4.6077 74.3819 -9.7395 1.3175 3.0864 0.3374
Truck 0.0000 0 0.0000 -1.0000 -1.0000 -1.0000 -1.0000 2.5926 2.7907 7.9016 82.2104 -6.1913 1.8914 0.0378 0.3785
Truck 0.0000 0 0.0000 -1.0000 -1.0000 -1.0000 -1.0000 2.4384 2.8583 6.1166 52.9426 9.5280 1.8818 0.0259 0.3122
Cyclist 0.0000 0 0.0000 -1.0000 -1.0000 -1.0000 -1.0000 0.7198 1.5325 1.6851 4.8897 -20.2582 0.2576 -3.1109 0.5695
Cyclist 0.0000 0 0.0000 -1.0000 -1.0000 -1.0000 -1.0000 0.7962 1.5813 1.7535 3.5937 39.1649 1.1285 -3.1405 0.3521
