Car 0.0000 0 0.0000 -1.0000 -1.0000 -1.0000 -1.0000 1.9542 1.4560 4.5082 4.4853 4.9645 0.6571 3.0468 0.8014
Car 0.0000 0 0.0000 -1.0000 -1.0000 -1.0000 -1.0000 2.0100 1.5125 4.5541 17.5057 -1.1773 0.7272 -0.0319 0.7955
Car 0.0000 0 0.0000 -1.0000 -1.0000 -1.0000 -1.0000 1.8862 1.4116 4.4733 -2.7410 -6.8751 0.6960 -0.1059 0.7875
Car 0.0000 0 0.0000 -1.0000 -1.0000 -1.0000 -1.0000 2.0998 1.8544 4.7847 -18.1574 -1.8097 0.9617 0.2534 0.7505
Car 0.0000 0 0.0000 -1.0000 -1.0000 -1.0000 -1.0000 1.9778 1.5955 4.6250 36.9503 -10.9811 0.7138 -0.0297 0.7305
Car 0.0000 0 0.0000 -1.0000 -1.0000 -1.0000 -1.0000 1.9244 1.4915 4.4216 2.8270 -7.4609 0.7331 -0.0642 0.7116
Car 0.0000 0 0.0000 -1.0000 -1.0000 -1.0000 -1.0000 2.0146 1.4634 4.6460 -28.8522 5.9263 0.7064 -0.0307 0.6239
Car 0.0000 0 0.0000 -1.0000 -1.0000 -1.0000 -1.0000 1.9567 1.6420 4.6094 -9.7805 -6.8836 0.8248 -3.0543 0.5749
Car 0.0000 0 0.0000 -1.0000 -1.0000 -1.0000 -1.0000 1.9612 1.4993 4.5510 37.9314 1.9751 0.6494 3.0896 0.5569
Car 0.0000 0 0.0000 -1.0000 -1.0000 -1.0000 -1.0000 1.9394 1.4876 4.5913 45.5987 -11.8895 0.6503 3.0390 0.4946
Car 0.0000 0 0.0000 -1.0000 -1.0000 -1.0000 -1.0000 1.9331 1.4073 4.4523 8.0525 -7.5192 0.7046 -0.0370 0.4759
Car 0.0000 0 0.0000 -1.0000 -1.0000 -1.0000 -1.0000 1.9377 1.6031 4.5899 13.7220 11.9836 0.5393 -0.0674 0.4296
Car 0.0000 0 0.0000 -1.0000 -1.0000 -1.0000 -1.0000 1.9156 1.4871 4.5929 71.1074 7.4760 0.3217 3.0211 0.3683
Car 0.0000 0 0.0000 -1.0000 -1.0000 -1.0000 -1.0000 1.8483 1.4750 4.4056 54.9412 8.8162 0.3043 2.9465 0.3616
Car 0.0000 0 0.0000 -1.0000 -1.0000 -1.0000 -1.0000 1.8997 1.5513 4.5350 23.3649 -15.2337 0.7540 -1.4399 0.3556
Cyclist 0.0000 0 0.0000 -1.0000 -1.0000 -1.0000 -1.0000 0.7275 1.5283 1.6942 35.2894 -7.9500 0.7157 3.1227 0.6435
Cyclist 0.0000 0 0.0000 -1.0000 -1.0000 -1.0000 -1.0000 0.7837 1.5790 1.7444 -8.8677 -4.0336 0.8018 -0.0533 0.6035
Cyclist 0.0000 0 0.0000 -1.0000 -1.0000 -1.0000 -1.0000 0.7369 1.5074 1.7171 -23.5058 -8.3702 0.8143 0.5772 0.5525
Cyclist 0.0000 0 0.0000 -1.0000 -1.0000 -1.0000 -1.0000 0.7667 1.5786 1.7128 -29.4057 -13.6613 0.9171 -2.1010 0.4993
Cyclist 0.0000 0 0.0000 -1.0000 -1.0000 -1.0000 -1.0000 0.7387 1.5205 1.7002 38.7969 8.4272 0.5278 3.0708 0.4329
Cyclist 0.0000 0 0.0000 -1.0000 -1.0000 -1.0000 -1.0000 0.6995 1.3856 1.7215 1.3993 15.0104 0.5500 1.6164 0.4229
Cyclist 0.0000 0 0.0000 -1.0000 -1.0000 -1.0000 -1.0000 0.6880 1.3085 1.7157 -18.0446 16.5165 0.4681 1.4255 0.3706
Cyclist 0.0000 0 0.0000 -1.0000 -1.0000 -1.0000 -1.0000 0.6914 1.2657 1.6652 37.6683 10.8164 0.3948 -0.0681 0.3140
Cyclist 0.0000 0 0.0000 -1.0000 -1.0000 -1.0000 -1.0000 0.6689 1.2283 1.6600 6.7120 14.4514 0.4950 -1.7689 0.3042
Cyclist 0.0000 0 0.0000 -1.0000 -1.0000 -1.0000 -1.0000 0.7221 1.2891 1.7163 -45.3725 -0.8205 0.7906 -3.0669 0.3007
Pedestrian 0.0000 0 0.0000 -1.0000 -1.0000 -1.0000 -1.0000 0.6987 1.6332 0.6814 28.0098 -10.5011 0.7727 -3.1200 0.5313
Pedestrian 0.0000 0 0.0000 -1.0000 -1.0000 -1.0000 -1.0000 0.7045 1.6421 0.6449 41.1870 13.8417 0.4753 0.0056 0.3943
Pedestrian 0.0000 0 0.0000 -1.0000 -1.0000 -1.0000 -1.0000 0.7147 1.6990 0.6531 -46.2818 -2.6989 1.0593 0.0261 0.3556
Pedestrian 0.0000 0 0.0000 -1.0000 -1.0000 -1.0000 -1.0000 0.6944 1.6603 0.6139 5.3087 -10.2193 0.9746 -0.0852 0.3474
Pedestrian 0.0000 0 0.0000 -1.0000 -1.0000 -1.0000 -1.0000 0.7045 1.5986 0.6645 -57.7183 15.6592 0.5137 -3.1306 0.3403
