Car 0.0000 0 0.0000 -1.0000 -1.0000 -1.0000 -1.0000 2.0225 1.5100 4.6022 -10.7866 -2.9466 0.7437 3.1198 0.8553
Car 0.0000 0 0.0000 -1.0000 -1.0000 -1.0000 -1.0000 2.0702 1.6889 4.7445 11.8203 -3.0211 0.9367 3.1213 0.8068
Car 0.0000 0 0.0000 -1.0000 -1.0000 -1.0000 -1.0000 2.0037 1.4597 4.5652 -7.9229 -6.0835 0.7055 0.0200 0.7036
Car 0.0000 0 0.0000 -1.0000 -1.0000 -1.0000 -1.0000 1.9387 1.4225 4.5036 -1.0496 -5.6062 0.7372 3.0959 0.6915
Car 0.0000 0 0.0000 -1.0000 -1.0000 -1.0000 -1.0000 1.9539 1.6032 4.4730 5.4215 -6.1356 0.8479 0.0140 0.5824
Car 0.0000 0 0.0000 -1.0000 -1.0000 -1.0000 -1.0000 1.9537 1.6422 4.4811 3.7705 -2.9194 0.8604 3.1191 0.5698
Car 0.0000 0 0.0000 -1.0000 -1.0000 -1.0000 -1.0000 2.0349 1.8854 4.7610 12.6656 -6.2068 1.0400 3.1360 0.5565
Car 0.0000 0 0.0000 -1.0000 -1.0000 -1.0000 -1.0000 1.9990 1.7018 4.6765 19.9075 -3.3540 0.9273 3.1249 0.4980
Car 0.0000 0 0.0000 -1.0000 -1.0000 -1.0000 -1.0000 1.9302 1.4992 4.4703 -22.5137 -5.5034 0.6612 -0.0027 0.4965
Car 0.0000 0 0.0000 -1.0000 -1.0000 -1.0000 -1.0000 2.0697 2.1633 4.7721 29.3559 -3.3314 1.2777 3.1111 0.4326
Car 0.0000 0 0.0000 -1.0000 -1.0000 -1.0000 -1.0000 1.9079 1.6614 4.5896 -60.7034 -37.1380 0.3844 -1.6614 0.3928
Truck 0.0000 0 0.0000 -1.0000 -1.0000 -1.0000 -1.0000 2.3292 2.2356 6.1891 21.5620 -0.6021 1.2701 3.1156 0.5170
Truck 0.0000 0 0.0000 -1.0000 -1.0000 -1.0000 -1.0000 2.4090 2.5048 6.3828 65.3382 17.3346 1.2234 1.3219 0.4479
Truck 0.0000 0 0.0000 -1.0000 -1.0000 -1.0000 -1.0000 2.3152 2.2186 5.8501 28.5711 -6.5245 1.2965 -3.1146 0.3817
Cyclist 0.0000 0 0.0000 -1.0000 -1.0000 -1.0000 -1.0000 0.7955 1.5673 1.7760 -7.5389 -19.9904 0.6334 -0.0079 0.4625
Cyclist 0.0000 0 0.0000 -1.0000 -1.0000 -1.0000 -1.0000 0.8005 1.5871 1.7744 -27.2375 -16.7850 0.5335 0.0099 0.4449
Cyclist 0.0000 0 0.0000 -1.0000 -1.0000 -1.0000 -1.0000 0.7473 1.5547 1.7385 -33.4799 -19.4443 0.5049 0.0336 0.4150
Cyclist 0.0000 0 0.0000 -1.0000 -1.0000 -1.0000 -1.0000 0.8283 1.5552 1.8592 -8.2795 -17.0376 0.6344 0.0042 0.3613
