Car 0.0000 0 0.0000 -1.0000 -1.0000 -1.0000 -1.0000 1.9664 1.4583 4.5446 1.5789 -4.1394 0.7817 -0.0136 0.6494
Car 0.0000 0 0.0000 -1.0000 -1.0000 -1.0000 -1.0000 2.0434 1.5408 4.7108 -32.5130 0.4000 0.5346 -0.0114 0.5882
Car 0.0000 0 0.0000 -1.0000 -1.0000 -1.0000 -1.0000 1.8868 1.5102 4.5088 33.7523 -3.1823 1.1732 1.1846 0.5702
Car 0.0000 0 0.0000 -1.0000 -1.0000 -1.0000 -1.0000 1.9244 1.5370 4.5869 12.6382 -15.5326 1.2092 -1.8910 0.5567
Car 0.0000 0 0.0000 -1.0000 -1.0000 -1.0000 -1.0000 1.9961 1.5523 4.5546 41.7265 -0.3448 1.3171 -0.2417 0.5024
Car 0.0000 0 0.0000 -1.0000 -1.0000 -1.0000 -1.0000 1.8497 1.4556 4.4705 22.4313 -12.2054 0.9726 -1.4013 0.4803
Car 0.0000 0 0.0000 -1.0000 -1.0000 -1.0000 -1.0000 1.9292 1.5995 4.6492 -9.9538 33.2356 0.2698 -1.5774 0.4646
Car 0.0000 0 0.0000 -1.0000 -1.0000 -1.0000 -1.0000 1.9069 1.5258 4.6227 -6.6674 -17.9941 1.1506 1.6810 0.4489
Car 0.0000 0 0.0000 -1.0000 -1.0000 -1.0000 -1.0000 1.9168 1.4855 4.6230 -10.0118 -17.6944 1.1499 1.6552 0.4487
Car 0.0000 0 0.0000 -1.0000 -1.0000 -1.0000 -1.0000 1.9263 1.5163 4.6028 10.1793 32.8684 0.1814 -1.4761 0.4429
Car 0.0000 0 0.0000 -1.0000 -1.0000 -1.0000 -1.0000 1.9784 1.7444 4.7725 -2.4685 -17.8086 1.3831 1.6450 0.4340
Car 0.0000 0 0.0000 -1.0000 -1.0000 -1.0000 -1.0000 1.9515 1.4570 4.5613 -49.1269 -0.1741 0.3039 -0.0071 0.4299
Car 0.0000 0 0.0000 -1.0000 -1.0000 -1.0000 -1.0000 1.9473 1.7147 4.6244 78.0027 12.4109 1.4621 3.1144 0.3075
Tricar 0.0000 0 0.0000 -1.0000 -1.0000 -1.0000 -1.0000 1.2118 1.6357 2.8875 29.0662 -2.1355 1.1980 1.4227 0.3446
Tricar 0.0000 0 0.0000 -1.0000 -1.0000 -1.0000 -1.0000 1.4027 1.7794 2.9989 19.9124 -18.3450 1.3271 2.2428 0.3123
Cyclist 0.0000 0 0.0000 -1.0000 -1.0000 -1.0000 -1.0000 0.7468 1.5401 1.7130 25.5136 -8.4875 1.0102 0.0873 0.5093
Cyclist 0.0000 0 0.0000 -1.0000 -1.0000 -1.0000 -1.0000 0.7324 1.5242 1.6910 44.5654 -9.8758 1.2723 -0.1698 0.5016
Cyclist 0.0000 0 0.0000 -1.0000 -1.0000 -1.0000 -1.0000 0.7666 1.5192 1.7517 14.5477 -21.5030 1.4527 0.2665 0.4694
Cyclist 0.0000 0 0.0000 -1.0000 -1.0000 -1.0000 -1.0000 0.7119 1.4616 1.7469 32.7519 -21.4872 1.2610 1.7546 0.3938
Cyclist 0.0000 0 0.0000 -1.0000 -1.0000 -1.0000 -1.0000 0.6917 1.4449 1.6710 18.1577 -13.1317 0.8678 2.5696 0.3794
Cyclist 0.0000 0 0.0000 -1.0000 -1.0000 -1.0000 -1.0000 0.7734 1.4670 1.7448 33.2419 -14.1648 1.1450 -2.4853 0.3270
Cyclist 0.0000 0 0.0000 -1.0000 -1.0000 -1.0000 -1.0000 0.7488 1.3655 1.7713 14.7651 -25.7010 1.4707 -3.0533 0.3216
