Car 0.0000 0 0.0000 -1.0000 -1.0000 -1.0000 -1.0000 1.9427 1.4212 4.5123 20.1919 12.8228 0.3849 3.0484 0.7787
Car 0.0000 0 0.0000 -1.0000 -1.0000 -1.0000 -1.0000 1.9794 1.4779 4.6245 47.1528 8.6145 0.3714 3.1198 0.7782
Car 0.0000 0 0.0000 -1.0000 -1.0000 -1.0000 -1.0000 1.9405 1.4261 4.4850 -8.3980 2.8061 0.7274 -0.0049 0.7725
Car 0.0000 0 0.0000 -1.0000 -1.0000 -1.0000 -1.0000 2.0350 1.7245 4.6324 -5.1156 -3.5572 0.8954 0.0448 0.7397
Car 0.0000 0 0.0000 -1.0000 -1.0000 -1.0000 -1.0000 1.9644 1.6124 4.5778 48.6497 -38.6855 0.9017 0.0054 0.7364
Car 0.0000 0 0.0000 -1.0000 -1.0000 -1.0000 -1.0000 2.0972 1.6072 4.6370 -24.5684 -3.4979 0.9070 -3.1352 0.7238
Car 0.0000 0 0.0000 -1.0000 -1.0000 -1.0000 -1.0000 2.2108 2.0326 5.0921 41.4265 1.3838 0.8027 0.0081 0.7182
Car 0.0000 0 0.0000 -1.0000 -1.0000 -1.0000 -1.0000 1.9741 1.5126 4.5627 -52.8390 9.3033 0.7760 -3.0928 0.6410
Car 0.0000 0 0.0000 -1.0000 -1.0000 -1.0000 -1.0000 1.9946 1.5386 4.6430 44.1260 12.1065 0.3233 0.0004 0.6128
Car 0.0000 0 0.0000 -1.0000 -1.0000 -1.0000 -1.0000 1.9826 1.4412 4.5957 13.2385 -2.9547 0.7072 0.0781 0.5662
Car 0.0000 0 0.0000 -1.0000 -1.0000 -1.0000 -1.0000 1.9177 1.4472 4.4362 7.5330 2.7565 0.7082 -3.1307 0.5626
Car 0.0000 0 0.0000 -1.0000 -1.0000 -1.0000 -1.0000 2.0437 1.8845 4.6941 3.9318 10.3403 0.7358 -3.1297 0.5614
Car 0.0000 0 0.0000 -1.0000 -1.0000 -1.0000 -1.0000 1.9195 1.5161 4.5927 -33.1670 -35.6890 1.3169 -3.0576 0.5544
Car 0.0000 0 0.0000 -1.0000 -1.0000 -1.0000 -1.0000 1.9877 1.4465 4.5253 28.2840 -2.0798 0.5894 -3.1265 0.5179
Car 0.0000 0 0.0000 -1.0000 -1.0000 -1.0000 -1.0000 1.9567 1.5587 4.6515 72.0261 8.8270 0.3207 2.8313 0.5103
Car 0.0000 0 0.0000 -1.0000 -1.0000 -1.0000 -1.0000 1.9106 1.4564 4.4977 -7.8549 13.2617 0.4712 3.1130 0.4715
Car 0.0000 0 0.0000 -1.0000 -1.0000 -1.0000 -1.0000 1.9153 1.5627 4.6350 -46.4599 -31.3404 1.0989 1.4683 0.4316
Car 0.0000 0 0.0000 -1.0000 -1.0000 -1.0000 -1.0000 1.9523 1.5794 4.6421 47.9524 -2.0901 0.5955 3.1180 0.3974
Car 0.0000 0 0.0000 -1.0000 -1.0000 -1.0000 -1.0000 1.9423 1.5874 4.6687 65.5208 -5.3966 0.4700 -3.1068 0.3919
Car 0.0000 0 0.0000 -1.0000 -1.0000 -1.0000 -1.0000 1.8902 1.5696 4.5712 -54.5226 -31.2216 1.0938 1.5158 0.3587
Car 0.0000 0 0.0000 -1.0000 -1.0000 -1.0000 -1.0000 1.9287 1.5531 4.6143 64.9525 20.3688 -0.2043 -3.1105 0.3474
Car 0.0000 0 0.0000 -1.0000 -1.0000 -1.0000 -1.0000 1.8902 1.5342 4.5716 -42.4503 -32.1318 1.0609 1.5438 0.3414
Car 0.0000 0 0.0000 -1.0000 -1.0000 -1.0000 -1.0000 1.9011 1.5855 4.6236 -50.3333 -31.6323 1.1074 1.5363 0.3263
Car 0.0000 0 0.0000 -1.0000 -1.0000 -1.0000 -1.0000 1.9088 1.5462 4.6645 -58.1227 -31.2342 1.0777 1.4459 0.3046
Truck 0.0000 0 0.0000 -1.0000 -1.0000 -1.0000 -1.0000 3.0206 3.6561 12.9450 67.3070 -37.9550 1.7349 -0.0055 0.4148
Truck 0.0000 0 0.0000 -1.0000 -1.0000 -1.0000 -1.0000 2.3500 2.2973 6.2845 1.2524 -36.0253 1.4415 0.1693 0.4079
Tricar 0.0000 0 0.0000 -1.0000 -1.0000 -1.0000 -1.0000 1.1570 1.4629 2.8118 23.3472 21.1371 0.1008 0.0016 0.5529
Tricar 0.0000 0 0.0000 -1.0000 -1.0000 -1.0000 -1.0000 1.3886 1.7825 3.1576 -14.7103 22.0576 0.4130 3.0904 0.5192
Cyclist 0.0000 0 0.0000 -1.0000 -1.0000 -1.0000 -1.0000 0.7649 1.5609 1.7725 40.6526 -38.4533 0.9748 1.4558 0.4041
Pedestrian 0.0000 0 0.0000 -1.0000 -1.0000 -1.0000 -1.0000 0.6865 1.6360 0.6135 46.6038 -13.7860 0.5477 3.0022 0.3405
