Car 0.0000 0 0.0000 -1.0000 -1.0000 -1.0000 -1.0000 1.9567 1.4802 4.5131 -14.8258 2.9608 0.7599 3.0673 0.7804
Car 0.0000 0 0.0000 -1.0000 -1.0000 -1.0000 -1.0000 2.1528 1.8270 4.8557 -19.6726 -0.1929 0.9884 -0.0236 0.7254
Car 0.0000 0 0.0000 -1.0000 -1.0000 -1.0000 -1.0000 1.8977 1.4428 4.4456 -6.6055 3.0106 0.7327 -0.0036 0.7160
Car 0.0000 0 0.0000 -1.0000 -1.0000 -1.0000 -1.0000 1.9603 1.7068 4.5870 -27.2927 3.4921 0.9693 -0.0273 0.7000
Car 0.0000 0 0.0000 -1.0000 -1.0000 -1.0000 -1.0000 1.9275 1.5182 4.5687 -4.7337 22.0547 0.8152 -1.5233 0.6357
Car 0.0000 0 0.0000 -1.0000 -1.0000 -1.0000 -1.0000 1.9671 1.6918 4.5652 35.3431 2.0387 0.3933 -0.0258 0.5747
Car 0.0000 0 0.0000 -1.0000 -1.0000 -1.0000 -1.0000 1.9242 1.4326 4.5715 0.8253 12.4040 0.6699 -1.4539 0.5697
Car 0.0000 0 0.0000 -1.0000 -1.0000 -1.0000 -1.0000 1.9315 1.4661 4.4855 55.2555 -2.1805 0.0141 3.1091 0.5555
Car 0.0000 0 0.0000 -1.0000 -1.0000 -1.0000 -1.0000 1.9398 1.7465 4.5943 -10.4220 11.6909 0.8483 -1.5737 0.5384
Car 0.0000 0 0.0000 -1.0000 -1.0000 -1.0000 -1.0000 1.9063 1.4699 4.5459 53.8769 1.5379 -0.0755 3.0957 0.5200
Car 0.0000 0 0.0000 -1.0000 -1.0000 -1.0000 -1.0000 1.9003 1.4903 4.5209 0.7329 18.9551 0.7258 -1.5804 0.5134
Car 0.0000 0 0.0000 -1.0000 -1.0000 -1.0000 -1.0000 1.9183 1.8594 4.5478 0.9874 27.1002 0.9225 1.5665 0.4426
Car 0.0000 0 0.0000 -1.0000 -1.0000 -1.0000 -1.0000 1.9716 1.5855 4.6300 -67.0855 3.5555 1.2464 0.0051 0.3770
Car 0.0000 0 0.0000 -1.0000 -1.0000 -1.0000 -1.0000 1.9074 1.5920 4.5042 -45.2299 0.3955 1.0784 -3.1091 0.3364
Car 0.0000 0 0.0000 -1.0000 -1.0000 -1.0000 -1.0000 1.8988 1.5623 4.4571 -4.9266 13.4394 0.7056 -1.5975 0.3189
Car 0.0000 0 0.0000 -1.0000 -1.0000 -1.0000 -1.0000 1.8933 1.6009 4.5412 9.0488 12.2096 0.7463 -1.3407 0.3136
Car 0.0000 0 0.0000 -1.0000 -1.0000 -1.0000 -1.0000 1.8886 1.8036 4.4869 -4.6016 32.9256 0.9429 1.5508 0.3031
Truck 0.0000 0 0.0000 -1.0000 -1.0000 -1.0000 -1.0000 2.4069 2.5629 6.2230 -55.4714 0.6500 1.6958 0.0125 0.4503
Tricar 0.0000 0 0.0000 -1.0000 -1.0000 -1.0000 -1.0000 1.2255 1.7628 2.7049 3.5016 9.0387 0.8199 0.3868 0.3774
Tricar 0.0000 0 0.0000 -1.0000 -1.0000 -1.0000 -1.0000 1.1426 1.5718 2.5098 41.5550 -3.4625 0.1793 3.1217 0.3155
Cyclist 0.0000 0 0.0000 -1.0000 -1.0000 -1.0000 -1.0000 0.7431 1.5228 1.7226 9.0424 -2.9775 0.7228 -0.0111 0.7296
Cyclist 0.0000 0 0.0000 -1.0000 -1.0000 -1.0000 -1.0000 0.7526 1.5334 1.7286 2.5591 4.9273 0.7074 3.1161 0.6640
Cyclist 0.0000 0 0.0000 -1.0000 -1.0000 -1.0000 -1.0000 0.7623 1.5573 1.7377 -9.1817 -1.4563 0.8023 3.1223 0.6552
Cyclist 0.0000 0 0.0000 -1.0000 -1.0000 -1.0000 -1.0000 0.7236 1.5895 1.6626 3.9795 -2.9459 0.8484 3.1214 0.5455
Cyclist 0.0000 0 0.0000 -1.0000 -1.0000 -1.0000 -1.0000 0.7295 1.5194 1.7685 -7.3599 12.5136 0.6927 -1.3679 0.4964
Cyclist 0.0000 0 0.0000 -1.0000 -1.0000 -1.0000 -1.0000 0.6946 1.5045 1.6721 -2.7632 -2.6786 0.7638 -0.0203 0.4895
Cyclist 0.0000 0 0.0000 -1.0000 -1.0000 -1.0000 -1.0000 0.8957 1.6035 1.9464 41.2655 -3.4738 0.1759 3.1136 0.3852
Cyclist 0.0000 0 0.0000 -1.0000 -1.0000 -1.0000 -1.0000 0.7756 1.5397 1.8216 -1.2880 29.2827 0.7627 -1.4620 0.3568
Cyclist 0.0000 0 0.0000 -1.0000 -1.0000 -1.0000 -1.0000 0.7180 1.4689 1.7006 -60.0610 6.0537 1.1343 -0.0178 0.3310
Pedestrian 0.0000 0 0.0000 -1.0000 -1.0000 -1.0000 -1.0000 0.6983 1.6692 0.6582 29.0662 6.8447 0.4928 3.1319 0.5062
Pedestrian 0.0000 0 0.0000 -1.0000 -1.0000 -1.0000 -1.0000 0.6691 1.6521 0.5839 -6.7338 15.9662 0.8685 0.9633 0.4679
Pedestrian 0.0000 0 0.0000 -1.0000 -1.0000 -1.0000 -1.0000 0.7187 1.6812 0.6808 57.6186 12.1222 0.0865 3.1209 0.3438
Pedestrian 0.0000 0 0.0000 -1.0000 -1.0000 -1.0000 -1.0000 0.7437 1.6962 0.7019 75.9854 12.9159 -0.1454 -0.0805 0.3158
