Car 0.0000 0 0.0000 -1.0000 -1.0000 -1.0000 -1.0000 1.9782 1.4911 4.5883 2.8522 10.7863 0.6024 0.0017 0.7954
Car 0.0000 0 0.0000 -1.0000 -1.0000 -1.0000 -1.0000 1.8903 1.4246 4.4725 -19.8921 10.8352 0.5931 0.0147 0.7245
Car 0.0000 0 0.0000 -1.0000 -1.0000 -1.0000 -1.0000 1.9981 1.7106 4.7151 -0.2774 14.2852 0.5824 3.1196 0.7134
Car 0.0000 0 0.0000 -1.0000 -1.0000 -1.0000 -1.0000 2.0428 1.5808 4.7565 22.1868 14.2635 0.4669 0.0336 0.7048
Car 0.0000 0 0.0000 -1.0000 -1.0000 -1.0000 -1.0000 1.9371 1.4244 4.5521 -23.6878 7.4372 0.7124 0.0305 0.6988
Car 0.0000 0 0.0000 -1.0000 -1.0000 -1.0000 -1.0000 1.9853 1.4921 4.5824 30.9078 11.0214 0.4438 0.0105 0.6732
Car 0.0000 0 0.0000 -1.0000 -1.0000 -1.0000 -1.0000 1.9290 1.4490 4.5241 -8.9818 11.2363 0.5125 3.1187 0.6617
Car 0.0000 0 0.0000 -1.0000 -1.0000 -1.0000 -1.0000 1.9701 1.6115 4.5976 43.1137 10.8858 0.4650 0.0010 0.6315
Car 0.0000 0 0.0000 -1.0000 -1.0000 -1.0000 -1.0000 1.9265 1.4579 4.4708 -36.0416 8.3746 0.6890 0.0394 0.6167
Car 0.0000 0 0.0000 -1.0000 -1.0000 -1.0000 -1.0000 1.9475 1.9595 4.5107 -22.3290 14.5183 0.7410 -0.0232 0.5871
Car 0.0000 0 0.0000 -1.0000 -1.0000 -1.0000 -1.0000 1.9446 1.5059 4.6087 -11.8370 38.6651 -0.2824 -1.6396 0.5772
Car 0.0000 0 0.0000 -1.0000 -1.0000 -1.0000 -1.0000 2.0064 1.5230 4.6256 19.1830 10.7921 0.5178 -3.1207 0.5720
Car 0.0000 0 0.0000 -1.0000 -1.0000 -1.0000 -1.0000 1.9260 1.9191 4.4683 6.1216 7.7076 0.8347 0.0199 0.4703
Car 0.0000 0 0.0000 -1.0000 -1.0000 -1.0000 -1.0000 2.0500 1.9024 4.6323 41.9238 0.3905 0.8645 0.0065 0.4698
Car 0.0000 0 0.0000 -1.0000 -1.0000 -1.0000 -1.0000 1.9412 1.4419 4.5508 -46.1659 7.3913 0.8581 -3.1183 0.4032
Car 0.0000 0 0.0000 -1.0000 -1.0000 -1.0000 -1.0000 1.8647 1.5421 4.4006 -41.0943 13.1023 0.6533 0.0310 0.3827
Car 0.0000 0 0.0000 -1.0000 -1.0000 -1.0000 -1.0000 1.7961 1.6757 4.2077 45.1436 14.3802 0.4228 -3.1377 0.3694
Truck 0.0000 0 0.0000 -1.0000 -1.0000 -1.0000 -1.0000 2.3262 2.2248 6.2343 -16.4884 -2.8285 1.1789 3.1350 0.5339
Tricar 0.0000 0 0.0000 -1.0000 -1.0000 -1.0000 -1.0000 1.3599 1.7549 3.5602 -26.8478 -15.3943 0.9210 3.1098 0.6055
Cyclist 0.0000 0 0.0000 -1.0000 -1.0000 -1.0000 -1.0000 0.7883 1.4871 1.8554 -7.8105 26.8447 -0.0541 2.4545 0.3559
Pedestrian 0.0000 0 0.0000 -1.0000 -1.0000 -1.0000 -1.0000 0.6871 1.6928 0.6134 -47.0045 20.5997 0.5474 -0.0918 0.4087
