Car 0.0000 0 0.0000 -1.0000 -1.0000 -1.0000 -1.0000 1.9565 1.4886 4.5491 -22.1693 12.5951 0.6760 0.0094 0.7832
Car 0.0000 0 0.0000 -1.0000 -1.0000 -1.0000 -1.0000 1.9787 1.4554 4.5462 3.0772 12.3059 0.6778 3.0826 0.7682
Car 0.0000 0 0.0000 -1.0000 -1.0000 -1.0000 -1.0000 2.0006 1.4964 4.5844 -0.2658 9.0443 0.7187 3.1309 0.7664
Car 0.0000 0 0.0000 -1.0000 -1.0000 -1.0000 -1.0000 2.0369 1.7044 4.6018 -35.6579 2.5872 0.8586 -3.1240 0.7278
Car 0.0000 0 0.0000 -1.0000 -1.0000 -1.0000 -1.0000 1.9865 1.7560 4.5799 -10.8768 9.1900 0.8603 3.1398 0.6701
Car 0.0000 0 0.0000 -1.0000 -1.0000 -1.0000 -1.0000 1.9432 1.5224 4.5089 -31.4084 12.9700 0.5981 3.1191 0.6320
Car 0.0000 0 0.0000 -1.0000 -1.0000 -1.0000 -1.0000 2.0500 1.7353 4.7262 7.4465 8.3636 0.8869 3.1245 0.6164
Car 0.0000 0 0.0000 -1.0000 -1.0000 -1.0000 -1.0000 1.9662 1.4837 4.6137 -3.9766 12.2846 0.6691 3.1109 0.5554
Car 0.0000 0 0.0000 -1.0000 -1.0000 -1.0000 -1.0000 1.9104 1.4675 4.5962 27.1732 -29.7932 0.7768 -1.5758 0.5116
Car 0.0000 0 0.0000 -1.0000 -1.0000 -1.0000 -1.0000 1.9413 1.7482 4.5678 14.1054 8.6021 0.9274 3.1254 0.5017
Car 0.0000 0 0.0000 -1.0000 -1.0000 -1.0000 -1.0000 1.8455 1.4170 4.3957 -25.5690 -21.4472 0.7903 0.1002 0.4852
Car 0.0000 0 0.0000 -1.0000 -1.0000 -1.0000 -1.0000 1.9358 1.7464 4.5569 -11.0519 12.6672 0.8344 3.1005 0.4809
Car 0.0000 0 0.0000 -1.0000 -1.0000 -1.0000 -1.0000 1.9812 1.7209 4.6098 -24.9080 -25.2933 0.9632 -3.0444 0.4727
Car 0.0000 0 0.0000 -1.0000 -1.0000 -1.0000 -1.0000 1.9263 1.5198 4.6638 25.3588 40.7900 0.1203 -1.5781 0.4540
Car 0.0000 0 0.0000 -1.0000 -1.0000 -1.0000 -1.0000 1.9296 1.9354 4.5219 -41.6219 9.8130 0.8447 3.1258 0.4450
Car 0.0000 0 0.0000 -1.0000 -1.0000 -1.0000 -1.0000 1.9894 1.5677 4.6238 12.0602 12.1026 0.7488 -0.0377 0.3486
Car 0.0000 0 0.0000 -1.0000 -1.0000 -1.0000 -1.0000 1.9946 1.7641 4.7014 19.9424 8.5472 0.9539 3.1266 0.3178
Car 0.0000 0 0.0000 -1.0000 -1.0000 -1.0000 -1.0000 1.9358 1.6249 4.6833 -8.3456 39.4579 0.3493 -1.6072 0.3052
Truck 0.0000 0 0.0000 -1.0000 -1.0000 -1.0000 -1.0000 2.2480 2.2018 5.8033 -31.4390 9.4552 1.0259 -0.0257 0.4358
Truck 0.0000 0 0.0000 -1.0000 -1.0000 -1.0000 -1.0000 1.9644 1.8317 4.9041 18.8899 8.6615 0.9850 3.1322 0.3207
Cyclist 0.0000 0 0.0000 -1.0000 -1.0000 -1.0000 -1.0000 0.7994 1.5488 1.8114 12.1729 -11.7502 0.7427 3.1011 0.6648
