Car 0.0000 0 0.0000 -1.0000 -1.0000 -1.0000 -1.0000 2.0398 1.6704 4.7959 -13.9585 -1.4350 0.6843 0.0543 0.7703
Car 0.0000 0 0.0000 -1.0000 -1.0000 -1.0000 -1.0000 1.8925 1.4849 4.4042 4.6388 2.9625 0.8042 -0.0149 0.7703
Car 0.0000 0 0.0000 -1.0000 -1.0000 -1.0000 -1.0000 1.8792 1.4300 4.4247 11.7458 3.3071 0.7614 3.0882 0.5877
Car 0.0000 0 0.0000 -1.0000 -1.0000 -1.0000 -1.0000 1.9335 1.5442 4.5937 -31.1681 -0.3222 0.4720 -0.0668 0.5226
Car 0.0000 0 0.0000 -1.0000 -1.0000 -1.0000 -1.0000 1.9954 1.4688 4.6709 -20.7471 -0.1198 0.5611 -3.1405 0.4117
Car 0.0000 0 0.0000 -1.0000 -1.0000 -1.0000 -1.0000 1.9541 1.4549 4.5956 52.5331 3.8575 0.8577 0.0829 0.3844
Car 0.0000 0 0.0000 -1.0000 -1.0000 -1.0000 -1.0000 1.9113 1.5496 4.5199 -39.5868 0.3427 0.4104 -0.0866 0.3457
Car 0.0000 0 0.0000 -1.0000 -1.0000 -1.0000 -1.0000 1.9117 1.5525 4.5162 5.9806 34.9543 1.0718 -3.0596 0.3127
Truck 0.0000 0 0.0000 -1.0000 -1.0000 -1.0000 -1.0000 2.7457 2.9650 8.0792 -1.2235 24.3999 1.6156 1.7004 0.3463
Cyclist 0.0000 0 0.0000 -1.0000 -1.0000 -1.0000 -1.0000 0.7827 1.5058 1.7657 -6.2301 8.0506 0.6847 -0.0066 0.6527
Cyclist 0.0000 0 0.0000 -1.0000 -1.0000 -1.0000 -1.0000 0.7905 1.5743 1.7734 17.3293 -1.0981 0.7666 3.1410 0.6303
Cyclist 0.0000 0 0.0000 -1.0000 -1.0000 -1.0000 -1.0000 0.7811 1.5645 1.7222 -8.4934 6.0968 0.8373 3.0040 0.6054
Cyclist 0.0000 0 0.0000 -1.0000 -1.0000 -1.0000 -1.0000 0.7654 1.5265 1.7679 11.6509 -2.2147 0.7117 -2.9373 0.5890
Cyclist 0.0000 0 0.0000 -1.0000 -1.0000 -1.0000 -1.0000 0.8135 1.5747 1.8586 6.4981 -26.2657 0.2623 1.5015 0.4969
Cyclist 0.0000 0 0.0000 -1.0000 -1.0000 -1.0000 -1.0000 0.7460 1.5774 1.6968 -41.7797 9.2361 0.4861 3.1081 0.4721
Cyclist 0.0000 0 0.0000 -1.0000 -1.0000 -1.0000 -1.0000 0.7283 1.4582 1.7671 7.3689 -11.1155 0.6829 1.3979 0.4647
Cyclist 0.0000 0 0.0000 -1.0000 -1.0000 -1.0000 -1.0000 0.7666 1.4708 1.7975 -15.1493 9.3515 0.6541 0.0856 0.4505
Cyclist 0.0000 0 0.0000 -1.0000 -1.0000 -1.0000 -1.0000 0.7509 1.5008 1.7217 -6.2332 9.8040 0.7386 0.0706 0.4472
Cyclist 0.0000 0 0.0000 -1.0000 -1.0000 -1.0000 -1.0000 0.7084 1.4642 1.7094 -39.5293 -2.4047 0.3321 0.0165 0.3950
Cyclist 0.0000 0 0.0000 -1.0000 -1.0000 -1.0000 -1.0000 0.6826 1.4892 1.6574 -2.6011 -5.9655 0.6549 -0.7975 0.3861
Cyclist 0.0000 0 0.0000 -1.0000 -1.0000 -1.0000 -1.0000 0.7345 1.5059 1.7712 -1.6038 13.3067 0.7550 1.6485 0.3752
Cyclist 0.0000 0 0.0000 -1.0000 -1.0000 -1.0000 -1.0000 0.7542 1.5484 1.7677 1.3607 -36.8597 -0.0185 -1.1074 0.3744
Cyclist 0.0000 0 0.0000 -1.0000 -1.0000 -1.0000 -1.0000 0.6722 1.4428 1.6405 4.3301 31.9123 0.9019 -2.9411 0.3388
Cyclist 0.0000 0 0.0000 -1.0000 -1.0000 -1.0000 -1.0000 0.8241 1.6266 1.7875 4.8228 -28.8693 0.1648 1.5291 0.3381
Cyclist 0.0000 0 0.0000 -1.0000 -1.0000 -1.0000 -1.0000 0.7456 1.5636 1.7183 -17.6659 -2.8325 0.6348 -3.1396 0.3224
Cyclist 0.0000 0 0.0000 -1.0000 -1.0000 -1.0000 -1.0000 0.6862 1.1978 1.7039 12.0904 -30.1097 0.1306 -1.7077 0.3045
Pedestrian 0.0000 0 0.0000 -1.0000 -1.0000 -1.0000 -1.0000 0.7009 1.6789 0.6684 12.0945 12.6586 1.1420 0.1151 0.5834
Pedestrian 0.0000 0 0.0000 -1.0000 -1.0000 -1.0000 -1.0000 0.6928 1.6845 0.6263 -26.0944 -5.2074 0.6261 -3.1092 0.5145
Pedestrian 0.0000 0 0.0000 -1.0000 -1.0000 -1.0000 -1.0000 0.6779 1.5986 0.6298 16.6970 10.3599 1.0287 0.0707 0.4992
Pedestrian 0.0000 0 0.0000 -1.0000 -1.0000 -1.0000 -1.0000 0.7128 1.6697 0.6643 -3.1074 2.7543 0.9184 -3.1180 0.4461
Pedestrian 0.0000 0 0.0000 -1.0000 -1.0000 -1.0000 -1.0000 0.7236 1.6989 0.7155 -2.8322 -20.5357 0.4610 -1.6242 0.4373
Pedestrian 0.0000 0 0.0000 -1.0000 -1.0000 -1.0000 -1.0000 0.6874 1.6670 0.6119 8.4054 18.1596 1.1312 1.0384 0.4194
Pedestrian 0.0000 0 0.0000 -1.0000 -1.0000 -1.0000 -1.0000 0.6921 1.6003 0.6506 -5.2526 -6.1630 0.7509 -0.5342 0.4090
Pedestrian 0.0000 0 0.0000 -1.0000 -1.0000 -1.0000 -1.0000 0.6880 1.6369 0.6242 35.2000 -4.7800 0.7556 0.0188 0.4086
Pedestrian 0.0000 0 0.0000 -1.0000 -1.0000 -1.0000 -1.0000 0.7289 1.6862 0.7230 48.4317 13.0486 1.3639 -3.1038 0.3804
Pedestrian 0.0000 0 0.0000 -1.0000 -1.0000 -1.0000 -1.0000 0.6612 1.6730 0.5603 4.5902 25.5986 1.0887 0.5789 0.3076
Pedestrian 0.0000 0 0.0000 -1.0000 -1.0000 -1.0000 -1.0000 0.6623 1.4988 0.5916 4.3298 31.9070 0.9194 -2.9669 0.3070
