Car 0.0000 0 0.0000 -1.0000 -1.0000 -1.0000 -1.0000 2.0304 1.4474 4.6116 -32.8849 -0.6405 0.9856 -3.0924 0.7725
Car 0.0000 0 0.0000 -1.0000 -1.0000 -1.0000 -1.0000 2.0457 1.8996 4.7053 30.1046 4.1957 0.8867 0.0555 0.6636
Car 0.0000 0 0.0000 -1.0000 -1.0000 -1.0000 -1.0000 1.9933 1.8332 4.6076 8.9092 3.2051 0.8739 0.0321 0.6474
Car 0.0000 0 0.0000 -1.0000 -1.0000 -1.0000 -1.0000 2.1636 2.1022 4.9393 -6.0040 2.7637 1.0685 0.0082 0.6138
Car 0.0000 0 0.0000 -1.0000 -1.0000 -1.0000 -1.0000 1.9827 1.4940 4.6478 17.9537 3.7926 0.6836 0.0383 0.4527
Car 0.0000 0 0.0000 -1.0000 -1.0000 -1.0000 -1.0000 1.9747 1.5017 4.5907 -58.8885 -3.0863 1.1945 -3.0970 0.4360
Truck 0.0000 0 0.0000 -1.0000 -1.0000 -1.0000 -1.0000 2.1827 2.1392 5.7058 1.2367 2.8773 1.0797 0.0119 0.5178
Truck 0.0000 0 0.0000 -1.0000 -1.0000 -1.0000 -1.0000 2.5083 2.9250 6.2295 -44.0770 11.9726 1.6306 -3.0772 0.3662
Tricar 0.0000 0 0.0000 -1.0000 -1.0000 -1.0000 -1.0000 1.3427 1.9067 3.3209 -9.8207 -1.9597 1.0359 3.1021 0.5909
Cyclist 0.0000 0 0.0000 -1.0000 -1.0000 -1.0000 -1.0000 0.7633 1.5979 1.7098 59.0695 -3.5509 0.7727 -2.8858 0.3201
