Car 0.0000 0 0.0000 -1.0000 -1.0000 -1.0000 -1.0000 2.0470 1.5218 4.6283 -16.2989 0.1569 0.7330 -3.1383 0.7729
Car 0.0000 0 0.0000 -1.0000 -1.0000 -1.0000 -1.0000 1.9721 1.6061 4.6577 -16.3806 6.6558 0.6458 -0.0131 0.7322
Car 0.0000 0 0.0000 -1.0000 -1.0000 -1.0000 -1.0000 1.9960 1.4756 4.6051 -46.3404 -0.8733 0.7092 -0.0553 0.7084
Car 0.0000 0 0.0000 -1.0000 -1.0000 -1.0000 -1.0000 1.9848 1.4521 4.5849 48.8816 2.6948 0.7485 3.0854 0.6459
Car 0.0000 0 0.0000 -1.0000 -1.0000 -1.0000 -1.0000 1.9758 1.6618 4.5077 1.2640 3.5926 0.7852 3.1265 0.6229
Car 0.0000 0 0.0000 -1.0000 -1.0000 -1.0000 -1.0000 1.9588 1.7515 4.5632 -26.5969 7.3517 0.7219 -1.7373 0.5344
Car 0.0000 0 0.0000 -1.0000 -1.0000 -1.0000 -1.0000 1.9332 1.5551 4.5624 66.4439 -9.8534 0.9316 -0.0612 0.5161
Car 0.0000 0 0.0000 -1.0000 -1.0000 -1.0000 -1.0000 1.8979 1.8855 4.4130 66.6048 -1.0425 0.9587 3.1276 0.4561
Car 0.0000 0 0.0000 -1.0000 -1.0000 -1.0000 -1.0000 1.8829 1.6182 4.4618 -31.3042 0.6444 0.7654 -0.0008 0.4212
Car 0.0000 0 0.0000 -1.0000 -1.0000 -1.0000 -1.0000 1.8814 1.5713 4.5212 -21.6153 -16.7287 1.4341 1.6249 0.3788
Car 0.0000 0 0.0000 -1.0000 -1.0000 -1.0000 -1.0000 2.0220 1.5624 4.7872 -59.5532 -2.0513 0.8024 3.1325 0.3611
Car 0.0000 0 0.0000 -1.0000 -1.0000 -1.0000 -1.0000 1.8634 1.7452 4.4729 -46.5776 23.2579 0.9007 -0.0213 0.3579
Car 0.0000 0 0.0000 -1.0000 -1.0000 -1.0000 -1.0000 2.0082 1.6253 4.7730 -69.3246 20.2635 0.9317 -0.0434 0.3131
Truck 0.0000 0 0.0000 -1.0000 -1.0000 -1.0000 -1.0000 3.0080 3.5626 11.6783 -61.5811 4.5046 1.6965 3.1379 0.6733
Tricar 0.0000 0 0.0000 -1.0000 -1.0000 -1.0000 -1.0000 1.1782 1.6650 2.6822 -9.7854 13.2746 0.5138 3.1238 0.3796
Cyclist 0.0000 0 0.0000 -1.0000 -1.0000 -1.0000 -1.0000 0.8000 1.5154 1.8311 -21.4345 -7.9228 0.8027 0.0075 0.6774
Cyclist 0.0000 0 0.0000 -1.0000 -1.0000 -1.0000 -1.0000 0.7219 1.3289 1.7761 7.0092 -11.0599 1.0005 1.5221 0.4552
Cyclist 0.0000 0 0.0000 -1.0000 -1.0000 -1.0000 -1.0000 0.7243 1.3529 1.7361 -20.2801 14.0379 0.3075 1.8102 0.4153
Cyclist 0.0000 0 0.0000 -1.0000 -1.0000 -1.0000 -1.0000 0.6531 1.1465 1.7028 -32.1607 -10.6090 0.7916 -1.5962 0.4137
Cyclist 0.0000 0 0.0000 -1.0000 -1.0000 -1.0000 -1.0000 0.6773 1.3110 1.6531 -16.3314 15.3296 0.3081 2.1790 0.3801
Cyclist 0.0000 0 0.0000 -1.0000 -1.0000 -1.0000 -1.0000 0.6578 1.2235 1.6560 10.8666 -10.6163 1.0182 -2.8127 0.3466
Cyclist 0.0000 0 0.0000 -1.0000 -1.0000 -1.0000 -1.0000 0.6915 1.4828 1.6467 37.7595 -7.8870 0.9018 -3.0755 0.3380
Cyclist 0.0000 0 0.0000 -1.0000 -1.0000 -1.0000 -1.0000 0.7485 1.6028 1.6908 26.5377 -12.5829 1.1782 -0.0054 0.3268
Pedestrian 0.0000 0 0.0000 -1.0000 -1.0000 -1.0000 -1.0000 0.6774 1.6336 0.6174 -12.2189 8.9785 0.5801 3.1292 0.5438
Pedestrian 0.0000 0 0.0000 -1.0000 -1.0000 -1.0000 -1.0000 0.6910 1.6913 0.6416 -19.5784 -12.8619 1.2596 0.0635 0.5010
Pedestrian 0.0000 0 0.0000 -1.0000 -1.0000 -1.0000 -1.0000 0.6632 1.6669 0.5559 -19.9249 18.2477 0.5979 2.6405 0.3775
Pedestrian 0.0000 0 0.0000 -1.0000 -1.0000 -1.0000 -1.0000 0.7124 1.6529 0.6803 3.5178 -11.8726 1.2109 -2.7792 0.3725
Pedestrian 0.0000 0 0.0000 -1.0000 -1.0000 -1.0000 -1.0000 0.6544 1.6339 0.5528 -54.8048 -4.4553 0.9563 0.6180 0.3560
Pedestrian 0.0000 0 0.0000 -1.0000 -1.0000 -1.0000 -1.0000 0.6812 1.6007 0.6120 -10.0054 16.4249 0.4688 -2.8500 0.3126
Pedestrian 0.0000 0 0.0000 -1.0000 -1.0000 -1.0000 -1.0000 0.6747 1.6582 0.5827 -35.9706 24.1175 0.6996 3.1376 0.3049
Pedestrian 0.0000 0 0.0000 -1.0000 -1.0000 -1.0000 -1.0000 0.7102 1.5921 0.6605 -23.4715 15.5423 0.4909 2.9851 0.3014
