Car 0.0000 0 0.0000 -1.0000 -1.0000 -1.0000 -1.0000 2.0562 1.6484 4.6409 9.0337 2.6086 0.9318 0.2493 0.8081
Car 0.0000 0 0.0000 -1.0000 -1.0000 -1.0000 -1.0000 2.0846 1.8642 4.7752 10.2091 11.8578 0.9657 0.5328 0.7655
Car 0.0000 0 0.0000 -1.0000 -1.0000 -1.0000 -1.0000 1.9412 1.4629 4.5587 -7.1812 14.6854 0.3708 3.0652 0.7529
Car 0.0000 0 0.0000 -1.0000 -1.0000 -1.0000 -1.0000 2.0005 1.4982 4.6265 -44.2045 -21.8065 0.3933 -2.6196 0.7313
Car 0.0000 0 0.0000 -1.0000 -1.0000 -1.0000 -1.0000 1.9566 1.5156 4.5871 12.6286 17.5264 0.7348 0.5911 0.7234
Car 0.0000 0 0.0000 -1.0000 -1.0000 -1.0000 -1.0000 1.9601 1.5805 4.6235 -33.8504 15.6210 0.0545 -1.3200 0.6630
Car 0.0000 0 0.0000 -1.0000 -1.0000 -1.0000 -1.0000 1.9512 1.5818 4.6048 -32.3326 21.6271 0.0135 -1.3493 0.6282
Car 0.0000 0 0.0000 -1.0000 -1.0000 -1.0000 -1.0000 1.8713 1.4742 4.5132 -50.1874 -28.0172 0.3863 0.4736 0.6259
Car 0.0000 0 0.0000 -1.0000 -1.0000 -1.0000 -1.0000 1.9247 1.4678 4.5643 -1.2511 -35.7437 1.2880 1.9154 0.6072
Car 0.0000 0 0.0000 -1.0000 -1.0000 -1.0000 -1.0000 2.0395 1.8302 4.6013 23.4140 11.3323 1.1919 -2.5640 0.5992
Car 0.0000 0 0.0000 -1.0000 -1.0000 -1.0000 -1.0000 1.8228 1.5129 4.3712 18.0434 6.2938 0.9413 0.4591 0.5550
Car 0.0000 0 0.0000 -1.0000 -1.0000 -1.0000 -1.0000 2.2801 2.4133 5.1952 6.9122 17.8895 1.0236 -2.6132 0.5520
Car 0.0000 0 0.0000 -1.0000 -1.0000 -1.0000 -1.0000 1.9131 1.4680 4.5279 -43.2822 -25.0525 0.4111 0.4301 0.4914
Car 0.0000 0 0.0000 -1.0000 -1.0000 -1.0000 -1.0000 1.9226 1.4667 4.4835 -43.0278 -28.4446 0.3658 -2.6909 0.4768
Car 0.0000 0 0.0000 -1.0000 -1.0000 -1.0000 -1.0000 2.2891 2.4666 5.2381 -44.2354 -10.5405 0.5807 -2.4736 0.4707
Car 0.0000 0 0.0000 -1.0000 -1.0000 -1.0000 -1.0000 1.9351 1.6698 4.4967 35.0864 18.9063 1.1860 0.5604 0.4538
Car 0.0000 0 0.0000 -1.0000 -1.0000 -1.0000 -1.0000 1.8235 1.4810 4.4494 29.6884 15.7770 1.0429 0.6009 0.4047
Car 0.0000 0 0.0000 -1.0000 -1.0000 -1.0000 -1.0000 1.9456 1.5583 4.5925 19.8233 25.3322 0.8913 0.5257 0.3886
Car 0.0000 0 0.0000 -1.0000 -1.0000 -1.0000 -1.0000 1.9498 1.6074 4.6666 -60.6933 -25.4060 0.3153 -1.0669 0.3565
Car 0.0000 0 0.0000 -1.0000 -1.0000 -1.0000 -1.0000 2.0471 1.9970 4.8373 33.4881 30.3593 1.4329 -2.5523 0.3426
Car 0.0000 0 0.0000 -1.0000 -1.0000 -1.0000 -1.0000 1.8985 1.8359 4.4292 -37.3255 11.8718 0.1852 -1.9348 0.3347
Car 0.0000 0 0.0000 -1.0000 -1.0000 -1.0000 -1.0000 1.7826 1.7670 4.2759 17.6470 -6.3515 1.0221 0.4735 0.3289
Car 0.0000 0 0.0000 -1.0000 -1.0000 -1.0000 -1.0000 1.8936 1.5114 4.5760 -56.3872 -31.1752 0.3628 0.4871 0.3013
Truck 0.0000 0 0.0000 -1.0000 -1.0000 -1.0000 -1.0000 2.3969 2.7254 6.1614 20.2019 21.7364 1.5213 0.5399 0.4733
Truck 0.0000 0 0.0000 -1.0000 -1.0000 -1.0000 -1.0000 2.3538 2.4142 6.1165 -64.3069 -19.4075 0.4341 -2.6661 0.3542
Truck 0.0000 0 0.0000 -1.0000 -1.0000 -1.0000 -1.0000 2.2980 2.5953 5.7715 43.5047 33.1730 1.7516 0.5883 0.3520
Truck 0.0000 0 0.0000 -1.0000 -1.0000 -1.0000 -1.0000 1.9955 1.9653 5.0030 21.7962 -2.1218 1.2304 0.5045 0.3187
Tricar 0.0000 0 0.0000 -1.0000 -1.0000 -1.0000 -1.0000 1.4558 1.6739 3.6283 17.3873 -6.4146 1.0178 0.4803 0.3695
Tricar 0.0000 0 0.0000 -1.0000 -1.0000 -1.0000 -1.0000 1.0732 1.5207 2.7217 -20.1603 2.1357 0.5094 1.4697 0.3307
Cyclist 0.0000 0 0.0000 -1.0000 -1.0000 -1.0000 -1.0000 0.7328 1.5493 1.7054 -27.1143 8.7528 0.2207 -2.3019 0.6628
Cyclist 0.0000 0 0.0000 -1.0000 -1.0000 -1.0000 -1.0000 0.7504 1.5714 1.7151 -21.3091 11.0703 0.2694 0.6125 0.6505
Cyclist 0.0000 0 0.0000 -1.0000 -1.0000 -1.0000 -1.0000 0.7562 1.5226 1.7205 -0.3006 22.2089 0.2402 -2.7104 0.5637
Cyclist 0.0000 0 0.0000 -1.0000 -1.0000 -1.0000 -1.0000 0.9063 1.6013 1.9846 -27.5872 -27.6196 0.7366 0.4884 0.5510
Cyclist 0.0000 0 0.0000 -1.0000 -1.0000 -1.0000 -1.0000 0.7562 1.5331 1.7574 -22.5803 -26.0345 0.7281 -1.1401 0.5169
Cyclist 0.0000 0 0.0000 -1.0000 -1.0000 -1.0000 -1.0000 0.7743 1.5846 1.7110 6.7794 25.1544 0.3930 0.5309 0.5099
Cyclist 0.0000 0 0.0000 -1.0000 -1.0000 -1.0000 -1.0000 0.7998 1.5169 1.8302 -38.5397 6.9399 0.0388 -1.1711 0.4656
Cyclist 0.0000 0 0.0000 -1.0000 -1.0000 -1.0000 -1.0000 0.9031 1.5762 2.0037 6.0726 -25.8307 1.0700 1.8934 0.4033
Cyclist 0.0000 0 0.0000 -1.0000 -1.0000 -1.0000 -1.0000 0.7327 1.4702 1.7037 6.0831 21.1348 0.3477 -0.8074 0.3879
Cyclist 0.0000 0 0.0000 -1.0000 -1.0000 -1.0000 -1.0000 0.7029 1.4884 1.7248 -28.9429 8.7157 0.1734 -2.3182 0.3482
Cyclist 0.0000 0 0.0000 -1.0000 -1.0000 -1.0000 -1.0000 0.7780 1.5310 1.7601 -15.6392 30.4854 -0.1588 0.8903 0.3217
Cyclist 0.0000 0 0.0000 -1.0000 -1.0000 -1.0000 -1.0000 0.7109 1.4881 1.6790 7.3039 27.9718 0.2602 -2.5102 0.3052
