Car 0.0000 0 0.0000 -1.0000 -1.0000 -1.0000 -1.0000 1.9432 1.5380 4.6175 -6.8883 10.3129 0.6314 3.1209 0.6859
Car 0.0000 0 0.0000 -1.0000 -1.0000 -1.0000 -1.0000 1.9649 1.5381 4.6025 -25.5031 10.1738 0.6311 -3.1156 0.5947
Car 0.0000 0 0.0000 -1.0000 -1.0000 -1.0000 -1.0000 2.0381 1.9882 4.7615 7.2379 10.0694 0.8927 3.1341 0.5913
Car 0.0000 0 0.0000 -1.0000 -1.0000 -1.0000 -1.0000 1.9329 1.6206 4.5387 -33.6365 10.0500 0.8625 -3.1068 0.5861
Car 0.0000 0 0.0000 -1.0000 -1.0000 -1.0000 -1.0000 1.9105 1.5317 4.5671 0.3516 9.9685 0.6323 0.0078 0.5801
Car 0.0000 0 0.0000 -1.0000 -1.0000 -1.0000 -1.0000 1.9118 1.5420 4.5201 -13.0156 9.9239 0.6577 3.1332 0.5474
Car 0.0000 0 0.0000 -1.0000 -1.0000 -1.0000 -1.0000 1.9267 1.5400 4.5062 -18.7807 10.2263 0.6094 -3.1196 0.5242
Car 0.0000 0 0.0000 -1.0000 -1.0000 -1.0000 -1.0000 1.9120 1.5350 4.5021 -4.2664 13.5253 0.6144 3.0996 0.4592
Car 0.0000 0 0.0000 -1.0000 -1.0000 -1.0000 -1.0000 1.9302 1.5051 4.5402 -39.7985 10.1463 0.7377 -3.1398 0.4277
Car 0.0000 0 0.0000 -1.0000 -1.0000 -1.0000 -1.0000 2.0174 1.9834 4.8041 14.8524 9.9475 1.0360 -3.1415 0.4211
Car 0.0000 0 0.0000 -1.0000 -1.0000 -1.0000 -1.0000 1.8846 1.5774 4.4257 -11.2162 13.2596 0.6647 3.1369 0.4052
Car 0.0000 0 0.0000 -1.0000 -1.0000 -1.0000 -1.0000 1.8859 1.6511 4.4373 -18.7306 13.7964 0.6871 0.0129 0.4047
Car 0.0000 0 0.0000 -1.0000 -1.0000 -1.0000 -1.0000 1.9730 1.9310 4.7138 16.5066 -3.2624 0.9755 3.1408 0.3720
Car 0.0000 0 0.0000 -1.0000 -1.0000 -1.0000 -1.0000 1.9242 1.6634 4.5708 23.7790 10.4947 0.9823 3.1259 0.3683
Car 0.0000 0 0.0000 -1.0000 -1.0000 -1.0000 -1.0000 1.8670 1.6110 4.4609 3.1254 13.5075 0.5973 3.1025 0.3585
Car 0.0000 0 0.0000 -1.0000 -1.0000 -1.0000 -1.0000 1.9787 1.8369 4.6884 -40.1742 13.9149 1.1266 -0.0042 0.3573
Car 0.0000 0 0.0000 -1.0000 -1.0000 -1.0000 -1.0000 2.1227 1.8519 5.1084 -32.7665 13.9716 0.9586 3.1370 0.3523
Car 0.0000 0 0.0000 -1.0000 -1.0000 -1.0000 -1.0000 1.8541 1.7543 4.4244 -26.3141 13.8537 0.8219 -3.1083 0.3060
Truck 0.0000 0 0.0000 -1.0000 -1.0000 -1.0000 -1.0000 2.9556 3.4542 9.8655 26.3125 13.8695 1.8191 0.0308 0.5017
Truck 0.0000 0 0.0000 -1.0000 -1.0000 -1.0000 -1.0000 2.0870 2.1703 5.3491 -53.4293 10.0419 1.0558 -0.0443 0.4544
Truck 0.0000 0 0.0000 -1.0000 -1.0000 -1.0000 -1.0000 2.1057 2.2010 5.4747 -33.5811 -3.5447 1.0407 -0.0186 0.4498
Truck 0.0000 0 0.0000 -1.0000 -1.0000 -1.0000 -1.0000 2.2834 2.2428 5.9732 41.9825 -3.5856 1.4802 -0.0236 0.4472
Truck 0.0000 0 0.0000 -1.0000 -1.0000 -1.0000 -1.0000 3.0306 3.5961 10.5945 -75.6921 10.3288 2.0465 -3.0905 0.3607
Truck 0.0000 0 0.0000 -1.0000 -1.0000 -1.0000 -1.0000 2.7841 3.1737 9.1539 74.3752 -0.8373 2.0384 3.1283 0.3280
