Car 0.0000 0 0.0000 -1.0000 -1.0000 -1.0000 -1.0000 1.9676 1.4273 4.4879 -31.7064 6.9656 0.5970 3.1402 0.8287
Car 0.0000 0 0.0000 -1.0000 -1.0000 -1.0000 -1.0000 2.0685 1.4462 4.6494 -22.1789 -0.3568 0.7050 -3.1038 0.8096
Car 0.0000 0 0.0000 -1.0000 -1.0000 -1.0000 -1.0000 2.0270 1.5368 4.6498 -4.9814 6.3253 0.7870 3.1367 0.8016
Car 0.0000 0 0.0000 -1.0000 -1.0000 -1.0000 -1.0000 2.0114 1.4662 4.6216 47.0543 4.6839 0.8423 0.0256 0.7806
Car 0.0000 0 0.0000 -1.0000 -1.0000 -1.0000 -1.0000 2.0026 1.4483 4.5533 33.9538 6.2075 0.8085 -3.1276 0.7326
Car 0.0000 0 0.0000 -1.0000 -1.0000 -1.0000 -1.0000 1.9985 1.6210 4.6304 -54.0244 4.6828 0.5839 -0.0258 0.7276
Car 0.0000 0 0.0000 -1.0000 -1.0000 -1.0000 -1.0000 2.0866 1.8088 4.7955 4.3170 3.5274 0.9365 3.1399 0.7232
Car 0.0000 0 0.0000 -1.0000 -1.0000 -1.0000 -1.0000 1.9389 1.4487 4.5337 -41.1745 0.4656 0.5580 0.0334 0.6631
Car 0.0000 0 0.0000 -1.0000 -1.0000 -1.0000 -1.0000 1.9794 1.5938 4.6034 1.7698 22.3135 0.2161 0.0105 0.6381
Car 0.0000 0 0.0000 -1.0000 -1.0000 -1.0000 -1.0000 1.9335 1.5479 4.6271 16.3566 32.1577 -0.0489 0.0086 0.4620
Car 0.0000 0 0.0000 -1.0000 -1.0000 -1.0000 -1.0000 1.9081 1.5308 4.5175 -43.3236 34.7768 -0.4336 -0.0517 0.4445
Car 0.0000 0 0.0000 -1.0000 -1.0000 -1.0000 -1.0000 1.9680 1.6058 4.6639 -17.4414 32.5130 -0.1308 3.1094 0.3689
Truck 0.0000 0 0.0000 -1.0000 -1.0000 -1.0000 -1.0000 2.8357 3.0871 11.3485 32.2119 0.3297 1.6885 0.0700 0.5984
Truck 0.0000 0 0.0000 -1.0000 -1.0000 -1.0000 -1.0000 2.8386 2.7881 9.2344 15.1418 15.3328 1.2567 -3.1284 0.4963
Cyclist 0.0000 0 0.0000 -1.0000 -1.0000 -1.0000 -1.0000 0.7724 1.5824 1.7339 26.3308 -4.5818 0.8501 0.0168 0.5805
Cyclist 0.0000 0 0.0000 -1.0000 -1.0000 -1.0000 -1.0000 0.7969 1.5527 1.7993 11.1158 -4.4188 0.8565 -3.0792 0.5336
Cyclist 0.0000 0 0.0000 -1.0000 -1.0000 -1.0000 -1.0000 0.7484 1.5510 1.7419 -61.5719 -3.6827 0.3102 -0.0720 0.5297
Cyclist 0.0000 0 0.0000 -1.0000 -1.0000 -1.0000 -1.0000 0.7436 1.5727 1.6825 50.7356 -2.4468 0.9008 -3.0816 0.4951
Cyclist 0.0000 0 0.0000 -1.0000 -1.0000 -1.0000 -1.0000 0.7664 1.6108 1.7093 18.1900 -5.9515 0.9287 0.0145 0.4937
