Car 0.0000 0 0.0000 -1.0000 -1.0000 -1.0000 -1.0000 1.9558 1.4733 4.5120 -56.6537 0.5499 0.3716 -0.3358 0.7594
Car 0.0000 0 0.0000 -1.0000 -1.0000 -1.0000 -1.0000 2.0483 1.7377 4.7603 -21.6680 10.0951 0.6630 -0.0988 0.7456
Car 0.0000 0 0.0000 -1.0000 -1.0000 -1.0000 -1.0000 1.8847 1.4032 4.4824 46.9766 4.4333 0.8702 2.9672 0.7203
Car 0.0000 0 0.0000 -1.0000 -1.0000 -1.0000 -1.0000 2.0100 1.7597 4.6495 -11.8150 6.9347 0.6731 -3.1301 0.6968
Car 0.0000 0 0.0000 -1.0000 -1.0000 -1.0000 -1.0000 2.0034 1.7561 4.6387 -41.3050 8.7649 0.5813 -0.1553 0.6802
Car 0.0000 0 0.0000 -1.0000 -1.0000 -1.0000 -1.0000 1.9550 1.5026 4.5387 -5.0388 3.5807 0.7063 3.1196 0.6699
Car 0.0000 0 0.0000 -1.0000 -1.0000 -1.0000 -1.0000 1.8706 1.4359 4.3707 -37.6603 -3.4776 0.5535 2.9734 0.6476
Car 0.0000 0 0.0000 -1.0000 -1.0000 -1.0000 -1.0000 2.0319 1.6207 4.4989 30.2657 -9.3093 1.0193 -0.2732 0.5975
Car 0.0000 0 0.0000 -1.0000 -1.0000 -1.0000 -1.0000 1.9831 1.5284 4.5898 -76.0767 14.1191 -0.0073 -0.4802 0.5929
Car 0.0000 0 0.0000 -1.0000 -1.0000 -1.0000 -1.0000 1.9089 1.4559 4.5368 8.3286 30.2490 0.4290 -1.7510 0.5756
Car 0.0000 0 0.0000 -1.0000 -1.0000 -1.0000 -1.0000 2.0130 1.9032 4.6665 40.4007 -4.9683 1.2003 2.9942 0.5751
Car 0.0000 0 0.0000 -1.0000 -1.0000 -1.0000 -1.0000 1.9324 1.5574 4.5293 53.8839 -8.7414 1.0853 3.0304 0.5545
Car 0.0000 0 0.0000 -1.0000 -1.0000 -1.0000 -1.0000 1.8679 1.6035 4.4516 35.7809 -10.0664 1.0305 3.1316 0.5395
Car 0.0000 0 0.0000 -1.0000 -1.0000 -1.0000 -1.0000 1.9162 1.4528 4.5586 0.3923 -18.8900 0.7671 -1.7790 0.5275
Car 0.0000 0 0.0000 -1.0000 -1.0000 -1.0000 -1.0000 2.0332 1.7857 4.7444 3.9250 2.7735 0.9273 3.0099 0.5063
Car 0.0000 0 0.0000 -1.0000 -1.0000 -1.0000 -1.0000 1.9431 1.5184 4.5638 51.8895 -11.6761 1.0560 -0.1156 0.4982
Car 0.0000 0 0.0000 -1.0000 -1.0000 -1.0000 -1.0000 1.8968 1.4208 4.5194 -12.1854 -19.4783 0.6603 -1.7684 0.4934
Car 0.0000 0 0.0000 -1.0000 -1.0000 -1.0000 -1.0000 1.9090 1.4781 4.5979 -1.2119 -29.5896 0.8490 -1.7728 0.4781
Car 0.0000 0 0.0000 -1.0000 -1.0000 -1.0000 -1.0000 1.9252 1.7633 4.5661 -14.9966 -33.4418 0.8816 -1.7844 0.4711
Car 0.0000 0 0.0000 -1.0000 -1.0000 -1.0000 -1.0000 1.8219 1.4652 4.3638 -5.2208 33.9128 0.2100 -0.1514 0.4544
Car 0.0000 0 0.0000 -1.0000 -1.0000 -1.0000 -1.0000 1.9005 1.8065 4.4659 50.0946 -4.8661 1.2395 3.0141 0.4142
Car 0.0000 0 0.0000 -1.0000 -1.0000 -1.0000 -1.0000 1.9061 1.4799 4.5329 -1.6094 28.9617 0.2432 -1.6607 0.4057
Car 0.0000 0 0.0000 -1.0000 -1.0000 -1.0000 -1.0000 1.8947 1.4696 4.5522 -13.3169 -25.4682 0.6597 -1.6644 0.3699
Car 0.0000 0 0.0000 -1.0000 -1.0000 -1.0000 -1.0000 1.9727 2.0925 4.6573 -5.3748 -28.1768 1.1099 1.4885 0.3594
Tricar 0.0000 0 0.0000 -1.0000 -1.0000 -1.0000 -1.0000 1.2603 1.6146 3.0193 11.9730 -8.6801 0.8879 -0.0596 0.4513
Tricar 0.0000 0 0.0000 -1.0000 -1.0000 -1.0000 -1.0000 1.3301 1.8144 2.9968 2.6777 -24.2117 1.0477 1.6336 0.4017
Cyclist 0.0000 0 0.0000 -1.0000 -1.0000 -1.0000 -1.0000 0.7794 1.5611 1.7635 -10.9544 -4.1226 0.7056 -0.3352 0.6441
Cyclist 0.0000 0 0.0000 -1.0000 -1.0000 -1.0000 -1.0000 0.7445 1.5617 1.6931 2.8578 -4.5963 0.8041 3.1186 0.6142
Cyclist 0.0000 0 0.0000 -1.0000 -1.0000 -1.0000 -1.0000 0.7513 1.5566 1.7067 -10.0983 9.7962 0.5734 0.0052 0.6010
Cyclist 0.0000 0 0.0000 -1.0000 -1.0000 -1.0000 -1.0000 0.7050 1.5318 1.6739 -33.0371 9.9897 0.4901 3.0753 0.5928
Cyclist 0.0000 0 0.0000 -1.0000 -1.0000 -1.0000 -1.0000 0.7723 1.4700 1.8274 8.5888 -6.7115 0.7918 1.3483 0.5327
Cyclist 0.0000 0 0.0000 -1.0000 -1.0000 -1.0000 -1.0000 0.7641 1.5262 1.7458 -7.8201 11.7825 0.5600 -0.0418 0.4469
Cyclist 0.0000 0 0.0000 -1.0000 -1.0000 -1.0000 -1.0000 0.7125 1.2936 1.7532 19.3966 15.8122 0.5162 1.2386 0.4406
Cyclist 0.0000 0 0.0000 -1.0000 -1.0000 -1.0000 -1.0000 0.9074 1.5549 1.9730 35.8537 -7.4590 0.9604 3.0278 0.4231
Cyclist 0.0000 0 0.0000 -1.0000 -1.0000 -1.0000 -1.0000 0.7088 1.2331 1.7185 -4.6079 20.1120 0.3802 -1.1597 0.4088
Cyclist 0.0000 0 0.0000 -1.0000 -1.0000 -1.0000 -1.0000 0.7451 1.5508 1.7000 58.9277 1.5427 0.9554 3.0694 0.3403
Cyclist 0.0000 0 0.0000 -1.0000 -1.0000 -1.0000 -1.0000 0.7287 1.4734 1.7617 6.7224 -35.4996 1.0389 -1.6389 0.3359
Cyclist 0.0000 0 0.0000 -1.0000 -1.0000 -1.0000 -1.0000 0.7445 1.5737 1.7471 3.5400 27.7391 0.4977 -1.9508 0.3297
Pedestrian 0.0000 0 0.0000 -1.0000 -1.0000 -1.0000 -1.0000 0.6809 1.6464 0.6118 19.9453 12.4612 0.7976 2.9367 0.4730
Pedestrian 0.0000 0 0.0000 -1.0000 -1.0000 -1.0000 -1.0000 0.6828 1.6360 0.6107 10.6224 -14.3730 1.0588 2.7451 0.3801
