Car 0.0000 0 0.0000 -1.0000 -1.0000 -1.0000 -1.0000 1.9025 1.5203 4.4740 -4.3786 10.9175 0.6365 -0.0191 0.4777
Car 0.0000 0 0.0000 -1.0000 -1.0000 -1.0000 -1.0000 1.9147 1.5949 4.5681 11.0951 13.5336 0.5594 3.1211 0.4182
Car 0.0000 0 0.0000 -1.0000 -1.0000 -1.0000 -1.0000 2.2531 2.5498 5.1082 41.6105 -0.7735 1.2941 -0.0236 0.4157
Car 0.0000 0 0.0000 -1.0000 -1.0000 -1.0000 -1.0000 1.9770 1.5664 4.6748 -72.8432 0.5199 0.8155 -3.0510 0.3191
Car 0.0000 0 0.0000 -1.0000 -1.0000 -1.0000 -1.0000 1.8427 1.5007 4.4531 35.6255 -4.3025 0.7381 3.1366 0.3171
Truck 0.0000 0 0.0000 -1.0000 -1.0000 -1.0000 -1.0000 2.3359 2.2465 6.2643 19.1890 -4.0033 1.1227 3.1195 0.4690
Truck 0.0000 0 0.0000 -1.0000 -1.0000 -1.0000 -1.0000 2.0530 2.1073 5.1984 -38.3328 -3.2936 1.1773 3.1272 0.4377
Truck 0.0000 0 0.0000 -1.0000 -1.0000 -1.0000 -1.0000 2.5134 2.7549 7.8185 42.8929 -1.0230 1.4035 0.0197 0.3651
Truck 0.0000 0 0.0000 -1.0000 -1.0000 -1.0000 -1.0000 1.9617 1.9380 4.9389 9.3228 -3.9508 0.9736 3.1308 0.3357
Pedestrian 0.0000 0 0.0000 -1.0000 -1.0000 -1.0000 -1.0000 0.6880 1.6264 0.6366 -2.6301 -9.0147 0.8738 3.1211 0.3568
