Car 0.0000 0 0.0000 -1.0000 -1.0000 -1.0000 -1.0000 2.0321 1.3897 4.5879 -12.1384 1.3774 0.7640 -3.0991 0.8410
Car 0.0000 0 0.0000 -1.0000 -1.0000 -1.0000 -1.0000 2.0230 1.7363 4.5572 -0.8785 4.5421 0.8941 3.1267 0.8208
Car 0.0000 0 0.0000 -1.0000 -1.0000 -1.0000 -1.0000 2.0001 1.4567 4.5878 -13.6573 5.4575 0.7928 0.0492 0.7331
Car 0.0000 0 0.0000 -1.0000 -1.0000 -1.0000 -1.0000 1.9750 1.7905 4.4942 8.9839 6.7814 0.8625 -0.0246 0.7244
Car 0.0000 0 0.0000 -1.0000 -1.0000 -1.0000 -1.0000 2.0514 1.8094 4.7134 6.0597 2.3694 0.8814 -3.1084 0.6888
Car 0.0000 0 0.0000 -1.0000 -1.0000 -1.0000 -1.0000 2.2174 2.2604 5.0654 27.7451 2.1986 0.9901 -0.0459 0.6849
Car 0.0000 0 0.0000 -1.0000 -1.0000 -1.0000 -1.0000 1.9418 1.4105 4.5312 -27.8214 7.4535 0.9242 3.1378 0.6505
Car 0.0000 0 0.0000 -1.0000 -1.0000 -1.0000 -1.0000 2.1453 1.7438 4.8928 -24.9776 0.6614 1.0307 -0.0051 0.6331
Car 0.0000 0 0.0000 -1.0000 -1.0000 -1.0000 -1.0000 1.9734 1.6292 4.5021 -39.8576 4.2753 1.0559 3.1392 0.6117
Car 0.0000 0 0.0000 -1.0000 -1.0000 -1.0000 -1.0000 1.9710 1.4974 4.6262 77.7454 0.9492 0.4485 0.0179 0.5901
Car 0.0000 0 0.0000 -1.0000 -1.0000 -1.0000 -1.0000 1.8287 1.5799 4.3951 44.7536 8.0554 0.5690 -2.9092 0.4527
Car 0.0000 0 0.0000 -1.0000 -1.0000 -1.0000 -1.0000 2.1975 2.2665 5.1797 -40.4273 7.8125 1.3778 -0.0164 0.4329
Car 0.0000 0 0.0000 -1.0000 -1.0000 -1.0000 -1.0000 1.9370 1.8131 4.5850 -35.9472 0.3643 1.2285 -0.0739 0.4151
Car 0.0000 0 0.0000 -1.0000 -1.0000 -1.0000 -1.0000 2.0157 1.7355 4.9384 -69.6416 -4.3281 1.5465 -0.0493 0.3854
Car 0.0000 0 0.0000 -1.0000 -1.0000 -1.0000 -1.0000 1.9178 1.6301 4.6819 -52.1054 8.3765 0.9597 3.0761 0.3566
Car 0.0000 0 0.0000 -1.0000 -1.0000 -1.0000 -1.0000 1.9738 1.7846 4.7184 69.1004 11.3098 0.4431 1.4366 0.3541
Cyclist 0.0000 0 0.0000 -1.0000 -1.0000 -1.0000 -1.0000 0.7424 1.5362 1.7023 6.5222 -3.5672 0.8017 0.0353 0.5527
Cyclist 0.0000 0 0.0000 -1.0000 -1.0000 -1.0000 -1.0000 0.7253 1.5404 1.6785 16.2024 -3.3698 0.7237 -3.0884 0.4418
Cyclist 0.0000 0 0.0000 -1.0000 -1.0000 -1.0000 -1.0000 0.6237 1.1346 1.5925 20.2839 -1.7390 0.4724 -3.0869 0.3090
