Car 0.0000 0 0.0000 -1.0000 -1.0000 -1.0000 -1.0000 1.9229 1.4431 4.4626 24.1613 6.6974 0.8675 -3.1283 0.7511
Car 0.0000 0 0.0000 -1.0000 -1.0000 -1.0000 -1.0000 1.9684 1.6279 4.5185 35.5133 6.7349 1.0236 -3.1189 0.6471
Car 0.0000 0 0.0000 -1.0000 -1.0000 -1.0000 -1.0000 1.9434 1.5578 4.5731 41.2797 6.9328 1.0400 -3.1022 0.6024
Car 0.0000 0 0.0000 -1.0000 -1.0000 -1.0000 -1.0000 1.8784 1.4539 4.4659 29.9094 6.8225 0.9123 -3.0923 0.5965
Car 0.0000 0 0.0000 -1.0000 -1.0000 -1.0000 -1.0000 1.8832 1.5768 4.5945 -14.1869 -23.7307 0.9997 -1.5175 0.3078
Tricar 0.0000 0 0.0000 -1.0000 -1.0000 -1.0000 -1.0000 1.2999 1.6552 2.6883 49.0927 3.5309 1.2037 0.0548 0.3503
Cyclist 0.0000 0 0.0000 -1.0000 -1.0000 -1.0000 -1.0000 0.7200 1.5221 1.7140 -33.1916 -2.0974 0.5657 -0.0212 0.6723
Cyclist 0.0000 0 0.0000 -1.0000 -1.0000 -1.0000 -1.0000 0.7673 1.5465 1.7179 -27.0744 4.4723 0.5910 -3.0164 0.4678
Cyclist 0.0000 0 0.0000 -1.0000 -1.0000 -1.0000 -1.0000 0.6731 1.3243 1.6710 -10.1311 -7.9458 0.5987 2.1995 0.3407
Cyclist 0.0000 0 0.0000 -1.0000 -1.0000 -1.0000 -1.0000 0.7699 1.5209 1.7548 29.6484 -7.2399 1.0503 0.0156 0.3123
Pedestrian 0.0000 0 0.0000 -1.0000 -1.0000 -1.0000 -1.0000 0.7226 1.7048 0.7116 -7.2714 -7.9643 0.9202 -3.0742 0.5503
Pedestrian 0.0000 0 0.0000 -1.0000 -1.0000 -1.0000 -1.0000 0.6905 1.6616 0.6328 -33.9463 -8.9168 0.8492 -0.1744 0.3713
