Car 0.0000 0 0.0000 -1.0000 -1.0000 -1.0000 -1.0000 1.9631 1.4952 4.6147 25.6881 29.9441 -0.3057 -1.9111 0.6399
Car 0.0000 0 0.0000 -1.0000 -1.0000 -1.0000 -1.0000 1.9468 1.6706 4.5692 21.4062 29.0478 -0.3014 -1.8670 0.6348
Car 0.0000 0 0.0000 -1.0000 -1.0000 -1.0000 -1.0000 1.9261 1.5089 4.5526 24.1588 35.6349 -0.4880 -1.9259 0.5923
Car 0.0000 0 0.0000 -1.0000 -1.0000 -1.0000 -1.0000 1.9111 1.4832 4.5499 -16.6765 -31.1028 1.4787 -1.6229 0.5361
Car 0.0000 0 0.0000 -1.0000 -1.0000 -1.0000 -1.0000 1.9200 1.5068 4.5769 40.6482 15.1016 -0.1779 -2.0197 0.4102
Car 0.0000 0 0.0000 -1.0000 -1.0000 -1.0000 -1.0000 1.9142 1.6190 4.5895 45.3022 -25.1442 0.0208 1.2809 0.3475
Car 0.0000 0 0.0000 -1.0000 -1.0000 -1.0000 -1.0000 1.9735 1.6082 4.6779 10.6464 36.9691 -0.5219 -2.3319 0.3018
Truck 0.0000 0 0.0000 -1.0000 -1.0000 -1.0000 -1.0000 3.0184 3.5091 9.2215 -3.9771 29.0553 0.8737 -2.7892 0.6064
Truck 0.0000 0 0.0000 -1.0000 -1.0000 -1.0000 -1.0000 2.4637 2.5849 5.9884 3.1617 -34.2330 1.9984 1.1132 0.5999
Truck 0.0000 0 0.0000 -1.0000 -1.0000 -1.0000 -1.0000 2.9358 3.5864 10.4835 8.6824 -36.8569 2.5845 1.2465 0.5781
