Car 0.0000 0 0.0000 -1.0000 -1.0000 -1.0000 -1.0000 1.9994 1.5822 4.5630 -33.1577 -5.2929 0.6289 -0.3266 0.8348
Car 0.0000 0 0.0000 -1.0000 -1.0000 -1.0000 -1.0000 2.1523 1.8019 4.8488 -19.5252 -0.1624 0.8715 -0.0880 0.6716
Car 0.0000 0 0.0000 -1.0000 -1.0000 -1.0000 -1.0000 1.9593 1.6269 4.6211 -18.1815 33.6526 0.3849 -1.4076 0.6528
Car 0.0000 0 0.0000 -1.0000 -1.0000 -1.0000 -1.0000 1.8848 1.4575 4.4817 -33.4617 37.3169 -0.1919 -1.3846 0.5938
Car 0.0000 0 0.0000 -1.0000 -1.0000 -1.0000 -1.0000 2.0719 1.7391 4.8360 -52.2206 7.8663 0.5613 -3.1355 0.5596
Car 0.0000 0 0.0000 -1.0000 -1.0000 -1.0000 -1.0000 1.9332 1.5172 4.4504 -49.5462 -3.1997 0.4656 -3.1259 0.5094
Car 0.0000 0 0.0000 -1.0000 -1.0000 -1.0000 -1.0000 1.9320 1.5408 4.5959 -24.7251 36.6053 0.2137 -1.2771 0.4561
Car 0.0000 0 0.0000 -1.0000 -1.0000 -1.0000 -1.0000 1.9688 1.4724 4.6715 -20.9687 -15.4779 0.7317 -0.9950 0.4415
Car 0.0000 0 0.0000 -1.0000 -1.0000 -1.0000 -1.0000 2.0369 1.6756 4.6574 49.7954 0.1276 1.0916 -3.0845 0.3997
Car 0.0000 0 0.0000 -1.0000 -1.0000 -1.0000 -1.0000 1.9309 1.5674 4.6105 -20.4942 33.1934 0.2886 -1.3589 0.3558
Cyclist 0.0000 0 0.0000 -1.0000 -1.0000 -1.0000 -1.0000 0.9228 1.6089 1.9509 2.0618 -15.1751 0.8468 -2.4352 0.3049
Pedestrian 0.0000 0 0.0000 -1.0000 -1.0000 -1.0000 -1.0000 0.7132 1.6732 0.7121 3.3705 23.4628 0.4530 -0.9090 0.4303
Pedestrian 0.0000 0 0.0000 -1.0000 -1.0000 -1.0000 -1.0000 0.6698 1.6152 0.5837 -21.7635 29.2370 0.2912 -0.3229 0.4176
Pedestrian 0.0000 0 0.0000 -1.0000 -1.0000 -1.0000 -1.0000 0.7045 1.6446 0.7046 0.7772 25.9434 0.4169 -1.1470 0.3606
