Car 0.0000 0 0.0000 -1.0000 -1.0000 -1.0000 -1.0000 2.1543 1.8056 4.8717 -12.2432 0.8066 0.9196 -0.0369 0.8405
Car 0.0000 0 0.0000 -1.0000 -1.0000 -1.0000 -1.0000 2.0396 1.6302 4.6620 48.5518 7.1436 0.8307 3.1310 0.8170
Car 0.0000 0 0.0000 -1.0000 -1.0000 -1.0000 -1.0000 2.0429 1.5290 4.5846 26.4817 0.6473 0.8049 0.0261 0.7497
Car 0.0000 0 0.0000 -1.0000 -1.0000 -1.0000 -1.0000 2.0254 1.6846 4.5988 42.2167 -0.6273 0.8396 0.0124 0.7370
Car 0.0000 0 0.0000 -1.0000 -1.0000 -1.0000 -1.0000 1.9156 1.7109 4.4117 7.2062 12.1345 0.8276 -0.0272 0.7018
Car 0.0000 0 0.0000 -1.0000 -1.0000 -1.0000 -1.0000 1.9528 1.6320 4.4772 -21.7657 -0.2924 0.8110 3.1159 0.6344
Car 0.0000 0 0.0000 -1.0000 -1.0000 -1.0000 -1.0000 2.0569 1.7702 4.6199 15.3673 8.4395 0.8799 -0.0392 0.5885
Car 0.0000 0 0.0000 -1.0000 -1.0000 -1.0000 -1.0000 1.9803 1.6832 4.6687 63.2672 6.2198 0.8272 0.0270 0.5379
Car 0.0000 0 0.0000 -1.0000 -1.0000 -1.0000 -1.0000 1.9594 1.6008 4.6530 75.3991 1.3728 1.1127 3.0980 0.3690
Car 0.0000 0 0.0000 -1.0000 -1.0000 -1.0000 -1.0000 2.0284 1.9451 4.7710 -46.2361 37.1494 0.7502 -0.0263 0.3428
