Car 0.0000 0 0.0000 -1.0000 -1.0000 -1.0000 -1.0000 1.9718 1.4838 4.5547 6.2692 -2.9610 0.7821 0.0372 0.8097
Car 0.0000 0 0.0000 -1.0000 -1.0000 -1.0000 -1.0000 1.9939 1.4875 4.5600 14.1261 -3.3569 0.8293 0.0441 0.8066
Car 0.0000 0 0.0000 -1.0000 -1.0000 -1.0000 -1.0000 1.9124 1.4679 4.5299 -44.6432 2.7038 0.4682 3.1388 0.6470
Car 0.0000 0 0.0000 -1.0000 -1.0000 -1.0000 -1.0000 1.9170 1.6744 4.4630 12.7978 -6.6762 0.9088 0.0081 0.6072
Car 0.0000 0 0.0000 -1.0000 -1.0000 -1.0000 -1.0000 1.9621 1.5017 4.5663 -8.7351 -0.1542 0.7175 0.0270 0.5419
Car 0.0000 0 0.0000 -1.0000 -1.0000 -1.0000 -1.0000 1.9545 1.4769 4.5878 57.9780 -6.8373 0.9383 2.5882 0.5186
Car 0.0000 0 0.0000 -1.0000 -1.0000 -1.0000 -1.0000 1.9793 1.5088 4.6088 -1.9678 -3.5800 0.7644 0.0094 0.4965
Car 0.0000 0 0.0000 -1.0000 -1.0000 -1.0000 -1.0000 2.0112 1.8154 4.8126 6.4925 0.0138 0.9898 0.0064 0.4708
Car 0.0000 0 0.0000 -1.0000 -1.0000 -1.0000 -1.0000 2.0097 1.6436 4.6342 -28.3947 3.8944 0.6567 -3.1306 0.4465
Truck 0.0000 0 0.0000 -1.0000 -1.0000 -1.0000 -1.0000 2.7321 2.5287 8.1269 -15.9537 3.5409 1.1937 0.0205 0.5920
Truck 0.0000 0 0.0000 -1.0000 -1.0000 -1.0000 -1.0000 3.0764 4.0493 17.9571 0.6128 3.5285 2.0495 0.0286 0.5570
Truck 0.0000 0 0.0000 -1.0000 -1.0000 -1.0000 -1.0000 2.5048 2.5170 6.7845 26.8460 3.6177 1.4488 -3.1315 0.3518
Truck 0.0000 0 0.0000 -1.0000 -1.0000 -1.0000 -1.0000 1.7914 1.8363 4.3626 -39.5682 3.0659 0.7373 3.1076 0.3489
Cyclist 0.0000 0 0.0000 -1.0000 -1.0000 -1.0000 -1.0000 0.7849 1.5629 1.7522 -15.4502 -15.5266 0.7088 -0.0270 0.5242
