Car 0.0000 0 0.0000 -1.0000 -1.0000 -1.0000 -1.0000 1.9949 1.5966 4.5145 -6.8381 9.7668 0.9776 3.0714 0.8113
Car 0.0000 0 0.0000 -1.0000 -1.0000 -1.0000 -1.0000 2.0364 1.4699 4.5708 -20.6804 18.4639 1.1287 2.6517 0.7708
Car 0.0000 0 0.0000 -1.0000 -1.0000 -1.0000 -1.0000 2.0424 1.8356 4.7791 -9.2195 -32.9580 0.6954 2.6319 0.6181
Car 0.0000 0 0.0000 -1.0000 -1.0000 -1.0000 -1.0000 1.9987 1.5943 4.6789 -20.8682 -6.4508 0.8410 -2.0598 0.5978
Car 0.0000 0 0.0000 -1.0000 -1.0000 -1.0000 -1.0000 1.9073 1.4873 4.5357 12.5316 -21.8925 0.5545 -2.0334 0.5933
Car 0.0000 0 0.0000 -1.0000 -1.0000 -1.0000 -1.0000 1.9532 1.4811 4.5212 3.9783 11.6583 0.8545 2.7316 0.5410
Car 0.0000 0 0.0000 -1.0000 -1.0000 -1.0000 -1.0000 1.9158 1.4629 4.5330 -24.2043 -5.3603 0.7667 -2.1575 0.5292
Car 0.0000 0 0.0000 -1.0000 -1.0000 -1.0000 -1.0000 2.0037 1.6060 4.7098 -24.8499 -14.6157 0.7894 -2.0383 0.4607
Car 0.0000 0 0.0000 -1.0000 -1.0000 -1.0000 -1.0000 1.9195 1.5130 4.5678 15.5024 -23.7071 0.5755 -2.0178 0.4239
Car 0.0000 0 0.0000 -1.0000 -1.0000 -1.0000 -1.0000 1.9056 1.5191 4.5625 19.2542 -26.1988 0.5099 -2.0418 0.3358
Truck 0.0000 0 0.0000 -1.0000 -1.0000 -1.0000 -1.0000 2.7414 3.2668 7.1078 -8.3331 39.6297 1.9984 1.1933 0.3971
Cyclist 0.0000 0 0.0000 -1.0000 -1.0000 -1.0000 -1.0000 0.7811 1.5141 1.7872 -19.6885 6.6090 0.9379 2.9534 0.6957
Cyclist 0.0000 0 0.0000 -1.0000 -1.0000 -1.0000 -1.0000 0.7620 1.5220 1.7590 29.1875 9.8078 0.5457 -0.4512 0.5659
Cyclist 0.0000 0 0.0000 -1.0000 -1.0000 -1.0000 -1.0000 0.8017 1.4913 1.8055 -5.4932 25.4669 1.1121 2.5384 0.4503
Cyclist 0.0000 0 0.0000 -1.0000 -1.0000 -1.0000 -1.0000 0.7783 1.5590 1.7440 11.4056 -13.1397 0.4882 2.7379 0.4427
Cyclist 0.0000 0 0.0000 -1.0000 -1.0000 -1.0000 -1.0000 0.7180 1.5533 1.7125 18.1481 -16.6800 0.3827 2.6766 0.3843
