Car 0.0000 0 0.0000 -1.0000 -1.0000 -1.0000 -1.0000 2.0420 1.4924 4.5975 -12.9148 -0.9608 0.7355 -0.0500 0.8543
Car 0.0000 0 0.0000 -1.0000 -1.0000 -1.0000 -1.0000 2.0139 1.4709 4.6044 -12.8207 -8.9063 0.7289 -3.1087 0.8214
Car 0.0000 0 0.0000 -1.0000 -1.0000 -1.0000 -1.0000 2.0652 1.7264 4.6143 39.7776 -0.6305 0.9352 -3.1135 0.7812
Car 0.0000 0 0.0000 -1.0000 -1.0000 -1.0000 -1.0000 1.9904 1.5277 4.6646 -0.9584 8.4078 0.5904 3.0917 0.7803
Car 0.0000 0 0.0000 -1.0000 -1.0000 -1.0000 -1.0000 1.9605 1.4707 4.6448 -4.8631 -7.9633 0.7398 0.0511 0.7324
Car 0.0000 0 0.0000 -1.0000 -1.0000 -1.0000 -1.0000 2.0369 1.6771 4.6407 -25.8850 7.8366 0.6629 -0.0040 0.6945
Car 0.0000 0 0.0000 -1.0000 -1.0000 -1.0000 -1.0000 1.9042 1.4774 4.4290 -18.8803 -8.1350 0.6543 -0.1286 0.6463
Car 0.0000 0 0.0000 -1.0000 -1.0000 -1.0000 -1.0000 1.9034 1.6911 4.4633 -33.7986 -5.4082 0.7608 -0.0221 0.5853
Car 0.0000 0 0.0000 -1.0000 -1.0000 -1.0000 -1.0000 1.9184 1.4377 4.5494 -36.8460 -8.5802 0.6951 -3.1122 0.5640
Car 0.0000 0 0.0000 -1.0000 -1.0000 -1.0000 -1.0000 1.8966 1.5640 4.5490 -17.9814 14.2407 0.4009 -0.0224 0.5320
Car 0.0000 0 0.0000 -1.0000 -1.0000 -1.0000 -1.0000 1.8116 1.5914 4.2856 -24.0654 -8.5443 0.7177 -3.1294 0.5139
Car 0.0000 0 0.0000 -1.0000 -1.0000 -1.0000 -1.0000 2.0411 1.5941 4.7686 -72.8777 1.0708 0.8047 -3.1216 0.4755
Car 0.0000 0 0.0000 -1.0000 -1.0000 -1.0000 -1.0000 1.8867 1.4736 4.4597 41.6187 11.3174 0.4945 3.1052 0.4623
Car 0.0000 0 0.0000 -1.0000 -1.0000 -1.0000 -1.0000 1.9239 1.5193 4.6281 19.6271 -17.8205 1.1653 -1.4415 0.4196
Car 0.0000 0 0.0000 -1.0000 -1.0000 -1.0000 -1.0000 2.0813 1.6783 4.7690 -49.5044 1.6569 0.8321 -0.0363 0.4100
Car 0.0000 0 0.0000 -1.0000 -1.0000 -1.0000 -1.0000 1.9378 1.5498 4.6120 15.7396 -17.9808 1.2408 -1.5087 0.3911
Car 0.0000 0 0.0000 -1.0000 -1.0000 -1.0000 -1.0000 2.0131 1.8281 4.8705 -55.7037 5.0770 0.8520 3.1259 0.3415
Car 0.0000 0 0.0000 -1.0000 -1.0000 -1.0000 -1.0000 1.9109 1.5418 4.6098 48.1681 -1.4220 0.8529 0.0002 0.3321
Car 0.0000 0 0.0000 -1.0000 -1.0000 -1.0000 -1.0000 1.9838 1.4689 4.6394 -40.2131 3.8784 0.6592 -0.0257 0.3283
Car 0.0000 0 0.0000 -1.0000 -1.0000 -1.0000 -1.0000 1.9627 1.5471 4.7072 80.2276 2.5276 0.8173 0.1057 0.3157
Truck 0.0000 0 0.0000 -1.0000 -1.0000 -1.0000 -1.0000 2.8651 3.3402 10.1130 78.2517 -1.2379 1.6803 -3.1330 0.5148
Cyclist 0.0000 0 0.0000 -1.0000 -1.0000 -1.0000 -1.0000 0.7108 1.5111 1.6900 26.2249 9.1471 0.5422 0.0615 0.4978
Cyclist 0.0000 0 0.0000 -1.0000 -1.0000 -1.0000 -1.0000 0.7538 1.5014 1.7592 -38.5788 -4.8150 0.7621 -3.1415 0.4686
Cyclist 0.0000 0 0.0000 -1.0000 -1.0000 -1.0000 -1.0000 0.7534 1.5423 1.7281 55.8982 8.0865 0.6181 3.1075 0.4499
Cyclist 0.0000 0 0.0000 -1.0000 -1.0000 -1.0000 -1.0000 0.6874 1.4277 1.6796 -22.1022 13.0634 0.4082 3.0529 0.4091
Cyclist 0.0000 0 0.0000 -1.0000 -1.0000 -1.0000 -1.0000 0.7363 1.4865 1.6957 -6.2862 -13.6631 0.8795 0.0440 0.3907
Cyclist 0.0000 0 0.0000 -1.0000 -1.0000 -1.0000 -1.0000 0.6881 1.2392 1.6984 -16.6033 16.6582 0.3299 -0.2132 0.3535
Cyclist 0.0000 0 0.0000 -1.0000 -1.0000 -1.0000 -1.0000 0.6724 1.1262 1.6765 23.6042 18.1921 0.4089 -2.9329 0.3457
Cyclist 0.0000 0 0.0000 -1.0000 -1.0000 -1.0000 -1.0000 0.7218 1.4675 1.6960 4.9906 18.5803 0.5474 3.0762 0.3393
Cyclist 0.0000 0 0.0000 -1.0000 -1.0000 -1.0000 -1.0000 0.6967 1.2603 1.6877 8.0770 19.6181 0.5077 0.0235 0.3385
Cyclist 0.0000 0 0.0000 -1.0000 -1.0000 -1.0000 -1.0000 0.6570 1.1605 1.6354 -13.5524 16.3943 0.2362 -0.6574 0.3346
Cyclist 0.0000 0 0.0000 -1.0000 -1.0000 -1.0000 -1.0000 0.6564 1.1137 1.6682 -14.0993 -13.8494 0.8234 -3.0615 0.3084
Pedestrian 0.0000 0 0.0000 -1.0000 -1.0000 -1.0000 -1.0000 0.6854 1.6602 0.6273 18.1497 -14.0802 1.0869 3.0926 0.6098
Pedestrian 0.0000 0 0.0000 -1.0000 -1.0000 -1.0000 -1.0000 0.7064 1.6927 0.6613 -23.2984 -12.9468 1.0806 0.0528 0.4638
Pedestrian 0.0000 0 0.0000 -1.0000 -1.0000 -1.0000 -1.0000 0.6953 1.6353 0.6524 2.2582 19.6054 0.6756 -3.1075 0.3991
Pedestrian 0.0000 0 0.0000 -1.0000 -1.0000 -1.0000 -1.0000 0.7320 1.7380 0.6917 8.6847 17.0197 0.7959 0.0719 0.3667
Pedestrian 0.0000 0 0.0000 -1.0000 -1.0000 -1.0000 -1.0000 0.6939 1.6202 0.6116 -31.9143 -7.2626 0.7556 -3.0923 0.3529
Pedestrian 0.0000 0 0.0000 -1.0000 -1.0000 -1.0000 -1.0000 0.6934 1.7011 0.6128 38.7984 18.1333 0.7508 -2.7644 0.3000
