Car 0.0000 0 0.0000 -1.0000 -1.0000 -1.0000 -1.0000 1.9919 1.5694 4.5248 3.1751 2.9458 0.8907 3.1259 0.7890
Car 0.0000 0 0.0000 -1.0000 -1.0000 -1.0000 -1.0000 2.0086 1.6912 4.6930 29.4930 37.0391 0.0989 -1.7978 0.7409
Car 0.0000 0 0.0000 -1.0000 -1.0000 -1.0000 -1.0000 1.9379 1.5297 4.5452 32.8147 6.8692 1.0117 -1.7075 0.6571
Car 0.0000 0 0.0000 -1.0000 -1.0000 -1.0000 -1.0000 1.9568 1.5599 4.6311 29.3873 -15.2950 1.0728 -1.5239 0.5082
Car 0.0000 0 0.0000 -1.0000 -1.0000 -1.0000 -1.0000 2.1763 1.7791 4.9187 -17.3764 -0.1404 0.8680 -3.1282 0.4700
Car 0.0000 0 0.0000 -1.0000 -1.0000 -1.0000 -1.0000 1.9047 1.5243 4.5799 32.2484 16.2012 0.6809 1.4657 0.4193
Car 0.0000 0 0.0000 -1.0000 -1.0000 -1.0000 -1.0000 1.9141 1.7268 4.5758 28.8987 -30.7737 1.3869 1.2747 0.3496
Truck 0.0000 0 0.0000 -1.0000 -1.0000 -1.0000 -1.0000 2.4295 2.5735 6.1889 29.6688 -6.0186 1.5124 1.8810 0.4899
Truck 0.0000 0 0.0000 -1.0000 -1.0000 -1.0000 -1.0000 2.3211 2.3451 6.0908 37.3910 38.8527 0.4898 -1.8567 0.4687
Truck 0.0000 0 0.0000 -1.0000 -1.0000 -1.0000 -1.0000 2.6646 3.1658 6.7802 33.5356 27.9667 1.1566 -1.6066 0.4582
Truck 0.0000 0 0.0000 -1.0000 -1.0000 -1.0000 -1.0000 2.3726 2.3650 6.2929 40.5040 -16.6446 1.5136 0.6365 0.4022
Truck 0.0000 0 0.0000 -1.0000 -1.0000 -1.0000 -1.0000 2.6635 3.0361 6.7574 78.9575 14.1118 1.8600 3.0558 0.3724
Cyclist 0.0000 0 0.0000 -1.0000 -1.0000 -1.0000 -1.0000 0.7532 1.5270 1.7579 24.4161 -9.8762 0.9891 1.5652 0.5464
Cyclist 0.0000 0 0.0000 -1.0000 -1.0000 -1.0000 -1.0000 0.8174 1.5527 1.8454 25.7702 -22.4038 1.0257 1.4282 0.4345
Cyclist 0.0000 0 0.0000 -1.0000 -1.0000 -1.0000 -1.0000 0.8151 1.5797 1.8235 -0.7787 27.7705 0.1940 -0.0089 0.3840
Cyclist 0.0000 0 0.0000 -1.0000 -1.0000 -1.0000 -1.0000 0.7528 1.5793 1.7034 39.8190 -12.7100 1.0938 0.6423 0.3469
Cyclist 0.0000 0 0.0000 -1.0000 -1.0000 -1.0000 -1.0000 0.7825 1.4998 1.7784 -36.3735 -13.7390 0.7797 0.0189 0.3123
Cyclist 0.0000 0 0.0000 -1.0000 -1.0000 -1.0000 -1.0000 0.6628 1.1410 1.6529 20.0001 -21.9159 0.8681 -2.6340 0.3080
Pedestrian 0.0000 0 0.0000 -1.0000 -1.0000 -1.0000 -1.0000 0.6844 1.6292 0.6694 24.2610 -20.0615 1.0629 1.4995 0.3917
Pedestrian 0.0000 0 0.0000 -1.0000 -1.0000 -1.0000 -1.0000 0.6771 1.5839 0.6072 -3.2162 -23.8428 1.1057 3.1117 0.3108
