Car 0.0000 0 0.0000 -1.0000 -1.0000 -1.0000 -1.0000 2.0556 1.7057 4.7261 -29.5621 -8.7239 1.0035 0.0323 0.8321
Car 0.0000 0 0.0000 -1.0000 -1.0000 -1.0000 -1.0000 1.9583 1.4646 4.4672 10.6331 -9.2354 0.8363 -0.0047 0.7829
Car 0.0000 0 0.0000 -1.0000 -1.0000 -1.0000 -1.0000 1.9568 1.4900 4.5047 -8.7507 3.4619 0.7268 0.0009 0.7772
Car 0.0000 0 0.0000 -1.0000 -1.0000 -1.0000 -1.0000 1.9022 1.4009 4.4569 16.3829 -9.0319 0.7323 3.1311 0.7649
Car 0.0000 0 0.0000 -1.0000 -1.0000 -1.0000 -1.0000 2.0341 1.8809 4.6443 17.7648 2.8236 0.8448 0.0046 0.7356
Car 0.0000 0 0.0000 -1.0000 -1.0000 -1.0000 -1.0000 1.8863 1.4387 4.4757 -7.1751 12.5936 0.4259 -0.0222 0.6947
Car 0.0000 0 0.0000 -1.0000 -1.0000 -1.0000 -1.0000 1.8943 1.5349 4.5396 -12.4045 12.6574 0.4949 -3.1071 0.6721
Car 0.0000 0 0.0000 -1.0000 -1.0000 -1.0000 -1.0000 1.9406 1.4163 4.5571 -17.3772 -8.9052 0.7852 0.0127 0.6703
Car 0.0000 0 0.0000 -1.0000 -1.0000 -1.0000 -1.0000 1.9513 1.4944 4.5638 29.8815 2.7232 0.6936 -0.0300 0.6426
Car 0.0000 0 0.0000 -1.0000 -1.0000 -1.0000 -1.0000 1.9480 1.5139 4.5374 -35.6970 4.2121 0.8855 -0.0314 0.6132
Car 0.0000 0 0.0000 -1.0000 -1.0000 -1.0000 -1.0000 1.8788 1.5878 4.4287 42.3987 2.9733 0.6467 3.1273 0.6088
Car 0.0000 0 0.0000 -1.0000 -1.0000 -1.0000 -1.0000 1.9403 1.4946 4.4708 -6.1745 -9.2807 0.8551 -3.1111 0.5655
Car 0.0000 0 0.0000 -1.0000 -1.0000 -1.0000 -1.0000 1.9079 1.5757 4.4849 6.1076 12.6480 0.4415 -0.0042 0.5579
Car 0.0000 0 0.0000 -1.0000 -1.0000 -1.0000 -1.0000 1.8908 1.6528 4.4734 -18.8166 3.3165 0.8658 0.0189 0.5377
Car 0.0000 0 0.0000 -1.0000 -1.0000 -1.0000 -1.0000 1.8727 1.4830 4.5346 -36.7068 12.8868 0.4989 -0.0639 0.5204
Car 0.0000 0 0.0000 -1.0000 -1.0000 -1.0000 -1.0000 1.9971 1.5357 4.6347 -17.0989 0.3712 0.7988 -3.1309 0.5150
Car 0.0000 0 0.0000 -1.0000 -1.0000 -1.0000 -1.0000 1.9138 1.5604 4.4878 -35.1532 -9.0549 1.0332 -3.0502 0.4687
Car 0.0000 0 0.0000 -1.0000 -1.0000 -1.0000 -1.0000 1.8936 1.5474 4.4341 -25.8512 3.5849 0.8619 -3.1226 0.4317
Car 0.0000 0 0.0000 -1.0000 -1.0000 -1.0000 -1.0000 1.8902 1.5291 4.4411 34.1618 -8.9338 0.8207 3.0848 0.4070
Car 0.0000 0 0.0000 -1.0000 -1.0000 -1.0000 -1.0000 1.9185 1.7925 4.5716 -43.4608 3.9956 0.9730 -0.0100 0.4052
Car 0.0000 0 0.0000 -1.0000 -1.0000 -1.0000 -1.0000 1.8994 1.5581 4.5389 50.0831 -8.8945 0.8382 -0.0425 0.3972
Car 0.0000 0 0.0000 -1.0000 -1.0000 -1.0000 -1.0000 1.9306 1.6006 4.5921 -4.0685 21.7002 0.2610 -1.5168 0.3967
Car 0.0000 0 0.0000 -1.0000 -1.0000 -1.0000 -1.0000 1.8703 1.5076 4.4936 11.8830 12.4970 0.3362 -3.1115 0.3704
Car 0.0000 0 0.0000 -1.0000 -1.0000 -1.0000 -1.0000 1.8498 1.4923 4.4826 -31.6458 13.1175 0.4760 -0.0907 0.3640
Car 0.0000 0 0.0000 -1.0000 -1.0000 -1.0000 -1.0000 1.8836 1.5014 4.5738 -13.6649 -21.4327 1.5585 1.3428 0.3367
Car 0.0000 0 0.0000 -1.0000 -1.0000 -1.0000 -1.0000 1.9051 1.5445 4.5658 38.6915 -9.1574 0.8264 -0.0116 0.3210
Car 0.0000 0 0.0000 -1.0000 -1.0000 -1.0000 -1.0000 2.0978 2.1508 5.1030 -14.2821 -16.7750 1.6452 -3.1145 0.3159
Car 0.0000 0 0.0000 -1.0000 -1.0000 -1.0000 -1.0000 1.9327 1.5942 4.6675 -42.8557 13.8504 0.6588 -0.2961 0.3122
Truck 0.0000 0 0.0000 -1.0000 -1.0000 -1.0000 -1.0000 2.5847 3.2059 6.3868 3.9139 2.8488 1.6458 -3.1399 0.4918
Truck 0.0000 0 0.0000 -1.0000 -1.0000 -1.0000 -1.0000 2.8010 3.1354 10.6197 30.7586 -0.2448 1.6616 3.1272 0.4037
Cyclist 0.0000 0 0.0000 -1.0000 -1.0000 -1.0000 -1.0000 0.7211 1.5284 1.6789 -15.7262 -6.1104 0.8193 -0.0008 0.5981
Cyclist 0.0000 0 0.0000 -1.0000 -1.0000 -1.0000 -1.0000 0.7437 1.5579 1.7093 45.1353 9.1804 0.6001 3.1272 0.5205
Cyclist 0.0000 0 0.0000 -1.0000 -1.0000 -1.0000 -1.0000 0.7200 1.2549 1.7490 22.2877 -9.2309 0.6283 -3.0536 0.5079
Cyclist 0.0000 0 0.0000 -1.0000 -1.0000 -1.0000 -1.0000 0.6472 1.0841 1.6370 -0.7502 -9.4183 0.6857 1.9490 0.3842
Cyclist 0.0000 0 0.0000 -1.0000 -1.0000 -1.0000 -1.0000 0.6644 1.2519 1.6727 -12.6055 18.7140 0.3705 0.0986 0.3677
Cyclist 0.0000 0 0.0000 -1.0000 -1.0000 -1.0000 -1.0000 0.6789 1.5093 1.6578 -17.7758 9.1919 0.6240 0.0151 0.3268
Pedestrian 0.0000 0 0.0000 -1.0000 -1.0000 -1.0000 -1.0000 0.6652 1.5710 0.5967 12.6280 -13.9952 1.1209 3.0997 0.5007
Pedestrian 0.0000 0 0.0000 -1.0000 -1.0000 -1.0000 -1.0000 0.6635 1.6184 0.5836 1.0406 -14.0485 1.2599 0.2625 0.3299
