Car 0.0000 0 0.0000 -1.0000 -1.0000 -1.0000 -1.0000 1.9786 1.5386 4.5235 44.3056 -4.4604 0.9300 0.0366 0.7591
Car 0.0000 0 0.0000 -1.0000 -1.0000 -1.0000 -1.0000 1.9436 1.5106 4.5094 -43.0806 10.1170 0.5171 -3.0782 0.7341
Car 0.0000 0 0.0000 -1.0000 -1.0000 -1.0000 -1.0000 1.9608 1.4718 4.5104 27.6122 7.0219 0.5861 -0.0415 0.7175
Car 0.0000 0 0.0000 -1.0000 -1.0000 -1.0000 -1.0000 1.9627 1.6234 4.5628 -10.3860 10.8131 0.5449 0.0520 0.6999
Car 0.0000 0 0.0000 -1.0000 -1.0000 -1.0000 -1.0000 1.9884 1.8563 4.5138 28.3576 -7.4338 0.9842 -0.0182 0.6993
Car 0.0000 0 0.0000 -1.0000 -1.0000 -1.0000 -1.0000 1.9670 1.5277 4.5412 -61.8217 -4.2797 0.8536 -3.1341 0.6171
Car 0.0000 0 0.0000 -1.0000 -1.0000 -1.0000 -1.0000 1.9754 1.5399 4.6039 -75.0962 -6.6472 0.9113 -3.1371 0.6047
Car 0.0000 0 0.0000 -1.0000 -1.0000 -1.0000 -1.0000 2.1166 2.1453 4.8745 -6.6588 -3.4354 1.1315 0.0058 0.5936
Car 0.0000 0 0.0000 -1.0000 -1.0000 -1.0000 -1.0000 1.8867 1.4797 4.4214 -13.3075 7.4003 0.5991 -3.0879 0.4518
Car 0.0000 0 0.0000 -1.0000 -1.0000 -1.0000 -1.0000 1.9826 1.6396 4.7595 72.7901 9.8749 0.7274 3.0948 0.3073
Car 0.0000 0 0.0000 -1.0000 -1.0000 -1.0000 -1.0000 2.1415 2.4680 4.9618 -4.0476 14.0734 0.7622 3.1376 0.3050
