Car 0.0000 0 0.0000 -1.0000 -1.0000 -1.0000 -1.0000 1.9601 1.4357 4.4963 -16.2935 -0.7978 0.7189 3.1384 0.8071
Car 0.0000 0 0.0000 -1.0000 -1.0000 -1.0000 -1.0000 1.9661 1.4991 4.4655 23.3038 -0.4821 1.0836 -3.1380 0.7207
Car 0.0000 0 0.0000 -1.0000 -1.0000 -1.0000 -1.0000 1.9414 1.5581 4.6007 -23.5304 -29.0285 1.0377 -1.7635 0.6027
Car 0.0000 0 0.0000 -1.0000 -1.0000 -1.0000 -1.0000 1.9589 1.5682 4.6850 -31.3329 -35.4035 1.0675 -1.4889 0.5842
Car 0.0000 0 0.0000 -1.0000 -1.0000 -1.0000 -1.0000 1.9383 1.5576 4.5882 -10.8874 -15.8872 1.0124 1.5990 0.5821
Car 0.0000 0 0.0000 -1.0000 -1.0000 -1.0000 -1.0000 1.9342 1.4795 4.5896 -10.2872 -28.7401 1.0367 1.5897 0.5454
Car 0.0000 0 0.0000 -1.0000 -1.0000 -1.0000 -1.0000 1.9884 1.5575 4.7131 -61.8753 -0.2941 0.6242 -3.1161 0.4890
Car 0.0000 0 0.0000 -1.0000 -1.0000 -1.0000 -1.0000 1.8860 1.4324 4.5308 -13.7866 -29.1619 0.9868 1.4998 0.4626
Car 0.0000 0 0.0000 -1.0000 -1.0000 -1.0000 -1.0000 1.9012 1.5352 4.5363 -23.3808 -16.6632 0.9462 1.5700 0.4600
Car 0.0000 0 0.0000 -1.0000 -1.0000 -1.0000 -1.0000 1.9178 1.5279 4.5568 28.8097 -28.6060 1.1829 1.5068 0.4502
Car 0.0000 0 0.0000 -1.0000 -1.0000 -1.0000 -1.0000 1.9470 1.9424 4.6717 21.7555 -16.2264 1.3562 1.6497 0.4246
Car 0.0000 0 0.0000 -1.0000 -1.0000 -1.0000 -1.0000 1.9065 1.4807 4.5956 1.2670 -15.8168 0.9288 1.5941 0.4125
Car 0.0000 0 0.0000 -1.0000 -1.0000 -1.0000 -1.0000 1.8859 1.5335 4.5491 -50.1651 -16.4996 0.9544 -1.7783 0.3494
Car 0.0000 0 0.0000 -1.0000 -1.0000 -1.0000 -1.0000 1.9038 1.5413 4.6373 -25.7189 -35.2251 1.0165 1.4477 0.3125
Cyclist 0.0000 0 0.0000 -1.0000 -1.0000 -1.0000 -1.0000 0.7683 1.5594 1.7333 38.6095 7.9714 1.1162 3.0820 0.6741
Cyclist 0.0000 0 0.0000 -1.0000 -1.0000 -1.0000 -1.0000 0.7905 1.5831 1.7489 16.3495 6.5864 0.9528 3.0901 0.6256
Cyclist 0.0000 0 0.0000 -1.0000 -1.0000 -1.0000 -1.0000 0.8151 1.5615 1.8367 9.3108 7.4157 0.8147 3.1132 0.6029
Cyclist 0.0000 0 0.0000 -1.0000 -1.0000 -1.0000 -1.0000 0.7018 1.5031 1.6816 -43.7010 -4.2528 0.5715 -0.0217 0.3832
Cyclist 0.0000 0 0.0000 -1.0000 -1.0000 -1.0000 -1.0000 0.7602 1.4960 1.7687 -69.2042 -3.0115 0.5402 -0.0644 0.3168
Cyclist 0.0000 0 0.0000 -1.0000 -1.0000 -1.0000 -1.0000 0.7674 1.5711 1.7201 -62.2096 -30.2459 0.9341 0.1360 0.3108
Pedestrian 0.0000 0 0.0000 -1.0000 -1.0000 -1.0000 -1.0000 0.6682 1.5396 0.6271 18.6012 10.7801 1.0807 -2.3558 0.4179
