Car 0.0000 0 0.0000 -1.0000 -1.0000 -1.0000 -1.0000 2.0075 1.4391 4.5306 25.5695 2.5391 0.8121 3.0383 0.8639
Car 0.0000 0 0.0000 -1.0000 -1.0000 -1.0000 -1.0000 1.9962 1.4338 4.5201 31.1388 -8.5882 0.8010 -3.1348 0.8478
Car 0.0000 0 0.0000 -1.0000 -1.0000 -1.0000 -1.0000 1.9888 1.4827 4.5909 -23.7852 -5.2315 0.5360 2.9929 0.8126
Car 0.0000 0 0.0000 -1.0000 -1.0000 -1.0000 -1.0000 1.9565 1.4359 4.5221 27.9587 -4.5826 0.8536 3.1112 0.8121
Car 0.0000 0 0.0000 -1.0000 -1.0000 -1.0000 -1.0000 2.0684 1.6698 4.7146 -9.9708 -6.3765 0.7512 -0.1042 0.7988
Car 0.0000 0 0.0000 -1.0000 -1.0000 -1.0000 -1.0000 1.9556 1.4384 4.4476 4.3650 4.2225 0.7257 -3.1277 0.7966
Car 0.0000 0 0.0000 -1.0000 -1.0000 -1.0000 -1.0000 1.9765 1.5536 4.5750 -63.5940 -3.0324 0.1114 -0.1667 0.7704
Car 0.0000 0 0.0000 -1.0000 -1.0000 -1.0000 -1.0000 2.0801 1.7347 4.6603 9.0798 -7.7863 0.9281 -0.0370 0.7419
Car 0.0000 0 0.0000 -1.0000 -1.0000 -1.0000 -1.0000 1.9761 1.5126 4.6211 10.2795 25.9438 0.4794 -1.6137 0.7167
Car 0.0000 0 0.0000 -1.0000 -1.0000 -1.0000 -1.0000 1.9299 1.4985 4.5327 3.4261 -30.1651 0.6740 -1.6297 0.6627
Car 0.0000 0 0.0000 -1.0000 -1.0000 -1.0000 -1.0000 1.9922 1.7408 4.6695 -53.8541 1.4875 0.3957 3.0014 0.5839
Car 0.0000 0 0.0000 -1.0000 -1.0000 -1.0000 -1.0000 1.9401 1.4720 4.5932 12.4580 -28.6237 0.7167 -1.6784 0.5659
Car 0.0000 0 0.0000 -1.0000 -1.0000 -1.0000 -1.0000 1.9184 1.5207 4.5177 10.9256 32.7234 0.3799 -1.6470 0.5588
Car 0.0000 0 0.0000 -1.0000 -1.0000 -1.0000 -1.0000 1.9587 1.4421 4.5566 -37.2841 7.7630 0.4028 3.0895 0.5262
Car 0.0000 0 0.0000 -1.0000 -1.0000 -1.0000 -1.0000 1.9669 1.6912 4.6676 65.4097 -11.8468 0.9180 3.0940 0.4669
Car 0.0000 0 0.0000 -1.0000 -1.0000 -1.0000 -1.0000 1.9029 1.4705 4.5637 24.1283 39.6209 0.3220 -1.6875 0.4407
Car 0.0000 0 0.0000 -1.0000 -1.0000 -1.0000 -1.0000 2.0636 1.7266 4.7652 -18.8371 -1.9184 0.7526 -0.1645 0.4290
Car 0.0000 0 0.0000 -1.0000 -1.0000 -1.0000 -1.0000 1.8900 1.5168 4.4803 -39.7093 -3.2349 0.4056 -0.0317 0.4286
Car 0.0000 0 0.0000 -1.0000 -1.0000 -1.0000 -1.0000 1.9919 1.4427 4.6075 -0.0486 11.7254 0.5182 -2.4601 0.4040
Car 0.0000 0 0.0000 -1.0000 -1.0000 -1.0000 -1.0000 1.9127 1.6619 4.5525 -58.4767 -5.0910 0.2289 -0.1606 0.3891
