Car 0.0000 0 0.0000 -1.0000 -1.0000 -1.0000 -1.0000 1.9228 1.4944 4.4501 23.5293 -0.6571 0.8187 0.0549 0.7424
Car 0.0000 0 0.0000 -1.0000 -1.0000 -1.0000 -1.0000 1.9848 1.4222 4.6392 -29.1792 -0.3347 0.6502 -3.1132 0.7303
Car 0.0000 0 0.0000 -1.0000 -1.0000 -1.0000 -1.0000 1.9973 1.5031 4.5696 50.0069 3.1948 0.8210 -3.1219 0.7287
Car 0.0000 0 0.0000 -1.0000 -1.0000 -1.0000 -1.0000 1.9652 1.6052 4.6298 19.8721 8.2608 0.8169 -1.4599 0.6104
Car 0.0000 0 0.0000 -1.0000 -1.0000 -1.0000 -1.0000 1.9915 1.8107 4.6215 -41.3297 0.4439 0.8829 -0.0095 0.5892
Car 0.0000 0 0.0000 -1.0000 -1.0000 -1.0000 -1.0000 1.9324 1.5705 4.5333 38.8960 -2.4741 0.9426 0.0256 0.5378
Car 0.0000 0 0.0000 -1.0000 -1.0000 -1.0000 -1.0000 1.9429 1.7061 4.5733 0.5108 12.6265 1.0474 -1.4544 0.5365
Car 0.0000 0 0.0000 -1.0000 -1.0000 -1.0000 -1.0000 1.9349 1.6911 4.5836 24.1441 8.7435 0.9011 -1.5332 0.5111
Car 0.0000 0 0.0000 -1.0000 -1.0000 -1.0000 -1.0000 1.9914 1.5562 4.6845 7.8896 3.9503 0.7965 -3.0420 0.4678
Car 0.0000 0 0.0000 -1.0000 -1.0000 -1.0000 -1.0000 1.9911 1.6641 4.7208 5.1463 8.4886 0.8958 -1.4704 0.4656
Car 0.0000 0 0.0000 -1.0000 -1.0000 -1.0000 -1.0000 1.9602 1.5894 4.6642 2.7404 8.0775 0.8814 -1.4861 0.4638
Car 0.0000 0 0.0000 -1.0000 -1.0000 -1.0000 -1.0000 1.9850 1.8068 4.6658 -0.6823 7.4896 0.9068 -1.5034 0.4342
Car 0.0000 0 0.0000 -1.0000 -1.0000 -1.0000 -1.0000 1.9164 1.5627 4.5272 25.0658 13.2358 0.7701 -0.0178 0.3518
Car 0.0000 0 0.0000 -1.0000 -1.0000 -1.0000 -1.0000 1.8796 1.4221 4.5173 -47.1056 6.1200 0.5743 -3.1327 0.3390
Car 0.0000 0 0.0000 -1.0000 -1.0000 -1.0000 -1.0000 1.9358 1.5295 4.6372 22.1497 8.5035 0.8292 -1.5204 0.3256
Tricar 0.0000 0 0.0000 -1.0000 -1.0000 -1.0000 -1.0000 1.2588 1.7346 2.8197 -37.0996 3.1992 0.8514 -3.0829 0.3945
Tricar 0.0000 0 0.0000 -1.0000 -1.0000 -1.0000 -1.0000 1.1764 1.5639 2.8844 -32.7464 -8.4236 0.7751 -3.0138 0.3164
Cyclist 0.0000 0 0.0000 -1.0000 -1.0000 -1.0000 -1.0000 0.7691 1.5481 1.7174 -18.3335 -2.1654 0.7945 -3.0634 0.6131
Cyclist 0.0000 0 0.0000 -1.0000 -1.0000 -1.0000 -1.0000 0.7790 1.5492 1.7847 34.6316 3.6505 0.7896 0.0387 0.5835
Cyclist 0.0000 0 0.0000 -1.0000 -1.0000 -1.0000 -1.0000 0.7835 1.5461 1.7788 -7.0878 -1.8099 0.7368 -0.0164 0.5045
Cyclist 0.0000 0 0.0000 -1.0000 -1.0000 -1.0000 -1.0000 0.7169 1.3288 1.6943 -24.6351 -4.4660 0.6727 -2.2285 0.4582
Cyclist 0.0000 0 0.0000 -1.0000 -1.0000 -1.0000 -1.0000 0.8204 1.5475 1.8194 -43.5864 -2.6469 0.7096 -0.0991 0.4471
Cyclist 0.0000 0 0.0000 -1.0000 -1.0000 -1.0000 -1.0000 0.7743 1.5682 1.7336 42.3531 0.3447 0.8671 -3.1106 0.4409
Cyclist 0.0000 0 0.0000 -1.0000 -1.0000 -1.0000 -1.0000 0.7190 1.4993 1.6871 -38.3304 8.6847 0.7372 0.0169 0.3724
Cyclist 0.0000 0 0.0000 -1.0000 -1.0000 -1.0000 -1.0000 0.6873 1.2575 1.6651 -27.8942 -6.1031 0.6483 0.3003 0.3629
Cyclist 0.0000 0 0.0000 -1.0000 -1.0000 -1.0000 -1.0000 0.6587 1.0425 1.6249 -35.3365 5.9696 0.4443 1.1745 0.3585
Cyclist 0.0000 0 0.0000 -1.0000 -1.0000 -1.0000 -1.0000 0.6872 1.0828 1.6771 -16.6533 -4.2436 0.6015 -2.0386 0.3261
Cyclist 0.0000 0 0.0000 -1.0000 -1.0000 -1.0000 -1.0000 0.7465 1.3492 1.7112 -4.0588 -4.6844 0.7078 -2.1097 0.3200
Cyclist 0.0000 0 0.0000 -1.0000 -1.0000 -1.0000 -1.0000 0.7997 1.4888 1.8015 -28.3850 -8.3542 0.8479 -2.8485 0.3166
Cyclist 0.0000 0 0.0000 -1.0000 -1.0000 -1.0000 -1.0000 0.7242 1.3682 1.6801 -6.7868 -4.4926 0.7158 -0.1352 0.3057
Pedestrian 0.0000 0 0.0000 -1.0000 -1.0000 -1.0000 -1.0000 0.6741 1.6600 0.6148 -7.2195 -6.9927 0.9871 3.0607 0.5940
Pedestrian 0.0000 0 0.0000 -1.0000 -1.0000 -1.0000 -1.0000 0.6703 1.6078 0.5918 27.7272 4.5021 0.8556 -3.0846 0.5568
Pedestrian 0.0000 0 0.0000 -1.0000 -1.0000 -1.0000 -1.0000 0.6812 1.6623 0.6046 -31.3248 8.9772 0.8508 0.0494 0.5281
Pedestrian 0.0000 0 0.0000 -1.0000 -1.0000 -1.0000 -1.0000 0.6571 1.6312 0.5699 29.7272 -2.6382 0.9743 3.1402 0.5267
Pedestrian 0.0000 0 0.0000 -1.0000 -1.0000 -1.0000 -1.0000 0.6852 1.6478 0.6321 -50.9137 8.5561 0.7236 3.1348 0.5082
Pedestrian 0.0000 0 0.0000 -1.0000 -1.0000 -1.0000 -1.0000 0.6768 1.6112 0.6442 -26.3532 -2.6973 0.7995 0.2699 0.4917
Pedestrian 0.0000 0 0.0000 -1.0000 -1.0000 -1.0000 -1.0000 0.6715 1.6569 0.5760 -33.3546 10.4495 0.9459 -3.1097 0.4450
Pedestrian 0.0000 0 0.0000 -1.0000 -1.0000 -1.0000 -1.0000 0.6865 1.5664 0.6384 10.2791 -3.1573 0.8018 -3.0242 0.4255
Pedestrian 0.0000 0 0.0000 -1.0000 -1.0000 -1.0000 -1.0000 0.6953 1.6456 0.6508 11.2576 2.6997 0.8396 0.1015 0.3562
