Car 0.0000 0 0.0000 -1.0000 -1.0000 -1.0000 -1.0000 2.0059 1.5563 4.5558 21.6354 6.5130 0.7899 -0.0311 0.8091
Car 0.0000 0 0.0000 -1.0000 -1.0000 -1.0000 -1.0000 1.9618 1.6149 4.5736 12.3711 -4.8494 0.8729 0.0487 0.8086
Car 0.0000 0 0.0000 -1.0000 -1.0000 -1.0000 -1.0000 1.9970 1.7346 4.6355 -10.4873 6.9234 0.6748 -0.0078 0.7807
Car 0.0000 0 0.0000 -1.0000 -1.0000 -1.0000 -1.0000 2.0028 1.5323 4.5909 23.3016 -5.0627 0.9514 -3.0982 0.7788
Car 0.0000 0 0.0000 -1.0000 -1.0000 -1.0000 -1.0000 1.9663 1.6742 4.5679 6.8198 -4.9359 0.9268 3.1369 0.7711
Car 0.0000 0 0.0000 -1.0000 -1.0000 -1.0000 -1.0000 1.9524 1.4943 4.4574 36.8037 6.8122 0.9029 -0.0039 0.7659
Car 0.0000 0 0.0000 -1.0000 -1.0000 -1.0000 -1.0000 1.9445 1.4146 4.5164 15.9935 6.7556 0.6777 -0.0033 0.7564
Car 0.0000 0 0.0000 -1.0000 -1.0000 -1.0000 -1.0000 1.9401 1.4511 4.5016 35.7469 -5.1141 1.0644 3.1315 0.7447
Car 0.0000 0 0.0000 -1.0000 -1.0000 -1.0000 -1.0000 1.9811 1.6282 4.6299 -0.3701 -4.8869 0.8517 3.1282 0.7436
Car 0.0000 0 0.0000 -1.0000 -1.0000 -1.0000 -1.0000 1.9403 1.6163 4.4682 -5.9750 -4.8608 0.8309 -0.0025 0.7409
Car 0.0000 0 0.0000 -1.0000 -1.0000 -1.0000 -1.0000 1.9758 1.4844 4.5299 45.1967 -0.9329 1.1877 3.1034 0.7330
Car 0.0000 0 0.0000 -1.0000 -1.0000 -1.0000 -1.0000 1.9105 1.4246 4.4902 -18.7241 -4.7774 0.6500 3.1314 0.7236
Car 0.0000 0 0.0000 -1.0000 -1.0000 -1.0000 -1.0000 2.0119 1.6757 4.6382 -24.2718 -5.0014 0.7965 -3.1324 0.7111
Car 0.0000 0 0.0000 -1.0000 -1.0000 -1.0000 -1.0000 1.9135 1.4618 4.5190 5.4602 6.8951 0.6348 -0.0096 0.6836
Car 0.0000 0 0.0000 -1.0000 -1.0000 -1.0000 -1.0000 1.8981 1.4227 4.4942 10.4342 6.8919 0.6560 -0.0047 0.6831
Car 0.0000 0 0.0000 -1.0000 -1.0000 -1.0000 -1.0000 1.8794 1.4114 4.4664 27.6596 6.4431 0.7817 3.1278 0.6745
Car 0.0000 0 0.0000 -1.0000 -1.0000 -1.0000 -1.0000 1.8330 1.3908 4.4085 -16.0482 6.8494 0.3942 -3.1132 0.6630
Car 0.0000 0 0.0000 -1.0000 -1.0000 -1.0000 -1.0000 1.9299 1.6614 4.4364 -30.0765 -5.2976 0.7321 -3.0677 0.6426
Car 0.0000 0 0.0000 -1.0000 -1.0000 -1.0000 -1.0000 1.9615 1.7532 4.5161 0.2148 7.1323 0.7731 -3.1235 0.5965
Car 0.0000 0 0.0000 -1.0000 -1.0000 -1.0000 -1.0000 1.9025 1.5367 4.4929 42.3850 6.3104 0.9688 3.0705 0.5562
Car 0.0000 0 0.0000 -1.0000 -1.0000 -1.0000 -1.0000 1.9973 1.7602 4.6230 -26.5786 6.8845 0.6110 -3.0790 0.5434
Car 0.0000 0 0.0000 -1.0000 -1.0000 -1.0000 -1.0000 1.8952 1.4836 4.5149 -21.1574 6.9271 0.4339 -3.0700 0.5386
Car 0.0000 0 0.0000 -1.0000 -1.0000 -1.0000 -1.0000 1.9480 1.6661 4.5736 -49.2614 4.0182 0.5136 -3.0426 0.5286
Car 0.0000 0 0.0000 -1.0000 -1.0000 -1.0000 -1.0000 1.9093 1.6745 4.5548 49.0521 6.1690 1.2548 3.0335 0.5098
Car 0.0000 0 0.0000 -1.0000 -1.0000 -1.0000 -1.0000 1.8647 1.4819 4.4423 -55.2326 2.5405 0.4065 -2.9677 0.4756
Car 0.0000 0 0.0000 -1.0000 -1.0000 -1.0000 -1.0000 1.9144 1.4510 4.5433 -38.3711 5.6094 0.4480 -3.0578 0.4645
Car 0.0000 0 0.0000 -1.0000 -1.0000 -1.0000 -1.0000 1.9110 1.6780 4.4983 6.0090 -8.0195 0.9781 -0.0135 0.4490
Car 0.0000 0 0.0000 -1.0000 -1.0000 -1.0000 -1.0000 1.8981 1.5180 4.5818 -52.7153 -8.1821 0.5465 0.2995 0.4410
Car 0.0000 0 0.0000 -1.0000 -1.0000 -1.0000 -1.0000 1.8842 1.4452 4.5477 -32.4230 6.2170 0.4117 -3.0840 0.4315
Car 0.0000 0 0.0000 -1.0000 -1.0000 -1.0000 -1.0000 1.8227 1.4664 4.3503 -60.8906 1.4578 0.4214 -2.9655 0.3991
Car 0.0000 0 0.0000 -1.0000 -1.0000 -1.0000 -1.0000 1.9488 1.6814 4.5422 41.8586 -5.2168 1.2793 3.1397 0.3834
Car 0.0000 0 0.0000 -1.0000 -1.0000 -1.0000 -1.0000 1.9284 1.7242 4.5744 -65.9996 0.4970 0.6459 -3.0272 0.3652
Cyclist 0.0000 0 0.0000 -1.0000 -1.0000 -1.0000 -1.0000 0.7910 1.5071 1.7667 47.2612 4.3163 1.1267 3.0990 0.3793
Cyclist 0.0000 0 0.0000 -1.0000 -1.0000 -1.0000 -1.0000 0.7637 1.6076 1.7193 -44.1840 -4.2694 0.6348 -3.0311 0.3676
Cyclist 0.0000 0 0.0000 -1.0000 -1.0000 -1.0000 -1.0000 0.7717 1.5859 1.7429 -37.3915 -4.3038 0.6768 -3.0423 0.3378
Cyclist 0.0000 0 0.0000 -1.0000 -1.0000 -1.0000 -1.0000 0.6514 1.1485 1.6353 -6.6001 -10.3606 0.7740 -3.1196 0.3232
Cyclist 0.0000 0 0.0000 -1.0000 -1.0000 -1.0000 -1.0000 0.7987 1.5671 1.7619 74.3026 4.1304 1.5616 -3.0142 0.3171
Cyclist 0.0000 0 0.0000 -1.0000 -1.0000 -1.0000 -1.0000 0.7470 1.5100 1.7292 12.8545 -10.5338 0.8780 3.1255 0.3055
Pedestrian 0.0000 0 0.0000 -1.0000 -1.0000 -1.0000 -1.0000 0.6833 1.6490 0.6531 -16.6986 -10.2265 0.9823 3.1338 0.5311
Pedestrian 0.0000 0 0.0000 -1.0000 -1.0000 -1.0000 -1.0000 0.6640 1.6263 0.5856 -14.5791 -10.1782 0.9581 0.0103 0.4248
Pedestrian 0.0000 0 0.0000 -1.0000 -1.0000 -1.0000 -1.0000 0.7102 1.6464 0.6724 -13.7121 -1.3508 0.7809 -3.1290 0.3493
