Car 0.0000 0 0.0000 -1.0000 -1.0000 -1.0000 -1.0000 1.9828 1.4826 4.5175 16.5982 10.2049 0.6965 0.0212 0.8094
Car 0.0000 0 0.0000 -1.0000 -1.0000 -1.0000 -1.0000 1.9984 1.6992 4.5506 14.1856 -2.7224 0.9580 0.0800 0.8082
Car 0.0000 0 0.0000 -1.0000 -1.0000 -1.0000 -1.0000 2.0301 1.4563 4.6326 -31.0173 1.0183 0.5924 -3.1087 0.7950
Car 0.0000 0 0.0000 -1.0000 -1.0000 -1.0000 -1.0000 2.1315 1.6365 4.7594 -19.3152 -5.1678 0.8184 -0.0035 0.7582
Car 0.0000 0 0.0000 -1.0000 -1.0000 -1.0000 -1.0000 1.9932 1.5145 4.6413 56.3246 -2.4130 1.0786 0.0210 0.6718
Car 0.0000 0 0.0000 -1.0000 -1.0000 -1.0000 -1.0000 2.0089 1.4589 4.5675 30.5878 -2.7036 0.9294 -3.0997 0.5714
Car 0.0000 0 0.0000 -1.0000 -1.0000 -1.0000 -1.0000 1.9778 1.4738 4.5005 47.5819 0.4177 1.0583 -3.1344 0.5377
Car 0.0000 0 0.0000 -1.0000 -1.0000 -1.0000 -1.0000 1.9416 1.6049 4.6524 8.5866 -31.0676 0.9601 1.5426 0.5340
Car 0.0000 0 0.0000 -1.0000 -1.0000 -1.0000 -1.0000 1.9047 1.4653 4.6043 5.1066 -31.4949 0.8707 1.6086 0.4564
Car 0.0000 0 0.0000 -1.0000 -1.0000 -1.0000 -1.0000 1.9052 1.5268 4.5663 12.1626 -31.0172 0.9592 1.5802 0.4476
Car 0.0000 0 0.0000 -1.0000 -1.0000 -1.0000 -1.0000 1.9177 1.5150 4.6390 2.9391 -31.6144 0.8756 -1.5386 0.4268
Car 0.0000 0 0.0000 -1.0000 -1.0000 -1.0000 -1.0000 1.9079 1.5165 4.5992 -41.1140 -31.4072 0.7518 -1.6663 0.4034
Car 0.0000 0 0.0000 -1.0000 -1.0000 -1.0000 -1.0000 1.9115 1.5054 4.5811 14.4163 -31.1452 0.9310 1.6417 0.3577
Car 0.0000 0 0.0000 -1.0000 -1.0000 -1.0000 -1.0000 1.8619 1.5234 4.5093 -46.5337 -32.2177 0.6800 -1.5656 0.3305
Car 0.0000 0 0.0000 -1.0000 -1.0000 -1.0000 -1.0000 1.8767 1.5126 4.5511 -2.2578 -31.4535 0.8276 -1.4403 0.3283
Car 0.0000 0 0.0000 -1.0000 -1.0000 -1.0000 -1.0000 1.9085 1.5464 4.6351 -8.5259 -31.8388 1.0142 -1.3660 0.3212
Car 0.0000 0 0.0000 -1.0000 -1.0000 -1.0000 -1.0000 1.9544 1.5635 4.6923 74.8723 4.1212 1.2668 0.0695 0.3059
Truck 0.0000 0 0.0000 -1.0000 -1.0000 -1.0000 -1.0000 3.0850 4.0371 12.7316 -67.3486 8.9660 1.5979 -3.1272 0.5453
Truck 0.0000 0 0.0000 -1.0000 -1.0000 -1.0000 -1.0000 2.7965 2.8999 8.3799 -31.1487 -31.3477 1.7281 1.6269 0.4109
