Car 0.0000 0 0.0000 -1.0000 -1.0000 -1.0000 -1.0000 1.9245 1.4408 4.4745 16.6219 -5.2044 0.6779 -0.0128 0.7753
Car 0.0000 0 0.0000 -1.0000 -1.0000 -1.0000 -1.0000 1.9368 1.4575 4.5056 31.5835 3.3028 0.6951 3.0471 0.7585
Car 0.0000 0 0.0000 -1.0000 -1.0000 -1.0000 -1.0000 1.9506 1.5295 4.4739 11.0201 -5.3170 0.7498 -0.0298 0.7422
Car 0.0000 0 0.0000 -1.0000 -1.0000 -1.0000 -1.0000 1.8754 1.4411 4.4515 5.2280 -5.0367 0.6731 3.0514 0.7301
Car 0.0000 0 0.0000 -1.0000 -1.0000 -1.0000 -1.0000 1.9023 1.4364 4.4643 -6.9956 -5.0510 0.6585 -3.1165 0.7204
Car 0.0000 0 0.0000 -1.0000 -1.0000 -1.0000 -1.0000 1.8768 1.9190 4.2473 -1.3119 -5.1776 0.9193 -0.0597 0.6895
Car 0.0000 0 0.0000 -1.0000 -1.0000 -1.0000 -1.0000 2.0072 1.6614 4.6897 -58.4450 -4.0415 0.6135 -0.0915 0.6160
Car 0.0000 0 0.0000 -1.0000 -1.0000 -1.0000 -1.0000 2.0653 1.6445 4.6396 -33.9375 0.0556 0.9672 -3.1125 0.5812
Car 0.0000 0 0.0000 -1.0000 -1.0000 -1.0000 -1.0000 1.8066 1.4160 4.3133 -7.5011 6.2979 0.6564 0.0746 0.5357
Car 0.0000 0 0.0000 -1.0000 -1.0000 -1.0000 -1.0000 1.8452 1.4953 4.4579 35.4390 -5.3490 0.6529 3.1330 0.4076
Car 0.0000 0 0.0000 -1.0000 -1.0000 -1.0000 -1.0000 1.8523 1.5249 4.4597 -65.5443 -3.2281 0.5280 -0.1015 0.3218
Truck 0.0000 0 0.0000 -1.0000 -1.0000 -1.0000 -1.0000 2.9699 3.2805 11.7930 -49.2876 4.0868 1.6530 3.1247 0.5568
Cyclist 0.0000 0 0.0000 -1.0000 -1.0000 -1.0000 -1.0000 0.8089 1.5674 1.7944 5.0665 2.8628 0.7677 3.0726 0.6636
Cyclist 0.0000 0 0.0000 -1.0000 -1.0000 -1.0000 -1.0000 0.7693 1.5605 1.7359 20.2859 4.3008 0.7415 3.0942 0.6518
Cyclist 0.0000 0 0.0000 -1.0000 -1.0000 -1.0000 -1.0000 0.7778 1.6153 1.7179 -24.7059 8.6149 0.8531 -2.3767 0.5934
Cyclist 0.0000 0 0.0000 -1.0000 -1.0000 -1.0000 -1.0000 0.7217 1.5294 1.6855 -35.0657 6.2866 0.8443 0.0086 0.5256
Cyclist 0.0000 0 0.0000 -1.0000 -1.0000 -1.0000 -1.0000 0.7352 1.5040 1.6856 -12.3242 -3.1625 0.7313 0.0268 0.4926
Cyclist 0.0000 0 0.0000 -1.0000 -1.0000 -1.0000 -1.0000 0.7371 1.5715 1.6788 60.0607 -5.3872 0.6058 -2.9465 0.4772
Cyclist 0.0000 0 0.0000 -1.0000 -1.0000 -1.0000 -1.0000 0.7314 1.5651 1.6918 33.9594 -3.5662 0.7207 -3.0942 0.4694
Cyclist 0.0000 0 0.0000 -1.0000 -1.0000 -1.0000 -1.0000 0.7033 1.5191 1.6749 -12.5159 -1.6715 0.7436 -3.1064 0.4272
Cyclist 0.0000 0 0.0000 -1.0000 -1.0000 -1.0000 -1.0000 0.7436 1.5731 1.7096 36.4118 1.7972 0.7231 3.0951 0.4248
Cyclist 0.0000 0 0.0000 -1.0000 -1.0000 -1.0000 -1.0000 0.8078 1.6503 1.7435 55.8270 -1.5867 0.7702 -2.8138 0.4166
Cyclist 0.0000 0 0.0000 -1.0000 -1.0000 -1.0000 -1.0000 0.7518 1.5980 1.6918 -30.1639 5.5949 0.9104 -3.0882 0.4016
Cyclist 0.0000 0 0.0000 -1.0000 -1.0000 -1.0000 -1.0000 0.8244 1.5541 1.8003 7.9146 4.1717 0.7517 -0.0333 0.3941
Cyclist 0.0000 0 0.0000 -1.0000 -1.0000 -1.0000 -1.0000 0.7432 1.5723 1.7184 -2.0522 3.8007 0.7578 -3.1223 0.3937
Cyclist 0.0000 0 0.0000 -1.0000 -1.0000 -1.0000 -1.0000 0.7040 1.3687 1.7152 -4.8948 8.8320 0.6856 -1.6302 0.3551
Cyclist 0.0000 0 0.0000 -1.0000 -1.0000 -1.0000 -1.0000 0.6860 1.1690 1.7280 34.6837 8.3349 0.5663 1.3160 0.3477
Cyclist 0.0000 0 0.0000 -1.0000 -1.0000 -1.0000 -1.0000 0.6760 1.1238 1.7051 40.5111 19.5601 0.4684 -1.7064 0.3367
Cyclist 0.0000 0 0.0000 -1.0000 -1.0000 -1.0000 -1.0000 0.7706 1.5307 1.7520 -2.2679 11.7700 0.7092 -0.1107 0.3341
Cyclist 0.0000 0 0.0000 -1.0000 -1.0000 -1.0000 -1.0000 0.7473 1.5360 1.7345 4.8179 14.9826 0.7252 -3.0700 0.3016
Pedestrian 0.0000 0 0.0000 -1.0000 -1.0000 -1.0000 -1.0000 0.6730 1.6352 0.5982 8.5499 8.2636 0.8529 -3.1111 0.5964
Pedestrian 0.0000 0 0.0000 -1.0000 -1.0000 -1.0000 -1.0000 0.6787 1.6395 0.6076 -39.0268 -6.9902 1.0363 0.0448 0.5806
Pedestrian 0.0000 0 0.0000 -1.0000 -1.0000 -1.0000 -1.0000 0.7329 1.7041 0.7557 -19.3375 -4.7009 0.8492 -0.0266 0.4979
Pedestrian 0.0000 0 0.0000 -1.0000 -1.0000 -1.0000 -1.0000 0.7052 1.6609 0.6742 24.3337 7.2650 0.8284 3.1296 0.4652
Pedestrian 0.0000 0 0.0000 -1.0000 -1.0000 -1.0000 -1.0000 0.7035 1.6334 0.6536 -18.3128 -12.6671 0.7302 0.0735 0.4263
Pedestrian 0.0000 0 0.0000 -1.0000 -1.0000 -1.0000 -1.0000 0.6800 1.6741 0.6088 35.7067 16.1324 0.8223 0.2054 0.4237
Pedestrian 0.0000 0 0.0000 -1.0000 -1.0000 -1.0000 -1.0000 0.6767 1.6162 0.6062 -19.4903 12.5255 0.8225 -3.0293 0.3655
Pedestrian 0.0000 0 0.0000 -1.0000 -1.0000 -1.0000 -1.0000 0.6583 1.6001 0.5648 14.5351 -10.5289 0.8475 2.9726 0.3465
Pedestrian 0.0000 0 0.0000 -1.0000 -1.0000 -1.0000 -1.0000 0.6826 1.6119 0.6008 4.7805 14.7643 0.7343 -3.0863 0.3197
