Car 0.0000 0 0.0000 -1.0000 -1.0000 -1.0000 -1.0000 2.0606 1.4462 4.6735 -22.1096 -0.6021 0.7062 0.0092 0.8437
Car 0.0000 0 0.0000 -1.0000 -1.0000 -1.0000 -1.0000 2.0240 1.5118 4.6547 -12.4941 6.0131 0.7318 3.1229 0.7940
Car 0.0000 0 0.0000 -1.0000 -1.0000 -1.0000 -1.0000 2.0724 1.7059 4.7585 -12.9754 3.1497 0.8709 3.1337 0.7745
Car 0.0000 0 0.0000 -1.0000 -1.0000 -1.0000 -1.0000 2.0320 1.4570 4.5677 35.6455 4.3126 0.5177 -3.1313 0.7108
Car 0.0000 0 0.0000 -1.0000 -1.0000 -1.0000 -1.0000 2.0023 1.6419 4.5802 -62.2170 4.6859 0.1491 -3.1276 0.6705
Car 0.0000 0 0.0000 -1.0000 -1.0000 -1.0000 -1.0000 2.0461 1.5311 4.5960 21.2283 6.0033 0.6201 -3.1188 0.6414
Car 0.0000 0 0.0000 -1.0000 -1.0000 -1.0000 -1.0000 1.9321 1.5037 4.5052 -41.6998 0.4776 0.4947 0.0092 0.6409
Car 0.0000 0 0.0000 -1.0000 -1.0000 -1.0000 -1.0000 1.9105 1.5401 4.4639 18.1349 18.7749 0.2212 3.1140 0.5703
Car 0.0000 0 0.0000 -1.0000 -1.0000 -1.0000 -1.0000 1.8067 1.4636 4.2854 -37.0709 7.0405 0.5238 0.0068 0.3976
Car 0.0000 0 0.0000 -1.0000 -1.0000 -1.0000 -1.0000 1.9778 1.5616 4.6779 -63.4627 31.2335 -0.3996 3.0046 0.3756
Car 0.0000 0 0.0000 -1.0000 -1.0000 -1.0000 -1.0000 2.0475 1.9383 4.8743 -60.4133 37.9215 -0.0687 -0.1402 0.3716
Car 0.0000 0 0.0000 -1.0000 -1.0000 -1.0000 -1.0000 1.8873 1.5956 4.5216 83.1115 25.5877 0.0504 0.1434 0.3569
Truck 0.0000 0 0.0000 -1.0000 -1.0000 -1.0000 -1.0000 2.8055 3.0139 10.8452 31.3727 0.3360 1.3980 0.0703 0.6561
Truck 0.0000 0 0.0000 -1.0000 -1.0000 -1.0000 -1.0000 2.8868 2.7749 9.6208 -15.5414 15.6799 1.1570 -0.0368 0.6374
Cyclist 0.0000 0 0.0000 -1.0000 -1.0000 -1.0000 -1.0000 0.7625 1.5577 1.7323 -40.5282 -4.9891 0.5057 -0.0262 0.5935
Cyclist 0.0000 0 0.0000 -1.0000 -1.0000 -1.0000 -1.0000 0.8045 1.5506 1.7918 23.4169 -5.0140 0.6496 0.0661 0.5314
Cyclist 0.0000 0 0.0000 -1.0000 -1.0000 -1.0000 -1.0000 0.8395 1.6109 1.8143 -55.7244 -4.5511 0.2986 -0.0392 0.3083
