Car 0.0000 0 0.0000 -1.0000 -1.0000 -1.0000 -1.0000 1.9693 1.6439 4.6204 3.0853 10.5821 0.6483 -1.1998 0.6859
Car 0.0000 0 0.0000 -1.0000 -1.0000 -1.0000 -1.0000 1.9956 1.6108 4.5028 20.0578 -9.4226 0.9728 -0.5087 0.6608
Car 0.0000 0 0.0000 -1.0000 -1.0000 -1.0000 -1.0000 1.9596 1.4487 4.6147 -0.9654 10.0586 0.5778 -1.2122 0.5908
Car 0.0000 0 0.0000 -1.0000 -1.0000 -1.0000 -1.0000 1.8931 1.4655 4.4871 1.5176 20.3206 0.3669 -1.8915 0.5617
Car 0.0000 0 0.0000 -1.0000 -1.0000 -1.0000 -1.0000 1.8770 1.4666 4.3947 4.0911 27.4484 0.1633 -2.2271 0.4698
Car 0.0000 0 0.0000 -1.0000 -1.0000 -1.0000 -1.0000 1.9972 1.4823 4.5977 10.8255 33.0480 0.0973 -2.3580 0.4644
Car 0.0000 0 0.0000 -1.0000 -1.0000 -1.0000 -1.0000 1.9574 1.5983 4.6271 -41.6372 40.7065 0.3856 2.5532 0.4465
Car 0.0000 0 0.0000 -1.0000 -1.0000 -1.0000 -1.0000 1.8433 1.4873 4.4297 21.6183 4.9927 0.9440 2.4660 0.4403
Car 0.0000 0 0.0000 -1.0000 -1.0000 -1.0000 -1.0000 1.8795 1.5997 4.4481 -10.0849 38.8193 0.3851 0.8931 0.4207
Car 0.0000 0 0.0000 -1.0000 -1.0000 -1.0000 -1.0000 1.8816 1.6521 4.3233 10.5627 -1.8595 0.8999 2.5128 0.4152
Car 0.0000 0 0.0000 -1.0000 -1.0000 -1.0000 -1.0000 1.9214 1.6036 4.5433 -14.4570 41.0892 0.3985 1.0100 0.3740
Car 0.0000 0 0.0000 -1.0000 -1.0000 -1.0000 -1.0000 2.0748 2.1014 4.9380 -52.5345 2.7897 1.2548 -0.9991 0.3718
Car 0.0000 0 0.0000 -1.0000 -1.0000 -1.0000 -1.0000 1.9112 1.6862 4.4508 -6.6267 37.3061 0.3761 -1.0302 0.3667
Car 0.0000 0 0.0000 -1.0000 -1.0000 -1.0000 -1.0000 1.9311 1.4902 4.6850 -2.6930 41.1863 0.1923 -0.9588 0.3540
Car 0.0000 0 0.0000 -1.0000 -1.0000 -1.0000 -1.0000 1.9315 1.5388 4.5624 16.7308 39.8428 -0.0219 0.8131 0.3335
Tricar 0.0000 0 0.0000 -1.0000 -1.0000 -1.0000 -1.0000 1.1628 1.5274 2.8230 6.0464 -3.2675 0.8337 -0.4640 0.5283
Cyclist 0.0000 0 0.0000 -1.0000 -1.0000 -1.0000 -1.0000 0.7460 1.5409 1.7128 1.2843 -4.5878 0.8153 0.0074 0.6310
Cyclist 0.0000 0 0.0000 -1.0000 -1.0000 -1.0000 -1.0000 0.7812 1.5443 1.7801 -12.8537 15.9929 0.5656 -2.1860 0.6047
Cyclist 0.0000 0 0.0000 -1.0000 -1.0000 -1.0000 -1.0000 0.6976 1.2670 1.7055 16.3528 0.3037 0.7228 2.6139 0.5579
Cyclist 0.0000 0 0.0000 -1.0000 -1.0000 -1.0000 -1.0000 0.7422 1.5531 1.7028 -17.5335 -4.1688 0.9010 -0.4587 0.5557
Cyclist 0.0000 0 0.0000 -1.0000 -1.0000 -1.0000 -1.0000 0.8408 1.5792 1.8568 -13.6502 1.3261 0.8914 0.9069 0.4896
Cyclist 0.0000 0 0.0000 -1.0000 -1.0000 -1.0000 -1.0000 0.7148 1.5242 1.6926 -30.8738 8.7295 0.6484 -0.6017 0.4572
Cyclist 0.0000 0 0.0000 -1.0000 -1.0000 -1.0000 -1.0000 0.7789 1.5226 1.8269 6.9254 10.8970 0.5205 1.8097 0.4304
Cyclist 0.0000 0 0.0000 -1.0000 -1.0000 -1.0000 -1.0000 0.8225 1.5888 1.7876 -25.2845 5.8712 0.7569 0.9887 0.4148
Cyclist 0.0000 0 0.0000 -1.0000 -1.0000 -1.0000 -1.0000 0.7971 1.4922 1.8034 27.4605 -15.5212 0.9697 -0.8407 0.4027
Cyclist 0.0000 0 0.0000 -1.0000 -1.0000 -1.0000 -1.0000 0.8351 1.5715 1.8245 -34.6134 -21.1295 1.1279 -2.3148 0.3948
Cyclist 0.0000 0 0.0000 -1.0000 -1.0000 -1.0000 -1.0000 0.7187 1.1290 1.7571 -10.6974 -8.6265 0.6449 0.5443 0.3941
Cyclist 0.0000 0 0.0000 -1.0000 -1.0000 -1.0000 -1.0000 0.7621 1.5056 1.7571 20.0873 -0.2616 0.9018 2.9683 0.3618
Cyclist 0.0000 0 0.0000 -1.0000 -1.0000 -1.0000 -1.0000 0.6678 1.3853 1.6407 -32.2569 -29.3765 0.9283 0.7291 0.3509
Cyclist 0.0000 0 0.0000 -1.0000 -1.0000 -1.0000 -1.0000 0.6653 1.0749 1.6973 -12.3194 -16.1010 0.8537 1.2777 0.3368
Cyclist 0.0000 0 0.0000 -1.0000 -1.0000 -1.0000 -1.0000 0.6468 1.0739 1.6499 -13.7481 -16.3411 0.8414 1.2683 0.3317
Cyclist 0.0000 0 0.0000 -1.0000 -1.0000 -1.0000 -1.0000 0.7654 1.4847 1.7579 10.0204 -10.0961 0.9538 1.2185 0.3283
Cyclist 0.0000 0 0.0000 -1.0000 -1.0000 -1.0000 -1.0000 0.9283 1.6521 1.8932 -7.9942 -0.3727 0.8979 -0.7612 0.3242
Cyclist 0.0000 0 0.0000 -1.0000 -1.0000 -1.0000 -1.0000 0.7683 1.5413 1.7255 36.1390 -20.4576 1.1519 2.4492 0.3208
Cyclist 0.0000 0 0.0000 -1.0000 -1.0000 -1.0000 -1.0000 0.8106 1.5456 1.8589 17.5133 27.0303 0.3576 0.7180 0.3139
Pedestrian 0.0000 0 0.0000 -1.0000 -1.0000 -1.0000 -1.0000 0.7023 1.6852 0.6510 -33.0399 13.8460 0.7176 -0.0244 0.6024
Pedestrian 0.0000 0 0.0000 -1.0000 -1.0000 -1.0000 -1.0000 0.6819 1.6326 0.6184 8.7770 19.7534 0.4876 -0.4120 0.5533
Pedestrian 0.0000 0 0.0000 -1.0000 -1.0000 -1.0000 -1.0000 0.6903 1.6889 0.6436 -4.6935 29.2427 0.2984 -1.8306 0.5140
Pedestrian 0.0000 0 0.0000 -1.0000 -1.0000 -1.0000 -1.0000 0.6947 1.6624 0.6313 -2.3894 31.2195 0.2576 -0.5931 0.4610
Pedestrian 0.0000 0 0.0000 -1.0000 -1.0000 -1.0000 -1.0000 0.6771 1.6487 0.6206 45.3108 -22.2444 1.1549 2.5398 0.4392
Pedestrian 0.0000 0 0.0000 -1.0000 -1.0000 -1.0000 -1.0000 0.6766 1.6399 0.6044 10.5148 -25.6986 1.1654 1.2512 0.4384
Pedestrian 0.0000 0 0.0000 -1.0000 -1.0000 -1.0000 -1.0000 0.6870 1.6566 0.6072 6.6902 13.9449 0.5414 2.4125 0.4130
Pedestrian 0.0000 0 0.0000 -1.0000 -1.0000 -1.0000 -1.0000 0.6893 1.6564 0.6307 -3.3915 29.8149 0.2424 -0.0366 0.3945
Pedestrian 0.0000 0 0.0000 -1.0000 -1.0000 -1.0000 -1.0000 0.7015 1.6669 0.6415 -40.6544 -34.7700 1.2400 0.7635 0.3884
Pedestrian 0.0000 0 0.0000 -1.0000 -1.0000 -1.0000 -1.0000 0.7207 1.6818 0.7119 -30.8973 6.1826 0.8554 2.6230 0.3653
Pedestrian 0.0000 0 0.0000 -1.0000 -1.0000 -1.0000 -1.0000 0.6937 1.6113 0.6460 7.0168 -21.3141 1.1513 -2.0750 0.3535
Pedestrian 0.0000 0 0.0000 -1.0000 -1.0000 -1.0000 -1.0000 0.6991 1.7257 0.6227 23.5092 -16.4099 1.2686 2.4084 0.3436
Pedestrian 0.0000 0 0.0000 -1.0000 -1.0000 -1.0000 -1.0000 0.6645 1.6319 0.5867 35.7409 -8.2232 1.1591 2.4577 0.3344
Pedestrian 0.0000 0 0.0000 -1.0000 -1.0000 -1.0000 -1.0000 0.7099 1.6458 0.6739 14.5700 20.8571 0.5290 0.3533 0.3310
Pedestrian 0.0000 0 0.0000 -1.0000 -1.0000 -1.0000 -1.0000 0.7072 1.6287 0.6863 -0.2236 3.1000 0.7990 2.5877 0.3228
Pedestrian 0.0000 0 0.0000 -1.0000 -1.0000 -1.0000 -1.0000 0.6936 1.6529 0.6177 8.0500 18.4599 0.5470 2.9838 0.3189
