Car 0.0000 0 0.0000 -1.0000 -1.0000 -1.0000 -1.0000 1.9039 1.4090 4.4561 -5.1156 4.7009 0.7010 -3.0793 0.7569
Car 0.0000 0 0.0000 -1.0000 -1.0000 -1.0000 -1.0000 1.9880 1.4952 4.6490 -15.8709 -0.9868 0.7059 0.0949 0.7166
Car 0.0000 0 0.0000 -1.0000 -1.0000 -1.0000 -1.0000 1.9634 1.5845 4.6101 -35.1417 1.5917 0.7237 0.0419 0.6941
Car 0.0000 0 0.0000 -1.0000 -1.0000 -1.0000 -1.0000 2.0131 1.6143 4.6163 10.0499 4.5764 0.8266 -0.0156 0.6900
Car 0.0000 0 0.0000 -1.0000 -1.0000 -1.0000 -1.0000 1.9244 1.4015 4.4527 23.6532 5.4978 0.7916 -3.1008 0.6809
Car 0.0000 0 0.0000 -1.0000 -1.0000 -1.0000 -1.0000 1.9208 1.4158 4.4956 18.2437 -4.0805 0.7301 0.0632 0.6177
Car 0.0000 0 0.0000 -1.0000 -1.0000 -1.0000 -1.0000 1.9895 1.7911 4.7869 -27.7919 -1.0344 0.8599 0.0222 0.5371
Car 0.0000 0 0.0000 -1.0000 -1.0000 -1.0000 -1.0000 1.8786 1.4249 4.4338 39.1829 5.3180 0.7502 0.0067 0.4797
Car 0.0000 0 0.0000 -1.0000 -1.0000 -1.0000 -1.0000 1.9089 1.5266 4.5209 73.9817 -0.9692 0.9985 0.0237 0.4305
Car 0.0000 0 0.0000 -1.0000 -1.0000 -1.0000 -1.0000 1.8701 1.4867 4.4714 -49.4397 0.1115 0.6163 0.0589 0.4032
Car 0.0000 0 0.0000 -1.0000 -1.0000 -1.0000 -1.0000 1.8202 1.4605 4.4412 -45.5055 5.4076 0.6185 -3.1343 0.3998
Car 0.0000 0 0.0000 -1.0000 -1.0000 -1.0000 -1.0000 1.8403 1.4951 4.4345 50.3046 5.1122 0.8893 3.0997 0.3540
Cyclist 0.0000 0 0.0000 -1.0000 -1.0000 -1.0000 -1.0000 0.7202 1.5356 1.6667 4.8423 2.3075 0.7769 3.1233 0.6657
Cyclist 0.0000 0 0.0000 -1.0000 -1.0000 -1.0000 -1.0000 0.8627 1.5909 1.8433 18.1841 -0.9644 0.8317 -3.1131 0.6379
Cyclist 0.0000 0 0.0000 -1.0000 -1.0000 -1.0000 -1.0000 0.8393 1.5387 1.8492 -17.0786 2.9901 0.7544 -0.0045 0.5011
Cyclist 0.0000 0 0.0000 -1.0000 -1.0000 -1.0000 -1.0000 0.7954 1.5518 1.7947 15.1663 2.1852 0.8080 -3.1413 0.4856
Cyclist 0.0000 0 0.0000 -1.0000 -1.0000 -1.0000 -1.0000 0.7694 1.5405 1.7761 -43.3368 3.4150 0.7091 0.0860 0.4717
Cyclist 0.0000 0 0.0000 -1.0000 -1.0000 -1.0000 -1.0000 0.7622 1.5166 1.7360 -24.2735 -2.9880 0.6897 -0.1561 0.4555
Cyclist 0.0000 0 0.0000 -1.0000 -1.0000 -1.0000 -1.0000 0.7763 1.5565 1.7104 -7.4495 -2.0606 0.7622 0.0279 0.4203
Cyclist 0.0000 0 0.0000 -1.0000 -1.0000 -1.0000 -1.0000 0.7646 1.6116 1.6919 59.4663 -1.7020 0.9008 -3.0305 0.4076
Cyclist 0.0000 0 0.0000 -1.0000 -1.0000 -1.0000 -1.0000 0.6887 1.1182 1.7035 -8.9524 -4.7654 0.5512 1.2555 0.3946
Cyclist 0.0000 0 0.0000 -1.0000 -1.0000 -1.0000 -1.0000 0.6995 1.4309 1.7045 -31.7593 7.3529 0.5701 0.3380 0.3537
Cyclist 0.0000 0 0.0000 -1.0000 -1.0000 -1.0000 -1.0000 0.6392 1.0871 1.6308 -14.9859 -4.6346 0.5124 -0.6768 0.3433
Cyclist 0.0000 0 0.0000 -1.0000 -1.0000 -1.0000 -1.0000 0.6482 1.0383 1.6462 -26.0605 -5.0999 0.4906 1.6972 0.3285
Cyclist 0.0000 0 0.0000 -1.0000 -1.0000 -1.0000 -1.0000 0.6508 1.0581 1.7032 4.9967 12.2505 0.7753 1.5164 0.3203
Cyclist 0.0000 0 0.0000 -1.0000 -1.0000 -1.0000 -1.0000 0.7001 1.2478 1.6941 -11.5838 5.5509 0.6134 1.8066 0.3191
Cyclist 0.0000 0 0.0000 -1.0000 -1.0000 -1.0000 -1.0000 0.6824 1.1250 1.6686 -6.3797 -4.6096 0.5373 -1.8813 0.3137
Cyclist 0.0000 0 0.0000 -1.0000 -1.0000 -1.0000 -1.0000 0.7387 1.5648 1.7108 -39.2473 -3.4223 0.7325 -3.0617 0.3068
Cyclist 0.0000 0 0.0000 -1.0000 -1.0000 -1.0000 -1.0000 0.6550 1.2644 1.6939 1.2622 8.6471 0.7518 2.0087 0.3025
Pedestrian 0.0000 0 0.0000 -1.0000 -1.0000 -1.0000 -1.0000 0.6944 1.7198 0.6506 38.9912 1.1040 0.9715 0.0135 0.6345
Pedestrian 0.0000 0 0.0000 -1.0000 -1.0000 -1.0000 -1.0000 0.6757 1.6148 0.6274 -20.0268 -6.2363 0.6999 -0.0904 0.6078
Pedestrian 0.0000 0 0.0000 -1.0000 -1.0000 -1.0000 -1.0000 0.7010 1.6861 0.6738 0.3959 -5.2145 0.8651 3.1319 0.5753
Pedestrian 0.0000 0 0.0000 -1.0000 -1.0000 -1.0000 -1.0000 0.6810 1.6471 0.6246 -50.6280 8.7616 0.7450 0.0124 0.5698
Pedestrian 0.0000 0 0.0000 -1.0000 -1.0000 -1.0000 -1.0000 0.7035 1.7024 0.6540 14.0168 -6.5855 1.0022 -3.1337 0.4799
Pedestrian 0.0000 0 0.0000 -1.0000 -1.0000 -1.0000 -1.0000 0.7003 1.6603 0.6667 -42.3609 8.8615 0.8200 -3.1299 0.4500
Pedestrian 0.0000 0 0.0000 -1.0000 -1.0000 -1.0000 -1.0000 0.6915 1.6958 0.6142 40.8286 -4.1320 0.9121 3.0267 0.3901
Pedestrian 0.0000 0 0.0000 -1.0000 -1.0000 -1.0000 -1.0000 0.6981 1.6813 0.6447 -3.1837 -2.9580 0.8293 3.0748 0.3679
Pedestrian 0.0000 0 0.0000 -1.0000 -1.0000 -1.0000 -1.0000 0.6911 1.6570 0.6300 39.4760 -0.5165 0.8568 -3.0891 0.3525
Pedestrian 0.0000 0 0.0000 -1.0000 -1.0000 -1.0000 -1.0000 0.7469 1.7663 0.7252 12.6859 -2.6750 0.9451 -3.0926 0.3434
Pedestrian 0.0000 0 0.0000 -1.0000 -1.0000 -1.0000 -1.0000 0.7092 1.7094 0.6128 44.6732 8.0702 1.1833 3.1399 0.3256
Pedestrian 0.0000 0 0.0000 -1.0000 -1.0000 -1.0000 -1.0000 0.6871 1.6690 0.6067 68.3419 4.3243 0.9344 0.0563 0.3205
Pedestrian 0.0000 0 0.0000 -1.0000 -1.0000 -1.0000 -1.0000 0.6743 1.7141 0.5995 -12.2692 10.0738 1.0484 1.5590 0.3076
Pedestrian 0.0000 0 0.0000 -1.0000 -1.0000 -1.0000 -1.0000 0.6984 1.6382 0.6040 -39.1735 -3.3624 0.7179 -3.0620 0.3018
