Car 0.0000 0 0.0000 -1.0000 -1.0000 -1.0000 -1.0000 2.0140 1.5229 4.5662 -16.5673 -2.3444 0.7107 -0.0472 0.8027
Car 0.0000 0 0.0000 -1.0000 -1.0000 -1.0000 -1.0000 1.9539 1.4674 4.5500 -27.9776 -4.4145 0.5665 3.0525 0.7179
Car 0.0000 0 0.0000 -1.0000 -1.0000 -1.0000 -1.0000 1.9600 1.4984 4.5016 27.0398 -6.0786 0.9703 3.1243 0.6690
Car 0.0000 0 0.0000 -1.0000 -1.0000 -1.0000 -1.0000 1.9602 1.4523 4.5058 18.9145 -6.1624 0.8798 0.0020 0.6266
Car 0.0000 0 0.0000 -1.0000 -1.0000 -1.0000 -1.0000 1.9230 1.5349 4.5614 31.5111 -3.3558 1.0660 3.1348 0.5898
Car 0.0000 0 0.0000 -1.0000 -1.0000 -1.0000 -1.0000 1.9570 1.5525 4.5963 33.0233 -6.3657 1.0822 0.0004 0.5862
Car 0.0000 0 0.0000 -1.0000 -1.0000 -1.0000 -1.0000 1.9705 1.8756 4.6370 40.4529 -6.4468 1.3057 3.0914 0.4983
Car 0.0000 0 0.0000 -1.0000 -1.0000 -1.0000 -1.0000 1.9182 1.5031 4.6260 -10.7400 -37.4729 0.7228 -1.3722 0.4753
Car 0.0000 0 0.0000 -1.0000 -1.0000 -1.0000 -1.0000 1.8872 1.5972 4.4104 39.0480 -3.3390 1.1455 3.1123 0.4060
Truck 0.0000 0 0.0000 -1.0000 -1.0000 -1.0000 -1.0000 2.3126 2.2394 6.1191 33.6968 -0.6891 1.4597 3.1021 0.5006
Cyclist 0.0000 0 0.0000 -1.0000 -1.0000 -1.0000 -1.0000 0.8108 1.5521 1.8252 -9.2368 -17.4107 0.6129 -0.0351 0.5372
Cyclist 0.0000 0 0.0000 -1.0000 -1.0000 -1.0000 -1.0000 0.8020 1.4809 1.8593 -32.0485 -15.6906 0.3997 -0.0351 0.5372
Cyclist 0.0000 0 0.0000 -1.0000 -1.0000 -1.0000 -1.0000 0.7512 1.5594 1.7155 6.2786 -20.0050 0.7916 3.1192 0.4798
Cyclist 0.0000 0 0.0000 -1.0000 -1.0000 -1.0000 -1.0000 0.8428 1.6270 1.8066 13.0268 22.0237 0.6129 3.1006 0.4256
Cyclist 0.0000 0 0.0000 -1.0000 -1.0000 -1.0000 -1.0000 0.7349 1.1649 1.7475 -28.9345 -18.2798 0.3259 -0.0158 0.4159
