Car 0.0000 0 0.0000 -1.0000 -1.0000 -1.0000 -1.0000 2.0168 1.4592 4.5853 13.8067 3.4316 0.7979 -3.1369 0.7971
Car 0.0000 0 0.0000 -1.0000 -1.0000 -1.0000 -1.0000 1.9104 1.4375 4.4805 -26.1851 18.5081 0.2703 3.1095 0.7387
Car 0.0000 0 0.0000 -1.0000 -1.0000 -1.0000 -1.0000 1.9950 1.5143 4.5749 38.4772 3.0436 0.9952 -0.0322 0.6988
Car 0.0000 0 0.0000 -1.0000 -1.0000 -1.0000 -1.0000 1.9951 1.4215 4.5451 -22.6668 2.4478 0.6421 3.1016 0.6985
Car 0.0000 0 0.0000 -1.0000 -1.0000 -1.0000 -1.0000 1.9573 1.4422 4.6529 -27.0157 14.3719 0.3449 0.0091 0.6843
Car 0.0000 0 0.0000 -1.0000 -1.0000 -1.0000 -1.0000 1.9764 1.5807 4.6184 23.9461 14.5244 0.6108 3.1224 0.6830
Car 0.0000 0 0.0000 -1.0000 -1.0000 -1.0000 -1.0000 1.8737 1.5033 4.4120 -2.8543 3.4117 0.8437 3.1298 0.6699
Car 0.0000 0 0.0000 -1.0000 -1.0000 -1.0000 -1.0000 1.9036 1.4466 4.4870 -52.0074 3.2261 0.4493 -0.0228 0.6684
Car 0.0000 0 0.0000 -1.0000 -1.0000 -1.0000 -1.0000 1.9517 1.7010 4.5367 -29.6160 22.4229 0.4150 -0.0191 0.6441
Car 0.0000 0 0.0000 -1.0000 -1.0000 -1.0000 -1.0000 2.0338 1.9380 4.6978 -37.3936 25.9226 0.4469 -0.0167 0.6332
Car 0.0000 0 0.0000 -1.0000 -1.0000 -1.0000 -1.0000 2.0638 1.6647 4.6240 10.2506 -1.8557 0.8811 -3.1381 0.6128
Car 0.0000 0 0.0000 -1.0000 -1.0000 -1.0000 -1.0000 1.9470 1.6143 4.5593 15.6491 14.4084 0.5828 3.1215 0.5828
Car 0.0000 0 0.0000 -1.0000 -1.0000 -1.0000 -1.0000 2.0523 1.6872 4.7234 43.3285 21.3738 0.4683 0.1290 0.5753
Car 0.0000 0 0.0000 -1.0000 -1.0000 -1.0000 -1.0000 1.9859 1.7571 4.6692 7.5529 14.1968 0.6808 3.1155 0.5402
Car 0.0000 0 0.0000 -1.0000 -1.0000 -1.0000 -1.0000 1.8917 1.4804 4.4880 5.3699 17.9924 0.4675 3.1297 0.4910
Car 0.0000 0 0.0000 -1.0000 -1.0000 -1.0000 -1.0000 1.8748 1.5070 4.4961 -1.0312 14.5364 0.5618 -0.0128 0.4822
Car 0.0000 0 0.0000 -1.0000 -1.0000 -1.0000 -1.0000 1.9206 1.5062 4.5230 -33.0674 16.6263 0.2861 -0.0037 0.4489
Car 0.0000 0 0.0000 -1.0000 -1.0000 -1.0000 -1.0000 1.9119 1.5213 4.5558 14.9006 17.3031 0.4832 3.1404 0.4224
Car 0.0000 0 0.0000 -1.0000 -1.0000 -1.0000 -1.0000 1.9691 1.7054 4.6400 29.3084 17.6005 0.5880 3.0665 0.4100
Car 0.0000 0 0.0000 -1.0000 -1.0000 -1.0000 -1.0000 1.9122 1.5148 4.5844 13.7248 24.5506 0.3017 0.0329 0.3867
Car 0.0000 0 0.0000 -1.0000 -1.0000 -1.0000 -1.0000 1.9698 1.8135 4.7952 35.4776 15.7006 0.6302 3.0512 0.3717
Car 0.0000 0 0.0000 -1.0000 -1.0000 -1.0000 -1.0000 2.0404 1.9770 4.8019 26.4862 21.0857 0.6870 3.1225 0.3485
Truck 0.0000 0 0.0000 -1.0000 -1.0000 -1.0000 -1.0000 2.4438 2.3803 6.4461 32.3131 0.3459 1.3764 -0.0086 0.4669
Truck 0.0000 0 0.0000 -1.0000 -1.0000 -1.0000 -1.0000 1.9715 2.0031 4.9095 20.8433 -0.3855 1.1031 3.1396 0.4633
Truck 0.0000 0 0.0000 -1.0000 -1.0000 -1.0000 -1.0000 2.3827 2.2693 6.3729 3.9266 24.5411 0.6949 3.1225 0.3771
Tricar 0.0000 0 0.0000 -1.0000 -1.0000 -1.0000 -1.0000 1.2528 1.6814 3.0341 -20.0455 -2.7395 0.7903 -0.0798 0.6731
Cyclist 0.0000 0 0.0000 -1.0000 -1.0000 -1.0000 -1.0000 0.7591 1.5685 1.7381 -51.3866 -4.0809 0.4419 0.0310 0.3723
