Car 0.0000 0 0.0000 -1.0000 -1.0000 -1.0000 -1.0000 2.0085 1.4895 4.5860 -9.9994 3.2696 0.7626 3.1142 0.8613
Car 0.0000 0 0.0000 -1.0000 -1.0000 -1.0000 -1.0000 1.9414 1.4585 4.5082 -16.0746 3.2485 0.7488 3.1087 0.8299
Car 0.0000 0 0.0000 -1.0000 -1.0000 -1.0000 -1.0000 2.0600 1.7056 4.6804 -9.1208 -2.9929 0.8703 0.0027 0.8107
Car 0.0000 0 0.0000 -1.0000 -1.0000 -1.0000 -1.0000 1.9261 1.4671 4.4801 -19.6623 -3.7509 0.8009 0.0150 0.7403
Car 0.0000 0 0.0000 -1.0000 -1.0000 -1.0000 -1.0000 1.9525 1.4235 4.4861 10.0479 3.6226 0.7418 0.0151 0.7365
Car 0.0000 0 0.0000 -1.0000 -1.0000 -1.0000 -1.0000 1.9336 1.5152 4.4975 11.2012 -3.3554 0.7084 0.0144 0.7344
Car 0.0000 0 0.0000 -1.0000 -1.0000 -1.0000 -1.0000 2.0111 1.4931 4.6026 27.7660 2.5305 0.7835 -3.0896 0.7174
Car 0.0000 0 0.0000 -1.0000 -1.0000 -1.0000 -1.0000 1.9090 1.4639 4.4757 -27.7786 -3.6334 0.8125 3.1404 0.7110
Car 0.0000 0 0.0000 -1.0000 -1.0000 -1.0000 -1.0000 1.9995 1.6307 4.6652 -13.6453 14.2874 0.5998 3.1144 0.6821
Car 0.0000 0 0.0000 -1.0000 -1.0000 -1.0000 -1.0000 1.9992 1.5593 4.5914 -23.0570 3.0224 0.8379 3.0859 0.6794
Car 0.0000 0 0.0000 -1.0000 -1.0000 -1.0000 -1.0000 1.9760 1.4672 4.5506 2.0417 3.3451 0.7363 3.1368 0.6738
Car 0.0000 0 0.0000 -1.0000 -1.0000 -1.0000 -1.0000 1.9408 1.4860 4.5853 23.3022 5.2273 0.7728 -2.9258 0.6409
Car 0.0000 0 0.0000 -1.0000 -1.0000 -1.0000 -1.0000 1.9504 1.4985 4.5566 -19.5104 13.7141 0.4518 -3.1409 0.6249
Car 0.0000 0 0.0000 -1.0000 -1.0000 -1.0000 -1.0000 1.9269 1.5120 4.5844 -7.3409 14.5160 0.5322 3.1248 0.6223
Car 0.0000 0 0.0000 -1.0000 -1.0000 -1.0000 -1.0000 1.8847 1.5442 4.4308 -23.4309 -0.4551 0.8108 3.1337 0.6137
Car 0.0000 0 0.0000 -1.0000 -1.0000 -1.0000 -1.0000 1.9243 1.4615 4.4975 -13.1496 -0.1292 0.7366 0.0139 0.5938
Car 0.0000 0 0.0000 -1.0000 -1.0000 -1.0000 -1.0000 1.9014 1.5368 4.5252 -27.6778 17.6449 0.4186 0.0084 0.5605
Car 0.0000 0 0.0000 -1.0000 -1.0000 -1.0000 -1.0000 1.8332 1.5191 4.4082 -11.8965 20.6068 0.3294 3.1365 0.5600
Car 0.0000 0 0.0000 -1.0000 -1.0000 -1.0000 -1.0000 1.9105 1.5293 4.4918 -18.5105 17.5669 0.4113 0.0125 0.5510
Car 0.0000 0 0.0000 -1.0000 -1.0000 -1.0000 -1.0000 1.9383 1.5208 4.5929 40.3352 6.6559 0.8445 0.0683 0.5476
Car 0.0000 0 0.0000 -1.0000 -1.0000 -1.0000 -1.0000 1.8801 1.4282 4.4217 -3.6032 3.5391 0.7262 0.0012 0.5269
Car 0.0000 0 0.0000 -1.0000 -1.0000 -1.0000 -1.0000 1.8215 1.4819 4.3634 -15.9134 24.3470 0.2283 3.1350 0.5234
Car 0.0000 0 0.0000 -1.0000 -1.0000 -1.0000 -1.0000 1.9975 1.5056 4.6636 -30.7341 2.3886 0.8059 3.1350 0.5226
Car 0.0000 0 0.0000 -1.0000 -1.0000 -1.0000 -1.0000 1.9797 1.9094 4.6082 17.0617 5.1874 1.0474 0.0419 0.5143
Car 0.0000 0 0.0000 -1.0000 -1.0000 -1.0000 -1.0000 1.8871 1.6960 4.5448 -27.7564 13.9030 0.5899 0.0187 0.4969
Car 0.0000 0 0.0000 -1.0000 -1.0000 -1.0000 -1.0000 1.9278 1.5041 4.5519 -50.6654 -2.5245 0.8559 -3.1375 0.4834
Car 0.0000 0 0.0000 -1.0000 -1.0000 -1.0000 -1.0000 1.8514 1.5728 4.4369 1.0187 14.8097 0.3990 3.1408 0.4785
Car 0.0000 0 0.0000 -1.0000 -1.0000 -1.0000 -1.0000 1.9223 1.5412 4.5513 -48.2660 14.0713 0.9248 -0.0720 0.4675
Car 0.0000 0 0.0000 -1.0000 -1.0000 -1.0000 -1.0000 1.8863 1.6399 4.4813 -22.1333 21.2259 0.4379 0.0266 0.4407
Car 0.0000 0 0.0000 -1.0000 -1.0000 -1.0000 -1.0000 1.9602 1.5507 4.5758 -41.2318 -1.0054 0.8683 -3.1018 0.4171
Car 0.0000 0 0.0000 -1.0000 -1.0000 -1.0000 -1.0000 1.8353 1.8194 4.4015 4.8082 21.6317 0.5077 0.0799 0.4129
Car 0.0000 0 0.0000 -1.0000 -1.0000 -1.0000 -1.0000 1.9261 1.5052 4.5673 31.4811 6.5181 0.7870 0.1360 0.4055
Car 0.0000 0 0.0000 -1.0000 -1.0000 -1.0000 -1.0000 1.9360 1.7277 4.6158 -34.0498 13.9671 0.7537 0.0396 0.4021
Car 0.0000 0 0.0000 -1.0000 -1.0000 -1.0000 -1.0000 1.9742 1.6868 4.6211 -37.2076 3.5969 0.9688 0.0074 0.3839
Car 0.0000 0 0.0000 -1.0000 -1.0000 -1.0000 -1.0000 1.9133 1.5316 4.5732 50.5896 2.9760 0.8767 2.9678 0.3632
Car 0.0000 0 0.0000 -1.0000 -1.0000 -1.0000 -1.0000 1.8507 1.5520 4.4664 -41.0727 14.6434 0.8089 -0.1044 0.3534
Car 0.0000 0 0.0000 -1.0000 -1.0000 -1.0000 -1.0000 2.1095 1.9890 5.1200 22.3538 -1.0284 0.9780 0.0040 0.3300
Car 0.0000 0 0.0000 -1.0000 -1.0000 -1.0000 -1.0000 1.9572 1.5800 4.5593 35.5382 3.1060 0.8593 0.0368 0.3222
Car 0.0000 0 0.0000 -1.0000 -1.0000 -1.0000 -1.0000 1.9283 1.5060 4.5744 -31.6763 -0.3377 0.7743 0.0284 0.3139
Car 0.0000 0 0.0000 -1.0000 -1.0000 -1.0000 -1.0000 1.9379 1.4874 4.5947 -44.4849 2.5683 0.8509 -3.1218 0.3126
Car 0.0000 0 0.0000 -1.0000 -1.0000 -1.0000 -1.0000 1.9625 1.7901 4.6706 4.2312 24.3154 0.4418 0.0710 0.3117
Car 0.0000 0 0.0000 -1.0000 -1.0000 -1.0000 -1.0000 1.8669 1.5419 4.4701 -27.5673 24.5247 0.2542 0.0030 0.3067
Truck 0.0000 0 0.0000 -1.0000 -1.0000 -1.0000 -1.0000 2.0798 2.0192 5.2869 6.5529 -0.3853 1.0421 0.0294 0.5224
Truck 0.0000 0 0.0000 -1.0000 -1.0000 -1.0000 -1.0000 2.4311 2.4074 6.3725 48.3009 14.7933 1.2102 -3.1276 0.3703
Tricar 0.0000 0 0.0000 -1.0000 -1.0000 -1.0000 -1.0000 1.3487 1.7909 3.0525 30.0911 -4.9675 0.9629 3.1265 0.6115
