Car 0.0000 0 0.0000 -1.0000 -1.0000 -1.0000 -1.0000 2.0416 1.5054 4.6236 -14.0975 -3.5174 0.7545 0.0101 0.8388
Car 0.0000 0 0.0000 -1.0000 -1.0000 -1.0000 -1.0000 1.9223 1.5319 4.4418 16.1502 11.8114 0.7356 2.9125 0.7667
Car 0.0000 0 0.0000 -1.0000 -1.0000 -1.0000 -1.0000 1.9853 1.4727 4.5872 -2.5587 -6.4326 0.6955 0.0129 0.7451
Car 0.0000 0 0.0000 -1.0000 -1.0000 -1.0000 -1.0000 1.9557 1.6176 4.4950 13.0425 -6.3286 0.7960 0.0462 0.6602
Car 0.0000 0 0.0000 -1.0000 -1.0000 -1.0000 -1.0000 2.1448 1.6717 4.8177 -10.5229 0.1589 0.8419 -3.1282 0.6354
Car 0.0000 0 0.0000 -1.0000 -1.0000 -1.0000 -1.0000 2.0230 1.8391 4.6784 11.1212 -3.2448 0.9476 3.1378 0.5742
Car 0.0000 0 0.0000 -1.0000 -1.0000 -1.0000 -1.0000 1.9219 1.4897 4.4872 3.6371 -6.3002 0.7129 -3.1114 0.5364
Car 0.0000 0 0.0000 -1.0000 -1.0000 -1.0000 -1.0000 1.8574 1.8754 4.2753 -5.2674 -3.2155 0.9458 3.1411 0.5300
Car 0.0000 0 0.0000 -1.0000 -1.0000 -1.0000 -1.0000 1.9510 1.6763 4.5753 2.9993 -3.8333 0.8700 3.1401 0.5196
Car 0.0000 0 0.0000 -1.0000 -1.0000 -1.0000 -1.0000 1.9247 1.4691 4.4906 7.8024 -0.1229 0.7455 0.0091 0.5150
Car 0.0000 0 0.0000 -1.0000 -1.0000 -1.0000 -1.0000 1.9966 1.6227 4.7290 -9.2146 -6.1893 0.7353 0.0172 0.5079
Car 0.0000 0 0.0000 -1.0000 -1.0000 -1.0000 -1.0000 1.9267 1.6964 4.6149 48.1423 -27.0440 1.0313 1.5705 0.4734
Car 0.0000 0 0.0000 -1.0000 -1.0000 -1.0000 -1.0000 1.9707 1.5947 4.5903 -21.6002 0.3787 0.8702 -0.0349 0.3504
Car 0.0000 0 0.0000 -1.0000 -1.0000 -1.0000 -1.0000 1.9365 1.6596 4.6592 27.4229 -30.4164 0.8448 -1.5345 0.3332
Car 0.0000 0 0.0000 -1.0000 -1.0000 -1.0000 -1.0000 1.9438 1.5282 4.6330 72.8324 9.2563 0.7415 -3.0727 0.3128
Car 0.0000 0 0.0000 -1.0000 -1.0000 -1.0000 -1.0000 1.9650 1.6168 4.6816 76.8879 17.6415 0.6189 0.2058 0.3023
Truck 0.0000 0 0.0000 -1.0000 -1.0000 -1.0000 -1.0000 3.0223 3.6885 10.7212 48.6259 -36.3797 1.9917 1.5948 0.3478
Cyclist 0.0000 0 0.0000 -1.0000 -1.0000 -1.0000 -1.0000 0.7459 1.5148 1.7322 9.1967 -17.0068 0.6576 0.0656 0.5583
Cyclist 0.0000 0 0.0000 -1.0000 -1.0000 -1.0000 -1.0000 0.7630 1.5751 1.7404 -13.7010 24.8935 0.3488 -0.0222 0.3534
