Car 0.0000 0 0.0000 -1.0000 -1.0000 -1.0000 -1.0000 1.9518 1.4269 4.4283 -26.2692 0.2618 0.5409 -3.1393 0.7086
Car 0.0000 0 0.0000 -1.0000 -1.0000 -1.0000 -1.0000 2.0295 1.7645 4.6535 12.4609 0.2511 1.0155 -3.1246 0.6345
Car 0.0000 0 0.0000 -1.0000 -1.0000 -1.0000 -1.0000 1.9404 1.5048 4.6349 5.4774 -12.8016 1.0563 -1.4803 0.4437
Car 0.0000 0 0.0000 -1.0000 -1.0000 -1.0000 -1.0000 1.9254 1.5166 4.6218 4.7210 -31.4608 1.6806 2.8982 0.4097
Car 0.0000 0 0.0000 -1.0000 -1.0000 -1.0000 -1.0000 1.8644 1.5343 4.4592 -27.5366 12.3388 0.2852 3.1254 0.3772
Car 0.0000 0 0.0000 -1.0000 -1.0000 -1.0000 -1.0000 1.8847 1.5441 4.5046 -2.2049 -13.5036 1.0463 -1.5059 0.3452
Car 0.0000 0 0.0000 -1.0000 -1.0000 -1.0000 -1.0000 2.0049 1.6680 4.7449 5.6107 -27.8039 1.6836 -0.0845 0.3208
Truck 0.0000 0 0.0000 -1.0000 -1.0000 -1.0000 -1.0000 2.8256 3.0232 9.0872 10.5949 -28.0002 2.3748 1.6250 0.3758
Truck 0.0000 0 0.0000 -1.0000 -1.0000 -1.0000 -1.0000 3.0877 3.6815 17.0278 47.5497 -3.0333 2.4715 0.0646 0.3360
Tricar 0.0000 0 0.0000 -1.0000 -1.0000 -1.0000 -1.0000 1.3188 1.6295 2.9888 -21.6776 15.5698 0.3736 3.1153 0.5243
Tricar 0.0000 0 0.0000 -1.0000 -1.0000 -1.0000 -1.0000 1.4489 1.7723 3.3969 22.0709 -1.8387 1.1670 0.0157 0.3845
Cyclist 0.0000 0 0.0000 -1.0000 -1.0000 -1.0000 -1.0000 0.7219 1.5213 1.7037 12.2937 18.6541 0.5720 -0.0254 0.5282
Pedestrian 0.0000 0 0.0000 -1.0000 -1.0000 -1.0000 -1.0000 0.6895 1.6438 0.5877 2.7281 -17.5901 1.3336 3.1211 0.3107
