Car 0.0000 0 0.0000 -1.0000 -1.0000 -1.0000 -1.0000 2.0122 1.4596 4.6149 -27.4611 3.2303 0.5569 0.0431 0.8463
Car 0.0000 0 0.0000 -1.0000 -1.0000 -1.0000 -1.0000 2.0767 1.6122 4.7339 -11.8871 -3.1723 0.7919 0.0047 0.8287
Car 0.0000 0 0.0000 -1.0000 -1.0000 -1.0000 -1.0000 2.0076 1.4911 4.5469 8.2442 3.4790 0.8256 -3.0292 0.8109
Car 0.0000 0 0.0000 -1.0000 -1.0000 -1.0000 -1.0000 2.1116 1.8610 4.7676 -14.5854 3.1669 0.8358 -0.0087 0.7992
Car 0.0000 0 0.0000 -1.0000 -1.0000 -1.0000 -1.0000 2.0183 1.6000 4.6339 -46.2687 -6.8101 0.5077 0.0246 0.7741
Car 0.0000 0 0.0000 -1.0000 -1.0000 -1.0000 -1.0000 2.0549 1.7716 4.7301 -7.1280 -6.4115 0.9254 3.1328 0.7220
Car 0.0000 0 0.0000 -1.0000 -1.0000 -1.0000 -1.0000 2.0020 1.6510 4.5905 -32.1985 -6.7535 0.6823 -3.1306 0.7184
Car 0.0000 0 0.0000 -1.0000 -1.0000 -1.0000 -1.0000 2.0037 1.6787 4.5899 -59.5226 3.4492 0.4708 -0.0238 0.6766
Car 0.0000 0 0.0000 -1.0000 -1.0000 -1.0000 -1.0000 1.9701 1.4913 4.5778 -36.4296 -3.1874 0.5080 3.1322 0.6663
Car 0.0000 0 0.0000 -1.0000 -1.0000 -1.0000 -1.0000 1.9421 1.5799 4.5010 -3.1294 3.5952 0.8122 3.1342 0.6301
Car 0.0000 0 0.0000 -1.0000 -1.0000 -1.0000 -1.0000 1.9496 1.5562 4.5068 18.5375 7.2811 0.8726 0.5282 0.5916
Car 0.0000 0 0.0000 -1.0000 -1.0000 -1.0000 -1.0000 1.9926 1.7361 4.7437 35.7882 35.8365 0.0999 -1.7495 0.5891
Car 0.0000 0 0.0000 -1.0000 -1.0000 -1.0000 -1.0000 1.9980 1.6114 4.7812 29.5689 39.1025 -0.1419 -1.8309 0.5814
Car 0.0000 0 0.0000 -1.0000 -1.0000 -1.0000 -1.0000 2.0532 1.8763 4.8169 60.6978 18.0656 0.6909 3.1330 0.5677
Car 0.0000 0 0.0000 -1.0000 -1.0000 -1.0000 -1.0000 2.0254 1.5699 4.7005 -19.4700 0.0175 0.6902 3.1302 0.5452
Car 0.0000 0 0.0000 -1.0000 -1.0000 -1.0000 -1.0000 1.8869 1.5919 4.4077 37.7901 30.1884 0.0655 -1.7361 0.5400
Car 0.0000 0 0.0000 -1.0000 -1.0000 -1.0000 -1.0000 1.9649 1.5308 4.5495 8.6153 14.1800 0.4230 2.4084 0.5235
Car 0.0000 0 0.0000 -1.0000 -1.0000 -1.0000 -1.0000 1.8743 1.5385 4.4341 29.7433 12.3899 0.7122 0.9684 0.5159
Car 0.0000 0 0.0000 -1.0000 -1.0000 -1.0000 -1.0000 1.9554 1.6215 4.5373 59.0487 14.3834 0.5983 0.0083 0.4879
Car 0.0000 0 0.0000 -1.0000 -1.0000 -1.0000 -1.0000 1.9288 1.5379 4.4966 -79.8331 -2.7453 0.2615 -3.1114 0.4400
Car 0.0000 0 0.0000 -1.0000 -1.0000 -1.0000 -1.0000 1.9348 1.5773 4.6321 26.2596 40.5541 -0.2197 -1.7873 0.4314
Truck 0.0000 0 0.0000 -1.0000 -1.0000 -1.0000 -1.0000 3.0118 3.3970 12.5001 -38.0268 18.1264 0.9901 -3.1002 0.7433
Cyclist 0.0000 0 0.0000 -1.0000 -1.0000 -1.0000 -1.0000 0.8345 1.5894 1.8265 37.5235 -9.1793 0.9473 -3.0952 0.6487
Cyclist 0.0000 0 0.0000 -1.0000 -1.0000 -1.0000 -1.0000 0.8378 1.5530 1.8885 -19.6395 -10.3172 0.7582 3.1316 0.6393
Cyclist 0.0000 0 0.0000 -1.0000 -1.0000 -1.0000 -1.0000 0.8419 1.5580 1.8817 -3.4803 -9.9589 0.8029 3.1393 0.5947
Cyclist 0.0000 0 0.0000 -1.0000 -1.0000 -1.0000 -1.0000 0.6757 1.4189 1.7035 32.0464 -16.5405 0.9839 1.3732 0.3651
Pedestrian 0.0000 0 0.0000 -1.0000 -1.0000 -1.0000 -1.0000 0.7151 1.6427 0.7015 0.8220 23.9794 -0.0086 0.8557 0.5660
