Car 0.0000 0 0.0000 -1.0000 -1.0000 -1.0000 -1.0000 1.9732 1.4607 4.5159 19.0031 -4.7418 0.7624 0.0124 0.6704
Car 0.0000 0 0.0000 -1.0000 -1.0000 -1.0000 -1.0000 2.0544 1.7979 4.7089 -32.7189 -3.7258 0.9072 -3.1230 0.6387
Car 0.0000 0 0.0000 -1.0000 -1.0000 -1.0000 -1.0000 1.9605 1.4593 4.6009 16.5737 32.7417 0.4993 1.6360 0.6154
Car 0.0000 0 0.0000 -1.0000 -1.0000 -1.0000 -1.0000 1.9729 1.5308 4.6821 16.1910 39.3390 0.4204 -1.4906 0.6110
Car 0.0000 0 0.0000 -1.0000 -1.0000 -1.0000 -1.0000 1.9651 1.4757 4.6595 19.5406 26.2594 0.6114 -1.5354 0.5910
Car 0.0000 0 0.0000 -1.0000 -1.0000 -1.0000 -1.0000 2.0461 1.9718 4.7701 23.3982 26.9670 0.8881 -1.4707 0.5330
Car 0.0000 0 0.0000 -1.0000 -1.0000 -1.0000 -1.0000 1.9283 1.5682 4.5879 31.2099 -31.0395 0.7842 1.5998 0.4979
Car 0.0000 0 0.0000 -1.0000 -1.0000 -1.0000 -1.0000 2.0993 1.7899 4.7472 -13.5044 -0.1233 0.9174 3.1339 0.4431
Car 0.0000 0 0.0000 -1.0000 -1.0000 -1.0000 -1.0000 1.9203 1.4768 4.5663 16.5768 26.6997 0.5965 -1.5259 0.4300
Car 0.0000 0 0.0000 -1.0000 -1.0000 -1.0000 -1.0000 1.9343 1.6491 4.5953 55.8307 -5.2717 0.7399 0.0341 0.3962
Truck 0.0000 0 0.0000 -1.0000 -1.0000 -1.0000 -1.0000 2.4250 2.4800 6.5175 27.2019 -24.6871 1.2709 1.6068 0.5646
Truck 0.0000 0 0.0000 -1.0000 -1.0000 -1.0000 -1.0000 2.3635 2.4046 6.2650 34.3636 6.8348 1.1853 3.0645 0.5079
Truck 0.0000 0 0.0000 -1.0000 -1.0000 -1.0000 -1.0000 2.3472 2.2910 6.2092 8.3056 0.3923 1.2124 3.1296 0.5074
Truck 0.0000 0 0.0000 -1.0000 -1.0000 -1.0000 -1.0000 1.9695 1.9877 5.0226 -18.2994 7.8593 0.9552 -0.0192 0.4966
Truck 0.0000 0 0.0000 -1.0000 -1.0000 -1.0000 -1.0000 2.0198 2.0477 5.0543 -41.1142 8.6356 0.9417 -3.1137 0.4601
Truck 0.0000 0 0.0000 -1.0000 -1.0000 -1.0000 -1.0000 2.4804 2.6851 6.4497 0.4254 -9.5157 1.3086 -0.1925 0.4275
Truck 0.0000 0 0.0000 -1.0000 -1.0000 -1.0000 -1.0000 2.1941 2.2955 5.5787 66.1076 -5.7949 1.1277 3.0953 0.3957
Truck 0.0000 0 0.0000 -1.0000 -1.0000 -1.0000 -1.0000 1.8422 1.8861 4.5268 38.5903 -4.9422 0.9295 3.1059 0.3742
Truck 0.0000 0 0.0000 -1.0000 -1.0000 -1.0000 -1.0000 1.8492 1.9414 4.6394 3.1120 -3.6032 0.9935 -0.0151 0.3631
Truck 0.0000 0 0.0000 -1.0000 -1.0000 -1.0000 -1.0000 2.0101 2.0394 5.1247 -25.0679 0.3277 1.0014 3.1208 0.3568
Truck 0.0000 0 0.0000 -1.0000 -1.0000 -1.0000 -1.0000 2.3359 2.6134 5.9879 20.4689 33.2230 1.1829 1.6220 0.3417
Truck 0.0000 0 0.0000 -1.0000 -1.0000 -1.0000 -1.0000 1.8272 1.8541 4.4813 49.2699 -8.0317 0.8445 0.0839 0.3298
Truck 0.0000 0 0.0000 -1.0000 -1.0000 -1.0000 -1.0000 1.8543 1.9278 4.6361 -18.5078 -4.4943 0.9377 0.0019 0.3072
Tricar 0.0000 0 0.0000 -1.0000 -1.0000 -1.0000 -1.0000 1.4442 1.9133 3.6312 30.8557 11.4709 0.9181 3.1147 0.5026
Tricar 0.0000 0 0.0000 -1.0000 -1.0000 -1.0000 -1.0000 1.2755 1.7228 2.8643 -7.2037 -10.5164 0.8168 -0.0889 0.4142
Cyclist 0.0000 0 0.0000 -1.0000 -1.0000 -1.0000 -1.0000 0.7521 1.5243 1.7655 11.2026 26.1960 0.5180 -1.6409 0.5119
Cyclist 0.0000 0 0.0000 -1.0000 -1.0000 -1.0000 -1.0000 0.7957 1.5660 1.8033 -37.0725 -7.5276 0.7357 0.0246 0.3767
Cyclist 0.0000 0 0.0000 -1.0000 -1.0000 -1.0000 -1.0000 0.8061 1.5535 1.8643 8.8541 27.0923 0.5725 -1.5635 0.3705
