Car 0.0000 0 0.0000 -1.0000 -1.0000 -1.0000 -1.0000 2.0330 1.5097 4.6158 -14.1849 -0.2004 0.7533 -0.0065 0.7418
Car 0.0000 0 0.0000 -1.0000 -1.0000 -1.0000 -1.0000 1.9937 1.4945 4.5793 32.8087 3.4458 0.8652 3.1384 0.6940
Car 0.0000 0 0.0000 -1.0000 -1.0000 -1.0000 -1.0000 1.9543 1.4621 4.5406 26.3995 6.0711 0.7548 -3.1129 0.6636
Car 0.0000 0 0.0000 -1.0000 -1.0000 -1.0000 -1.0000 1.9237 1.4572 4.5346 8.1087 27.5400 0.0955 -1.4543 0.6280
Car 0.0000 0 0.0000 -1.0000 -1.0000 -1.0000 -1.0000 2.0444 1.7603 4.7785 -41.0355 0.7570 0.7787 -0.0121 0.5748
Car 0.0000 0 0.0000 -1.0000 -1.0000 -1.0000 -1.0000 1.9947 1.4342 4.5165 10.9877 -0.0777 0.7659 -0.0187 0.5138
Car 0.0000 0 0.0000 -1.0000 -1.0000 -1.0000 -1.0000 2.0231 1.7650 4.6188 20.8478 0.4550 0.9197 3.1139 0.4854
Car 0.0000 0 0.0000 -1.0000 -1.0000 -1.0000 -1.0000 1.9496 1.6734 4.6165 7.3987 36.0181 -0.0778 -1.7821 0.4527
Car 0.0000 0 0.0000 -1.0000 -1.0000 -1.0000 -1.0000 1.8999 1.4656 4.6192 -26.9583 0.2005 0.6715 -0.0432 0.3801
Car 0.0000 0 0.0000 -1.0000 -1.0000 -1.0000 -1.0000 1.8948 1.4360 4.4931 11.6187 21.3805 0.2551 -1.3603 0.3094
Cyclist 0.0000 0 0.0000 -1.0000 -1.0000 -1.0000 -1.0000 0.8122 1.5898 1.8050 -3.5643 17.0396 0.4650 -0.0120 0.5618
Cyclist 0.0000 0 0.0000 -1.0000 -1.0000 -1.0000 -1.0000 0.7464 1.5238 1.7582 4.5885 14.1074 0.4815 -1.7805 0.5372
Cyclist 0.0000 0 0.0000 -1.0000 -1.0000 -1.0000 -1.0000 0.8159 1.5431 1.8203 17.7948 14.2875 0.5162 1.2988 0.5320
Cyclist 0.0000 0 0.0000 -1.0000 -1.0000 -1.0000 -1.0000 0.8047 1.5704 1.8113 -18.6918 16.8019 0.3556 -0.0273 0.4940
Cyclist 0.0000 0 0.0000 -1.0000 -1.0000 -1.0000 -1.0000 0.7194 1.5295 1.6890 -23.4627 18.7258 0.3146 3.1309 0.4891
Cyclist 0.0000 0 0.0000 -1.0000 -1.0000 -1.0000 -1.0000 0.8383 1.5601 1.8563 9.3624 -14.1113 0.7111 -1.4208 0.4846
Cyclist 0.0000 0 0.0000 -1.0000 -1.0000 -1.0000 -1.0000 0.7585 1.5432 1.7353 -48.0419 19.3779 0.2697 -0.0302 0.4741
Cyclist 0.0000 0 0.0000 -1.0000 -1.0000 -1.0000 -1.0000 0.8238 1.5534 1.8334 -2.3053 -11.5443 0.8456 -0.0029 0.4563
Cyclist 0.0000 0 0.0000 -1.0000 -1.0000 -1.0000 -1.0000 0.7101 1.5393 1.6864 30.9719 18.6398 0.5329 0.0325 0.4331
Cyclist 0.0000 0 0.0000 -1.0000 -1.0000 -1.0000 -1.0000 0.7417 1.5306 1.7313 -34.7176 17.1533 0.3894 -0.0095 0.4022
Cyclist 0.0000 0 0.0000 -1.0000 -1.0000 -1.0000 -1.0000 0.8294 1.5477 1.8808 4.7893 23.8369 0.1587 -1.5365 0.3895
Cyclist 0.0000 0 0.0000 -1.0000 -1.0000 -1.0000 -1.0000 0.7585 1.5575 1.7210 52.2769 19.0036 0.7128 -3.1073 0.3604
Cyclist 0.0000 0 0.0000 -1.0000 -1.0000 -1.0000 -1.0000 0.7269 1.4437 1.6966 -7.2118 -14.4775 0.7712 -0.0628 0.3539
Cyclist 0.0000 0 0.0000 -1.0000 -1.0000 -1.0000 -1.0000 0.7267 1.3255 1.7770 -18.1480 -13.8539 0.6303 -0.0272 0.3407
Cyclist 0.0000 0 0.0000 -1.0000 -1.0000 -1.0000 -1.0000 0.7863 1.5492 1.7500 19.4561 14.4520 0.5264 1.2954 0.3400
Cyclist 0.0000 0 0.0000 -1.0000 -1.0000 -1.0000 -1.0000 0.7523 1.4953 1.7652 8.1896 19.6543 0.2689 -1.3447 0.3324
Cyclist 0.0000 0 0.0000 -1.0000 -1.0000 -1.0000 -1.0000 0.7659 1.5747 1.7572 16.8904 20.2790 0.4650 -2.7031 0.3277
Cyclist 0.0000 0 0.0000 -1.0000 -1.0000 -1.0000 -1.0000 0.7283 1.3710 1.7278 -38.5240 -14.1068 0.5207 -0.1171 0.3258
Cyclist 0.0000 0 0.0000 -1.0000 -1.0000 -1.0000 -1.0000 0.7612 1.5183 1.7927 17.2753 -10.3306 0.8772 1.6265 0.3242
Cyclist 0.0000 0 0.0000 -1.0000 -1.0000 -1.0000 -1.0000 0.7420 1.4973 1.7276 -37.7014 -11.6962 0.5455 -0.0290 0.3132
Pedestrian 0.0000 0 0.0000 -1.0000 -1.0000 -1.0000 -1.0000 0.6756 1.6570 0.6082 12.4766 -16.1356 0.8391 2.5510 0.6096
Pedestrian 0.0000 0 0.0000 -1.0000 -1.0000 -1.0000 -1.0000 0.6931 1.6412 0.6708 3.3618 9.0110 0.6975 -3.0884 0.6059
Pedestrian 0.0000 0 0.0000 -1.0000 -1.0000 -1.0000 -1.0000 0.6864 1.6448 0.6262 -7.1236 -16.0921 1.0267 -2.9189 0.5176
Pedestrian 0.0000 0 0.0000 -1.0000 -1.0000 -1.0000 -1.0000 0.7162 1.6522 0.6824 -29.7803 21.9754 0.4228 0.0121 0.4459
Pedestrian 0.0000 0 0.0000 -1.0000 -1.0000 -1.0000 -1.0000 0.7141 1.6740 0.6683 -57.7415 21.7771 0.2709 -0.0929 0.4148
Pedestrian 0.0000 0 0.0000 -1.0000 -1.0000 -1.0000 -1.0000 0.7198 1.6895 0.7196 19.3891 -4.1404 0.9477 3.0795 0.4130
Pedestrian 0.0000 0 0.0000 -1.0000 -1.0000 -1.0000 -1.0000 0.7081 1.6542 0.6698 46.9284 23.9082 0.8956 -3.1168 0.4035
Pedestrian 0.0000 0 0.0000 -1.0000 -1.0000 -1.0000 -1.0000 0.6922 1.6760 0.6167 24.2215 22.3758 0.6911 0.1615 0.4031
Pedestrian 0.0000 0 0.0000 -1.0000 -1.0000 -1.0000 -1.0000 0.7180 1.6443 0.6531 20.1413 21.2539 0.5920 0.3468 0.3331
Pedestrian 0.0000 0 0.0000 -1.0000 -1.0000 -1.0000 -1.0000 0.7130 1.6786 0.6428 61.8813 -6.3824 1.2430 0.0323 0.3280
Pedestrian 0.0000 0 0.0000 -1.0000 -1.0000 -1.0000 -1.0000 0.6895 1.7064 0.6267 16.4943 -14.6660 1.0006 1.3319 0.3143
Pedestrian 0.0000 0 0.0000 -1.0000 -1.0000 -1.0000 -1.0000 0.6800 1.6584 0.6112 24.3175 24.1125 0.7659 0.0826 0.3060
