Car 0.0000 0 0.0000 -1.0000 -1.0000 -1.0000 -1.0000 2.0788 1.7239 4.6987 -16.4327 5.9607 0.8542 -0.0046 0.7568
Car 0.0000 0 0.0000 -1.0000 -1.0000 -1.0000 -1.0000 1.9861 1.5407 4.6149 20.3436 -4.1836 0.8277 -3.1187 0.7449
Car 0.0000 0 0.0000 -1.0000 -1.0000 -1.0000 -1.0000 1.9237 1.5556 4.5822 7.0394 6.3521 0.7364 0.0490 0.7307
Car 0.0000 0 0.0000 -1.0000 -1.0000 -1.0000 -1.0000 1.9154 1.4055 4.5202 -10.3588 5.4232 0.7109 0.0711 0.7299
Car 0.0000 0 0.0000 -1.0000 -1.0000 -1.0000 -1.0000 1.9407 1.7104 4.4803 -22.5791 6.2494 0.8321 -0.0419 0.7038
Car 0.0000 0 0.0000 -1.0000 -1.0000 -1.0000 -1.0000 1.8980 1.4145 4.5390 0.8342 5.8552 0.6981 3.1214 0.6840
Car 0.0000 0 0.0000 -1.0000 -1.0000 -1.0000 -1.0000 1.9257 1.5877 4.5347 -4.4450 6.0766 0.7855 -3.0875 0.6809
Car 0.0000 0 0.0000 -1.0000 -1.0000 -1.0000 -1.0000 1.9523 1.6146 4.6043 -28.8752 6.2563 0.8327 -0.1098 0.5412
Car 0.0000 0 0.0000 -1.0000 -1.0000 -1.0000 -1.0000 1.8642 1.4622 4.5069 12.3562 5.8511 0.6099 0.0060 0.5190
Car 0.0000 0 0.0000 -1.0000 -1.0000 -1.0000 -1.0000 1.9372 1.6578 4.5364 -39.7333 6.2437 0.9080 -3.1126 0.5173
Car 0.0000 0 0.0000 -1.0000 -1.0000 -1.0000 -1.0000 1.8905 1.4422 4.4478 18.2583 5.7499 0.5859 -0.0135 0.4781
Car 0.0000 0 0.0000 -1.0000 -1.0000 -1.0000 -1.0000 1.8289 1.4258 4.4785 24.1429 5.9505 0.5708 3.0885 0.4517
Car 0.0000 0 0.0000 -1.0000 -1.0000 -1.0000 -1.0000 1.9657 1.6607 4.6252 65.1964 -1.4509 0.8038 -0.1183 0.4491
Car 0.0000 0 0.0000 -1.0000 -1.0000 -1.0000 -1.0000 1.8858 1.5636 4.4708 -34.0382 6.3293 0.7995 -3.1338 0.3862
Car 0.0000 0 0.0000 -1.0000 -1.0000 -1.0000 -1.0000 1.8542 1.6359 4.4382 -46.2100 6.2360 0.9107 -3.1117 0.3160
Truck 0.0000 0 0.0000 -1.0000 -1.0000 -1.0000 -1.0000 2.6605 2.7383 8.0607 75.4073 -7.1126 1.3197 -0.0259 0.3843
Tricar 0.0000 0 0.0000 -1.0000 -1.0000 -1.0000 -1.0000 1.2084 1.6410 2.9710 -18.4152 2.3543 0.9087 -0.0085 0.5132
Tricar 0.0000 0 0.0000 -1.0000 -1.0000 -1.0000 -1.0000 1.2347 1.6244 2.8942 -51.0060 3.0157 0.8681 -3.0716 0.4160
Pedestrian 0.0000 0 0.0000 -1.0000 -1.0000 -1.0000 -1.0000 0.6988 1.6330 0.6644 -11.1031 -4.6183 0.9766 -0.0033 0.4622
Pedestrian 0.0000 0 0.0000 -1.0000 -1.0000 -1.0000 -1.0000 0.7121 1.7415 0.6373 10.3340 12.3978 0.9531 0.0522 0.3965
