Car 0.0000 0 0.0000 -1.0000 -1.0000 -1.0000 -1.0000 1.9567 1.5094 4.6250 -45.2931 -15.5837 0.6881 -1.8739 0.5442
Car 0.0000 0 0.0000 -1.0000 -1.0000 -1.0000 -1.0000 1.9592 1.6174 4.5944 -52.0488 13.3496 -0.0392 -1.4775 0.5370
Car 0.0000 0 0.0000 -1.0000 -1.0000 -1.0000 -1.0000 1.8665 1.4808 4.4515 -55.1978 -14.7863 0.4058 -2.4657 0.4169
Car 0.0000 0 0.0000 -1.0000 -1.0000 -1.0000 -1.0000 1.9042 1.5450 4.4714 -59.5222 -7.1343 0.2661 -2.1093 0.4022
Car 0.0000 0 0.0000 -1.0000 -1.0000 -1.0000 -1.0000 2.2214 2.0167 5.1554 -70.9275 29.1713 0.0905 -2.5514 0.3010
Truck 0.0000 0 0.0000 -1.0000 -1.0000 -1.0000 -1.0000 2.7951 2.8951 10.4792 20.2768 1.1047 1.6724 0.0971 0.7020
Truck 0.0000 0 0.0000 -1.0000 -1.0000 -1.0000 -1.0000 2.6152 2.9704 6.6127 -63.8468 -2.6148 0.9173 -2.0926 0.4745
Tricar 0.0000 0 0.0000 -1.0000 -1.0000 -1.0000 -1.0000 1.3169 1.7064 3.5007 -1.9306 -8.6147 0.9675 0.0225 0.6964
Tricar 0.0000 0 0.0000 -1.0000 -1.0000 -1.0000 -1.0000 1.0991 1.6211 2.4784 -11.9493 -6.9668 0.8208 -3.1114 0.4017
Cyclist 0.0000 0 0.0000 -1.0000 -1.0000 -1.0000 -1.0000 0.7596 1.5022 1.7293 23.7601 -6.8339 1.0739 0.0686 0.6101
Cyclist 0.0000 0 0.0000 -1.0000 -1.0000 -1.0000 -1.0000 0.8526 1.6044 1.8134 39.8299 -5.6167 1.1569 0.1771 0.4710
Cyclist 0.0000 0 0.0000 -1.0000 -1.0000 -1.0000 -1.0000 0.6917 1.4914 1.6579 17.5097 -6.2229 1.0012 -3.0312 0.4559
Cyclist 0.0000 0 0.0000 -1.0000 -1.0000 -1.0000 -1.0000 1.0022 1.6373 2.0646 -11.9557 -6.9045 0.8441 0.0270 0.3744
Pedestrian 0.0000 0 0.0000 -1.0000 -1.0000 -1.0000 -1.0000 0.6830 1.6467 0.6263 -52.6267 -6.2447 0.2269 0.4943 0.5666
Pedestrian 0.0000 0 0.0000 -1.0000 -1.0000 -1.0000 -1.0000 0.6943 1.6203 0.6530 -50.9840 -6.6311 0.2606 0.4000 0.4788
Pedestrian 0.0000 0 0.0000 -1.0000 -1.0000 -1.0000 -1.0000 0.7282 1.7165 0.7164 31.0226 -1.6172 1.3483 0.0260 0.3488
Pedestrian 0.0000 0 0.0000 -1.0000 -1.0000 -1.0000 -1.0000 0.6806 1.6608 0.5893 -71.9406 -17.6806 0.9743 -2.8215 0.3243
