Car 0.0000 0 0.0000 -1.0000 -1.0000 -1.0000 -1.0000 1.9695 1.4464 4.5222 8.6474 -4.2415 0.7796 0.0272 0.7919
Car 0.0000 0 0.0000 -1.0000 -1.0000 -1.0000 -1.0000 1.9282 1.4485 4.4730 -25.6281 -0.2776 0.6627 -3.0981 0.6203
Car 0.0000 0 0.0000 -1.0000 -1.0000 -1.0000 -1.0000 2.1525 1.7624 4.8013 -11.3514 -1.0323 0.9032 -3.1201 0.6171
Car 0.0000 0 0.0000 -1.0000 -1.0000 -1.0000 -1.0000 1.9538 1.5657 4.6273 33.0224 -9.9989 0.9287 -1.6784 0.6110
Car 0.0000 0 0.0000 -1.0000 -1.0000 -1.0000 -1.0000 1.9195 1.5444 4.6437 -3.1481 -29.3038 1.4879 0.2711 0.6044
Car 0.0000 0 0.0000 -1.0000 -1.0000 -1.0000 -1.0000 1.9488 1.5104 4.6518 27.1721 -12.5316 0.8674 -1.5359 0.5520
Car 0.0000 0 0.0000 -1.0000 -1.0000 -1.0000 -1.0000 1.8574 1.4422 4.4646 22.6611 -6.5322 0.8246 -3.1357 0.5434
Car 0.0000 0 0.0000 -1.0000 -1.0000 -1.0000 -1.0000 1.8848 1.5527 4.5252 -1.2837 -18.1983 1.2530 1.5370 0.5296
Car 0.0000 0 0.0000 -1.0000 -1.0000 -1.0000 -1.0000 1.9335 1.4809 4.5465 37.9344 -6.8492 0.9074 1.3386 0.5172
Car 0.0000 0 0.0000 -1.0000 -1.0000 -1.0000 -1.0000 2.0016 1.6122 4.6741 -39.0530 -0.3005 0.7550 0.0724 0.4392
Car 0.0000 0 0.0000 -1.0000 -1.0000 -1.0000 -1.0000 1.8949 1.5012 4.5569 23.6198 -13.0301 0.9263 1.3892 0.4213
Car 0.0000 0 0.0000 -1.0000 -1.0000 -1.0000 -1.0000 1.8770 1.4675 4.5305 19.5904 -16.0082 1.0910 -1.7499 0.4165
Car 0.0000 0 0.0000 -1.0000 -1.0000 -1.0000 -1.0000 1.9091 1.5169 4.6194 -19.9460 29.9045 0.0284 -1.5099 0.3739
Car 0.0000 0 0.0000 -1.0000 -1.0000 -1.0000 -1.0000 1.9256 1.5878 4.6546 5.1495 -17.8761 1.2788 -1.4771 0.3426
Car 0.0000 0 0.0000 -1.0000 -1.0000 -1.0000 -1.0000 1.9015 1.5129 4.5765 16.8444 32.7488 0.3236 -1.5255 0.3118
Car 0.0000 0 0.0000 -1.0000 -1.0000 -1.0000 -1.0000 1.9524 1.6295 4.6366 24.6435 -19.4519 1.2171 -2.9011 0.3029
Car 0.0000 0 0.0000 -1.0000 -1.0000 -1.0000 -1.0000 2.0374 2.0374 4.8682 29.0986 4.6864 1.2593 1.7175 0.3010
Truck 0.0000 0 0.0000 -1.0000 -1.0000 -1.0000 -1.0000 2.8204 3.4146 9.8125 13.8148 -0.2499 1.8951 0.0037 0.5423
Truck 0.0000 0 0.0000 -1.0000 -1.0000 -1.0000 -1.0000 2.1319 2.0929 5.4911 22.6486 14.7871 0.7996 0.0171 0.4488
Tricar 0.0000 0 0.0000 -1.0000 -1.0000 -1.0000 -1.0000 1.2931 1.6071 2.8842 16.4876 -12.0481 1.0444 -3.1167 0.3636
Cyclist 0.0000 0 0.0000 -1.0000 -1.0000 -1.0000 -1.0000 0.6917 1.4426 1.6756 10.6768 -11.1529 0.8438 -3.1402 0.4221
Cyclist 0.0000 0 0.0000 -1.0000 -1.0000 -1.0000 -1.0000 0.7353 1.5509 1.7234 0.9853 20.0129 0.4602 -0.0107 0.3577
