Car 0.0000 0 0.0000 -1.0000 -1.0000 -1.0000 -1.0000 1.9507 1.4667 4.5497 20.4344 3.2420 0.7686 3.1018 0.7299
Car 0.0000 0 0.0000 -1.0000 -1.0000 -1.0000 -1.0000 1.9871 1.5648 4.6359 -36.7341 3.5454 0.4534 -0.0234 0.6922
Car 0.0000 0 0.0000 -1.0000 -1.0000 -1.0000 -1.0000 1.9178 1.4855 4.5065 1.6958 2.6259 0.6521 3.0970 0.6271
Car 0.0000 0 0.0000 -1.0000 -1.0000 -1.0000 -1.0000 2.0005 1.6519 4.6447 41.7175 3.3338 1.0779 3.1272 0.5861
Car 0.0000 0 0.0000 -1.0000 -1.0000 -1.0000 -1.0000 1.9369 1.7264 4.5816 74.9284 2.8628 1.5105 0.0508 0.4103
Car 0.0000 0 0.0000 -1.0000 -1.0000 -1.0000 -1.0000 1.8791 1.6336 4.4895 -51.9914 4.3370 0.5141 -0.0020 0.3806
Car 0.0000 0 0.0000 -1.0000 -1.0000 -1.0000 -1.0000 2.0167 1.7666 4.6062 11.1718 -0.0007 0.9377 -3.1308 0.3723
Car 0.0000 0 0.0000 -1.0000 -1.0000 -1.0000 -1.0000 1.8687 1.5843 4.4994 -77.4678 4.0308 0.2785 -3.1317 0.3591
Car 0.0000 0 0.0000 -1.0000 -1.0000 -1.0000 -1.0000 2.0463 1.8852 4.7640 -12.7410 -0.0103 0.8990 3.1121 0.3489
Car 0.0000 0 0.0000 -1.0000 -1.0000 -1.0000 -1.0000 1.9393 1.5804 4.6476 39.0311 -0.7660 1.0956 0.0375 0.3374
Cyclist 0.0000 0 0.0000 -1.0000 -1.0000 -1.0000 -1.0000 0.7219 1.5523 1.6697 22.6974 -2.8020 0.9424 3.0999 0.4873
Cyclist 0.0000 0 0.0000 -1.0000 -1.0000 -1.0000 -1.0000 0.7849 1.5974 1.7332 -1.1593 5.0560 0.7605 0.0212 0.4329
Cyclist 0.0000 0 0.0000 -1.0000 -1.0000 -1.0000 -1.0000 0.6913 1.2612 1.7366 -2.2639 14.1753 0.2169 -1.3963 0.3185
Pedestrian 0.0000 0 0.0000 -1.0000 -1.0000 -1.0000 -1.0000 0.6995 1.6484 0.6701 -9.2849 7.1134 0.6691 1.3926 0.3464
Pedestrian 0.0000 0 0.0000 -1.0000 -1.0000 -1.0000 -1.0000 0.6848 1.6372 0.6359 17.6066 6.1038 0.8738 3.1394 0.3430
