Car 0.0000 0 0.0000 -1.0000 -1.0000 -1.0000 -1.0000 1.9762 1.4506 4.5204 -15.5250 -3.3421 0.7383 0.0023 0.7912
Car 0.0000 0 0.0000 -1.0000 -1.0000 -1.0000 -1.0000 2.1041 1.6657 4.7991 -17.4321 0.5782 0.8653 -0.0024 0.6543
Car 0.0000 0 0.0000 -1.0000 -1.0000 -1.0000 -1.0000 1.9753 1.5079 4.6479 7.0071 -29.9741 1.6978 -1.4951 0.6449
Car 0.0000 0 0.0000 -1.0000 -1.0000 -1.0000 -1.0000 1.9693 1.5233 4.4701 -53.0003 0.4751 0.8870 -3.1413 0.6436
Car 0.0000 0 0.0000 -1.0000 -1.0000 -1.0000 -1.0000 1.9222 1.4965 4.5848 11.7497 -33.9694 1.7309 1.5080 0.6140
Car 0.0000 0 0.0000 -1.0000 -1.0000 -1.0000 -1.0000 1.9867 1.7286 4.7092 16.8028 -31.6452 1.7479 1.4202 0.5980
Car 0.0000 0 0.0000 -1.0000 -1.0000 -1.0000 -1.0000 1.9520 1.7236 4.6634 -19.8587 -17.9965 1.4715 1.6215 0.5208
Car 0.0000 0 0.0000 -1.0000 -1.0000 -1.0000 -1.0000 1.9308 1.5013 4.6355 -15.5013 -18.3237 1.3178 -1.4992 0.4866
Car 0.0000 0 0.0000 -1.0000 -1.0000 -1.0000 -1.0000 1.8797 1.4528 4.5267 20.5336 -31.6345 1.5837 1.5246 0.4860
Car 0.0000 0 0.0000 -1.0000 -1.0000 -1.0000 -1.0000 1.8941 1.5300 4.5748 -3.4722 -31.2078 1.6031 1.6554 0.4364
Car 0.0000 0 0.0000 -1.0000 -1.0000 -1.0000 -1.0000 1.9350 1.5501 4.6686 -8.2772 -31.5851 1.6447 1.6196 0.4094
Car 0.0000 0 0.0000 -1.0000 -1.0000 -1.0000 -1.0000 1.9282 1.5054 4.6580 4.2480 -39.5822 1.8395 1.7253 0.4088
Car 0.0000 0 0.0000 -1.0000 -1.0000 -1.0000 -1.0000 1.8782 1.5343 4.5490 -14.0499 -31.6936 1.6038 1.5371 0.3754
Car 0.0000 0 0.0000 -1.0000 -1.0000 -1.0000 -1.0000 1.9451 1.8528 4.6567 15.6978 38.6646 0.4424 1.6288 0.3496
Car 0.0000 0 0.0000 -1.0000 -1.0000 -1.0000 -1.0000 2.1444 2.1786 5.1454 1.0405 -31.4795 2.0265 1.6377 0.3334
Truck 0.0000 0 0.0000 -1.0000 -1.0000 -1.0000 -1.0000 2.8674 3.1068 11.1036 23.5064 -0.6289 1.7159 0.0191 0.6750
Truck 0.0000 0 0.0000 -1.0000 -1.0000 -1.0000 -1.0000 2.4438 2.5727 6.2729 1.1972 -31.4323 2.3601 1.5827 0.3450
Cyclist 0.0000 0 0.0000 -1.0000 -1.0000 -1.0000 -1.0000 0.8624 1.5618 1.8953 -7.4371 -11.2042 0.9129 -0.0181 0.5079
