Car 0.0000 0 0.0000 -1.0000 -1.0000 -1.0000 -1.0000 2.0759 1.6521 4.7051 -50.2695 3.4944 0.7730 -0.0097 0.7865
Car 0.0000 0 0.0000 -1.0000 -1.0000 -1.0000 -1.0000 2.0250 1.5006 4.5804 14.9876 2.7239 0.7635 -0.0198 0.7629
Car 0.0000 0 0.0000 -1.0000 -1.0000 -1.0000 -1.0000 2.0160 1.4344 4.5835 -26.0930 -0.1739 0.6960 -3.1280 0.6953
Car 0.0000 0 0.0000 -1.0000 -1.0000 -1.0000 -1.0000 2.0381 1.7024 4.6503 45.0929 -4.0831 0.8550 -3.1386 0.6880
Car 0.0000 0 0.0000 -1.0000 -1.0000 -1.0000 -1.0000 1.8855 1.5300 4.3623 11.8787 -3.5841 0.7887 0.0134 0.6015
Car 0.0000 0 0.0000 -1.0000 -1.0000 -1.0000 -1.0000 1.9331 1.5767 4.5000 66.3735 3.6474 0.8454 0.0123 0.4536
Car 0.0000 0 0.0000 -1.0000 -1.0000 -1.0000 -1.0000 1.8937 1.6284 4.5573 82.5357 -3.2228 0.7760 0.0410 0.4424
Car 0.0000 0 0.0000 -1.0000 -1.0000 -1.0000 -1.0000 2.2515 2.0250 5.1796 -11.2643 3.9730 0.9789 -0.0374 0.4014
Car 0.0000 0 0.0000 -1.0000 -1.0000 -1.0000 -1.0000 1.9286 1.5736 4.6258 -20.2195 36.3788 -0.2558 -3.1405 0.3771
Pedestrian 0.0000 0 0.0000 -1.0000 -1.0000 -1.0000 -1.0000 0.7315 1.6886 0.7198 -4.2757 -12.2521 0.4997 -0.0180 0.3928
