Car 0.0000 0 0.0000 -1.0000 -1.0000 -1.0000 -1.0000 2.0955 1.5126 4.7116 -20.2976 0.3287 0.7547 -3.1298 0.7802
Car 0.0000 0 0.0000 -1.0000 -1.0000 -1.0000 -1.0000 1.9706 1.4515 4.5112 -3.5992 8.6452 0.6869 -3.1350 0.7042
Car 0.0000 0 0.0000 -1.0000 -1.0000 -1.0000 -1.0000 2.1278 1.7332 4.8624 -28.3423 3.1767 0.8816 0.0303 0.6670
Car 0.0000 0 0.0000 -1.0000 -1.0000 -1.0000 -1.0000 1.9332 1.5007 4.5815 4.3362 -14.8402 0.8428 -1.6124 0.5848
Car 0.0000 0 0.0000 -1.0000 -1.0000 -1.0000 -1.0000 1.8993 1.5745 4.4663 15.5062 -28.8399 1.0776 1.6158 0.4344
Car 0.0000 0 0.0000 -1.0000 -1.0000 -1.0000 -1.0000 1.8926 1.5308 4.5661 50.6354 10.3045 0.4913 3.1247 0.4143
Car 0.0000 0 0.0000 -1.0000 -1.0000 -1.0000 -1.0000 1.9042 1.5459 4.5728 1.2969 -14.0816 0.9353 -1.5891 0.3071
Car 0.0000 0 0.0000 -1.0000 -1.0000 -1.0000 -1.0000 1.9167 1.6863 4.5026 18.9071 -27.2343 1.0753 -0.3281 0.3050
Truck 0.0000 0 0.0000 -1.0000 -1.0000 -1.0000 -1.0000 2.1829 2.1057 5.5684 -75.4057 -1.4232 0.8515 -3.1030 0.3911
Cyclist 0.0000 0 0.0000 -1.0000 -1.0000 -1.0000 -1.0000 0.7913 1.5735 1.7893 30.8192 17.6088 0.6366 3.0763 0.5363
Cyclist 0.0000 0 0.0000 -1.0000 -1.0000 -1.0000 -1.0000 0.8037 1.5863 1.7620 -62.0680 -6.8219 0.5242 -3.1261 0.4064
