Car 0.0000 0 0.0000 -1.0000 -1.0000 -1.0000 -1.0000 1.9880 1.4297 4.5428 -12.1499 -3.3985 0.7554 -3.1080 0.8184
Car 0.0000 0 0.0000 -1.0000 -1.0000 -1.0000 -1.0000 1.9646 1.4283 4.5085 -29.8895 -4.4496 0.7647 0.0755 0.7949
Car 0.0000 0 0.0000 -1.0000 -1.0000 -1.0000 -1.0000 1.9049 1.4089 4.4193 16.5146 -3.1183 0.7927 0.0287 0.7583
Car 0.0000 0 0.0000 -1.0000 -1.0000 -1.0000 -1.0000 2.0566 1.9413 4.7448 41.3208 11.7535 0.8425 -3.1358 0.7451
Car 0.0000 0 0.0000 -1.0000 -1.0000 -1.0000 -1.0000 1.9411 1.4408 4.4795 33.1319 11.6434 0.5767 3.1396 0.7296
Car 0.0000 0 0.0000 -1.0000 -1.0000 -1.0000 -1.0000 1.9818 1.4310 4.5494 26.5327 -3.1887 0.8214 -0.0167 0.7201
Car 0.0000 0 0.0000 -1.0000 -1.0000 -1.0000 -1.0000 1.9304 1.4633 4.5326 -44.6742 15.6049 0.3439 -0.0961 0.7142
Car 0.0000 0 0.0000 -1.0000 -1.0000 -1.0000 -1.0000 2.0015 1.4845 4.5568 13.7072 12.0054 0.6034 -0.0087 0.6955
Car 0.0000 0 0.0000 -1.0000 -1.0000 -1.0000 -1.0000 1.8676 1.4661 4.4319 -64.1660 16.5194 0.3184 -0.0787 0.6578
Car 0.0000 0 0.0000 -1.0000 -1.0000 -1.0000 -1.0000 1.9087 1.4543 4.4457 -23.6490 13.1921 0.4633 3.0972 0.6527
Car 0.0000 0 0.0000 -1.0000 -1.0000 -1.0000 -1.0000 1.9678 1.7143 4.5881 11.1540 8.6450 0.7717 3.0975 0.6514
Car 0.0000 0 0.0000 -1.0000 -1.0000 -1.0000 -1.0000 1.9332 1.5024 4.5713 -67.1422 -4.7009 0.6971 -0.1420 0.4905
Car 0.0000 0 0.0000 -1.0000 -1.0000 -1.0000 -1.0000 1.9726 1.4694 4.5270 2.1155 11.5433 0.5819 -0.0266 0.4810
Car 0.0000 0 0.0000 -1.0000 -1.0000 -1.0000 -1.0000 1.9456 1.4730 4.5082 21.3356 11.4271 0.5916 3.1185 0.3745
