Car 0.0000 0 0.0000 -1.0000 -1.0000 -1.0000 -1.0000 1.9618 1.5024 4.5476 -24.0991 -1.0765 1.1577 0.0662 0.7944
Car 0.0000 0 0.0000 -1.0000 -1.0000 -1.0000 -1.0000 2.0211 1.6528 4.6894 20.0026 -0.4958 0.5045 0.0669 0.7794
Car 0.0000 0 0.0000 -1.0000 -1.0000 -1.0000 -1.0000 1.9260 1.5615 4.4927 -16.3469 -3.3866 0.9984 3.0638 0.6414
Car 0.0000 0 0.0000 -1.0000 -1.0000 -1.0000 -1.0000 1.9767 1.6184 4.7302 -36.7109 11.9741 1.5700 -0.0171 0.5539
Car 0.0000 0 0.0000 -1.0000 -1.0000 -1.0000 -1.0000 2.0197 1.6414 4.7085 -33.9148 -1.5627 1.6205 -3.0987 0.4934
Car 0.0000 0 0.0000 -1.0000 -1.0000 -1.0000 -1.0000 2.0188 1.7395 4.7064 -47.2858 4.5788 1.7351 2.1481 0.4074
Car 0.0000 0 0.0000 -1.0000 -1.0000 -1.0000 -1.0000 1.8643 1.5720 4.5158 -34.9331 6.9466 1.5570 -1.4755 0.4000
Car 0.0000 0 0.0000 -1.0000 -1.0000 -1.0000 -1.0000 1.7587 1.6061 4.2968 81.0609 4.7606 -0.1745 2.9961 0.3307
Truck 0.0000 0 0.0000 -1.0000 -1.0000 -1.0000 -1.0000 2.6007 2.7781 7.3025 -53.8356 0.5150 2.3064 0.0208 0.5056
Tricar 0.0000 0 0.0000 -1.0000 -1.0000 -1.0000 -1.0000 1.2368 1.7263 2.8864 -8.6339 -4.0521 1.0010 -0.0342 0.5540
Tricar 0.0000 0 0.0000 -1.0000 -1.0000 -1.0000 -1.0000 1.3850 1.5914 3.1364 80.6714 4.7588 -0.2423 3.0014 0.3568
Cyclist 0.0000 0 0.0000 -1.0000 -1.0000 -1.0000 -1.0000 0.8906 1.6650 1.8256 -13.6459 -0.9094 1.0214 -0.0845 0.5600
Cyclist 0.0000 0 0.0000 -1.0000 -1.0000 -1.0000 -1.0000 0.8084 1.5721 1.7478 -10.1905 -1.3975 0.8981 -0.0535 0.5517
Cyclist 0.0000 0 0.0000 -1.0000 -1.0000 -1.0000 -1.0000 0.7181 1.5121 1.6899 -5.6265 2.9476 0.8813 -3.0895 0.5151
Cyclist 0.0000 0 0.0000 -1.0000 -1.0000 -1.0000 -1.0000 0.7834 1.5531 1.7605 4.4940 -2.7395 0.7631 -0.0094 0.5042
Cyclist 0.0000 0 0.0000 -1.0000 -1.0000 -1.0000 -1.0000 0.7238 1.5257 1.7033 48.9957 4.0999 -0.1229 0.0798 0.4946
Cyclist 0.0000 0 0.0000 -1.0000 -1.0000 -1.0000 -1.0000 0.8704 1.5196 1.9024 -32.8671 2.3563 1.4056 -3.0444 0.4039
Cyclist 0.0000 0 0.0000 -1.0000 -1.0000 -1.0000 -1.0000 0.7222 1.3345 1.7415 -20.1840 6.2055 1.1392 1.8156 0.3648
Cyclist 0.0000 0 0.0000 -1.0000 -1.0000 -1.0000 -1.0000 0.7375 1.5628 1.6887 2.8177 -3.5648 0.7662 3.1145 0.3520
Cyclist 0.0000 0 0.0000 -1.0000 -1.0000 -1.0000 -1.0000 0.7961 1.6387 1.7790 9.8270 8.6147 0.7309 -0.9166 0.3480
Cyclist 0.0000 0 0.0000 -1.0000 -1.0000 -1.0000 -1.0000 0.6744 1.2020 1.6524 14.1126 6.2796 0.4369 2.1478 0.3411
Cyclist 0.0000 0 0.0000 -1.0000 -1.0000 -1.0000 -1.0000 0.7445 1.5745 1.6648 -16.4881 -5.4181 1.1005 3.0625 0.3289
Pedestrian 0.0000 0 0.0000 -1.0000 -1.0000 -1.0000 -1.0000 0.7241 1.6967 0.7141 -17.8507 2.7797 1.2039 3.0398 0.5647
Pedestrian 0.0000 0 0.0000 -1.0000 -1.0000 -1.0000 -1.0000 0.6965 1.6518 0.6582 49.1557 -3.1984 0.0404 -0.0150 0.4809
