Car 0.0000 0 0.0000 -1.0000 -1.0000 -1.0000 -1.0000 1.9715 1.5301 4.5073 31.4611 -3.5623 0.9385 0.0255 0.8106
Car 0.0000 0 0.0000 -1.0000 -1.0000 -1.0000 -1.0000 1.9374 1.4277 4.4778 8.5757 3.4317 0.7624 3.1279 0.7907
Car 0.0000 0 0.0000 -1.0000 -1.0000 -1.0000 -1.0000 1.9670 1.4582 4.4889 -42.5888 -4.6494 0.4893 -0.4458 0.7852
Car 0.0000 0 0.0000 -1.0000 -1.0000 -1.0000 -1.0000 1.9715 1.4537 4.5431 -4.9550 3.9739 0.7196 3.1168 0.7706
Car 0.0000 0 0.0000 -1.0000 -1.0000 -1.0000 -1.0000 2.0740 1.7879 4.8266 3.0062 20.4681 0.6190 -3.1167 0.7593
Car 0.0000 0 0.0000 -1.0000 -1.0000 -1.0000 -1.0000 1.9633 1.4820 4.5316 15.9262 3.3309 0.8232 -3.1322 0.7444
Car 0.0000 0 0.0000 -1.0000 -1.0000 -1.0000 -1.0000 2.0527 1.6105 4.6641 30.3093 2.7894 0.9864 0.0134 0.6500
Car 0.0000 0 0.0000 -1.0000 -1.0000 -1.0000 -1.0000 1.9739 1.4576 4.6543 -6.3952 -8.0680 0.7703 -1.6098 0.6494
Car 0.0000 0 0.0000 -1.0000 -1.0000 -1.0000 -1.0000 1.9843 1.5270 4.5324 17.6066 0.1203 0.8534 -3.0973 0.6460
Car 0.0000 0 0.0000 -1.0000 -1.0000 -1.0000 -1.0000 1.9041 1.4581 4.4613 22.6350 3.3327 0.8662 3.1311 0.6196
Car 0.0000 0 0.0000 -1.0000 -1.0000 -1.0000 -1.0000 1.9395 1.5232 4.5106 -52.2548 -1.7064 0.3749 -0.1120 0.6108
Car 0.0000 0 0.0000 -1.0000 -1.0000 -1.0000 -1.0000 1.9139 1.5379 4.5465 -56.1214 -12.7568 0.5704 -1.7399 0.5894
Car 0.0000 0 0.0000 -1.0000 -1.0000 -1.0000 -1.0000 1.9164 1.4777 4.5969 -6.7538 -31.2158 0.9125 -1.5627 0.5596
Car 0.0000 0 0.0000 -1.0000 -1.0000 -1.0000 -1.0000 1.9103 1.5355 4.5389 -6.5924 -24.4638 0.8796 1.5016 0.5537
Car 0.0000 0 0.0000 -1.0000 -1.0000 -1.0000 -1.0000 2.0314 1.4618 4.6516 -30.6626 5.8684 0.5495 3.0732 0.5479
Car 0.0000 0 0.0000 -1.0000 -1.0000 -1.0000 -1.0000 1.8837 1.5643 4.4714 -48.9727 33.2412 0.2052 -1.6915 0.5436
Car 0.0000 0 0.0000 -1.0000 -1.0000 -1.0000 -1.0000 1.8947 1.5436 4.5046 -81.3713 12.5050 0.1935 -3.1311 0.5331
Car 0.0000 0 0.0000 -1.0000 -1.0000 -1.0000 -1.0000 1.9865 1.5218 4.6192 25.1118 9.1683 0.7797 3.1279 0.5324
Car 0.0000 0 0.0000 -1.0000 -1.0000 -1.0000 -1.0000 1.9326 1.5218 4.6060 -29.9302 31.0458 0.0518 -1.6667 0.5301
Car 0.0000 0 0.0000 -1.0000 -1.0000 -1.0000 -1.0000 1.9267 1.4929 4.5800 -6.8025 -16.9065 0.8116 -1.5650 0.5300
Car 0.0000 0 0.0000 -1.0000 -1.0000 -1.0000 -1.0000 1.9690 1.6480 4.6461 -51.0296 -16.7335 0.7508 -2.5459 0.4740
Car 0.0000 0 0.0000 -1.0000 -1.0000 -1.0000 -1.0000 1.9597 1.5414 4.7322 -33.3331 31.4666 0.0212 -1.5459 0.4708
Car 0.0000 0 0.0000 -1.0000 -1.0000 -1.0000 -1.0000 1.9834 1.5770 4.6835 40.3702 2.6317 1.0097 0.0738 0.4538
Car 0.0000 0 0.0000 -1.0000 -1.0000 -1.0000 -1.0000 1.9864 1.4524 4.6378 2.0199 3.7147 0.7421 3.0643 0.4417
Car 0.0000 0 0.0000 -1.0000 -1.0000 -1.0000 -1.0000 1.9071 1.5158 4.6100 -6.6604 -37.3104 0.9205 -1.8991 0.4331
Car 0.0000 0 0.0000 -1.0000 -1.0000 -1.0000 -1.0000 2.0512 1.6615 4.7026 2.1215 7.7431 0.8232 3.1318 0.3984
Car 0.0000 0 0.0000 -1.0000 -1.0000 -1.0000 -1.0000 1.9480 1.7438 4.6351 -47.6177 -21.8252 0.8596 -2.8099 0.3948
Car 0.0000 0 0.0000 -1.0000 -1.0000 -1.0000 -1.0000 1.8808 1.4807 4.5262 -59.6328 23.4722 0.1804 -1.3091 0.3925
Car 0.0000 0 0.0000 -1.0000 -1.0000 -1.0000 -1.0000 1.9217 1.6819 4.6183 12.2121 34.6200 0.6802 1.4732 0.3855
Car 0.0000 0 0.0000 -1.0000 -1.0000 -1.0000 -1.0000 1.8638 1.4842 4.4932 -4.1366 -19.7388 0.8140 1.4768 0.3782
Car 0.0000 0 0.0000 -1.0000 -1.0000 -1.0000 -1.0000 1.8784 1.4691 4.5243 -69.4655 31.9509 0.1096 -1.6311 0.3520
Car 0.0000 0 0.0000 -1.0000 -1.0000 -1.0000 -1.0000 1.8824 1.6205 4.5660 71.7569 21.3623 1.3289 0.1053 0.3508
Car 0.0000 0 0.0000 -1.0000 -1.0000 -1.0000 -1.0000 1.9278 1.5118 4.6089 -63.6071 22.4798 0.1582 -1.3185 0.3434
Car 0.0000 0 0.0000 -1.0000 -1.0000 -1.0000 -1.0000 1.8701 1.5489 4.4499 43.7943 17.6437 0.8851 -3.1146 0.3271
Car 0.0000 0 0.0000 -1.0000 -1.0000 -1.0000 -1.0000 1.9513 1.4791 4.6150 -3.4652 23.0449 0.3743 -1.2592 0.3247
Car 0.0000 0 0.0000 -1.0000 -1.0000 -1.0000 -1.0000 1.8742 1.5388 4.4846 -9.5875 -16.8108 0.8645 -1.6144 0.3056
Car 0.0000 0 0.0000 -1.0000 -1.0000 -1.0000 -1.0000 1.9244 1.5860 4.6377 50.2998 -2.9156 1.1719 -0.0386 0.3055
Car 0.0000 0 0.0000 -1.0000 -1.0000 -1.0000 -1.0000 1.9616 1.6497 4.5583 -50.2955 28.4892 0.2959 -2.6383 0.3049
Truck 0.0000 0 0.0000 -1.0000 -1.0000 -1.0000 -1.0000 3.0336 3.1516 12.0923 -36.8364 33.1715 0.8736 -1.5824 0.5917
Truck 0.0000 0 0.0000 -1.0000 -1.0000 -1.0000 -1.0000 3.1106 3.4891 12.9046 -0.6693 -24.3802 2.0222 1.5482 0.4800
Cyclist 0.0000 0 0.0000 -1.0000 -1.0000 -1.0000 -1.0000 0.7433 1.5105 1.7140 20.0650 21.3107 0.6835 0.0043 0.5728
Cyclist 0.0000 0 0.0000 -1.0000 -1.0000 -1.0000 -1.0000 0.7193 1.5315 1.6816 16.0735 -6.1637 0.8809 -3.0683 0.5414
Cyclist 0.0000 0 0.0000 -1.0000 -1.0000 -1.0000 -1.0000 0.7868 1.5880 1.7604 -46.8251 -6.7300 0.5468 -0.2149 0.5198
Cyclist 0.0000 0 0.0000 -1.0000 -1.0000 -1.0000 -1.0000 0.7613 1.5687 1.7341 -20.8839 -3.6242 0.7529 -3.1240 0.4894
Cyclist 0.0000 0 0.0000 -1.0000 -1.0000 -1.0000 -1.0000 0.8234 1.6057 1.7760 12.2612 15.4116 0.7116 3.1278 0.4650
Cyclist 0.0000 0 0.0000 -1.0000 -1.0000 -1.0000 -1.0000 0.7472 1.5144 1.7038 30.3287 -6.6827 0.9493 -3.1274 0.4462
Cyclist 0.0000 0 0.0000 -1.0000 -1.0000 -1.0000 -1.0000 0.8264 1.6247 1.7523 -24.7388 -5.0014 0.7582 3.1310 0.4439
Cyclist 0.0000 0 0.0000 -1.0000 -1.0000 -1.0000 -1.0000 0.6986 1.3955 1.7327 3.4489 -17.9135 0.8634 -1.5260 0.4185
Cyclist 0.0000 0 0.0000 -1.0000 -1.0000 -1.0000 -1.0000 0.7955 1.5269 1.7704 15.0535 16.0760 0.6173 3.0996 0.4106
Cyclist 0.0000 0 0.0000 -1.0000 -1.0000 -1.0000 -1.0000 0.8408 1.5682 1.8608 4.7787 -11.2958 0.8837 1.7431 0.4020
Cyclist 0.0000 0 0.0000 -1.0000 -1.0000 -1.0000 -1.0000 0.7520 1.5262 1.7069 27.0642 -7.3174 0.9212 3.1376 0.3987
Cyclist 0.0000 0 0.0000 -1.0000 -1.0000 -1.0000 -1.0000 0.7859 1.5312 1.8032 -43.5257 22.2858 0.1374 -1.1905 0.3839
Cyclist 0.0000 0 0.0000 -1.0000 -1.0000 -1.0000 -1.0000 0.7478 1.5175 1.7416 6.0594 -16.1474 0.9867 1.7332 0.3674
Cyclist 0.0000 0 0.0000 -1.0000 -1.0000 -1.0000 -1.0000 0.7802 1.5534 1.7292 13.8468 14.2394 0.6677 3.1112 0.3576
Cyclist 0.0000 0 0.0000 -1.0000 -1.0000 -1.0000 -1.0000 0.7532 1.4817 1.8077 4.9092 -18.2516 0.8908 1.7013 0.3522
Cyclist 0.0000 0 0.0000 -1.0000 -1.0000 -1.0000 -1.0000 0.6712 1.4181 1.6427 43.0689 -7.2489 1.0162 -3.1100 0.3444
Cyclist 0.0000 0 0.0000 -1.0000 -1.0000 -1.0000 -1.0000 0.7281 1.4736 1.7804 3.3944 -21.9523 0.9394 -1.4373 0.3333
Pedestrian 0.0000 0 0.0000 -1.0000 -1.0000 -1.0000 -1.0000 0.6852 1.6900 0.6006 -48.4590 23.6112 0.3663 0.0082 0.5134
Pedestrian 0.0000 0 0.0000 -1.0000 -1.0000 -1.0000 -1.0000 0.6954 1.6706 0.6595 -17.5502 20.3834 0.7201 3.1402 0.5071
Pedestrian 0.0000 0 0.0000 -1.0000 -1.0000 -1.0000 -1.0000 0.7369 1.7125 0.7473 -15.8518 -11.0874 1.1275 3.0560 0.4520
Pedestrian 0.0000 0 0.0000 -1.0000 -1.0000 -1.0000 -1.0000 0.7021 1.6485 0.6759 -41.7566 -12.7442 0.5810 -0.1999 0.3884
Pedestrian 0.0000 0 0.0000 -1.0000 -1.0000 -1.0000 -1.0000 0.6820 1.6547 0.5921 9.1215 21.8318 0.5714 3.1364 0.3815
Pedestrian 0.0000 0 0.0000 -1.0000 -1.0000 -1.0000 -1.0000 0.6936 1.6172 0.6593 -49.3459 -8.5604 0.5138 -0.1723 0.3719
Pedestrian 0.0000 0 0.0000 -1.0000 -1.0000 -1.0000 -1.0000 0.6986 1.6886 0.6466 -55.0838 23.8205 0.3128 -0.3997 0.3341
