Car 0.0000 0 0.0000 -1.0000 -1.0000 -1.0000 -1.0000 1.9465 1.5850 4.5306 -42.8040 12.3883 1.4667 2.1861 0.6323
Car 0.0000 0 0.0000 -1.0000 -1.0000 -1.0000 -1.0000 1.9289 1.4521 4.5172 -4.1413 3.4831 0.7525 -0.0738 0.6228
Car 0.0000 0 0.0000 -1.0000 -1.0000 -1.0000 -1.0000 1.9616 1.5904 4.6676 -29.9328 -27.1541 1.3417 1.6577 0.5724
Car 0.0000 0 0.0000 -1.0000 -1.0000 -1.0000 -1.0000 1.9547 1.6791 4.6657 -33.4854 -26.4411 1.4548 1.6891 0.4159
Car 0.0000 0 0.0000 -1.0000 -1.0000 -1.0000 -1.0000 1.9933 1.6604 4.7125 18.5616 22.6644 0.6270 -3.0160 0.4128
Car 0.0000 0 0.0000 -1.0000 -1.0000 -1.0000 -1.0000 1.8972 1.4790 4.5456 16.2450 27.7658 0.4739 -1.3125 0.4049
Car 0.0000 0 0.0000 -1.0000 -1.0000 -1.0000 -1.0000 1.8423 1.4334 4.4896 -23.9096 -16.0385 1.0178 -1.4078 0.3487
Car 0.0000 0 0.0000 -1.0000 -1.0000 -1.0000 -1.0000 2.0374 1.9501 4.8958 -54.8865 31.1405 1.5981 1.6630 0.3394
Car 0.0000 0 0.0000 -1.0000 -1.0000 -1.0000 -1.0000 1.9238 1.5122 4.5431 18.9347 19.7324 0.5513 -3.0332 0.3303
Truck 0.0000 0 0.0000 -1.0000 -1.0000 -1.0000 -1.0000 2.6423 3.1722 6.8284 -71.7806 2.1849 1.7970 -0.2331 0.3869
Truck 0.0000 0 0.0000 -1.0000 -1.0000 -1.0000 -1.0000 2.3870 2.6699 5.8736 27.0492 16.6037 1.1223 -1.3251 0.3423
Truck 0.0000 0 0.0000 -1.0000 -1.0000 -1.0000 -1.0000 1.9730 2.0473 5.0199 -61.5467 3.4880 1.2382 -0.1927 0.3235
Tricar 0.0000 0 0.0000 -1.0000 -1.0000 -1.0000 -1.0000 1.4397 1.8244 3.0975 0.9712 -4.3520 1.0270 -0.1193 0.3304
Cyclist 0.0000 0 0.0000 -1.0000 -1.0000 -1.0000 -1.0000 0.7597 1.5375 1.7435 4.9531 -2.8468 0.7512 2.9886 0.6750
Cyclist 0.0000 0 0.0000 -1.0000 -1.0000 -1.0000 -1.0000 0.7833 1.5204 1.8028 -18.3473 5.6061 0.9216 0.1213 0.5666
Cyclist 0.0000 0 0.0000 -1.0000 -1.0000 -1.0000 -1.0000 0.7470 1.3987 1.7770 19.9887 -5.8894 0.6688 -0.0329 0.5443
Cyclist 0.0000 0 0.0000 -1.0000 -1.0000 -1.0000 -1.0000 0.7244 1.5064 1.7397 -28.2075 18.2958 1.0615 1.4566 0.4765
Cyclist 0.0000 0 0.0000 -1.0000 -1.0000 -1.0000 -1.0000 0.7557 1.5337 1.7409 42.2674 1.1480 0.5535 2.9934 0.4652
Cyclist 0.0000 0 0.0000 -1.0000 -1.0000 -1.0000 -1.0000 0.7728 1.5050 1.7923 13.5615 -1.3556 0.7014 -0.1495 0.4404
Cyclist 0.0000 0 0.0000 -1.0000 -1.0000 -1.0000 -1.0000 0.6387 1.1520 1.6800 -20.5488 -12.4366 0.8188 1.4821 0.3984
Cyclist 0.0000 0 0.0000 -1.0000 -1.0000 -1.0000 -1.0000 0.7966 1.5924 1.7780 -60.8323 14.0878 1.2139 -1.1134 0.3837
Cyclist 0.0000 0 0.0000 -1.0000 -1.0000 -1.0000 -1.0000 0.7572 1.5726 1.7156 -24.2690 7.4648 1.0482 -0.0134 0.3377
Cyclist 0.0000 0 0.0000 -1.0000 -1.0000 -1.0000 -1.0000 0.7782 1.5825 1.7785 -1.1114 -27.3926 1.2525 1.8663 0.3067
