Car 0.0000 0 0.0000 -1.0000 -1.0000 -1.0000 -1.0000 2.0137 1.4967 4.6031 -12.1820 -3.5160 0.8169 0.0668 0.8260
Car 0.0000 0 0.0000 -1.0000 -1.0000 -1.0000 -1.0000 2.0137 1.5097 4.5970 22.3443 -4.3864 0.7412 0.0262 0.8238
Car 0.0000 0 0.0000 -1.0000 -1.0000 -1.0000 -1.0000 1.9952 1.4340 4.5422 -10.8256 1.6463 0.7676 -3.0393 0.7699
Car 0.0000 0 0.0000 -1.0000 -1.0000 -1.0000 -1.0000 2.0325 1.7693 4.6789 33.8486 -4.2843 0.8897 3.1309 0.7259
Car 0.0000 0 0.0000 -1.0000 -1.0000 -1.0000 -1.0000 1.9389 1.5218 4.6017 -27.3182 12.1721 0.4732 3.1169 0.7007
Car 0.0000 0 0.0000 -1.0000 -1.0000 -1.0000 -1.0000 1.9296 1.6579 4.4594 -9.0364 10.8292 0.5624 -0.0073 0.7006
Car 0.0000 0 0.0000 -1.0000 -1.0000 -1.0000 -1.0000 1.9801 1.7003 4.5796 47.3315 -4.3284 0.8243 3.1190 0.6881
Car 0.0000 0 0.0000 -1.0000 -1.0000 -1.0000 -1.0000 1.9420 1.6540 4.5069 52.5042 -0.8666 0.8231 0.0483 0.6524
Car 0.0000 0 0.0000 -1.0000 -1.0000 -1.0000 -1.0000 2.0434 1.7709 4.7652 16.7843 -0.3868 0.8112 3.1365 0.5913
Car 0.0000 0 0.0000 -1.0000 -1.0000 -1.0000 -1.0000 1.8270 1.5173 4.3730 52.1738 12.5035 0.2981 3.1342 0.5380
Car 0.0000 0 0.0000 -1.0000 -1.0000 -1.0000 -1.0000 2.1957 2.3438 5.1275 35.0188 10.2094 0.7411 3.1008 0.5373
Car 0.0000 0 0.0000 -1.0000 -1.0000 -1.0000 -1.0000 1.9117 1.5592 4.6061 -41.1618 39.0668 -0.1385 -1.5916 0.5279
Car 0.0000 0 0.0000 -1.0000 -1.0000 -1.0000 -1.0000 1.9156 1.6090 4.5174 40.6572 -0.3161 0.7357 3.1279 0.5252
Car 0.0000 0 0.0000 -1.0000 -1.0000 -1.0000 -1.0000 1.9703 1.5161 4.5406 30.8584 0.3288 0.6933 -0.0272 0.4969
Car 0.0000 0 0.0000 -1.0000 -1.0000 -1.0000 -1.0000 1.9231 1.5005 4.5942 65.2971 2.4132 0.5483 3.1351 0.4906
Car 0.0000 0 0.0000 -1.0000 -1.0000 -1.0000 -1.0000 1.9100 1.4402 4.5172 -26.8776 0.4314 0.8330 -3.0861 0.4893
Car 0.0000 0 0.0000 -1.0000 -1.0000 -1.0000 -1.0000 1.9742 1.4412 4.5735 4.5616 13.2471 0.2037 -3.1364 0.4811
Car 0.0000 0 0.0000 -1.0000 -1.0000 -1.0000 -1.0000 1.9780 1.8988 4.7140 -39.3341 29.8540 0.1391 -1.5866 0.4353
Car 0.0000 0 0.0000 -1.0000 -1.0000 -1.0000 -1.0000 1.9433 1.5373 4.6674 61.6871 10.3504 0.4034 3.1397 0.3499
Car 0.0000 0 0.0000 -1.0000 -1.0000 -1.0000 -1.0000 1.8780 1.7421 4.4644 64.5023 -5.1743 0.9011 3.0560 0.3187
Truck 0.0000 0 0.0000 -1.0000 -1.0000 -1.0000 -1.0000 3.0402 3.7588 9.1914 4.0912 -3.4275 1.8500 0.0118 0.6180
Truck 0.0000 0 0.0000 -1.0000 -1.0000 -1.0000 -1.0000 2.9937 3.5721 8.1885 -37.6618 -3.0109 1.8878 3.1128 0.6104
Truck 0.0000 0 0.0000 -1.0000 -1.0000 -1.0000 -1.0000 2.8017 3.3325 7.5724 -39.0401 0.8980 1.8981 -0.0461 0.3525
Cyclist 0.0000 0 0.0000 -1.0000 -1.0000 -1.0000 -1.0000 0.7929 1.6107 1.7641 -43.1480 23.7014 0.1505 -0.0367 0.3533
