Car 0.0000 0 0.0000 -1.0000 -1.0000 -1.0000 -1.0000 1.9232 1.4349 4.4411 -29.6696 -0.3847 0.5579 0.0332 0.7591
Car 0.0000 0 0.0000 -1.0000 -1.0000 -1.0000 -1.0000 1.9864 1.8286 4.5091 24.0820 -0.7796 1.1367 0.0084 0.7486
Car 0.0000 0 0.0000 -1.0000 -1.0000 -1.0000 -1.0000 1.9545 1.5096 4.5323 19.4269 -10.3349 1.1027 -0.0671 0.5445
Car 0.0000 0 0.0000 -1.0000 -1.0000 -1.0000 -1.0000 1.9824 1.4500 4.5557 19.7996 -7.5980 1.0097 0.0672 0.4924
Car 0.0000 0 0.0000 -1.0000 -1.0000 -1.0000 -1.0000 1.9457 1.5394 4.6421 27.5141 -9.4176 1.1365 -1.3519 0.4611
Car 0.0000 0 0.0000 -1.0000 -1.0000 -1.0000 -1.0000 1.8928 1.4975 4.5855 24.0263 -10.0550 1.1046 1.5371 0.3649
Truck 0.0000 0 0.0000 -1.0000 -1.0000 -1.0000 -1.0000 2.6235 2.5672 7.5087 -52.8096 -0.3810 1.0341 -3.1166 0.4778
Truck 0.0000 0 0.0000 -1.0000 -1.0000 -1.0000 -1.0000 1.9656 1.9391 4.9105 50.9508 1.1163 1.3913 0.0438 0.3806
Tricar 0.0000 0 0.0000 -1.0000 -1.0000 -1.0000 -1.0000 1.4614 1.8998 3.7887 -23.0637 -2.9711 0.8835 -3.1396 0.6340
Tricar 0.0000 0 0.0000 -1.0000 -1.0000 -1.0000 -1.0000 1.2598 1.7386 3.0814 19.9963 1.8110 1.0332 -0.0061 0.6308
