Car 0.0000 0 0.0000 -1.0000 -1.0000 -1.0000 -1.0000 1.9869 1.4309 4.5458 -35.3015 -8.2267 0.5510 3.1225 0.8406
Car 0.0000 0 0.0000 -1.0000 -1.0000 -1.0000 -1.0000 2.0533 1.6919 4.7115 -49.0112 -2.6176 0.4753 -0.0313 0.7385
Car 0.0000 0 0.0000 -1.0000 -1.0000 -1.0000 -1.0000 2.0307 1.4429 4.5930 33.4314 -3.9876 0.6861 -3.1249 0.5546
Car 0.0000 0 0.0000 -1.0000 -1.0000 -1.0000 -1.0000 2.0657 1.4692 4.6973 -9.5979 -7.2696 0.7305 3.1412 0.4925
Car 0.0000 0 0.0000 -1.0000 -1.0000 -1.0000 -1.0000 1.9136 1.8189 4.4531 64.6514 -2.2769 0.7551 0.0327 0.4882
Car 0.0000 0 0.0000 -1.0000 -1.0000 -1.0000 -1.0000 2.0291 2.1152 4.7747 59.8335 1.2917 0.8909 0.0653 0.4466
Car 0.0000 0 0.0000 -1.0000 -1.0000 -1.0000 -1.0000 1.9572 1.7192 4.6249 -10.7154 -25.2139 0.9706 -0.0057 0.4103
Car 0.0000 0 0.0000 -1.0000 -1.0000 -1.0000 -1.0000 2.0139 1.5079 4.6476 -21.0474 5.8116 0.5452 3.1141 0.3248
Truck 0.0000 0 0.0000 -1.0000 -1.0000 -1.0000 -1.0000 3.1232 3.7917 9.9113 14.5441 19.8706 1.3647 0.0831 0.7649
Truck 0.0000 0 0.0000 -1.0000 -1.0000 -1.0000 -1.0000 2.7266 2.7428 8.1735 79.5595 -29.6473 1.9104 0.0389 0.4778
