Car 0.0000 0 0.0000 -1.0000 -1.0000 -1.0000 -1.0000 1.9919 1.4411 4.5774 4.9199 -3.1142 0.7125 -0.1735 0.7874
Car 0.0000 0 0.0000 -1.0000 -1.0000 -1.0000 -1.0000 1.9593 1.4532 4.5475 -21.8421 8.3119 0.8746 -3.1355 0.7209
Car 0.0000 0 0.0000 -1.0000 -1.0000 -1.0000 -1.0000 1.9869 1.5014 4.6251 -34.7224 4.6411 1.1443 -0.0448 0.7144
Car 0.0000 0 0.0000 -1.0000 -1.0000 -1.0000 -1.0000 2.0367 1.8451 4.8142 -26.0696 -21.7065 0.7170 -0.0415 0.6855
Car 0.0000 0 0.0000 -1.0000 -1.0000 -1.0000 -1.0000 1.9140 1.4828 4.4586 20.7621 -4.4724 0.7092 -0.0922 0.6605
Car 0.0000 0 0.0000 -1.0000 -1.0000 -1.0000 -1.0000 1.9507 1.4564 4.5463 -5.0030 -3.2364 0.7209 -0.0092 0.6374
Car 0.0000 0 0.0000 -1.0000 -1.0000 -1.0000 -1.0000 1.8751 1.4994 4.5200 -30.0828 -8.8934 0.7861 1.3695 0.5637
Car 0.0000 0 0.0000 -1.0000 -1.0000 -1.0000 -1.0000 1.8975 1.7279 4.5172 -33.4480 -7.2374 1.0394 1.2251 0.3902
Car 0.0000 0 0.0000 -1.0000 -1.0000 -1.0000 -1.0000 1.8869 1.6267 4.4735 -23.6221 -8.8086 0.7160 -1.4959 0.3799
Car 0.0000 0 0.0000 -1.0000 -1.0000 -1.0000 -1.0000 1.8837 1.5151 4.4617 -31.2226 -22.2029 0.5415 -0.0140 0.3772
Car 0.0000 0 0.0000 -1.0000 -1.0000 -1.0000 -1.0000 1.9393 1.6517 4.5506 -21.4093 -4.5854 0.8164 0.1188 0.3325
Truck 0.0000 0 0.0000 -1.0000 -1.0000 -1.0000 -1.0000 2.9707 3.6734 10.9075 -46.7849 -36.5253 2.8530 1.4932 0.3244
Cyclist 0.0000 0 0.0000 -1.0000 -1.0000 -1.0000 -1.0000 0.7552 1.5307 1.7321 -7.4102 3.0408 0.7722 3.1402 0.6001
Cyclist 0.0000 0 0.0000 -1.0000 -1.0000 -1.0000 -1.0000 0.7194 1.3694 1.7326 23.4555 -9.7369 0.6728 -3.1074 0.5242
Cyclist 0.0000 0 0.0000 -1.0000 -1.0000 -1.0000 -1.0000 0.7578 1.5033 1.7442 4.1229 -7.9329 0.7370 0.0019 0.5022
Cyclist 0.0000 0 0.0000 -1.0000 -1.0000 -1.0000 -1.0000 0.8156 1.5738 1.7720 16.9648 -8.9274 0.7832 2.9741 0.4401
Cyclist 0.0000 0 0.0000 -1.0000 -1.0000 -1.0000 -1.0000 0.7183 1.2474 1.7355 -10.5794 -14.1230 0.5388 -0.2547 0.4199
Cyclist 0.0000 0 0.0000 -1.0000 -1.0000 -1.0000 -1.0000 0.8205 1.5573 1.8219 -47.3902 2.0208 1.4769 -0.1612 0.4189
Cyclist 0.0000 0 0.0000 -1.0000 -1.0000 -1.0000 -1.0000 0.6595 1.2513 1.6435 4.9817 -13.6380 0.6389 2.7101 0.4122
Cyclist 0.0000 0 0.0000 -1.0000 -1.0000 -1.0000 -1.0000 0.6889 1.2806 1.7305 10.4643 -10.5118 0.6974 -1.7117 0.3423
Cyclist 0.0000 0 0.0000 -1.0000 -1.0000 -1.0000 -1.0000 0.6859 1.2646 1.6916 0.5269 -9.8725 0.6378 1.5563 0.3237
Cyclist 0.0000 0 0.0000 -1.0000 -1.0000 -1.0000 -1.0000 0.6671 1.1960 1.6586 13.4793 -10.7844 0.6849 -1.8379 0.3103
Cyclist 0.0000 0 0.0000 -1.0000 -1.0000 -1.0000 -1.0000 0.6767 1.2260 1.7003 -12.8540 -9.2141 0.5967 1.4098 0.3061
Cyclist 0.0000 0 0.0000 -1.0000 -1.0000 -1.0000 -1.0000 0.6491 1.1238 1.6165 2.3031 -14.2296 0.5854 0.0568 0.3030
Pedestrian 0.0000 0 0.0000 -1.0000 -1.0000 -1.0000 -1.0000 0.7140 1.6652 0.6542 -52.2711 -1.4834 1.8192 -0.0625 0.3704
Pedestrian 0.0000 0 0.0000 -1.0000 -1.0000 -1.0000 -1.0000 0.7015 1.6958 0.6360 -2.3280 -12.8568 0.8602 3.0151 0.3640
Pedestrian 0.0000 0 0.0000 -1.0000 -1.0000 -1.0000 -1.0000 0.6861 1.6719 0.6080 40.7689 -10.8349 0.8702 0.0484 0.3475
