Car 0.0000 0 0.0000 -1.0000 -1.0000 -1.0000 -1.0000 2.0924 1.9666 4.7949 30.3701 -0.6538 1.0336 3.0751 0.6810
Car 0.0000 0 0.0000 -1.0000 -1.0000 -1.0000 -1.0000 1.9382 1.7175 4.5296 38.5027 -2.3203 0.9595 -0.0580 0.6059
Truck 0.0000 0 0.0000 -1.0000 -1.0000 -1.0000 -1.0000 2.8854 3.2635 11.9659 -16.0960 2.5142 1.6132 0.0337 0.7223
Truck 0.0000 0 0.0000 -1.0000 -1.0000 -1.0000 -1.0000 2.9004 3.1639 10.9118 57.4741 0.7546 1.6726 3.0771 0.5994
Cyclist 0.0000 0 0.0000 -1.0000 -1.0000 -1.0000 -1.0000 0.7233 1.5068 1.6853 18.2245 4.3619 0.7300 -0.0730 0.5819
Cyclist 0.0000 0 0.0000 -1.0000 -1.0000 -1.0000 -1.0000 0.7770 1.5113 1.7666 -5.1139 4.9680 0.6588 -0.0408 0.5775
Cyclist 0.0000 0 0.0000 -1.0000 -1.0000 -1.0000 -1.0000 0.8437 1.5819 1.8525 7.4493 -1.7230 0.8187 -3.1129 0.5585
Cyclist 0.0000 0 0.0000 -1.0000 -1.0000 -1.0000 -1.0000 0.7578 1.5549 1.6930 -9.8388 5.6336 0.6092 -0.0587 0.5070
Cyclist 0.0000 0 0.0000 -1.0000 -1.0000 -1.0000 -1.0000 0.8355 1.6325 1.7795 -19.5651 -1.0996 0.8077 3.1291 0.4979
Cyclist 0.0000 0 0.0000 -1.0000 -1.0000 -1.0000 -1.0000 0.6894 1.1912 1.7362 10.6119 6.6314 0.6465 1.5223 0.4069
Cyclist 0.0000 0 0.0000 -1.0000 -1.0000 -1.0000 -1.0000 0.8901 1.6516 1.8456 -40.8250 -1.1136 0.6047 -0.0322 0.3670
Cyclist 0.0000 0 0.0000 -1.0000 -1.0000 -1.0000 -1.0000 0.8261 1.5969 1.8019 -28.5342 0.1261 0.6908 -0.0614 0.3459
Cyclist 0.0000 0 0.0000 -1.0000 -1.0000 -1.0000 -1.0000 0.7615 1.5379 1.7255 -28.9605 2.6232 0.6291 2.9034 0.3322
Pedestrian 0.0000 0 0.0000 -1.0000 -1.0000 -1.0000 -1.0000 0.6835 1.6971 0.6208 -8.8040 -6.9675 1.0446 2.9748 0.6465
Pedestrian 0.0000 0 0.0000 -1.0000 -1.0000 -1.0000 -1.0000 0.6962 1.6448 0.6647 8.8755 -6.6355 1.0623 -0.1485 0.5700
Pedestrian 0.0000 0 0.0000 -1.0000 -1.0000 -1.0000 -1.0000 0.6536 1.5878 0.5712 -23.9989 -6.9186 0.8383 3.1133 0.5416
Pedestrian 0.0000 0 0.0000 -1.0000 -1.0000 -1.0000 -1.0000 0.6987 1.6476 0.6682 5.1077 -5.2598 0.9766 3.0690 0.5377
Pedestrian 0.0000 0 0.0000 -1.0000 -1.0000 -1.0000 -1.0000 0.6707 1.6046 0.6041 -12.6639 -6.2254 0.9259 -2.5015 0.5152
Pedestrian 0.0000 0 0.0000 -1.0000 -1.0000 -1.0000 -1.0000 0.6917 1.6867 0.6270 -6.8450 -6.0776 0.9802 2.6052 0.3992
Pedestrian 0.0000 0 0.0000 -1.0000 -1.0000 -1.0000 -1.0000 0.7217 1.6766 0.6885 -2.3245 6.1418 0.8162 -3.1279 0.3924
Pedestrian 0.0000 0 0.0000 -1.0000 -1.0000 -1.0000 -1.0000 0.7264 1.6938 0.7036 4.5453 -7.7896 1.1080 3.0984 0.3855
Pedestrian 0.0000 0 0.0000 -1.0000 -1.0000 -1.0000 -1.0000 0.6679 1.6724 0.5817 -2.5062 -14.8131 1.0539 2.9233 0.3768
Pedestrian 0.0000 0 0.0000 -1.0000 -1.0000 -1.0000 -1.0000 0.6893 1.6533 0.6465 4.6240 -7.0565 1.0705 3.0489 0.3395
Pedestrian 0.0000 0 0.0000 -1.0000 -1.0000 -1.0000 -1.0000 0.7055 1.7149 0.6169 39.4643 -5.2354 1.1239 3.0087 0.3186
