Car 0.0000 0 0.0000 -1.0000 -1.0000 -1.0000 -1.0000 2.0313 1.4928 4.6084 -17.7072 0.2826 0.6413 -3.1415 0.7629
Car 0.0000 0 0.0000 -1.0000 -1.0000 -1.0000 -1.0000 1.9538 1.5227 4.6380 -41.6284 -3.3182 0.4014 0.0252 0.6133
Car 0.0000 0 0.0000 -1.0000 -1.0000 -1.0000 -1.0000 1.9308 1.5375 4.4491 42.3994 5.4464 1.1435 3.1230 0.5814
Car 0.0000 0 0.0000 -1.0000 -1.0000 -1.0000 -1.0000 1.8939 1.6656 4.6373 42.8962 -21.8847 1.6254 1.5332 0.3334
Truck 0.0000 0 0.0000 -1.0000 -1.0000 -1.0000 -1.0000 2.9604 3.1542 11.2617 -15.4598 -4.5477 1.4839 3.1241 0.7640
Truck 0.0000 0 0.0000 -1.0000 -1.0000 -1.0000 -1.0000 2.7923 3.0427 8.8003 -80.5232 4.8404 0.8538 -3.1203 0.5604
Truck 0.0000 0 0.0000 -1.0000 -1.0000 -1.0000 -1.0000 2.5406 2.4999 6.9166 12.1514 -0.3596 1.4186 0.0564 0.5465
Truck 0.0000 0 0.0000 -1.0000 -1.0000 -1.0000 -1.0000 2.5431 2.4941 7.2781 20.6414 4.9961 1.4352 0.0370 0.5176
Truck 0.0000 0 0.0000 -1.0000 -1.0000 -1.0000 -1.0000 2.9475 3.5975 10.7740 54.6646 -12.5495 2.3470 1.6193 0.5175
Truck 0.0000 0 0.0000 -1.0000 -1.0000 -1.0000 -1.0000 2.7206 2.9077 9.0038 56.9831 6.0037 1.8848 0.0411 0.4283
Truck 0.0000 0 0.0000 -1.0000 -1.0000 -1.0000 -1.0000 2.2015 2.2576 5.5740 -39.9987 -0.3249 0.8091 -3.0999 0.4208
