Car 0.0000 0 0.0000 -1.0000 -1.0000 -1.0000 -1.0000 2.0115 1.4510 4.5958 -13.7558 -0.3730 0.7436 -0.0144 0.7991
Car 0.0000 0 0.0000 -1.0000 -1.0000 -1.0000 -1.0000 2.0289 1.6233 4.5497 -38.5932 -6.5535 0.8653 -0.5247 0.7738
Car 0.0000 0 0.0000 -1.0000 -1.0000 -1.0000 -1.0000 2.0122 1.4976 4.6012 20.6820 3.2609 0.7222 3.1116 0.7581
Car 0.0000 0 0.0000 -1.0000 -1.0000 -1.0000 -1.0000 1.9805 1.4838 4.5526 37.5554 -0.2415 0.6900 -3.1396 0.6754
Car 0.0000 0 0.0000 -1.0000 -1.0000 -1.0000 -1.0000 1.9615 1.6250 4.5542 15.0403 -9.1211 0.7853 -0.0350 0.5863
Car 0.0000 0 0.0000 -1.0000 -1.0000 -1.0000 -1.0000 1.9236 1.4665 4.5126 -22.8918 6.2874 0.6250 3.0486 0.5537
Car 0.0000 0 0.0000 -1.0000 -1.0000 -1.0000 -1.0000 1.9531 1.5265 4.5518 55.1835 3.3677 0.5304 -0.0071 0.5447
Car 0.0000 0 0.0000 -1.0000 -1.0000 -1.0000 -1.0000 1.9589 1.5137 4.6369 45.1995 -9.5057 0.6062 0.0224 0.4487
Car 0.0000 0 0.0000 -1.0000 -1.0000 -1.0000 -1.0000 1.8906 1.6284 4.5326 6.5209 -15.0441 0.9340 -0.0395 0.4208
Car 0.0000 0 0.0000 -1.0000 -1.0000 -1.0000 -1.0000 2.1210 2.1433 4.9943 33.8930 -9.8588 1.1275 -3.1349 0.3733
Car 0.0000 0 0.0000 -1.0000 -1.0000 -1.0000 -1.0000 1.9517 1.4962 4.5397 51.1202 -0.7216 0.5937 -0.0066 0.3098
Tricar 0.0000 0 0.0000 -1.0000 -1.0000 -1.0000 -1.0000 1.2034 1.6754 2.7450 -5.7838 -9.6661 0.8589 -0.0552 0.3659
Tricar 0.0000 0 0.0000 -1.0000 -1.0000 -1.0000 -1.0000 1.1190 1.5803 2.7162 -10.8526 14.6283 0.7600 1.5228 0.3337
Cyclist 0.0000 0 0.0000 -1.0000 -1.0000 -1.0000 -1.0000 0.7180 1.4921 1.7052 3.3149 -5.4089 0.7068 3.1030 0.6786
Cyclist 0.0000 0 0.0000 -1.0000 -1.0000 -1.0000 -1.0000 0.7531 1.5279 1.7386 -17.9004 -5.4328 0.7262 3.1242 0.6575
Cyclist 0.0000 0 0.0000 -1.0000 -1.0000 -1.0000 -1.0000 0.7455 1.5179 1.7238 -23.2956 -9.6702 0.7168 -0.0405 0.6373
Cyclist 0.0000 0 0.0000 -1.0000 -1.0000 -1.0000 -1.0000 0.7652 1.5959 1.7140 -20.0879 8.5915 0.6498 -3.1224 0.5600
Cyclist 0.0000 0 0.0000 -1.0000 -1.0000 -1.0000 -1.0000 0.8086 1.5321 1.8063 -13.2636 -8.6935 0.7481 -0.0496 0.5190
Cyclist 0.0000 0 0.0000 -1.0000 -1.0000 -1.0000 -1.0000 0.7360 1.3932 1.7639 7.0675 13.9549 0.4920 -1.4387 0.4993
Cyclist 0.0000 0 0.0000 -1.0000 -1.0000 -1.0000 -1.0000 0.7372 1.5018 1.7050 -41.6426 -8.7620 0.7932 -0.3232 0.4689
Cyclist 0.0000 0 0.0000 -1.0000 -1.0000 -1.0000 -1.0000 0.8027 1.5955 1.7721 -33.5217 13.0821 0.4897 -1.3098 0.4552
Cyclist 0.0000 0 0.0000 -1.0000 -1.0000 -1.0000 -1.0000 0.7538 1.3570 1.7981 -17.9361 14.3111 0.5826 -1.4585 0.4410
Cyclist 0.0000 0 0.0000 -1.0000 -1.0000 -1.0000 -1.0000 0.7499 1.5247 1.7488 -36.6440 16.3413 0.3839 -1.1808 0.4307
Cyclist 0.0000 0 0.0000 -1.0000 -1.0000 -1.0000 -1.0000 0.7789 1.5246 1.7690 -22.2416 10.6793 0.5857 -3.0903 0.4044
Cyclist 0.0000 0 0.0000 -1.0000 -1.0000 -1.0000 -1.0000 0.8976 1.6040 1.9853 -10.9066 14.4114 0.7710 1.4963 0.3949
Cyclist 0.0000 0 0.0000 -1.0000 -1.0000 -1.0000 -1.0000 0.6898 1.1266 1.6916 5.0686 14.1296 0.4857 -1.4059 0.3684
Cyclist 0.0000 0 0.0000 -1.0000 -1.0000 -1.0000 -1.0000 0.7734 1.5582 1.7319 -12.2906 -11.9100 1.0357 -0.1574 0.3574
Cyclist 0.0000 0 0.0000 -1.0000 -1.0000 -1.0000 -1.0000 0.7117 1.4879 1.6738 -15.8150 -11.2197 0.8673 -3.1353 0.3455
Cyclist 0.0000 0 0.0000 -1.0000 -1.0000 -1.0000 -1.0000 0.7642 1.2232 1.8040 -2.9610 14.1144 0.5706 -1.0183 0.3449
Cyclist 0.0000 0 0.0000 -1.0000 -1.0000 -1.0000 -1.0000 0.6986 1.3594 1.6652 -6.1771 -12.2752 0.7752 -3.0155 0.3444
Cyclist 0.0000 0 0.0000 -1.0000 -1.0000 -1.0000 -1.0000 0.7369 1.5209 1.7030 -57.9848 -7.2430 0.8436 0.0386 0.3416
Cyclist 0.0000 0 0.0000 -1.0000 -1.0000 -1.0000 -1.0000 0.8434 1.5873 1.7789 -15.1465 -6.9340 0.8194 3.0974 0.3326
Cyclist 0.0000 0 0.0000 -1.0000 -1.0000 -1.0000 -1.0000 0.6279 1.0500 1.6477 -4.4237 17.7210 0.4548 -1.6365 0.3323
Cyclist 0.0000 0 0.0000 -1.0000 -1.0000 -1.0000 -1.0000 0.7453 1.5296 1.7048 -25.8274 -11.7539 0.8855 0.0007 0.3313
Cyclist 0.0000 0 0.0000 -1.0000 -1.0000 -1.0000 -1.0000 0.6521 1.1614 1.6236 -8.3411 -12.2974 0.7298 -2.7301 0.3202
Cyclist 0.0000 0 0.0000 -1.0000 -1.0000 -1.0000 -1.0000 0.6398 1.0261 1.6492 1.0689 17.5635 0.4164 -1.6915 0.3183
Cyclist 0.0000 0 0.0000 -1.0000 -1.0000 -1.0000 -1.0000 0.8272 1.5467 1.8258 -35.3669 11.9602 0.5021 -1.2595 0.3183
Cyclist 0.0000 0 0.0000 -1.0000 -1.0000 -1.0000 -1.0000 0.6537 1.0547 1.6307 -9.2545 18.2187 0.4577 -1.9891 0.3179
Cyclist 0.0000 0 0.0000 -1.0000 -1.0000 -1.0000 -1.0000 0.6610 1.2783 1.6012 -13.0175 -16.0514 0.9019 3.0764 0.3089
Cyclist 0.0000 0 0.0000 -1.0000 -1.0000 -1.0000 -1.0000 0.7672 1.5451 1.7771 -35.7438 19.7809 0.3227 -1.6628 0.3068
Cyclist 0.0000 0 0.0000 -1.0000 -1.0000 -1.0000 -1.0000 0.7071 1.5321 1.6510 -18.6036 -9.4959 0.8552 -3.1021 0.3038
Cyclist 0.0000 0 0.0000 -1.0000 -1.0000 -1.0000 -1.0000 0.7493 1.5262 1.7499 -34.1171 16.3110 0.4247 -1.2252 0.3013
Pedestrian 0.0000 0 0.0000 -1.0000 -1.0000 -1.0000 -1.0000 0.7001 1.6653 0.6706 -39.4397 8.1267 0.7451 -3.0956 0.6254
Pedestrian 0.0000 0 0.0000 -1.0000 -1.0000 -1.0000 -1.0000 0.6738 1.6472 0.6187 -28.2232 -4.5827 0.8461 2.9438 0.5255
Pedestrian 0.0000 0 0.0000 -1.0000 -1.0000 -1.0000 -1.0000 0.6791 1.6305 0.6043 23.8200 18.0851 0.5671 0.0487 0.4873
Pedestrian 0.0000 0 0.0000 -1.0000 -1.0000 -1.0000 -1.0000 0.7042 1.6544 0.6600 12.6985 15.8485 0.6717 -3.0917 0.4856
Pedestrian 0.0000 0 0.0000 -1.0000 -1.0000 -1.0000 -1.0000 0.6715 1.6374 0.5821 -23.5866 20.2502 0.5660 2.4491 0.4603
Pedestrian 0.0000 0 0.0000 -1.0000 -1.0000 -1.0000 -1.0000 0.6976 1.6512 0.6276 -12.2673 -11.9721 1.0620 2.9689 0.4244
Pedestrian 0.0000 0 0.0000 -1.0000 -1.0000 -1.0000 -1.0000 0.6646 1.6249 0.5665 27.7792 -12.2817 0.8362 0.0425 0.4148
Pedestrian 0.0000 0 0.0000 -1.0000 -1.0000 -1.0000 -1.0000 0.6820 1.7079 0.5741 -22.0529 -14.0610 1.1308 0.0501 0.3328
Pedestrian 0.0000 0 0.0000 -1.0000 -1.0000 -1.0000 -1.0000 0.7209 1.6367 0.6803 -3.5191 -14.9253 1.0246 3.0941 0.3065
