Car 0.0000 0 0.0000 -1.0000 -1.0000 -1.0000 -1.0000 1.9410 1.5181 4.4355 4.2724 6.6333 0.7268 -3.1394 0.7927
Car 0.0000 0 0.0000 -1.0000 -1.0000 -1.0000 -1.0000 1.9179 1.4167 4.4835 -14.8231 6.6750 0.5858 3.1237 0.7444
Car 0.0000 0 0.0000 -1.0000 -1.0000 -1.0000 -1.0000 1.9242 1.4545 4.4447 15.7758 6.0617 0.6844 -0.0227 0.7439
Car 0.0000 0 0.0000 -1.0000 -1.0000 -1.0000 -1.0000 1.9211 1.4296 4.4805 22.0465 5.9310 0.7488 3.1184 0.7301
Car 0.0000 0 0.0000 -1.0000 -1.0000 -1.0000 -1.0000 2.0304 1.8049 4.6920 15.0147 -3.1471 0.9334 -3.1017 0.7148
Car 0.0000 0 0.0000 -1.0000 -1.0000 -1.0000 -1.0000 1.8887 1.4479 4.4502 -27.1288 6.7260 0.4680 -0.0198 0.7134
Car 0.0000 0 0.0000 -1.0000 -1.0000 -1.0000 -1.0000 1.9786 1.6433 4.5777 -21.1776 6.7677 0.6656 -0.0359 0.6869
Car 0.0000 0 0.0000 -1.0000 -1.0000 -1.0000 -1.0000 1.9341 1.4328 4.5153 9.8588 6.3252 0.6428 -3.1228 0.6820
Car 0.0000 0 0.0000 -1.0000 -1.0000 -1.0000 -1.0000 1.9805 1.6872 4.5276 35.4306 5.6416 1.0291 -0.0652 0.6495
Car 0.0000 0 0.0000 -1.0000 -1.0000 -1.0000 -1.0000 1.9272 1.4440 4.5147 52.6967 -4.0861 1.0348 0.0852 0.6095
Car 0.0000 0 0.0000 -1.0000 -1.0000 -1.0000 -1.0000 1.8968 1.4697 4.5342 -14.5132 -7.1767 0.6723 -1.5933 0.6008
Car 0.0000 0 0.0000 -1.0000 -1.0000 -1.0000 -1.0000 1.9081 1.4481 4.4004 46.1614 5.5241 0.9470 0.0165 0.5830
Car 0.0000 0 0.0000 -1.0000 -1.0000 -1.0000 -1.0000 1.8911 1.4699 4.5231 1.0718 -7.1401 0.8209 -1.5968 0.5607
Car 0.0000 0 0.0000 -1.0000 -1.0000 -1.0000 -1.0000 1.9394 1.8827 4.5277 -36.6313 8.3744 0.6223 1.5655 0.5593
Car 0.0000 0 0.0000 -1.0000 -1.0000 -1.0000 -1.0000 1.9005 1.5058 4.4478 60.2049 5.3686 1.0805 0.0500 0.5380
Car 0.0000 0 0.0000 -1.0000 -1.0000 -1.0000 -1.0000 1.8875 1.4633 4.4844 -33.9513 -6.3323 0.6175 -1.5957 0.5091
Car 0.0000 0 0.0000 -1.0000 -1.0000 -1.0000 -1.0000 1.9151 1.4671 4.5423 -19.0214 -6.8403 0.6176 -1.5539 0.5071
Car 0.0000 0 0.0000 -1.0000 -1.0000 -1.0000 -1.0000 1.9034 1.5952 4.4752 52.0180 5.5050 1.0654 0.0158 0.5033
Car 0.0000 0 0.0000 -1.0000 -1.0000 -1.0000 -1.0000 2.0023 1.7072 4.7288 -44.2560 7.7745 0.5170 -0.0248 0.4977
Car 0.0000 0 0.0000 -1.0000 -1.0000 -1.0000 -1.0000 1.9166 1.5344 4.5256 65.4113 4.7448 1.0668 -3.1293 0.4757
Car 0.0000 0 0.0000 -1.0000 -1.0000 -1.0000 -1.0000 1.9084 1.4512 4.5148 -32.7289 7.1076 0.4165 -3.0604 0.4645
Car 0.0000 0 0.0000 -1.0000 -1.0000 -1.0000 -1.0000 1.9409 1.4699 4.6326 6.1369 -7.4835 0.8410 -1.3368 0.4618
Car 0.0000 0 0.0000 -1.0000 -1.0000 -1.0000 -1.0000 1.8891 1.5037 4.4730 -52.3566 7.5458 0.2888 -0.0068 0.4395
Car 0.0000 0 0.0000 -1.0000 -1.0000 -1.0000 -1.0000 1.8840 1.5353 4.5795 -70.1535 -1.6312 0.2311 -3.1388 0.4368
Car 0.0000 0 0.0000 -1.0000 -1.0000 -1.0000 -1.0000 1.8472 1.4985 4.4144 -11.2211 -7.4429 0.7411 -1.5953 0.4176
Car 0.0000 0 0.0000 -1.0000 -1.0000 -1.0000 -1.0000 1.9983 1.8751 4.9293 -63.5903 7.7901 0.3710 -0.0489 0.3748
Car 0.0000 0 0.0000 -1.0000 -1.0000 -1.0000 -1.0000 1.8654 1.4899 4.4942 18.2916 -7.9890 0.8265 -1.4266 0.3644
Car 0.0000 0 0.0000 -1.0000 -1.0000 -1.0000 -1.0000 2.1211 2.2790 4.9235 11.5040 -7.3837 1.2793 -1.3460 0.3457
Car 0.0000 0 0.0000 -1.0000 -1.0000 -1.0000 -1.0000 1.9261 1.7718 4.6129 26.2497 -8.0614 1.0922 1.6341 0.3316
Car 0.0000 0 0.0000 -1.0000 -1.0000 -1.0000 -1.0000 1.8804 1.4954 4.5879 20.4223 -7.8960 0.8474 -1.4968 0.3224
Truck 0.0000 0 0.0000 -1.0000 -1.0000 -1.0000 -1.0000 2.8369 3.3462 9.6749 69.6896 -4.7671 1.9942 3.1378 0.5421
Cyclist 0.0000 0 0.0000 -1.0000 -1.0000 -1.0000 -1.0000 0.7696 1.5800 1.6909 73.1667 -1.4443 1.1380 3.1081 0.4399
Cyclist 0.0000 0 0.0000 -1.0000 -1.0000 -1.0000 -1.0000 0.6951 1.1907 1.7522 -30.6663 -7.3668 0.5203 -1.6764 0.4086
Cyclist 0.0000 0 0.0000 -1.0000 -1.0000 -1.0000 -1.0000 0.6728 1.0951 1.6902 -6.4036 7.4396 0.4705 -0.0099 0.3946
Pedestrian 0.0000 0 0.0000 -1.0000 -1.0000 -1.0000 -1.0000 0.6886 1.6809 0.6116 -51.0923 -3.3648 0.5245 0.1067 0.3532
