Car 0.0000 0 0.0000 -1.0000 -1.0000 -1.0000 -1.0000 2.0097 1.4582 4.5651 14.1054 6.8426 0.7759 -0.0068 0.8383
Car 0.0000 0 0.0000 -1.0000 -1.0000 -1.0000 -1.0000 1.9920 1.4681 4.5326 -39.6318 0.9676 0.5953 3.0821 0.7908
Car 0.0000 0 0.0000 -1.0000 -1.0000 -1.0000 -1.0000 2.0192 1.6084 4.5628 35.6858 -3.1864 1.3041 0.0612 0.7863
Car 0.0000 0 0.0000 -1.0000 -1.0000 -1.0000 -1.0000 1.9205 1.4413 4.4748 -44.9064 -4.5614 0.5907 3.0682 0.7693
Car 0.0000 0 0.0000 -1.0000 -1.0000 -1.0000 -1.0000 1.9663 1.4677 4.5805 -12.5944 4.3323 0.5891 -3.0955 0.7663
Car 0.0000 0 0.0000 -1.0000 -1.0000 -1.0000 -1.0000 1.9790 1.4681 4.6278 -27.6820 4.2861 0.5693 3.1031 0.7372
Car 0.0000 0 0.0000 -1.0000 -1.0000 -1.0000 -1.0000 1.9815 1.5420 4.5889 -69.3188 6.5926 0.5117 -0.0103 0.6898
Car 0.0000 0 0.0000 -1.0000 -1.0000 -1.0000 -1.0000 1.9922 1.4650 4.5718 8.5324 -4.0016 0.8761 0.0222 0.6655
Car 0.0000 0 0.0000 -1.0000 -1.0000 -1.0000 -1.0000 1.9540 1.5327 4.5982 45.2698 -7.3954 1.5275 0.0357 0.6225
Car 0.0000 0 0.0000 -1.0000 -1.0000 -1.0000 -1.0000 2.0007 1.6693 4.7167 51.8428 -2.4917 1.4892 0.1109 0.6212
Car 0.0000 0 0.0000 -1.0000 -1.0000 -1.0000 -1.0000 2.0159 1.7640 4.5822 32.3950 -7.2487 1.3959 0.0040 0.6203
Car 0.0000 0 0.0000 -1.0000 -1.0000 -1.0000 -1.0000 1.9608 1.6772 4.5491 -47.1487 5.9850 0.5734 3.0973 0.6181
Car 0.0000 0 0.0000 -1.0000 -1.0000 -1.0000 -1.0000 1.9855 1.8546 4.5989 -50.5375 -16.1411 0.7289 -0.0999 0.6141
Car 0.0000 0 0.0000 -1.0000 -1.0000 -1.0000 -1.0000 1.9375 1.4403 4.5248 20.1670 -13.5122 1.0739 2.8388 0.5703
Car 0.0000 0 0.0000 -1.0000 -1.0000 -1.0000 -1.0000 1.9416 1.4737 4.4958 -36.1558 8.5863 0.3800 -3.1303 0.5650
Car 0.0000 0 0.0000 -1.0000 -1.0000 -1.0000 -1.0000 2.0230 1.4632 4.5847 -23.7306 -3.8909 0.7002 -0.0699 0.5588
Car 0.0000 0 0.0000 -1.0000 -1.0000 -1.0000 -1.0000 1.9729 1.6652 4.5918 61.4670 7.3572 1.2469 0.0732 0.5215
Car 0.0000 0 0.0000 -1.0000 -1.0000 -1.0000 -1.0000 1.9334 1.4947 4.5733 -70.1184 -1.2764 0.5025 -0.0708 0.4921
Car 0.0000 0 0.0000 -1.0000 -1.0000 -1.0000 -1.0000 1.9227 1.4837 4.6027 43.7238 33.2419 0.5739 -1.4194 0.4629
Car 0.0000 0 0.0000 -1.0000 -1.0000 -1.0000 -1.0000 1.8780 1.4544 4.4262 -26.5392 10.8186 0.3579 -3.1265 0.4457
Car 0.0000 0 0.0000 -1.0000 -1.0000 -1.0000 -1.0000 2.0099 1.8724 4.7915 -69.3922 -15.9258 0.8016 0.1040 0.4310
Car 0.0000 0 0.0000 -1.0000 -1.0000 -1.0000 -1.0000 1.8799 1.5955 4.5009 -75.0903 -19.8033 0.5594 -1.6501 0.4045
Car 0.0000 0 0.0000 -1.0000 -1.0000 -1.0000 -1.0000 1.9013 1.4859 4.5259 32.2715 -20.1808 1.3638 -0.9758 0.3820
Car 0.0000 0 0.0000 -1.0000 -1.0000 -1.0000 -1.0000 1.9320 1.5374 4.6208 67.1140 1.5001 1.3588 0.1350 0.3615
Car 0.0000 0 0.0000 -1.0000 -1.0000 -1.0000 -1.0000 2.0366 2.1032 4.9580 52.7280 -35.3084 2.1848 1.5408 0.3315
Truck 0.0000 0 0.0000 -1.0000 -1.0000 -1.0000 -1.0000 2.9342 3.1059 11.0937 -7.6593 8.8429 1.3394 0.0608 0.7856
Truck 0.0000 0 0.0000 -1.0000 -1.0000 -1.0000 -1.0000 2.3741 2.2737 6.2608 0.9526 -10.8962 1.1520 -0.0280 0.5481
Cyclist 0.0000 0 0.0000 -1.0000 -1.0000 -1.0000 -1.0000 0.7477 1.5367 1.7299 -37.3059 -14.1976 0.6373 -0.0457 0.5764
Cyclist 0.0000 0 0.0000 -1.0000 -1.0000 -1.0000 -1.0000 0.7182 1.5259 1.6938 -44.4208 -12.6106 0.6206 -0.1680 0.5578
Cyclist 0.0000 0 0.0000 -1.0000 -1.0000 -1.0000 -1.0000 0.7716 1.5236 1.7271 25.8158 -22.2914 1.2839 -0.8849 0.4586
Cyclist 0.0000 0 0.0000 -1.0000 -1.0000 -1.0000 -1.0000 0.7089 1.2752 1.6954 10.1478 -19.2610 0.8772 -0.1939 0.3487
Cyclist 0.0000 0 0.0000 -1.0000 -1.0000 -1.0000 -1.0000 0.7806 1.6113 1.7350 -5.0452 -16.1006 0.6402 -0.0292 0.3257
Pedestrian 0.0000 0 0.0000 -1.0000 -1.0000 -1.0000 -1.0000 0.7089 1.6998 0.6666 -34.9594 -16.2471 0.7851 -0.0918 0.5402
Pedestrian 0.0000 0 0.0000 -1.0000 -1.0000 -1.0000 -1.0000 0.7220 1.6599 0.6647 -50.7531 -13.1178 0.7260 3.1019 0.3413
