Car 0.0000 0 0.0000 -1.0000 -1.0000 -1.0000 -1.0000 1.9460 1.5615 4.6048 29.7353 -25.3181 1.6573 1.6700 0.6639
Car 0.0000 0 0.0000 -1.0000 -1.0000 -1.0000 -1.0000 1.8267 1.4162 4.3804 -36.7688 12.1126 0.8554 0.0811 0.6579
Car 0.0000 0 0.0000 -1.0000 -1.0000 -1.0000 -1.0000 1.9311 1.4704 4.5106 -53.7582 -3.2010 1.2039 -3.0913 0.6115
Car 0.0000 0 0.0000 -1.0000 -1.0000 -1.0000 -1.0000 1.8966 1.4305 4.4252 -28.5133 12.0173 0.7635 -3.1159 0.5607
Car 0.0000 0 0.0000 -1.0000 -1.0000 -1.0000 -1.0000 1.9475 1.5333 4.6224 68.3902 34.7109 -0.2301 -3.0825 0.5546
Car 0.0000 0 0.0000 -1.0000 -1.0000 -1.0000 -1.0000 1.9331 1.6063 4.6681 29.6997 -38.8618 2.0602 1.3238 0.5015
Car 0.0000 0 0.0000 -1.0000 -1.0000 -1.0000 -1.0000 1.8962 1.4956 4.4876 71.7367 28.4002 -0.0077 -1.7673 0.4747
Car 0.0000 0 0.0000 -1.0000 -1.0000 -1.0000 -1.0000 1.9454 1.5015 4.5849 -57.4670 11.5529 1.1434 -0.0072 0.4541
Car 0.0000 0 0.0000 -1.0000 -1.0000 -1.0000 -1.0000 1.9045 1.4951 4.4941 -63.2352 11.8592 1.1626 -0.0105 0.3806
Car 0.0000 0 0.0000 -1.0000 -1.0000 -1.0000 -1.0000 1.9498 1.6584 4.6717 74.7604 41.4970 -0.0372 -1.9361 0.3561
Car 0.0000 0 0.0000 -1.0000 -1.0000 -1.0000 -1.0000 1.8963 1.7357 4.4244 69.1479 29.8029 0.0649 -1.6988 0.3450
Car 0.0000 0 0.0000 -1.0000 -1.0000 -1.0000 -1.0000 2.1707 1.9818 5.2382 -64.1305 35.0419 1.0786 -0.4376 0.3268
Cyclist 0.0000 0 0.0000 -1.0000 -1.0000 -1.0000 -1.0000 0.7781 1.5947 1.7186 -9.7177 22.6949 0.6892 -3.0255 0.4871
Cyclist 0.0000 0 0.0000 -1.0000 -1.0000 -1.0000 -1.0000 0.7298 1.3774 1.7315 -17.4244 13.6985 0.5279 -0.4721 0.4480
Cyclist 0.0000 0 0.0000 -1.0000 -1.0000 -1.0000 -1.0000 0.6937 1.2493 1.7175 -14.5807 16.3089 0.4126 1.8493 0.4040
Cyclist 0.0000 0 0.0000 -1.0000 -1.0000 -1.0000 -1.0000 0.6699 1.1959 1.7341 -12.8522 16.1858 0.4151 1.6751 0.3550
Cyclist 0.0000 0 0.0000 -1.0000 -1.0000 -1.0000 -1.0000 0.6818 1.1869 1.6650 -15.4768 16.3009 0.4727 -1.5672 0.3459
Pedestrian 0.0000 0 0.0000 -1.0000 -1.0000 -1.0000 -1.0000 0.6775 1.6614 0.6011 4.8624 20.2877 0.5737 -2.9057 0.5451
Pedestrian 0.0000 0 0.0000 -1.0000 -1.0000 -1.0000 -1.0000 0.7002 1.6190 0.6443 10.1242 25.8278 0.3233 -0.7313 0.3813
