Car 0.0000 0 0.0000 -1.0000 -1.0000 -1.0000 -1.0000 1.9683 1.4524 4.5885 10.7361 2.9399 0.7621 0.0597 0.8061
Car 0.0000 0 0.0000 -1.0000 -1.0000 -1.0000 -1.0000 2.0432 1.6805 4.6230 19.8426 2.1730 0.9343 0.1415 0.7780
Car 0.0000 0 0.0000 -1.0000 -1.0000 -1.0000 -1.0000 1.9549 1.4362 4.5217 -9.9607 2.7770 0.7230 -0.0309 0.7779
Car 0.0000 0 0.0000 -1.0000 -1.0000 -1.0000 -1.0000 1.9315 1.4284 4.4954 3.3014 2.7136 0.7401 3.1210 0.7534
Car 0.0000 0 0.0000 -1.0000 -1.0000 -1.0000 -1.0000 1.9059 1.4276 4.4514 -2.7598 2.7580 0.7380 3.1108 0.7528
Car 0.0000 0 0.0000 -1.0000 -1.0000 -1.0000 -1.0000 1.9387 1.6381 4.5129 29.6453 1.0749 0.9747 0.1345 0.7460
Car 0.0000 0 0.0000 -1.0000 -1.0000 -1.0000 -1.0000 2.0673 1.7798 4.6377 22.2606 -0.5869 1.0179 0.0846 0.7377
Car 0.0000 0 0.0000 -1.0000 -1.0000 -1.0000 -1.0000 1.9364 1.6037 4.5404 16.2835 5.4298 0.8590 0.3223 0.6655
Car 0.0000 0 0.0000 -1.0000 -1.0000 -1.0000 -1.0000 1.9194 1.4462 4.4311 -5.9988 -2.3880 0.7396 3.0969 0.6463
Car 0.0000 0 0.0000 -1.0000 -1.0000 -1.0000 -1.0000 2.0612 1.9237 4.7535 -19.2721 3.1687 0.9699 3.1168 0.6448
Car 0.0000 0 0.0000 -1.0000 -1.0000 -1.0000 -1.0000 1.9402 1.5199 4.5994 33.5258 7.0832 1.0451 -1.9969 0.6246
Car 0.0000 0 0.0000 -1.0000 -1.0000 -1.0000 -1.0000 1.9088 1.4871 4.4334 -43.3004 -0.7676 0.7561 -0.0310 0.5971
Car 0.0000 0 0.0000 -1.0000 -1.0000 -1.0000 -1.0000 1.8712 1.5211 4.3962 -29.4733 9.8082 0.6094 3.1112 0.5898
Car 0.0000 0 0.0000 -1.0000 -1.0000 -1.0000 -1.0000 2.0161 1.7045 4.6482 -25.3614 0.1329 0.8976 0.0156 0.5842
Car 0.0000 0 0.0000 -1.0000 -1.0000 -1.0000 -1.0000 1.9160 1.6620 4.5775 -27.6214 3.0214 0.8618 3.1129 0.5150
Car 0.0000 0 0.0000 -1.0000 -1.0000 -1.0000 -1.0000 1.9424 1.5078 4.5221 24.2190 9.1509 0.8510 0.6178 0.4741
Car 0.0000 0 0.0000 -1.0000 -1.0000 -1.0000 -1.0000 1.8967 1.8785 4.5015 28.7948 -2.7231 1.0698 0.1409 0.4621
Truck 0.0000 0 0.0000 -1.0000 -1.0000 -1.0000 -1.0000 2.9830 3.3582 10.4974 -38.8120 3.0183 1.7087 3.1198 0.6884
Cyclist 0.0000 0 0.0000 -1.0000 -1.0000 -1.0000 -1.0000 0.6983 1.4461 1.6726 28.4685 -8.4210 0.7692 0.4029 0.5275
Cyclist 0.0000 0 0.0000 -1.0000 -1.0000 -1.0000 -1.0000 0.6930 1.4851 1.6747 -25.7716 14.9077 0.5804 -0.0380 0.4963
Cyclist 0.0000 0 0.0000 -1.0000 -1.0000 -1.0000 -1.0000 0.7505 1.5381 1.7279 -31.0235 13.7482 0.5634 0.0358 0.4875
Cyclist 0.0000 0 0.0000 -1.0000 -1.0000 -1.0000 -1.0000 0.7828 1.5674 1.7166 26.2094 11.9422 0.9203 0.1395 0.4575
Cyclist 0.0000 0 0.0000 -1.0000 -1.0000 -1.0000 -1.0000 0.7237 1.4998 1.7075 15.3948 -13.1216 0.5964 -3.1389 0.4429
Cyclist 0.0000 0 0.0000 -1.0000 -1.0000 -1.0000 -1.0000 0.7689 1.2465 1.8525 -12.7595 -14.9934 0.5251 -0.2160 0.4162
Cyclist 0.0000 0 0.0000 -1.0000 -1.0000 -1.0000 -1.0000 0.8601 1.5726 1.8470 27.6892 14.2887 0.9412 -2.8639 0.4124
Cyclist 0.0000 0 0.0000 -1.0000 -1.0000 -1.0000 -1.0000 0.6723 1.0686 1.6441 -40.6669 -21.1357 0.5927 -0.1614 0.3917
Cyclist 0.0000 0 0.0000 -1.0000 -1.0000 -1.0000 -1.0000 0.6666 1.1277 1.6983 -30.4155 -14.8740 0.4234 -1.7987 0.3532
Cyclist 0.0000 0 0.0000 -1.0000 -1.0000 -1.0000 -1.0000 0.7343 1.5548 1.7114 40.9986 19.8799 1.0724 1.3534 0.3433
Cyclist 0.0000 0 0.0000 -1.0000 -1.0000 -1.0000 -1.0000 0.7517 1.5392 1.7313 -50.2673 -16.0439 0.7345 0.0469 0.3369
Cyclist 0.0000 0 0.0000 -1.0000 -1.0000 -1.0000 -1.0000 0.8442 1.5393 1.8548 32.7634 -7.8846 0.8313 -2.6344 0.3314
Cyclist 0.0000 0 0.0000 -1.0000 -1.0000 -1.0000 -1.0000 0.6843 1.2898 1.6928 -14.3773 -18.5891 0.6398 1.2909 0.3277
Cyclist 0.0000 0 0.0000 -1.0000 -1.0000 -1.0000 -1.0000 0.7357 1.5659 1.6877 33.5399 -5.5386 0.9453 -2.6713 0.3228
Cyclist 0.0000 0 0.0000 -1.0000 -1.0000 -1.0000 -1.0000 0.6607 1.0304 1.6648 -3.1391 -18.3489 0.5542 -1.2438 0.3133
Cyclist 0.0000 0 0.0000 -1.0000 -1.0000 -1.0000 -1.0000 0.7124 1.3571 1.7161 -9.1411 -14.9527 0.5670 -0.0844 0.3083
Pedestrian 0.0000 0 0.0000 -1.0000 -1.0000 -1.0000 -1.0000 0.6907 1.6674 0.6407 33.8129 -17.7671 1.0605 1.3750 0.4410
Pedestrian 0.0000 0 0.0000 -1.0000 -1.0000 -1.0000 -1.0000 0.6892 1.6074 0.6535 40.9972 19.8371 1.0791 1.3431 0.3103
Pedestrian 0.0000 0 0.0000 -1.0000 -1.0000 -1.0000 -1.0000 0.6928 1.6702 0.6154 25.4520 22.2558 1.0795 -2.5892 0.3103
