Car 0.0000 0 0.0000 -1.0000 -1.0000 -1.0000 -1.0000 1.9570 1.5188 4.4872 -12.9693 9.8578 0.4533 -0.0044 0.7183
Car 0.0000 0 0.0000 -1.0000 -1.0000 -1.0000 -1.0000 1.9513 1.4884 4.5645 -23.4604 7.3916 0.5844 -0.0005 0.6547
Car 0.0000 0 0.0000 -1.0000 -1.0000 -1.0000 -1.0000 2.0172 1.5037 4.5939 1.9817 9.9695 0.4802 -3.1145 0.5710
Car 0.0000 0 0.0000 -1.0000 -1.0000 -1.0000 -1.0000 1.9289 1.4894 4.6046 -2.3639 -29.5218 0.8039 -1.4708 0.5631
Car 0.0000 0 0.0000 -1.0000 -1.0000 -1.0000 -1.0000 1.9415 1.6136 4.5856 -43.2218 -36.8795 0.8190 -0.2050 0.5583
Car 0.0000 0 0.0000 -1.0000 -1.0000 -1.0000 -1.0000 1.9442 1.5325 4.6085 8.7390 36.9743 -0.7026 -1.6184 0.5217
Car 0.0000 0 0.0000 -1.0000 -1.0000 -1.0000 -1.0000 2.0033 1.5460 4.6144 -28.4715 4.3307 0.6918 -3.1402 0.5185
Car 0.0000 0 0.0000 -1.0000 -1.0000 -1.0000 -1.0000 1.9834 1.5539 4.6701 27.0659 -35.6151 0.8962 0.0151 0.4396
Car 0.0000 0 0.0000 -1.0000 -1.0000 -1.0000 -1.0000 1.9818 1.5245 4.6714 77.5559 0.7757 0.9493 0.0735 0.4376
Car 0.0000 0 0.0000 -1.0000 -1.0000 -1.0000 -1.0000 2.0209 1.5351 4.6639 17.4357 39.7359 -0.5782 -0.5875 0.3705
Car 0.0000 0 0.0000 -1.0000 -1.0000 -1.0000 -1.0000 1.8955 1.4949 4.5122 -5.2745 -29.0132 0.7853 1.6153 0.3631
Car 0.0000 0 0.0000 -1.0000 -1.0000 -1.0000 -1.0000 1.9565 1.6628 4.6064 -49.7836 -32.7635 0.8996 2.9570 0.3597
Car 0.0000 0 0.0000 -1.0000 -1.0000 -1.0000 -1.0000 1.9515 1.5509 4.6320 11.8961 36.9089 -0.8365 -1.6858 0.3387
Truck 0.0000 0 0.0000 -1.0000 -1.0000 -1.0000 -1.0000 3.0177 3.6653 8.6974 -33.7575 7.3489 1.7431 -3.1299 0.4527
Truck 0.0000 0 0.0000 -1.0000 -1.0000 -1.0000 -1.0000 2.0769 2.0703 5.4273 -45.4881 4.8875 1.0531 -0.0161 0.4476
Truck 0.0000 0 0.0000 -1.0000 -1.0000 -1.0000 -1.0000 2.4265 2.4917 6.4834 -22.5619 10.4762 0.9656 -0.0786 0.3770
Truck 0.0000 0 0.0000 -1.0000 -1.0000 -1.0000 -1.0000 2.6845 2.9215 7.3992 35.7948 39.1422 0.2975 -0.0743 0.3692
Cyclist 0.0000 0 0.0000 -1.0000 -1.0000 -1.0000 -1.0000 0.7950 1.5698 1.7992 1.4688 22.3405 -0.0973 -0.0084 0.5456
Cyclist 0.0000 0 0.0000 -1.0000 -1.0000 -1.0000 -1.0000 0.7487 1.5428 1.7479 -4.4733 22.3134 -0.0507 3.1174 0.5388
Pedestrian 0.0000 0 0.0000 -1.0000 -1.0000 -1.0000 -1.0000 0.7099 1.6179 0.6396 14.5249 33.9189 -0.5256 -2.8464 0.3970
