Car 0.0000 0 0.0000 -1.0000 -1.0000 -1.0000 -1.0000 1.9975 1.6955 4.6262 13.9585 29.4093 0.7825 -1.4814 0.6916
Car 0.0000 0 0.0000 -1.0000 -1.0000 -1.0000 -1.0000 2.0473 1.6309 4.7755 -54.7073 3.0548 1.0184 -0.1711 0.6129
Car 0.0000 0 0.0000 -1.0000 -1.0000 -1.0000 -1.0000 1.9433 1.5455 4.6331 18.6110 -35.1910 0.7026 -1.6996 0.6124
Car 0.0000 0 0.0000 -1.0000 -1.0000 -1.0000 -1.0000 2.2246 2.1324 5.2110 -12.3471 -6.3392 1.0474 -0.2443 0.5912
Car 0.0000 0 0.0000 -1.0000 -1.0000 -1.0000 -1.0000 1.9235 1.4988 4.5480 10.8063 27.3672 0.6309 -1.5178 0.5720
Car 0.0000 0 0.0000 -1.0000 -1.0000 -1.0000 -1.0000 2.1070 1.7461 4.7623 -16.6133 -1.8007 0.8795 -0.2341 0.5612
Car 0.0000 0 0.0000 -1.0000 -1.0000 -1.0000 -1.0000 1.9099 1.4770 4.5402 21.5238 -36.8131 0.6488 -1.8959 0.4967
Car 0.0000 0 0.0000 -1.0000 -1.0000 -1.0000 -1.0000 1.9011 1.5836 4.4941 7.0483 36.5101 0.4707 -1.5550 0.4804
Car 0.0000 0 0.0000 -1.0000 -1.0000 -1.0000 -1.0000 2.0061 1.4924 4.6553 2.6379 16.0560 0.6160 -2.2106 0.4778
Car 0.0000 0 0.0000 -1.0000 -1.0000 -1.0000 -1.0000 1.9130 1.4882 4.5214 17.0128 13.2634 0.6405 -2.1363 0.4480
Car 0.0000 0 0.0000 -1.0000 -1.0000 -1.0000 -1.0000 1.9576 1.8223 4.5982 13.8858 36.7333 0.7927 -1.4609 0.4412
Car 0.0000 0 0.0000 -1.0000 -1.0000 -1.0000 -1.0000 1.8381 1.4985 4.3493 32.0430 30.9575 0.2386 -1.7062 0.4240
Car 0.0000 0 0.0000 -1.0000 -1.0000 -1.0000 -1.0000 2.0097 1.6250 4.6227 11.3536 6.3432 0.7427 0.7655 0.4186
Car 0.0000 0 0.0000 -1.0000 -1.0000 -1.0000 -1.0000 1.9723 1.5119 4.6435 63.2065 -7.1200 0.4802 2.8708 0.3922
Car 0.0000 0 0.0000 -1.0000 -1.0000 -1.0000 -1.0000 1.9243 1.5188 4.6155 10.9725 34.9145 0.5111 1.6562 0.3873
Car 0.0000 0 0.0000 -1.0000 -1.0000 -1.0000 -1.0000 1.8779 1.9869 4.3797 -10.3284 -10.8831 0.8862 1.4743 0.3805
Car 0.0000 0 0.0000 -1.0000 -1.0000 -1.0000 -1.0000 1.9452 1.8728 4.6617 21.2849 38.6458 0.7274 1.5707 0.3534
Car 0.0000 0 0.0000 -1.0000 -1.0000 -1.0000 -1.0000 2.2601 2.6013 5.1962 0.9322 -17.6786 1.2278 -0.9931 0.3215
Car 0.0000 0 0.0000 -1.0000 -1.0000 -1.0000 -1.0000 1.9140 1.4974 4.5636 15.8373 -34.4365 0.6704 1.5574 0.3191
Car 0.0000 0 0.0000 -1.0000 -1.0000 -1.0000 -1.0000 2.0413 2.0487 4.8667 28.1520 22.2554 0.6065 1.0014 0.3072
Tricar 0.0000 0 0.0000 -1.0000 -1.0000 -1.0000 -1.0000 1.4868 1.8872 3.5470 -10.3576 -10.9599 0.8837 1.4889 0.3606
Tricar 0.0000 0 0.0000 -1.0000 -1.0000 -1.0000 -1.0000 1.3728 1.7992 3.1488 33.1919 19.4931 0.4415 1.3211 0.3500
Cyclist 0.0000 0 0.0000 -1.0000 -1.0000 -1.0000 -1.0000 0.7563 1.5119 1.7556 14.2415 -6.7397 0.7270 0.4447 0.7291
Cyclist 0.0000 0 0.0000 -1.0000 -1.0000 -1.0000 -1.0000 0.7238 1.5679 1.6963 29.9229 -17.7086 0.6045 -2.8480 0.6097
Cyclist 0.0000 0 0.0000 -1.0000 -1.0000 -1.0000 -1.0000 0.7401 1.5416 1.7209 -1.4618 -6.9073 0.7900 -1.8958 0.5724
Cyclist 0.0000 0 0.0000 -1.0000 -1.0000 -1.0000 -1.0000 0.8875 1.6118 1.8490 -1.4664 6.3591 0.7354 -0.8142 0.5028
Cyclist 0.0000 0 0.0000 -1.0000 -1.0000 -1.0000 -1.0000 0.7526 1.5064 1.7609 -4.2851 5.1740 0.7406 1.0419 0.4575
Cyclist 0.0000 0 0.0000 -1.0000 -1.0000 -1.0000 -1.0000 0.7062 1.3125 1.7287 -3.2303 24.1127 0.3775 1.2882 0.4557
Cyclist 0.0000 0 0.0000 -1.0000 -1.0000 -1.0000 -1.0000 0.8232 1.5944 1.8259 57.9399 4.0539 0.1643 2.8765 0.4554
Cyclist 0.0000 0 0.0000 -1.0000 -1.0000 -1.0000 -1.0000 0.7712 1.5479 1.7396 -2.3501 4.5269 0.7191 -2.0511 0.4436
Cyclist 0.0000 0 0.0000 -1.0000 -1.0000 -1.0000 -1.0000 0.6936 1.4997 1.6694 -24.5767 22.6095 0.5314 2.9925 0.4316
Cyclist 0.0000 0 0.0000 -1.0000 -1.0000 -1.0000 -1.0000 0.7555 1.5427 1.7424 -15.1172 16.8653 0.5076 1.9303 0.4273
Cyclist 0.0000 0 0.0000 -1.0000 -1.0000 -1.0000 -1.0000 0.8188 1.5318 1.9153 29.1987 -26.2781 0.5744 1.4031 0.3745
Cyclist 0.0000 0 0.0000 -1.0000 -1.0000 -1.0000 -1.0000 0.8354 1.5720 1.8393 -0.3334 25.8050 0.4630 -1.7767 0.3265
Cyclist 0.0000 0 0.0000 -1.0000 -1.0000 -1.0000 -1.0000 0.7223 1.2267 1.7420 4.2669 30.6676 0.3532 0.2868 0.3006
