Car 0.0000 0 0.0000 -1.0000 -1.0000 -1.0000 -1.0000 1.9231 1.4985 4.5510 -54.4243 -8.9367 0.1493 -2.8273 0.5654
Car 0.0000 0 0.0000 -1.0000 -1.0000 -1.0000 -1.0000 1.9169 1.5359 4.4383 20.8120 7.3447 1.1186 0.1850 0.5508
Car 0.0000 0 0.0000 -1.0000 -1.0000 -1.0000 -1.0000 1.9351 1.5588 4.5937 6.4900 15.0148 0.6015 -1.1802 0.4260
Car 0.0000 0 0.0000 -1.0000 -1.0000 -1.0000 -1.0000 1.9659 1.8022 4.6543 10.6894 17.0212 0.7927 -1.2193 0.4189
Car 0.0000 0 0.0000 -1.0000 -1.0000 -1.0000 -1.0000 1.9977 1.6684 4.7195 -62.0721 2.1384 -0.3236 -2.8321 0.3766
Truck 0.0000 0 0.0000 -1.0000 -1.0000 -1.0000 -1.0000 2.2880 2.3893 5.9688 -12.5957 -6.2926 1.2868 2.2906 0.4573
Tricar 0.0000 0 0.0000 -1.0000 -1.0000 -1.0000 -1.0000 1.3827 1.7667 3.5854 3.4944 -4.8530 1.2817 0.1423 0.7123
Tricar 0.0000 0 0.0000 -1.0000 -1.0000 -1.0000 -1.0000 1.1842 1.5316 2.7683 11.6826 -3.3230 1.2132 0.2595 0.4153
Cyclist 0.0000 0 0.0000 -1.0000 -1.0000 -1.0000 -1.0000 0.6633 1.1728 1.6918 5.0806 20.3284 -0.1738 -2.9139 0.3261
Cyclist 0.0000 0 0.0000 -1.0000 -1.0000 -1.0000 -1.0000 0.7837 1.6026 1.7545 -66.9342 -8.8885 -0.0830 -2.6959 0.3005
