Car 0.0000 0 0.0000 -1.0000 -1.0000 -1.0000 -1.0000 1.9789 1.5266 4.5532 -10.2147 3.3871 0.7367 3.1296 0.7959
Car 0.0000 0 0.0000 -1.0000 -1.0000 -1.0000 -1.0000 2.0318 1.6842 4.5868 -3.5613 4.1192 0.8665 -0.0200 0.6256
Car 0.0000 0 0.0000 -1.0000 -1.0000 -1.0000 -1.0000 2.0025 1.6111 4.6830 54.9450 6.2055 0.8279 2.7752 0.4881
Car 0.0000 0 0.0000 -1.0000 -1.0000 -1.0000 -1.0000 1.9475 1.4868 4.6104 20.7594 33.5236 0.1581 -1.2310 0.4868
Car 0.0000 0 0.0000 -1.0000 -1.0000 -1.0000 -1.0000 1.8931 1.5590 4.5179 12.9538 41.3120 -0.0689 -1.1974 0.3883
Car 0.0000 0 0.0000 -1.0000 -1.0000 -1.0000 -1.0000 2.0287 1.6729 4.7059 -40.2234 3.9676 0.6749 3.0869 0.3621
Car 0.0000 0 0.0000 -1.0000 -1.0000 -1.0000 -1.0000 1.9833 1.7020 4.7241 -74.8758 4.7176 0.2624 2.9501 0.3604
Car 0.0000 0 0.0000 -1.0000 -1.0000 -1.0000 -1.0000 1.9151 1.4869 4.5299 -46.2930 3.3194 0.4230 3.1406 0.3482
Car 0.0000 0 0.0000 -1.0000 -1.0000 -1.0000 -1.0000 1.9118 1.6462 4.6667 47.0032 -37.0606 2.0949 1.8350 0.3039
Truck 0.0000 0 0.0000 -1.0000 -1.0000 -1.0000 -1.0000 2.3893 2.2872 6.2371 -35.0978 12.2325 0.8326 -0.0325 0.5494
Truck 0.0000 0 0.0000 -1.0000 -1.0000 -1.0000 -1.0000 2.0170 1.9955 5.1045 -18.5617 4.3707 0.9914 3.1399 0.4728
Truck 0.0000 0 0.0000 -1.0000 -1.0000 -1.0000 -1.0000 1.9905 1.9445 4.9816 -24.1690 3.4647 0.9255 0.0055 0.4203
Cyclist 0.0000 0 0.0000 -1.0000 -1.0000 -1.0000 -1.0000 0.7269 1.4905 1.6943 -1.3436 -2.6986 0.7526 0.0248 0.5955
Cyclist 0.0000 0 0.0000 -1.0000 -1.0000 -1.0000 -1.0000 0.7143 1.4628 1.7403 14.5168 28.3580 0.0904 0.6947 0.5484
Cyclist 0.0000 0 0.0000 -1.0000 -1.0000 -1.0000 -1.0000 0.7826 1.5773 1.7674 51.3098 -4.4247 0.9725 1.3493 0.5295
Cyclist 0.0000 0 0.0000 -1.0000 -1.0000 -1.0000 -1.0000 0.7508 1.4348 1.7376 0.3815 -5.3402 0.7852 2.9278 0.5253
Cyclist 0.0000 0 0.0000 -1.0000 -1.0000 -1.0000 -1.0000 0.7489 1.5586 1.6963 42.3085 -0.3389 0.9862 2.8957 0.5034
Cyclist 0.0000 0 0.0000 -1.0000 -1.0000 -1.0000 -1.0000 0.8474 1.5872 1.7644 4.7634 -2.3125 0.8503 -2.9375 0.4734
Cyclist 0.0000 0 0.0000 -1.0000 -1.0000 -1.0000 -1.0000 0.7842 1.5227 1.7353 7.8817 -2.3294 0.8165 -3.0775 0.4672
Cyclist 0.0000 0 0.0000 -1.0000 -1.0000 -1.0000 -1.0000 0.7786 1.5400 1.7133 11.4727 -0.9057 0.8464 -2.8141 0.4333
Cyclist 0.0000 0 0.0000 -1.0000 -1.0000 -1.0000 -1.0000 0.8035 1.5142 1.7812 12.0886 -2.1732 0.8319 -2.7284 0.3909
Cyclist 0.0000 0 0.0000 -1.0000 -1.0000 -1.0000 -1.0000 0.7757 1.5485 1.7297 14.7345 -2.2076 0.8997 0.4258 0.3789
Cyclist 0.0000 0 0.0000 -1.0000 -1.0000 -1.0000 -1.0000 0.9464 1.6259 1.9445 7.2339 26.4965 0.1623 -0.9021 0.3097
