Car 0.0000 0 0.0000 -1.0000 -1.0000 -1.0000 -1.0000 1.9890 1.4600 4.6096 -8.3031 -3.5741 0.7891 0.0477 0.8024
Car 0.0000 0 0.0000 -1.0000 -1.0000 -1.0000 -1.0000 1.9221 1.4238 4.4304 -16.6679 -0.8286 0.8026 -3.0013 0.7939
Car 0.0000 0 0.0000 -1.0000 -1.0000 -1.0000 -1.0000 1.9749 1.4235 4.4844 -9.2522 0.4944 0.7643 -3.1046 0.7317
Car 0.0000 0 0.0000 -1.0000 -1.0000 -1.0000 -1.0000 2.0571 1.7831 4.6795 -31.5347 -6.9585 1.0396 -3.0627 0.7237
Car 0.0000 0 0.0000 -1.0000 -1.0000 -1.0000 -1.0000 2.0137 1.5116 4.5826 23.3680 0.3959 0.7086 -3.1362 0.7147
Car 0.0000 0 0.0000 -1.0000 -1.0000 -1.0000 -1.0000 1.9745 1.5346 4.5164 20.5322 -3.6679 0.7387 3.1356 0.6840
Car 0.0000 0 0.0000 -1.0000 -1.0000 -1.0000 -1.0000 1.9564 1.5379 4.6321 -2.1595 11.8494 0.4247 3.1275 0.5836
Car 0.0000 0 0.0000 -1.0000 -1.0000 -1.0000 -1.0000 1.9731 1.5022 4.5887 48.1652 10.6476 0.4860 -0.0156 0.5402
Car 0.0000 0 0.0000 -1.0000 -1.0000 -1.0000 -1.0000 1.9442 1.7817 4.4575 43.7476 -3.1245 0.9178 3.1370 0.5260
Car 0.0000 0 0.0000 -1.0000 -1.0000 -1.0000 -1.0000 2.0497 1.7639 4.7053 32.4085 -3.5940 0.8711 0.0248 0.4846
Car 0.0000 0 0.0000 -1.0000 -1.0000 -1.0000 -1.0000 2.0321 1.6377 4.6023 12.0975 -0.0142 0.7374 -3.1387 0.4801
Car 0.0000 0 0.0000 -1.0000 -1.0000 -1.0000 -1.0000 1.9678 1.8208 4.7216 -25.5920 38.8455 0.0823 1.5060 0.4716
Car 0.0000 0 0.0000 -1.0000 -1.0000 -1.0000 -1.0000 1.9992 1.5424 4.6544 66.2442 4.0365 0.7555 0.0262 0.4140
Car 0.0000 0 0.0000 -1.0000 -1.0000 -1.0000 -1.0000 1.8766 1.6947 4.3899 -22.5871 29.4180 0.0934 -1.3647 0.3974
Car 0.0000 0 0.0000 -1.0000 -1.0000 -1.0000 -1.0000 1.8857 1.4935 4.5303 -16.1026 36.9896 -0.0288 -1.6400 0.3723
Car 0.0000 0 0.0000 -1.0000 -1.0000 -1.0000 -1.0000 1.9412 1.6292 4.5389 44.8469 0.2738 0.8231 3.1395 0.3431
Car 0.0000 0 0.0000 -1.0000 -1.0000 -1.0000 -1.0000 1.9528 1.6772 4.6298 46.8669 38.6614 0.0351 0.0581 0.3407
Car 0.0000 0 0.0000 -1.0000 -1.0000 -1.0000 -1.0000 1.9295 1.6400 4.6632 67.4711 -3.4368 0.9290 3.0687 0.3333
Car 0.0000 0 0.0000 -1.0000 -1.0000 -1.0000 -1.0000 1.9511 1.6804 4.6305 58.0338 -3.4355 0.8982 -3.0771 0.3050
Truck 0.0000 0 0.0000 -1.0000 -1.0000 -1.0000 -1.0000 3.0647 3.7688 9.0209 5.8501 -3.2500 1.8258 0.0203 0.6608
Truck 0.0000 0 0.0000 -1.0000 -1.0000 -1.0000 -1.0000 3.0022 3.6022 9.8015 -39.5288 -3.0881 1.8692 3.1336 0.5879
Truck 0.0000 0 0.0000 -1.0000 -1.0000 -1.0000 -1.0000 2.9426 3.5354 10.8127 -35.3005 0.5469 1.9953 3.1152 0.5375
Pedestrian 0.0000 0 0.0000 -1.0000 -1.0000 -1.0000 -1.0000 0.7261 1.6598 0.6731 -21.9667 25.7986 0.0606 0.6129 0.4027
