Car 0.0000 0 0.0000 -1.0000 -1.0000 -1.0000 -1.0000 1.9508 1.5027 4.4593 6.2904 2.4780 0.7354 0.0235 0.8304
Car 0.0000 0 0.0000 -1.0000 -1.0000 -1.0000 -1.0000 1.9789 1.4466 4.5489 10.9005 5.2226 0.7228 0.0017 0.7489
Car 0.0000 0 0.0000 -1.0000 -1.0000 -1.0000 -1.0000 1.8978 1.6494 4.3747 -2.6933 5.2324 0.8060 -0.0091 0.7451
Car 0.0000 0 0.0000 -1.0000 -1.0000 -1.0000 -1.0000 1.9035 1.4839 4.5020 23.8821 5.0976 0.7289 3.1251 0.7216
Car 0.0000 0 0.0000 -1.0000 -1.0000 -1.0000 -1.0000 2.0118 1.7540 4.7087 -37.1336 -2.5030 0.9023 0.4013 0.7162
Car 0.0000 0 0.0000 -1.0000 -1.0000 -1.0000 -1.0000 2.0315 1.6454 4.7193 35.3345 2.2524 0.9250 0.0022 0.7119
Car 0.0000 0 0.0000 -1.0000 -1.0000 -1.0000 -1.0000 2.0237 1.6684 4.7161 3.3112 5.3923 0.7901 0.0004 0.6798
Car 0.0000 0 0.0000 -1.0000 -1.0000 -1.0000 -1.0000 1.9270 1.8469 4.4516 -8.8265 5.2484 0.9134 -0.0020 0.6531
Car 0.0000 0 0.0000 -1.0000 -1.0000 -1.0000 -1.0000 1.9072 1.4549 4.5009 30.2958 4.7313 0.7600 3.1258 0.6295
Car 0.0000 0 0.0000 -1.0000 -1.0000 -1.0000 -1.0000 1.9121 1.4602 4.4625 -21.4033 5.4453 0.6986 0.0147 0.6075
Car 0.0000 0 0.0000 -1.0000 -1.0000 -1.0000 -1.0000 1.9437 1.6245 4.5173 37.5229 5.3117 0.9297 3.1107 0.6007
Car 0.0000 0 0.0000 -1.0000 -1.0000 -1.0000 -1.0000 1.8614 1.4405 4.4176 -14.8548 5.2897 0.6642 0.0070 0.5938
Car 0.0000 0 0.0000 -1.0000 -1.0000 -1.0000 -1.0000 1.9445 1.4659 4.5114 18.2718 5.3331 0.7180 3.1390 0.5916
Car 0.0000 0 0.0000 -1.0000 -1.0000 -1.0000 -1.0000 1.9448 1.5256 4.5764 6.9582 11.6788 0.4813 -3.1371 0.5154
Car 0.0000 0 0.0000 -1.0000 -1.0000 -1.0000 -1.0000 2.1513 2.3450 5.1308 44.9751 5.1579 1.3162 3.1238 0.4271
Car 0.0000 0 0.0000 -1.0000 -1.0000 -1.0000 -1.0000 2.0185 1.8177 4.5493 15.1572 0.0158 0.9600 0.0019 0.3475
Truck 0.0000 0 0.0000 -1.0000 -1.0000 -1.0000 -1.0000 2.9531 3.3163 8.8355 28.6911 11.8970 1.5040 -3.1237 0.6680
Truck 0.0000 0 0.0000 -1.0000 -1.0000 -1.0000 -1.0000 2.9793 3.1161 11.7390 -4.1072 11.7878 1.3923 0.0288 0.6666
Cyclist 0.0000 0 0.0000 -1.0000 -1.0000 -1.0000 -1.0000 0.8268 1.6102 1.7728 -53.2779 13.8794 0.7560 0.0014 0.4225
Cyclist 0.0000 0 0.0000 -1.0000 -1.0000 -1.0000 -1.0000 0.8354 1.5462 1.8276 -19.6667 -10.7215 0.7174 -0.0528 0.3797
Cyclist 0.0000 0 0.0000 -1.0000 -1.0000 -1.0000 -1.0000 0.7739 1.4880 1.7891 -3.7427 -11.5843 0.7419 -0.0334 0.3759
Cyclist 0.0000 0 0.0000 -1.0000 -1.0000 -1.0000 -1.0000 0.7599 1.5593 1.7121 -50.4918 -11.6361 0.9956 0.0318 0.3663
Cyclist 0.0000 0 0.0000 -1.0000 -1.0000 -1.0000 -1.0000 0.8040 1.5569 1.7519 -51.8579 15.7054 0.7112 0.0302 0.3509
Cyclist 0.0000 0 0.0000 -1.0000 -1.0000 -1.0000 -1.0000 0.6939 1.5078 1.6657 -35.1042 -17.9522 0.7899 -2.5789 0.3346
Pedestrian 0.0000 0 0.0000 -1.0000 -1.0000 -1.0000 -1.0000 0.6772 1.6290 0.6041 -37.0131 18.4655 0.4480 -0.1720 0.5141
Pedestrian 0.0000 0 0.0000 -1.0000 -1.0000 -1.0000 -1.0000 0.6814 1.6295 0.5855 -35.4900 -12.2736 0.8600 -2.8323 0.3310
