Car 0.0000 0 0.0000 -1.0000 -1.0000 -1.0000 -1.0000 1.9818 1.5056 4.5720 -6.5862 -4.0198 0.7281 -0.0348 0.7536
Car 0.0000 0 0.0000 -1.0000 -1.0000 -1.0000 -1.0000 1.9505 1.4297 4.5074 5.3387 -3.6981 0.7538 3.1411 0.7328
Car 0.0000 0 0.0000 -1.0000 -1.0000 -1.0000 -1.0000 2.0271 1.6883 4.6005 -12.4853 -3.8265 0.8698 3.1170 0.6392
Car 0.0000 0 0.0000 -1.0000 -1.0000 -1.0000 -1.0000 1.9072 1.4872 4.4647 11.3308 -3.6956 0.7821 0.0103 0.4986
Car 0.0000 0 0.0000 -1.0000 -1.0000 -1.0000 -1.0000 2.0698 1.6405 4.7153 -0.9257 -3.9346 0.8341 -0.0210 0.4803
Car 0.0000 0 0.0000 -1.0000 -1.0000 -1.0000 -1.0000 1.9191 1.5608 4.4670 -18.6628 -3.8156 0.8173 3.1281 0.4754
Car 0.0000 0 0.0000 -1.0000 -1.0000 -1.0000 -1.0000 1.8730 1.4712 4.4537 -30.6724 -3.7939 0.7815 -3.1025 0.4179
Car 0.0000 0 0.0000 -1.0000 -1.0000 -1.0000 -1.0000 1.8810 1.4195 4.5033 17.3468 -3.6937 0.7177 0.0121 0.4179
Car 0.0000 0 0.0000 -1.0000 -1.0000 -1.0000 -1.0000 1.8905 1.4834 4.5376 -36.8239 -3.8890 0.8401 -3.1001 0.3814
Car 0.0000 0 0.0000 -1.0000 -1.0000 -1.0000 -1.0000 1.9654 1.4975 4.5916 13.4781 0.0592 0.8078 -0.0327 0.3794
Car 0.0000 0 0.0000 -1.0000 -1.0000 -1.0000 -1.0000 1.8531 1.4421 4.4407 -24.9615 -3.7785 0.7593 0.0294 0.3779
Car 0.0000 0 0.0000 -1.0000 -1.0000 -1.0000 -1.0000 1.9048 1.4777 4.5719 -42.1080 -3.9268 0.8684 -3.0773 0.3079
Cyclist 0.0000 0 0.0000 -1.0000 -1.0000 -1.0000 -1.0000 0.7657 1.4242 1.7931 -17.9105 5.8668 0.6691 0.0669 0.6465
Cyclist 0.0000 0 0.0000 -1.0000 -1.0000 -1.0000 -1.0000 0.7385 1.4844 1.7396 -33.1364 -0.8383 0.8157 -3.1208 0.5605
