Car 0.0000 0 0.0000 -1.0000 -1.0000 -1.0000 -1.0000 2.0215 1.4686 4.6396 16.1872 3.2354 0.6792 0.0266 0.8102
Car 0.0000 0 0.0000 -1.0000 -1.0000 -1.0000 -1.0000 1.9371 1.5318 4.5657 4.5170 -8.3269 0.7596 -3.0827 0.7659
Car 0.0000 0 0.0000 -1.0000 -1.0000 -1.0000 -1.0000 2.0480 1.6913 4.7522 27.6251 3.1828 0.7932 0.0296 0.7586
Car 0.0000 0 0.0000 -1.0000 -1.0000 -1.0000 -1.0000 1.9475 1.6718 4.5138 -6.8612 5.2851 0.7931 -3.1377 0.7461
Car 0.0000 0 0.0000 -1.0000 -1.0000 -1.0000 -1.0000 1.9531 1.5218 4.5422 -31.8351 4.5106 0.9254 -0.0024 0.6971
Car 0.0000 0 0.0000 -1.0000 -1.0000 -1.0000 -1.0000 1.9052 1.5131 4.5251 10.4289 -9.0316 0.7293 3.1381 0.6704
Car 0.0000 0 0.0000 -1.0000 -1.0000 -1.0000 -1.0000 1.9215 1.4810 4.5237 -10.9638 2.2088 0.7321 -3.1186 0.6676
Car 0.0000 0 0.0000 -1.0000 -1.0000 -1.0000 -1.0000 2.0667 1.7757 4.8609 -24.3088 -0.1296 1.0328 -0.0831 0.6154
Car 0.0000 0 0.0000 -1.0000 -1.0000 -1.0000 -1.0000 1.9624 1.5494 4.5968 61.3940 4.4518 0.5680 0.0360 0.5590
Car 0.0000 0 0.0000 -1.0000 -1.0000 -1.0000 -1.0000 1.9203 1.5289 4.5345 -11.0171 8.2945 0.6767 -3.1265 0.5532
Car 0.0000 0 0.0000 -1.0000 -1.0000 -1.0000 -1.0000 1.8893 1.4829 4.4998 -12.9494 -26.2719 0.9945 -1.5439 0.5376
Car 0.0000 0 0.0000 -1.0000 -1.0000 -1.0000 -1.0000 1.8827 1.6337 4.4457 -12.9087 4.9987 0.7718 -3.0820 0.4989
Car 0.0000 0 0.0000 -1.0000 -1.0000 -1.0000 -1.0000 1.9643 1.4705 4.6168 21.0082 6.3645 0.6182 3.1332 0.4946
Car 0.0000 0 0.0000 -1.0000 -1.0000 -1.0000 -1.0000 1.9469 1.5812 4.6733 72.8392 -1.5371 0.5800 0.0456 0.4550
Car 0.0000 0 0.0000 -1.0000 -1.0000 -1.0000 -1.0000 1.9264 1.5123 4.5464 14.6027 6.7736 0.6752 -3.0774 0.4399
Car 0.0000 0 0.0000 -1.0000 -1.0000 -1.0000 -1.0000 1.8809 1.4623 4.5261 -12.2743 -31.8436 1.0236 -1.8212 0.4133
Car 0.0000 0 0.0000 -1.0000 -1.0000 -1.0000 -1.0000 1.9809 1.5622 4.5713 32.6772 0.0283 0.6891 0.0312 0.3903
Car 0.0000 0 0.0000 -1.0000 -1.0000 -1.0000 -1.0000 1.8677 1.5245 4.4800 -36.7101 12.8002 0.6487 -3.1205 0.3364
Car 0.0000 0 0.0000 -1.0000 -1.0000 -1.0000 -1.0000 1.9309 1.5836 4.5813 -57.5214 12.8572 1.0743 -0.1409 0.3307
Car 0.0000 0 0.0000 -1.0000 -1.0000 -1.0000 -1.0000 1.8626 1.5701 4.3407 20.6147 -8.9002 0.7370 -0.1132 0.3280
Car 0.0000 0 0.0000 -1.0000 -1.0000 -1.0000 -1.0000 1.8975 1.6456 4.5412 -16.8682 -37.5413 1.2254 1.4985 0.3223
Truck 0.0000 0 0.0000 -1.0000 -1.0000 -1.0000 -1.0000 2.9654 3.1230 10.7070 5.2017 4.6260 1.4675 0.1414 0.7832
Tricar 0.0000 0 0.0000 -1.0000 -1.0000 -1.0000 -1.0000 1.4084 1.7924 3.5165 -21.5725 13.9102 0.6685 1.5855 0.3284
Tricar 0.0000 0 0.0000 -1.0000 -1.0000 -1.0000 -1.0000 1.1247 1.5978 2.7022 -10.3389 -5.1305 0.8025 -1.8625 0.3161
Cyclist 0.0000 0 0.0000 -1.0000 -1.0000 -1.0000 -1.0000 0.7785 1.5832 1.7362 12.0121 -6.2428 0.7987 3.1049 0.6082
Cyclist 0.0000 0 0.0000 -1.0000 -1.0000 -1.0000 -1.0000 0.8311 1.5715 1.7813 -18.2803 -8.5308 0.8073 -0.1822 0.5264
Cyclist 0.0000 0 0.0000 -1.0000 -1.0000 -1.0000 -1.0000 0.7648 1.5287 1.7636 28.7633 -7.3633 0.6129 -3.0829 0.4811
Cyclist 0.0000 0 0.0000 -1.0000 -1.0000 -1.0000 -1.0000 0.8397 1.5713 1.8298 -22.7915 -7.9450 0.8579 -3.1405 0.4728
Cyclist 0.0000 0 0.0000 -1.0000 -1.0000 -1.0000 -1.0000 0.7356 1.5033 1.7446 26.2121 -6.2030 0.7023 -3.0861 0.4600
Cyclist 0.0000 0 0.0000 -1.0000 -1.0000 -1.0000 -1.0000 0.7605 1.5741 1.7116 -17.3303 4.0677 0.8281 3.0990 0.4495
Cyclist 0.0000 0 0.0000 -1.0000 -1.0000 -1.0000 -1.0000 0.8928 1.5865 1.9253 -10.1981 -4.9202 0.8131 1.2338 0.3840
Cyclist 0.0000 0 0.0000 -1.0000 -1.0000 -1.0000 -1.0000 0.7246 1.5338 1.6952 52.9297 -7.2042 0.5823 3.1346 0.3664
Cyclist 0.0000 0 0.0000 -1.0000 -1.0000 -1.0000 -1.0000 0.7462 1.5647 1.7090 29.3068 6.8308 0.6918 0.0341 0.3651
Cyclist 0.0000 0 0.0000 -1.0000 -1.0000 -1.0000 -1.0000 0.7814 1.5602 1.7536 -10.7399 -5.9165 0.7523 -2.0304 0.3291
Pedestrian 0.0000 0 0.0000 -1.0000 -1.0000 -1.0000 -1.0000 0.6620 1.6098 0.5916 -5.1522 -13.8698 0.9177 0.0462 0.6084
Pedestrian 0.0000 0 0.0000 -1.0000 -1.0000 -1.0000 -1.0000 0.7135 1.6329 0.6780 -6.6342 -5.2151 0.8926 0.5074 0.5313
Pedestrian 0.0000 0 0.0000 -1.0000 -1.0000 -1.0000 -1.0000 0.6951 1.6740 0.6505 -21.4212 -3.0052 0.9876 3.0417 0.5094
Pedestrian 0.0000 0 0.0000 -1.0000 -1.0000 -1.0000 -1.0000 0.6779 1.7312 0.6048 -12.2470 -12.4515 0.9202 1.5203 0.4874
Pedestrian 0.0000 0 0.0000 -1.0000 -1.0000 -1.0000 -1.0000 0.6678 1.6307 0.5980 21.6171 -2.8939 0.8370 0.0108 0.4096
Pedestrian 0.0000 0 0.0000 -1.0000 -1.0000 -1.0000 -1.0000 0.7015 1.6555 0.6575 -41.4864 -8.8030 0.9904 0.1284 0.4034
Pedestrian 0.0000 0 0.0000 -1.0000 -1.0000 -1.0000 -1.0000 0.7040 1.6607 0.6826 -17.4398 -6.5433 0.9218 2.9833 0.3720
Pedestrian 0.0000 0 0.0000 -1.0000 -1.0000 -1.0000 -1.0000 0.7172 1.6426 0.6737 -3.0174 -7.8154 0.8639 0.1022 0.3076
