Car 0.0000 0 0.0000 -1.0000 -1.0000 -1.0000 -1.0000 2.0597 1.4894 4.6956 -21.8109 0.7439 0.7823 2.9227 0.8239
Car 0.0000 0 0.0000 -1.0000 -1.0000 -1.0000 -1.0000 1.9171 1.6650 4.4730 23.3983 5.9572 0.7673 3.1352 0.7111
Car 0.0000 0 0.0000 -1.0000 -1.0000 -1.0000 -1.0000 1.9394 1.5001 4.5677 8.0959 8.7941 0.6206 3.1198 0.7005
Car 0.0000 0 0.0000 -1.0000 -1.0000 -1.0000 -1.0000 1.9305 1.4753 4.4971 46.1716 6.4665 0.9541 3.0959 0.6754
Car 0.0000 0 0.0000 -1.0000 -1.0000 -1.0000 -1.0000 2.0054 1.6321 4.7603 -61.9949 -2.4722 0.7893 -3.1408 0.6650
Car 0.0000 0 0.0000 -1.0000 -1.0000 -1.0000 -1.0000 1.8777 1.4668 4.4813 30.0666 6.0865 0.7179 0.0304 0.6642
Car 0.0000 0 0.0000 -1.0000 -1.0000 -1.0000 -1.0000 1.9874 1.4425 4.5403 47.9783 1.2378 1.0627 0.0083 0.6573
Car 0.0000 0 0.0000 -1.0000 -1.0000 -1.0000 -1.0000 1.9060 1.4106 4.5257 39.1234 6.6275 0.8410 3.1099 0.6546
Car 0.0000 0 0.0000 -1.0000 -1.0000 -1.0000 -1.0000 1.9915 1.8819 4.6981 1.5708 8.5740 0.8137 3.0830 0.6238
Car 0.0000 0 0.0000 -1.0000 -1.0000 -1.0000 -1.0000 1.9347 1.8075 4.5514 -12.2070 8.8702 0.7693 3.0832 0.6186
Car 0.0000 0 0.0000 -1.0000 -1.0000 -1.0000 -1.0000 1.9400 1.7880 4.5534 14.7714 8.9378 0.7266 3.1136 0.5971
Car 0.0000 0 0.0000 -1.0000 -1.0000 -1.0000 -1.0000 1.9482 1.8917 4.6086 -4.3522 8.5136 0.8131 3.0957 0.5856
Car 0.0000 0 0.0000 -1.0000 -1.0000 -1.0000 -1.0000 1.9306 1.6699 4.5236 -18.4088 8.4885 0.7543 0.0058 0.5838
Car 0.0000 0 0.0000 -1.0000 -1.0000 -1.0000 -1.0000 1.9163 1.4752 4.4699 0.1194 5.4685 0.6962 0.0182 0.5543
Car 0.0000 0 0.0000 -1.0000 -1.0000 -1.0000 -1.0000 1.9251 1.6565 4.5277 -43.4968 -9.7843 0.8719 -1.2321 0.5379
Car 0.0000 0 0.0000 -1.0000 -1.0000 -1.0000 -1.0000 1.9008 1.4478 4.4776 -12.0063 5.5749 0.6356 0.0158 0.5261
Car 0.0000 0 0.0000 -1.0000 -1.0000 -1.0000 -1.0000 1.9509 1.4809 4.5131 7.5223 6.0978 0.6470 0.0031 0.5094
Car 0.0000 0 0.0000 -1.0000 -1.0000 -1.0000 -1.0000 1.9081 1.4315 4.5127 -18.5688 5.6555 0.6720 3.1307 0.4832
Car 0.0000 0 0.0000 -1.0000 -1.0000 -1.0000 -1.0000 1.9794 1.5147 4.5346 -74.2154 -5.5273 0.8421 -0.0582 0.4691
Car 0.0000 0 0.0000 -1.0000 -1.0000 -1.0000 -1.0000 1.7764 1.5490 4.3654 19.6609 8.9047 0.5768 3.1205 0.4656
Car 0.0000 0 0.0000 -1.0000 -1.0000 -1.0000 -1.0000 1.8373 1.6557 4.5139 -73.3926 8.8151 0.6191 -0.0151 0.4448
Car 0.0000 0 0.0000 -1.0000 -1.0000 -1.0000 -1.0000 1.9052 1.7448 4.4960 76.6936 6.3489 1.6392 3.1308 0.4083
Car 0.0000 0 0.0000 -1.0000 -1.0000 -1.0000 -1.0000 1.9211 1.8311 4.6152 -38.5099 -27.9077 0.9951 1.3218 0.4072
Car 0.0000 0 0.0000 -1.0000 -1.0000 -1.0000 -1.0000 1.9408 1.6029 4.6642 -64.0190 0.6391 0.7603 3.0522 0.4031
Car 0.0000 0 0.0000 -1.0000 -1.0000 -1.0000 -1.0000 1.9430 1.4835 4.5906 -5.4699 5.9853 0.6283 -0.0312 0.3816
Car 0.0000 0 0.0000 -1.0000 -1.0000 -1.0000 -1.0000 2.0087 1.9259 4.7156 15.3810 5.8099 0.8526 3.1381 0.3527
Car 0.0000 0 0.0000 -1.0000 -1.0000 -1.0000 -1.0000 1.9237 1.5777 4.5696 -68.2569 -2.2163 0.7913 3.0561 0.3511
Car 0.0000 0 0.0000 -1.0000 -1.0000 -1.0000 -1.0000 1.8728 1.4643 4.5224 -17.7744 22.6187 0.0591 -3.1311 0.3412
Car 0.0000 0 0.0000 -1.0000 -1.0000 -1.0000 -1.0000 1.8533 1.5474 4.4534 -41.7413 -25.7221 0.7392 1.2656 0.3119
Truck 0.0000 0 0.0000 -1.0000 -1.0000 -1.0000 -1.0000 2.9812 3.2441 10.9622 -35.8334 12.7348 1.4534 -1.1141 0.5591
Cyclist 0.0000 0 0.0000 -1.0000 -1.0000 -1.0000 -1.0000 0.8576 1.5277 1.8804 -18.5154 -10.8635 0.8270 -0.1667 0.4061
Cyclist 0.0000 0 0.0000 -1.0000 -1.0000 -1.0000 -1.0000 0.7548 1.5817 1.7121 -14.0990 18.3854 0.3366 3.0976 0.3944
Cyclist 0.0000 0 0.0000 -1.0000 -1.0000 -1.0000 -1.0000 0.7365 1.5342 1.6898 39.8017 -12.9828 0.8435 -3.0891 0.3919
Cyclist 0.0000 0 0.0000 -1.0000 -1.0000 -1.0000 -1.0000 0.7691 1.4768 1.7691 -18.0054 -9.5260 0.7992 2.9245 0.3472
Cyclist 0.0000 0 0.0000 -1.0000 -1.0000 -1.0000 -1.0000 0.7239 1.5432 1.6751 -13.4889 -11.5363 0.8440 -0.0879 0.3466
Cyclist 0.0000 0 0.0000 -1.0000 -1.0000 -1.0000 -1.0000 0.7198 1.5647 1.6812 -21.7946 15.4239 0.3906 0.0079 0.3291
Cyclist 0.0000 0 0.0000 -1.0000 -1.0000 -1.0000 -1.0000 0.6717 1.4497 1.6564 -12.1977 13.6477 0.4437 3.0786 0.3073
Pedestrian 0.0000 0 0.0000 -1.0000 -1.0000 -1.0000 -1.0000 0.7099 1.6605 0.7151 -30.8684 -10.1203 0.8529 0.4138 0.5456
Pedestrian 0.0000 0 0.0000 -1.0000 -1.0000 -1.0000 -1.0000 0.7087 1.6823 0.6614 50.3180 -12.8174 1.3700 0.0415 0.3654
Pedestrian 0.0000 0 0.0000 -1.0000 -1.0000 -1.0000 -1.0000 0.7233 1.6907 0.6702 54.4632 5.8417 1.2388 0.5910 0.3314
