Car 0.0000 0 0.0000 -1.0000 -1.0000 -1.0000 -1.0000 1.9947 1.6536 4.6693 6.7694 -18.2097 1.0699 1.6116 0.7086
Car 0.0000 0 0.0000 -1.0000 -1.0000 -1.0000 -1.0000 1.9330 1.4334 4.5726 -4.2322 -17.6139 0.9268 -1.5891 0.6369
Car 0.0000 0 0.0000 -1.0000 -1.0000 -1.0000 -1.0000 1.9383 1.4989 4.6114 -25.4162 21.3097 0.7763 1.6386 0.6246
Car 0.0000 0 0.0000 -1.0000 -1.0000 -1.0000 -1.0000 1.9049 1.4902 4.5305 -33.8258 -33.4209 1.4539 1.5954 0.6245
Car 0.0000 0 0.0000 -1.0000 -1.0000 -1.0000 -1.0000 1.9734 1.4427 4.6395 13.7723 22.1108 0.6425 -1.5396 0.6192
Car 0.0000 0 0.0000 -1.0000 -1.0000 -1.0000 -1.0000 1.9673 1.5848 4.6546 2.9385 16.2669 0.7271 -1.5640 0.6179
Car 0.0000 0 0.0000 -1.0000 -1.0000 -1.0000 -1.0000 1.9599 1.4968 4.6027 -31.6499 17.7583 0.7708 -1.5488 0.5990
Car 0.0000 0 0.0000 -1.0000 -1.0000 -1.0000 -1.0000 1.9569 1.7847 4.6252 1.2967 -23.2868 1.2133 1.5438 0.5781
Car 0.0000 0 0.0000 -1.0000 -1.0000 -1.0000 -1.0000 1.9193 1.5118 4.6086 8.4668 -33.2973 1.2156 -1.4402 0.5690
Car 0.0000 0 0.0000 -1.0000 -1.0000 -1.0000 -1.0000 1.9360 1.5379 4.6103 5.2971 -33.6708 1.2789 1.5998 0.5523
Car 0.0000 0 0.0000 -1.0000 -1.0000 -1.0000 -1.0000 1.8892 1.5139 4.5024 -2.7829 -33.4657 1.2594 1.6617 0.5371
Car 0.0000 0 0.0000 -1.0000 -1.0000 -1.0000 -1.0000 1.9382 1.5169 4.6237 0.5148 -33.3975 1.2466 1.6226 0.5288
Car 0.0000 0 0.0000 -1.0000 -1.0000 -1.0000 -1.0000 1.8826 1.4873 4.5623 -36.9806 -33.8011 1.4014 1.5273 0.5091
Car 0.0000 0 0.0000 -1.0000 -1.0000 -1.0000 -1.0000 2.1022 1.5769 4.7040 -30.5789 -0.3914 1.0015 -3.0611 0.5030
Car 0.0000 0 0.0000 -1.0000 -1.0000 -1.0000 -1.0000 1.9015 1.4709 4.5326 21.2285 24.4841 0.7378 1.4966 0.4967
Car 0.0000 0 0.0000 -1.0000 -1.0000 -1.0000 -1.0000 1.9237 1.7245 4.5402 4.4699 -17.9596 1.1340 1.6087 0.4857
Car 0.0000 0 0.0000 -1.0000 -1.0000 -1.0000 -1.0000 1.9749 1.4793 4.5830 40.7889 0.1211 1.1450 0.0409 0.4809
Car 0.0000 0 0.0000 -1.0000 -1.0000 -1.0000 -1.0000 1.9442 1.5435 4.4497 30.1320 3.7890 0.9793 0.0079 0.4773
Car 0.0000 0 0.0000 -1.0000 -1.0000 -1.0000 -1.0000 1.8750 1.5376 4.5158 -40.8648 -22.4559 1.1758 1.2879 0.4508
Car 0.0000 0 0.0000 -1.0000 -1.0000 -1.0000 -1.0000 1.9195 1.4967 4.5689 -0.3097 19.3886 0.6694 -1.5244 0.4427
Car 0.0000 0 0.0000 -1.0000 -1.0000 -1.0000 -1.0000 2.0049 1.6998 4.7360 55.7492 3.6474 1.4862 0.0151 0.4425
Car 0.0000 0 0.0000 -1.0000 -1.0000 -1.0000 -1.0000 1.9467 1.9706 4.5407 -28.7546 21.4383 1.0720 1.5939 0.4285
Car 0.0000 0 0.0000 -1.0000 -1.0000 -1.0000 -1.0000 1.9202 1.6330 4.5895 29.3037 35.6779 0.9051 1.5438 0.4164
Car 0.0000 0 0.0000 -1.0000 -1.0000 -1.0000 -1.0000 1.9137 1.5506 4.5964 -21.2612 21.2966 0.7564 1.5246 0.4154
Car 0.0000 0 0.0000 -1.0000 -1.0000 -1.0000 -1.0000 1.9608 1.5314 4.6239 7.7398 22.2960 0.7763 -1.4936 0.4129
Car 0.0000 0 0.0000 -1.0000 -1.0000 -1.0000 -1.0000 1.9112 1.5245 4.5356 -34.2186 -23.0612 1.2153 1.6649 0.4103
Car 0.0000 0 0.0000 -1.0000 -1.0000 -1.0000 -1.0000 1.9051 1.5322 4.5720 -40.4334 -33.1598 1.4355 1.3847 0.3952
Car 0.0000 0 0.0000 -1.0000 -1.0000 -1.0000 -1.0000 1.9140 1.5148 4.6057 -37.3705 -23.1975 1.1721 1.5056 0.3933
Car 0.0000 0 0.0000 -1.0000 -1.0000 -1.0000 -1.0000 1.9266 1.5374 4.6351 -32.9251 37.6418 0.8805 1.4297 0.3869
Car 0.0000 0 0.0000 -1.0000 -1.0000 -1.0000 -1.0000 1.8803 1.5010 4.5372 -29.1816 37.9812 0.8247 -1.6288 0.3789
Car 0.0000 0 0.0000 -1.0000 -1.0000 -1.0000 -1.0000 1.9166 1.4365 4.5833 5.0793 16.3214 0.6542 -1.5271 0.3546
Car 0.0000 0 0.0000 -1.0000 -1.0000 -1.0000 -1.0000 1.8942 1.5128 4.5192 -1.1058 -22.9256 1.0570 1.4647 0.3341
Car 0.0000 0 0.0000 -1.0000 -1.0000 -1.0000 -1.0000 1.8800 1.5083 4.5463 22.5909 35.7809 0.6806 -1.4163 0.3334
Car 0.0000 0 0.0000 -1.0000 -1.0000 -1.0000 -1.0000 1.9187 1.4504 4.5829 16.7239 24.0476 0.6398 -1.5288 0.3239
Truck 0.0000 0 0.0000 -1.0000 -1.0000 -1.0000 -1.0000 2.6857 2.9235 7.0733 -52.3332 2.5078 1.7718 0.1526 0.4984
Tricar 0.0000 0 0.0000 -1.0000 -1.0000 -1.0000 -1.0000 0.9622 1.3643 2.3454 25.2323 -4.6043 0.8393 0.0491 0.3430
Tricar 0.0000 0 0.0000 -1.0000 -1.0000 -1.0000 -1.0000 0.9871 1.3607 2.3037 -9.8638 7.8922 0.5919 3.0324 0.3134
Cyclist 0.0000 0 0.0000 -1.0000 -1.0000 -1.0000 -1.0000 0.8135 1.5937 1.7637 51.2342 -4.5516 1.3311 3.0626 0.4593
Cyclist 0.0000 0 0.0000 -1.0000 -1.0000 -1.0000 -1.0000 0.8989 1.4892 2.0434 -9.9118 7.8602 0.6197 3.0411 0.4421
Cyclist 0.0000 0 0.0000 -1.0000 -1.0000 -1.0000 -1.0000 0.8920 1.4507 1.9968 25.1789 -4.5498 0.8329 0.0347 0.3873
Pedestrian 0.0000 0 0.0000 -1.0000 -1.0000 -1.0000 -1.0000 0.7263 1.6398 0.7018 -52.8129 13.8182 1.1938 -3.1350 0.3860
