Car 0.0000 0 0.0000 -1.0000 -1.0000 -1.0000 -1.0000 2.0403 1.6013 4.5687 19.8433 2.9513 1.1511 -0.0164 0.8409
Car 0.0000 0 0.0000 -1.0000 -1.0000 -1.0000 -1.0000 2.1538 1.7246 4.8323 -23.6205 0.1994 0.7635 -3.1350 0.7456
Car 0.0000 0 0.0000 -1.0000 -1.0000 -1.0000 -1.0000 1.9011 1.5191 4.5594 44.4837 -29.5406 1.4664 1.3842 0.5227
Car 0.0000 0 0.0000 -1.0000 -1.0000 -1.0000 -1.0000 1.9302 1.6405 4.6249 46.1365 37.0472 0.6672 -1.8017 0.5176
Car 0.0000 0 0.0000 -1.0000 -1.0000 -1.0000 -1.0000 1.9315 1.6200 4.6371 50.6039 32.2576 0.5630 1.3813 0.4426
Truck 0.0000 0 0.0000 -1.0000 -1.0000 -1.0000 -1.0000 2.3664 2.1884 6.0069 63.3223 -14.0337 1.7846 3.0100 0.3945
Truck 0.0000 0 0.0000 -1.0000 -1.0000 -1.0000 -1.0000 2.4416 2.6101 6.1064 47.3434 -19.1080 1.9438 1.3761 0.3909
Cyclist 0.0000 0 0.0000 -1.0000 -1.0000 -1.0000 -1.0000 0.8107 1.5906 1.7842 38.0023 23.9097 0.9042 2.7467 0.5966
Cyclist 0.0000 0 0.0000 -1.0000 -1.0000 -1.0000 -1.0000 0.7526 1.5456 1.7589 50.6974 -4.7400 1.3910 1.3766 0.4524
Cyclist 0.0000 0 0.0000 -1.0000 -1.0000 -1.0000 -1.0000 0.8129 1.5915 1.8172 53.9517 -2.9417 1.4067 1.3526 0.3977
Cyclist 0.0000 0 0.0000 -1.0000 -1.0000 -1.0000 -1.0000 0.8175 1.6056 1.8320 45.6353 4.2839 1.3283 1.4113 0.3809
