Car 0.0000 0 0.0000 -1.0000 -1.0000 -1.0000 -1.0000 2.0103 1.5695 4.6760 23.9569 13.5478 0.6825 0.1644 0.7371
Car 0.0000 0 0.0000 -1.0000 -1.0000 -1.0000 -1.0000 1.9708 1.5428 4.6510 -26.4697 4.6322 0.4946 2.9496 0.7357
Car 0.0000 0 0.0000 -1.0000 -1.0000 -1.0000 -1.0000 2.0843 1.5233 4.6920 -16.7813 3.9964 0.6236 -0.0180 0.7052
Car 0.0000 0 0.0000 -1.0000 -1.0000 -1.0000 -1.0000 1.9299 1.4512 4.6229 3.0676 -27.3830 0.7263 -1.5942 0.6005
Car 0.0000 0 0.0000 -1.0000 -1.0000 -1.0000 -1.0000 1.8907 1.9960 4.4755 -3.5061 20.6616 0.7090 -3.0883 0.4195
Car 0.0000 0 0.0000 -1.0000 -1.0000 -1.0000 -1.0000 1.9318 1.5109 4.5925 5.9718 -26.7482 0.7356 1.5986 0.3925
Truck 0.0000 0 0.0000 -1.0000 -1.0000 -1.0000 -1.0000 2.9761 3.2885 11.7652 6.8208 16.6311 1.5059 0.0500 0.7686
Truck 0.0000 0 0.0000 -1.0000 -1.0000 -1.0000 -1.0000 3.0711 3.2992 11.8266 -48.3071 7.1395 1.2339 -0.0835 0.7181
Truck 0.0000 0 0.0000 -1.0000 -1.0000 -1.0000 -1.0000 2.8391 3.0659 10.7128 23.6720 0.3953 1.5684 0.0440 0.6583
Truck 0.0000 0 0.0000 -1.0000 -1.0000 -1.0000 -1.0000 2.2787 2.2092 5.9462 36.1443 15.0153 0.9992 0.0192 0.4503
Truck 0.0000 0 0.0000 -1.0000 -1.0000 -1.0000 -1.0000 2.4466 2.8260 6.1271 15.3185 12.1570 1.3677 -2.9515 0.4487
Truck 0.0000 0 0.0000 -1.0000 -1.0000 -1.0000 -1.0000 2.0631 2.0697 5.2773 -18.3176 0.4893 0.8469 3.0893 0.4388
Truck 0.0000 0 0.0000 -1.0000 -1.0000 -1.0000 -1.0000 2.3122 2.1826 6.1973 -26.3682 19.0569 0.5646 -0.1312 0.4164
Tricar 0.0000 0 0.0000 -1.0000 -1.0000 -1.0000 -1.0000 1.1998 1.7152 2.6517 34.0614 -9.4096 0.8421 3.1313 0.4813
Tricar 0.0000 0 0.0000 -1.0000 -1.0000 -1.0000 -1.0000 1.3288 1.5789 3.2587 51.7293 -9.3844 0.7274 -3.0754 0.4790
Cyclist 0.0000 0 0.0000 -1.0000 -1.0000 -1.0000 -1.0000 0.7595 1.5485 1.7591 -36.8947 -7.2349 0.2408 -0.1184 0.6785
Cyclist 0.0000 0 0.0000 -1.0000 -1.0000 -1.0000 -1.0000 0.8095 1.5049 1.8308 3.1012 -11.1072 0.6856 2.9885 0.6465
Cyclist 0.0000 0 0.0000 -1.0000 -1.0000 -1.0000 -1.0000 0.7914 1.5489 1.8176 -8.1615 -3.6737 0.7133 3.1156 0.6378
Cyclist 0.0000 0 0.0000 -1.0000 -1.0000 -1.0000 -1.0000 0.8160 1.6153 1.7916 -11.9290 35.1735 0.0506 -0.7071 0.5905
Cyclist 0.0000 0 0.0000 -1.0000 -1.0000 -1.0000 -1.0000 0.7725 1.5658 1.7795 11.6726 -7.5996 0.6475 -3.0983 0.4409
Cyclist 0.0000 0 0.0000 -1.0000 -1.0000 -1.0000 -1.0000 0.7380 1.5041 1.7554 -25.9029 10.0232 0.3796 -1.8342 0.4072
Cyclist 0.0000 0 0.0000 -1.0000 -1.0000 -1.0000 -1.0000 0.7874 1.5570 1.7266 0.1462 -10.2060 0.7218 3.0622 0.3147
