Car 0.0000 0 0.0000 -1.0000 -1.0000 -1.0000 -1.0000 2.1191 1.6702 4.7568 -25.5753 -4.4373 0.8467 -3.1261 0.8314
Car 0.0000 0 0.0000 -1.0000 -1.0000 -1.0000 -1.0000 2.0490 1.6273 4.6182 26.1532 -0.9883 0.8145 3.1392 0.7991
Car 0.0000 0 0.0000 -1.0000 -1.0000 -1.0000 -1.0000 2.0858 1.9079 4.7034 35.2326 3.0844 0.9514 -0.0097 0.7956
Car 0.0000 0 0.0000 -1.0000 -1.0000 -1.0000 -1.0000 1.9638 1.5051 4.5048 -1.1011 3.2774 0.7522 3.1384 0.7768
Car 0.0000 0 0.0000 -1.0000 -1.0000 -1.0000 -1.0000 2.0353 1.4576 4.6393 -33.1143 -0.2288 0.7019 -3.1204 0.7320
Car 0.0000 0 0.0000 -1.0000 -1.0000 -1.0000 -1.0000 2.0378 1.6853 4.6343 18.8759 -4.4190 0.8686 0.0625 0.7304
Car 0.0000 0 0.0000 -1.0000 -1.0000 -1.0000 -1.0000 1.9766 1.4735 4.6184 -56.9585 -4.1978 0.6626 -3.0754 0.4944
Car 0.0000 0 0.0000 -1.0000 -1.0000 -1.0000 -1.0000 1.9932 1.5007 4.6448 -55.8401 2.4909 0.6277 -0.0045 0.4575
Car 0.0000 0 0.0000 -1.0000 -1.0000 -1.0000 -1.0000 1.9261 1.6527 4.5857 -72.1675 -0.8593 0.8246 0.0198 0.3928
Car 0.0000 0 0.0000 -1.0000 -1.0000 -1.0000 -1.0000 1.9889 1.6323 4.7373 76.7058 3.3830 0.6196 3.0984 0.3546
Car 0.0000 0 0.0000 -1.0000 -1.0000 -1.0000 -1.0000 1.9427 1.6039 4.6324 48.0272 -0.8970 0.8154 0.0078 0.3417
