Car 0.0000 0 0.0000 -1.0000 -1.0000 -1.0000 -1.0000 2.0112 1.6593 4.6054 10.6703 2.7590 0.7676 -3.1400 0.7912
Car 0.0000 0 0.0000 -1.0000 -1.0000 -1.0000 -1.0000 1.9368 1.4241 4.4948 -8.3217 3.1608 0.6257 -3.1194 0.7276
Car 0.0000 0 0.0000 -1.0000 -1.0000 -1.0000 -1.0000 1.9301 1.4477 4.5000 -5.8522 6.6524 0.5605 -0.0427 0.5711
Car 0.0000 0 0.0000 -1.0000 -1.0000 -1.0000 -1.0000 2.0135 1.4375 4.6937 -28.8478 3.5930 0.7320 -0.0032 0.5329
Car 0.0000 0 0.0000 -1.0000 -1.0000 -1.0000 -1.0000 1.9406 1.4701 4.6178 -45.1814 1.3163 0.7735 -0.0234 0.5305
Car 0.0000 0 0.0000 -1.0000 -1.0000 -1.0000 -1.0000 2.0235 1.5904 4.7539 46.3297 0.2426 0.7475 -0.0216 0.4703
Car 0.0000 0 0.0000 -1.0000 -1.0000 -1.0000 -1.0000 1.9312 1.5181 4.5236 -42.5661 -0.9495 0.7970 -0.0105 0.4651
Car 0.0000 0 0.0000 -1.0000 -1.0000 -1.0000 -1.0000 1.8642 1.4739 4.5016 -5.3158 11.4806 0.4000 -0.1167 0.3943
Car 0.0000 0 0.0000 -1.0000 -1.0000 -1.0000 -1.0000 1.8833 1.5702 4.4194 -3.3314 29.1438 0.3141 -1.4648 0.3582
Car 0.0000 0 0.0000 -1.0000 -1.0000 -1.0000 -1.0000 1.9250 1.6275 4.5735 61.2426 -1.6267 0.8069 -0.0746 0.3210
Car 0.0000 0 0.0000 -1.0000 -1.0000 -1.0000 -1.0000 1.8933 1.5490 4.6185 -8.1317 -8.7029 0.9994 -1.6139 0.3082
Cyclist 0.0000 0 0.0000 -1.0000 -1.0000 -1.0000 -1.0000 0.6887 1.4850 1.6714 -35.6586 -0.5313 0.7769 3.0216 0.5499
Cyclist 0.0000 0 0.0000 -1.0000 -1.0000 -1.0000 -1.0000 0.7464 1.4470 1.7810 20.1493 9.3870 0.4385 -0.0620 0.5350
Cyclist 0.0000 0 0.0000 -1.0000 -1.0000 -1.0000 -1.0000 0.7048 1.5066 1.6809 -29.9697 8.5165 0.6040 -3.1313 0.5028
Cyclist 0.0000 0 0.0000 -1.0000 -1.0000 -1.0000 -1.0000 0.7514 1.5202 1.7478 -1.1350 8.8117 0.5417 3.0859 0.4916
Cyclist 0.0000 0 0.0000 -1.0000 -1.0000 -1.0000 -1.0000 0.6810 1.3251 1.6763 10.1110 11.8106 0.4161 -0.0347 0.4719
Cyclist 0.0000 0 0.0000 -1.0000 -1.0000 -1.0000 -1.0000 0.7599 1.4353 1.7995 -11.8584 11.6636 0.3949 0.0279 0.4517
Cyclist 0.0000 0 0.0000 -1.0000 -1.0000 -1.0000 -1.0000 0.7977 1.5268 1.7913 -52.2899 0.5168 0.7454 -0.0014 0.3921
Cyclist 0.0000 0 0.0000 -1.0000 -1.0000 -1.0000 -1.0000 0.7153 1.5249 1.6613 49.4627 -2.0201 0.7225 -0.0218 0.3479
Cyclist 0.0000 0 0.0000 -1.0000 -1.0000 -1.0000 -1.0000 0.6753 1.2189 1.7073 6.0282 18.3701 0.4494 -1.5166 0.3162
Pedestrian 0.0000 0 0.0000 -1.0000 -1.0000 -1.0000 -1.0000 0.6998 1.6793 0.6536 -2.4969 14.5197 0.5626 -0.1619 0.5679
Pedestrian 0.0000 0 0.0000 -1.0000 -1.0000 -1.0000 -1.0000 0.7023 1.6802 0.6612 -34.9232 12.4250 0.7034 3.0987 0.5503
Pedestrian 0.0000 0 0.0000 -1.0000 -1.0000 -1.0000 -1.0000 0.6867 1.6207 0.6479 14.8213 -4.6556 0.9956 -3.1158 0.5260
Pedestrian 0.0000 0 0.0000 -1.0000 -1.0000 -1.0000 -1.0000 0.6820 1.6564 0.6266 -14.0152 -5.1305 1.0799 -2.4612 0.4653
Pedestrian 0.0000 0 0.0000 -1.0000 -1.0000 -1.0000 -1.0000 0.6705 1.6550 0.5846 -45.1133 -3.0395 0.9684 3.0663 0.4173
Pedestrian 0.0000 0 0.0000 -1.0000 -1.0000 -1.0000 -1.0000 0.7015 1.6908 0.6320 -2.3086 18.0396 0.5508 -0.1993 0.4037
Pedestrian 0.0000 0 0.0000 -1.0000 -1.0000 -1.0000 -1.0000 0.7042 1.6541 0.6805 3.6204 12.4577 0.5523 -0.0693 0.3816
Pedestrian 0.0000 0 0.0000 -1.0000 -1.0000 -1.0000 -1.0000 0.7118 1.6858 0.6767 28.8726 11.8562 0.6903 3.0851 0.3300
