Car 0.0000 0 0.0000 -1.0000 -1.0000 -1.0000 -1.0000 2.0532 1.7769 4.6798 21.9888 -1.5987 0.9027 -3.1309 0.7507
Car 0.0000 0 0.0000 -1.0000 -1.0000 -1.0000 -1.0000 1.8992 1.4265 4.4868 -28.9837 -0.9952 0.6176 3.1325 0.6446
Car 0.0000 0 0.0000 -1.0000 -1.0000 -1.0000 -1.0000 1.9221 1.6749 4.5352 4.9921 20.0383 0.4470 -1.6609 0.5621
Car 0.0000 0 0.0000 -1.0000 -1.0000 -1.0000 -1.0000 1.9311 1.4701 4.5171 44.1090 -7.5543 0.9254 0.0504 0.3740
Car 0.0000 0 0.0000 -1.0000 -1.0000 -1.0000 -1.0000 1.9071 1.5150 4.6317 50.9358 -9.0923 0.9937 -1.3933 0.3197
Truck 0.0000 0 0.0000 -1.0000 -1.0000 -1.0000 -1.0000 2.5946 2.5854 7.0897 -49.4370 -0.7236 1.2014 -3.1144 0.5388
Truck 0.0000 0 0.0000 -1.0000 -1.0000 -1.0000 -1.0000 1.9261 1.9078 4.6197 62.6127 1.4135 1.1732 0.0783 0.4261
Tricar 0.0000 0 0.0000 -1.0000 -1.0000 -1.0000 -1.0000 1.3206 1.7787 3.3667 -14.5794 -3.3187 0.9564 -3.1397 0.6645
Tricar 0.0000 0 0.0000 -1.0000 -1.0000 -1.0000 -1.0000 1.3163 1.7258 3.3750 28.3225 1.5933 0.9101 3.1094 0.6005
Cyclist 0.0000 0 0.0000 -1.0000 -1.0000 -1.0000 -1.0000 0.7649 1.5966 1.7069 -6.3988 15.0082 0.4668 0.0441 0.5252
