Car 0.0000 0 0.0000 -1.0000 -1.0000 -1.0000 -1.0000 2.0289 1.4597 4.6132 10.9627 -0.7043 0.7721 -3.1373 0.7850
Car 0.0000 0 0.0000 -1.0000 -1.0000 -1.0000 -1.0000 1.9857 1.5686 4.6355 -10.1466 -2.4420 0.7439 0.0068 0.7019
Car 0.0000 0 0.0000 -1.0000 -1.0000 -1.0000 -1.0000 2.0120 1.6807 4.6543 -33.1165 -0.2955 0.6412 -3.1302 0.6400
Car 0.0000 0 0.0000 -1.0000 -1.0000 -1.0000 -1.0000 2.0075 1.4324 4.5264 11.5547 3.2161 0.7010 -3.1385 0.6355
Car 0.0000 0 0.0000 -1.0000 -1.0000 -1.0000 -1.0000 1.9884 1.5237 4.7583 -56.2973 2.7258 0.3868 0.0372 0.5555
Car 0.0000 0 0.0000 -1.0000 -1.0000 -1.0000 -1.0000 1.9955 1.4877 4.6001 -19.2657 -0.0980 0.5711 0.0300 0.5542
Car 0.0000 0 0.0000 -1.0000 -1.0000 -1.0000 -1.0000 1.9280 1.6627 4.4771 22.1964 -0.1923 0.9365 3.1414 0.4412
Car 0.0000 0 0.0000 -1.0000 -1.0000 -1.0000 -1.0000 1.8903 1.5627 4.5661 33.3627 -0.8305 0.9448 3.1338 0.3649
Car 0.0000 0 0.0000 -1.0000 -1.0000 -1.0000 -1.0000 1.8842 1.6399 4.5489 13.0843 12.2444 0.4871 3.1207 0.3471
Car 0.0000 0 0.0000 -1.0000 -1.0000 -1.0000 -1.0000 1.9202 1.4652 4.5035 24.1505 12.1965 0.4713 -3.1246 0.3405
Truck 0.0000 0 0.0000 -1.0000 -1.0000 -1.0000 -1.0000 2.9562 3.2964 12.6762 -19.4309 3.7696 1.5076 -3.1390 0.5231
Truck 0.0000 0 0.0000 -1.0000 -1.0000 -1.0000 -1.0000 2.8503 3.1446 11.6946 44.3612 -0.2767 1.8172 0.0206 0.4865
Cyclist 0.0000 0 0.0000 -1.0000 -1.0000 -1.0000 -1.0000 0.7452 1.5650 1.7082 23.4230 9.8295 0.6103 -3.1341 0.4398
Cyclist 0.0000 0 0.0000 -1.0000 -1.0000 -1.0000 -1.0000 0.7622 1.5503 1.7429 -31.4088 14.9747 -0.0329 1.1705 0.3769
Cyclist 0.0000 0 0.0000 -1.0000 -1.0000 -1.0000 -1.0000 0.6715 1.2501 1.6475 3.5817 16.5194 0.3360 2.2565 0.3699
Cyclist 0.0000 0 0.0000 -1.0000 -1.0000 -1.0000 -1.0000 0.7340 1.3631 1.7631 5.5034 -11.9693 0.9616 1.7186 0.3655
Cyclist 0.0000 0 0.0000 -1.0000 -1.0000 -1.0000 -1.0000 0.7372 1.3088 1.7497 -0.2692 14.1543 0.3722 -1.4340 0.3570
Cyclist 0.0000 0 0.0000 -1.0000 -1.0000 -1.0000 -1.0000 0.7746 1.5631 1.7466 -54.3940 -8.8008 0.5261 -3.1235 0.3557
Cyclist 0.0000 0 0.0000 -1.0000 -1.0000 -1.0000 -1.0000 0.6908 1.1261 1.7086 -6.0599 -11.7614 0.7904 1.7356 0.3196
Cyclist 0.0000 0 0.0000 -1.0000 -1.0000 -1.0000 -1.0000 0.6646 1.1706 1.6886 -5.3060 -11.8976 0.8513 1.7296 0.3121
Pedestrian 0.0000 0 0.0000 -1.0000 -1.0000 -1.0000 -1.0000 0.6677 1.6552 0.6075 -6.8253 -4.9279 0.9961 0.8462 0.5987
Pedestrian 0.0000 0 0.0000 -1.0000 -1.0000 -1.0000 -1.0000 0.6879 1.6601 0.6327 43.0193 -12.8815 1.2001 0.0105 0.5163
Pedestrian 0.0000 0 0.0000 -1.0000 -1.0000 -1.0000 -1.0000 0.6816 1.6658 0.6029 -42.7029 -12.0352 0.8407 3.1313 0.4639
Pedestrian 0.0000 0 0.0000 -1.0000 -1.0000 -1.0000 -1.0000 0.6740 1.6378 0.6038 45.0665 -12.6735 1.2121 3.1207 0.4619
Pedestrian 0.0000 0 0.0000 -1.0000 -1.0000 -1.0000 -1.0000 0.6855 1.6331 0.6287 33.5356 -6.6644 1.0003 3.1292 0.4605
Pedestrian 0.0000 0 0.0000 -1.0000 -1.0000 -1.0000 -1.0000 0.6805 1.6681 0.6046 -32.9820 -6.7455 0.6518 3.1246 0.4488
Pedestrian 0.0000 0 0.0000 -1.0000 -1.0000 -1.0000 -1.0000 0.6740 1.6631 0.5874 -27.7103 13.9942 0.1460 0.1628 0.4462
Pedestrian 0.0000 0 0.0000 -1.0000 -1.0000 -1.0000 -1.0000 0.6901 1.6567 0.6251 37.3929 -12.5685 1.1492 -3.1205 0.4136
Pedestrian 0.0000 0 0.0000 -1.0000 -1.0000 -1.0000 -1.0000 0.6746 1.6230 0.6533 -2.4801 -5.2157 0.9141 1.7173 0.3898
