Car 0.0000 0 0.0000 -1.0000 -1.0000 -1.0000 -1.0000 1.9226 1.4446 4.5382 15.6516 20.6219 0.7420 -1.6695 0.6361
Car 0.0000 0 0.0000 -1.0000 -1.0000 -1.0000 -1.0000 1.8595 1.4689 4.4347 -66.1702 -4.4965 0.2566 -0.0013 0.5247
Car 0.0000 0 0.0000 -1.0000 -1.0000 -1.0000 -1.0000 1.9300 1.4872 4.5469 -70.9305 4.8755 0.1790 -3.1189 0.4968
Car 0.0000 0 0.0000 -1.0000 -1.0000 -1.0000 -1.0000 1.9256 1.6497 4.5065 25.1187 -12.8996 1.0698 -0.5503 0.4301
Car 0.0000 0 0.0000 -1.0000 -1.0000 -1.0000 -1.0000 1.8839 1.5291 4.5121 -23.2165 14.5763 0.3984 -1.4592 0.4100
Car 0.0000 0 0.0000 -1.0000 -1.0000 -1.0000 -1.0000 1.8962 1.5237 4.4994 24.4746 11.8599 0.9570 1.9633 0.3956
Car 0.0000 0 0.0000 -1.0000 -1.0000 -1.0000 -1.0000 1.9001 1.8920 4.4147 -23.5933 6.5974 0.7220 -1.7547 0.3501
Car 0.0000 0 0.0000 -1.0000 -1.0000 -1.0000 -1.0000 1.8099 1.9230 4.2008 41.2271 0.8608 1.2942 0.1046 0.3062
Car 0.0000 0 0.0000 -1.0000 -1.0000 -1.0000 -1.0000 1.8927 1.5222 4.5550 21.5502 41.9550 0.7197 -2.0628 0.3061
Truck 0.0000 0 0.0000 -1.0000 -1.0000 -1.0000 -1.0000 2.9414 3.5271 7.6797 53.0422 27.2937 1.7806 -3.1210 0.4315
Truck 0.0000 0 0.0000 -1.0000 -1.0000 -1.0000 -1.0000 2.6837 2.9667 8.2432 75.7183 12.3034 1.8716 0.0276 0.3365
Tricar 0.0000 0 0.0000 -1.0000 -1.0000 -1.0000 -1.0000 1.3204 1.7225 3.0008 10.7795 8.4271 0.8974 1.1507 0.4410
Tricar 0.0000 0 0.0000 -1.0000 -1.0000 -1.0000 -1.0000 1.2260 1.6584 3.0242 -16.7116 5.0960 0.6734 1.6713 0.3884
Tricar 0.0000 0 0.0000 -1.0000 -1.0000 -1.0000 -1.0000 1.4912 1.8149 3.2187 40.6402 0.6598 1.2776 0.1176 0.3800
Tricar 0.0000 0 0.0000 -1.0000 -1.0000 -1.0000 -1.0000 1.2100 1.5497 2.6970 25.6915 25.0916 0.9138 -2.9734 0.3617
Tricar 0.0000 0 0.0000 -1.0000 -1.0000 -1.0000 -1.0000 1.2237 1.6848 3.0010 -29.8552 6.3396 0.5449 1.7051 0.3416
Tricar 0.0000 0 0.0000 -1.0000 -1.0000 -1.0000 -1.0000 1.1747 1.7428 2.7433 3.7033 3.3206 0.8678 3.0804 0.3285
Tricar 0.0000 0 0.0000 -1.0000 -1.0000 -1.0000 -1.0000 1.0832 1.5163 2.7019 -12.1349 2.6060 0.6190 0.0079 0.3144
Tricar 0.0000 0 0.0000 -1.0000 -1.0000 -1.0000 -1.0000 1.1945 1.6211 2.6634 -3.5828 6.9856 0.8275 -0.9631 0.3082
Tricar 0.0000 0 0.0000 -1.0000 -1.0000 -1.0000 -1.0000 1.2588 1.6107 3.0811 -38.4799 6.0920 0.3906 1.6178 0.3026
Cyclist 0.0000 0 0.0000 -1.0000 -1.0000 -1.0000 -1.0000 0.7159 1.4749 1.6980 24.1238 22.5196 0.8023 -3.0132 0.5520
Cyclist 0.0000 0 0.0000 -1.0000 -1.0000 -1.0000 -1.0000 0.8176 1.5743 1.7901 10.7873 -1.0400 0.8584 3.0339 0.5027
Cyclist 0.0000 0 0.0000 -1.0000 -1.0000 -1.0000 -1.0000 0.7207 1.2510 1.7266 -40.3680 -4.6661 0.3472 -1.1924 0.4830
Cyclist 0.0000 0 0.0000 -1.0000 -1.0000 -1.0000 -1.0000 0.6779 1.2834 1.7213 -20.5421 8.4235 0.3821 1.5925 0.4117
Cyclist 0.0000 0 0.0000 -1.0000 -1.0000 -1.0000 -1.0000 0.9149 1.5600 1.9727 -12.2769 2.4022 0.6134 3.1268 0.4066
Cyclist 0.0000 0 0.0000 -1.0000 -1.0000 -1.0000 -1.0000 0.7370 1.2680 1.7971 -14.0538 -4.6323 0.5698 1.3315 0.4008
Cyclist 0.0000 0 0.0000 -1.0000 -1.0000 -1.0000 -1.0000 0.7230 1.5102 1.7406 18.3576 35.7818 0.7482 1.3246 0.3999
Cyclist 0.0000 0 0.0000 -1.0000 -1.0000 -1.0000 -1.0000 0.8304 1.5573 1.8594 2.8599 8.5683 0.7955 1.3131 0.3929
Cyclist 0.0000 0 0.0000 -1.0000 -1.0000 -1.0000 -1.0000 0.8262 1.5296 1.8225 13.1490 -2.1455 0.8798 -0.2323 0.3858
Cyclist 0.0000 0 0.0000 -1.0000 -1.0000 -1.0000 -1.0000 0.7666 1.5007 1.7597 -38.4386 -11.3494 0.4340 -0.2705 0.3809
Cyclist 0.0000 0 0.0000 -1.0000 -1.0000 -1.0000 -1.0000 0.7191 1.4411 1.7238 0.0591 5.9822 0.6822 1.4675 0.3705
Cyclist 0.0000 0 0.0000 -1.0000 -1.0000 -1.0000 -1.0000 0.6649 1.1523 1.6724 46.1216 5.1447 0.9251 2.6679 0.3474
Cyclist 0.0000 0 0.0000 -1.0000 -1.0000 -1.0000 -1.0000 0.6996 1.3837 1.7176 -43.9731 -4.5446 0.4201 -1.8470 0.3293
Cyclist 0.0000 0 0.0000 -1.0000 -1.0000 -1.0000 -1.0000 0.6953 1.2841 1.6908 -25.4069 -14.8765 0.2868 -0.0383 0.3266
Cyclist 0.0000 0 0.0000 -1.0000 -1.0000 -1.0000 -1.0000 0.8536 1.5883 1.8872 5.9952 8.1980 0.8518 -1.7626 0.3249
Cyclist 0.0000 0 0.0000 -1.0000 -1.0000 -1.0000 -1.0000 0.6834 1.2231 1.7108 -26.5540 -5.5863 0.3911 1.5244 0.3215
Cyclist 0.0000 0 0.0000 -1.0000 -1.0000 -1.0000 -1.0000 0.6967 1.2592 1.6871 4.4875 13.7255 0.6201 1.2439 0.3141
Pedestrian 0.0000 0 0.0000 -1.0000 -1.0000 -1.0000 -1.0000 0.6640 1.6222 0.6093 -10.3901 -4.6664 0.7877 -1.7650 0.5337
Pedestrian 0.0000 0 0.0000 -1.0000 -1.0000 -1.0000 -1.0000 0.6896 1.6652 0.6223 4.6977 18.7624 0.8756 1.0725 0.4397
Pedestrian 0.0000 0 0.0000 -1.0000 -1.0000 -1.0000 -1.0000 0.6720 1.6618 0.5830 -8.2015 10.6710 0.8565 3.1108 0.4291
Pedestrian 0.0000 0 0.0000 -1.0000 -1.0000 -1.0000 -1.0000 0.6616 1.6483 0.5810 10.8678 16.1844 0.8263 -2.9387 0.4175
Pedestrian 0.0000 0 0.0000 -1.0000 -1.0000 -1.0000 -1.0000 0.6936 1.6438 0.6053 -27.7377 -12.9340 0.4839 -0.0146 0.3983
Pedestrian 0.0000 0 0.0000 -1.0000 -1.0000 -1.0000 -1.0000 0.6834 1.6684 0.6165 0.3676 16.2765 0.9902 -2.1772 0.3731
Pedestrian 0.0000 0 0.0000 -1.0000 -1.0000 -1.0000 -1.0000 0.6871 1.6702 0.6167 10.8748 14.9965 0.8409 2.9659 0.3652
Pedestrian 0.0000 0 0.0000 -1.0000 -1.0000 -1.0000 -1.0000 0.6877 1.6857 0.6064 7.2894 23.6445 0.8503 -2.5086 0.3447
Pedestrian 0.0000 0 0.0000 -1.0000 -1.0000 -1.0000 -1.0000 0.6849 1.6832 0.6066 -3.6244 -6.8855 0.8560 3.0764 0.3377
Pedestrian 0.0000 0 0.0000 -1.0000 -1.0000 -1.0000 -1.0000 0.6743 1.6585 0.5718 8.1857 24.2063 0.7826 0.7498 0.3176
Pedestrian 0.0000 0 0.0000 -1.0000 -1.0000 -1.0000 -1.0000 0.6849 1.6786 0.5873 -0.7200 -6.2642 0.8921 -3.1346 0.3057
