Car 0.0000 0 0.0000 -1.0000 -1.0000 -1.0000 -1.0000 1.9426 1.4601 4.4536 17.8062 3.4376 0.9251 3.1135 0.7475
Car 0.0000 0 0.0000 -1.0000 -1.0000 -1.0000 -1.0000 1.9635 1.4262 4.5610 -23.9478 -0.5512 0.5379 -3.0772 0.7412
Car 0.0000 0 0.0000 -1.0000 -1.0000 -1.0000 -1.0000 1.9930 1.7184 4.5466 8.8878 -0.4631 0.9834 -3.1301 0.7115
Car 0.0000 0 0.0000 -1.0000 -1.0000 -1.0000 -1.0000 1.9429 1.4252 4.5171 -13.6794 2.6802 0.6434 -3.0765 0.7102
Car 0.0000 0 0.0000 -1.0000 -1.0000 -1.0000 -1.0000 2.0255 1.5076 4.5891 9.7215 3.4232 0.8647 3.1152 0.7056
Car 0.0000 0 0.0000 -1.0000 -1.0000 -1.0000 -1.0000 1.9557 1.4437 4.4630 -1.5962 3.2542 0.7722 0.0018 0.6992
Car 0.0000 0 0.0000 -1.0000 -1.0000 -1.0000 -1.0000 1.9282 1.4898 4.5416 -42.7936 3.2026 0.3873 -0.0079 0.6605
Car 0.0000 0 0.0000 -1.0000 -1.0000 -1.0000 -1.0000 1.9437 1.4750 4.4544 24.6085 2.6755 1.0138 -3.1284 0.6399
Car 0.0000 0 0.0000 -1.0000 -1.0000 -1.0000 -1.0000 1.9095 1.4483 4.4491 -28.0241 3.6537 0.5113 -3.0605 0.6124
Car 0.0000 0 0.0000 -1.0000 -1.0000 -1.0000 -1.0000 1.9302 1.5488 4.5626 -8.3321 17.6172 0.4164 3.1219 0.5804
Car 0.0000 0 0.0000 -1.0000 -1.0000 -1.0000 -1.0000 1.9362 1.6941 4.5845 -38.5513 0.1090 0.5770 0.0125 0.5423
Car 0.0000 0 0.0000 -1.0000 -1.0000 -1.0000 -1.0000 1.9251 1.4821 4.5902 -15.4046 -17.6111 0.9555 -1.4975 0.4867
Car 0.0000 0 0.0000 -1.0000 -1.0000 -1.0000 -1.0000 1.9141 1.5447 4.4743 24.6154 6.2912 1.0320 -3.1261 0.3988
Car 0.0000 0 0.0000 -1.0000 -1.0000 -1.0000 -1.0000 1.9132 1.5386 4.5130 -57.6971 2.4412 0.2610 -0.0127 0.3843
Car 0.0000 0 0.0000 -1.0000 -1.0000 -1.0000 -1.0000 1.9059 1.5870 4.5162 33.7041 10.2842 1.2193 -3.0428 0.3680
Car 0.0000 0 0.0000 -1.0000 -1.0000 -1.0000 -1.0000 1.8926 1.6093 4.5148 14.8943 14.3413 0.9269 -3.1222 0.3022
Truck 0.0000 0 0.0000 -1.0000 -1.0000 -1.0000 -1.0000 2.8752 2.8154 9.3506 -70.8856 -0.5859 0.9834 -3.1384 0.5151
Truck 0.0000 0 0.0000 -1.0000 -1.0000 -1.0000 -1.0000 2.8556 3.0555 8.3098 33.4191 13.9942 1.9708 -3.1162 0.4854
Truck 0.0000 0 0.0000 -1.0000 -1.0000 -1.0000 -1.0000 2.1686 2.1137 5.6319 -12.3611 13.9600 0.7562 -3.1251 0.4710
Truck 0.0000 0 0.0000 -1.0000 -1.0000 -1.0000 -1.0000 2.9012 3.6403 9.9418 48.0760 2.7776 2.3988 0.0106 0.4588
Truck 0.0000 0 0.0000 -1.0000 -1.0000 -1.0000 -1.0000 2.8845 3.2667 9.9638 50.4350 14.3326 2.1207 0.0323 0.4472
Truck 0.0000 0 0.0000 -1.0000 -1.0000 -1.0000 -1.0000 2.2350 2.2154 5.8263 38.9976 0.7854 1.6898 0.0094 0.4236
Truck 0.0000 0 0.0000 -1.0000 -1.0000 -1.0000 -1.0000 2.1537 2.1865 5.4279 38.7891 3.2543 1.5455 0.0597 0.3767
