Car 0.0000 0 0.0000 -1.0000 -1.0000 -1.0000 -1.0000 1.9619 1.4644 4.5407 4.2432 2.8897 0.6903 3.1213 0.7918
Car 0.0000 0 0.0000 -1.0000 -1.0000 -1.0000 -1.0000 1.9613 1.6892 4.4378 34.9126 0.8773 0.8180 -3.0585 0.7803
Car 0.0000 0 0.0000 -1.0000 -1.0000 -1.0000 -1.0000 1.9131 1.4417 4.5488 -57.7909 -4.7711 0.9159 0.0679 0.6632
Car 0.0000 0 0.0000 -1.0000 -1.0000 -1.0000 -1.0000 1.8761 1.4316 4.4356 22.5207 6.1168 0.6352 -3.0404 0.6521
Car 0.0000 0 0.0000 -1.0000 -1.0000 -1.0000 -1.0000 1.9254 1.5624 4.4877 37.2834 6.6006 0.7358 -3.1409 0.6357
Car 0.0000 0 0.0000 -1.0000 -1.0000 -1.0000 -1.0000 1.8482 1.4346 4.4113 16.3073 6.2527 0.6239 -3.0999 0.6117
Car 0.0000 0 0.0000 -1.0000 -1.0000 -1.0000 -1.0000 1.9504 1.5989 4.5438 66.2665 6.1231 0.8178 0.1172 0.6025
Car 0.0000 0 0.0000 -1.0000 -1.0000 -1.0000 -1.0000 2.0332 1.9272 4.7128 -15.6667 0.3813 0.9204 0.0723 0.5802
Car 0.0000 0 0.0000 -1.0000 -1.0000 -1.0000 -1.0000 1.9005 1.3942 4.4940 -20.7577 5.2232 0.6198 0.0257 0.5800
Car 0.0000 0 0.0000 -1.0000 -1.0000 -1.0000 -1.0000 1.9201 1.5884 4.5264 53.3304 7.2523 0.8250 3.1413 0.4734
Car 0.0000 0 0.0000 -1.0000 -1.0000 -1.0000 -1.0000 1.9099 1.4590 4.5007 42.9044 6.9706 0.7225 -3.0696 0.3935
Car 0.0000 0 0.0000 -1.0000 -1.0000 -1.0000 -1.0000 1.8716 1.7555 4.4260 35.0920 -8.4469 1.0999 1.5901 0.3890
Car 0.0000 0 0.0000 -1.0000 -1.0000 -1.0000 -1.0000 1.8363 1.4556 4.3589 -5.4285 5.6546 0.6633 0.0803 0.3861
Car 0.0000 0 0.0000 -1.0000 -1.0000 -1.0000 -1.0000 1.8297 1.5496 4.2643 -31.1621 10.8555 0.2047 -1.6154 0.3822
Car 0.0000 0 0.0000 -1.0000 -1.0000 -1.0000 -1.0000 1.7371 1.7919 4.2031 -38.8745 4.8212 0.7878 -3.1405 0.3295
Car 0.0000 0 0.0000 -1.0000 -1.0000 -1.0000 -1.0000 1.8961 1.4900 4.5585 -0.0276 5.7016 0.6750 -3.1138 0.3292
Car 0.0000 0 0.0000 -1.0000 -1.0000 -1.0000 -1.0000 1.9051 1.6272 4.6601 -73.3322 4.3749 0.9097 -3.1055 0.3202
Car 0.0000 0 0.0000 -1.0000 -1.0000 -1.0000 -1.0000 1.8433 1.5290 4.4127 -44.2808 6.7820 0.6195 -1.3025 0.3171
Tricar 0.0000 0 0.0000 -1.0000 -1.0000 -1.0000 -1.0000 1.3987 1.7092 3.3860 -38.5746 4.8421 0.7817 -0.0182 0.5130
Tricar 0.0000 0 0.0000 -1.0000 -1.0000 -1.0000 -1.0000 1.3135 1.7405 3.1302 -7.3969 8.8938 0.8943 -3.0794 0.3525
Tricar 0.0000 0 0.0000 -1.0000 -1.0000 -1.0000 -1.0000 1.2859 1.5575 3.1343 -31.0412 11.0436 0.1611 1.6063 0.3417
Cyclist 0.0000 0 0.0000 -1.0000 -1.0000 -1.0000 -1.0000 0.7595 1.5030 1.7504 17.6868 2.8521 0.6932 0.0084 0.7129
Cyclist 0.0000 0 0.0000 -1.0000 -1.0000 -1.0000 -1.0000 0.7456 1.4851 1.7453 11.2295 2.9488 0.6499 3.0735 0.6428
Cyclist 0.0000 0 0.0000 -1.0000 -1.0000 -1.0000 -1.0000 0.7187 1.5310 1.6889 32.1081 3.4499 0.7123 -3.0509 0.5488
Cyclist 0.0000 0 0.0000 -1.0000 -1.0000 -1.0000 -1.0000 0.7790 1.5723 1.7529 -11.6578 -2.4335 0.8052 -3.0707 0.5355
Cyclist 0.0000 0 0.0000 -1.0000 -1.0000 -1.0000 -1.0000 0.7143 1.3749 1.7364 -7.5022 -4.8424 0.7264 -0.0216 0.4940
Cyclist 0.0000 0 0.0000 -1.0000 -1.0000 -1.0000 -1.0000 0.8974 1.6108 1.9075 -15.0052 3.2912 0.7496 -3.1245 0.4645
Cyclist 0.0000 0 0.0000 -1.0000 -1.0000 -1.0000 -1.0000 0.7762 1.5970 1.7245 -28.3947 -3.6843 0.8568 -0.0190 0.4472
Cyclist 0.0000 0 0.0000 -1.0000 -1.0000 -1.0000 -1.0000 0.7571 1.5572 1.7112 44.1403 -1.1845 0.7970 0.0769 0.4359
Cyclist 0.0000 0 0.0000 -1.0000 -1.0000 -1.0000 -1.0000 0.8413 1.6062 1.7725 -30.9428 -3.1251 0.8552 0.0117 0.4324
Cyclist 0.0000 0 0.0000 -1.0000 -1.0000 -1.0000 -1.0000 0.6544 1.0952 1.6247 -16.2391 -7.7141 0.8415 0.0377 0.4193
Cyclist 0.0000 0 0.0000 -1.0000 -1.0000 -1.0000 -1.0000 0.7424 1.3854 1.7526 -19.2287 11.2489 0.6026 -0.0245 0.4029
Cyclist 0.0000 0 0.0000 -1.0000 -1.0000 -1.0000 -1.0000 0.6579 1.1556 1.6458 17.5113 11.7470 0.5087 -0.0919 0.3939
Cyclist 0.0000 0 0.0000 -1.0000 -1.0000 -1.0000 -1.0000 0.8113 1.6842 1.7258 -21.4421 -3.8713 1.0093 0.0249 0.3649
Cyclist 0.0000 0 0.0000 -1.0000 -1.0000 -1.0000 -1.0000 0.7437 1.5436 1.6978 -34.2208 -3.9753 0.8529 -3.0983 0.3400
Cyclist 0.0000 0 0.0000 -1.0000 -1.0000 -1.0000 -1.0000 0.6375 1.0939 1.6183 26.0308 -4.1369 0.6119 2.5754 0.3297
Cyclist 0.0000 0 0.0000 -1.0000 -1.0000 -1.0000 -1.0000 0.6841 1.2182 1.6650 47.2962 -2.5744 0.6883 0.0214 0.3219
