Car 0.0000 0 0.0000 -1.0000 -1.0000 -1.0000 -1.0000 2.0540 1.6962 4.7299 -14.5567 3.0150 0.8119 -3.1337 0.7466
Car 0.0000 0 0.0000 -1.0000 -1.0000 -1.0000 -1.0000 2.0107 1.6914 4.5837 13.6420 -6.3762 0.9136 -0.1673 0.7458
Car 0.0000 0 0.0000 -1.0000 -1.0000 -1.0000 -1.0000 1.9899 1.7752 4.6015 28.9999 2.7697 0.7876 2.9590 0.7423
Car 0.0000 0 0.0000 -1.0000 -1.0000 -1.0000 -1.0000 1.9704 1.6647 4.6190 39.5671 0.9312 0.7905 2.9264 0.7393
Car 0.0000 0 0.0000 -1.0000 -1.0000 -1.0000 -1.0000 1.8906 1.4513 4.5043 1.5235 6.8498 0.6083 3.0253 0.7302
Car 0.0000 0 0.0000 -1.0000 -1.0000 -1.0000 -1.0000 2.0423 1.4666 4.6297 37.6957 -5.9305 0.7845 -0.1902 0.7080
Car 0.0000 0 0.0000 -1.0000 -1.0000 -1.0000 -1.0000 1.8868 1.4400 4.4600 -9.8375 -4.4120 0.7197 -0.0514 0.6977
Car 0.0000 0 0.0000 -1.0000 -1.0000 -1.0000 -1.0000 1.9212 1.4490 4.4982 -4.0039 -4.6241 0.7099 3.0927 0.6904
Car 0.0000 0 0.0000 -1.0000 -1.0000 -1.0000 -1.0000 2.0408 1.6389 4.5232 7.9977 -5.5461 0.8523 -0.1404 0.6720
Car 0.0000 0 0.0000 -1.0000 -1.0000 -1.0000 -1.0000 1.8993 1.4722 4.5163 18.5004 5.0416 0.6016 2.9394 0.6662
Car 0.0000 0 0.0000 -1.0000 -1.0000 -1.0000 -1.0000 1.8605 1.4514 4.4300 2.3996 -5.3344 0.7445 -0.1481 0.6455
Car 0.0000 0 0.0000 -1.0000 -1.0000 -1.0000 -1.0000 1.9209 1.6372 4.5156 37.0475 -10.8575 0.9011 -0.1939 0.6346
Car 0.0000 0 0.0000 -1.0000 -1.0000 -1.0000 -1.0000 1.9342 1.4486 4.6020 -30.0600 1.7183 0.7343 0.1272 0.6323
Car 0.0000 0 0.0000 -1.0000 -1.0000 -1.0000 -1.0000 1.8451 1.4019 4.4489 7.4181 6.3838 0.5617 3.0495 0.5940
Car 0.0000 0 0.0000 -1.0000 -1.0000 -1.0000 -1.0000 1.8982 1.4581 4.4544 -15.3225 7.3385 0.5604 -0.0341 0.5824
Car 0.0000 0 0.0000 -1.0000 -1.0000 -1.0000 -1.0000 1.9066 1.4596 4.4436 -14.8578 -4.0530 0.7404 -0.0494 0.5811
Car 0.0000 0 0.0000 -1.0000 -1.0000 -1.0000 -1.0000 2.0197 1.7521 4.8193 -9.4139 7.1718 0.7447 3.0558 0.5803
Car 0.0000 0 0.0000 -1.0000 -1.0000 -1.0000 -1.0000 1.9050 1.5688 4.5043 31.4183 -9.7822 0.8405 2.9528 0.5532
Car 0.0000 0 0.0000 -1.0000 -1.0000 -1.0000 -1.0000 1.9127 1.5933 4.4832 44.1768 -12.3055 0.9187 -0.2530 0.5374
Car 0.0000 0 0.0000 -1.0000 -1.0000 -1.0000 -1.0000 1.8646 1.3803 4.5224 23.6663 4.0878 0.5308 2.9420 0.5244
Car 0.0000 0 0.0000 -1.0000 -1.0000 -1.0000 -1.0000 1.9464 1.5832 4.6089 75.9753 -13.8302 1.1389 2.9530 0.5120
Car 0.0000 0 0.0000 -1.0000 -1.0000 -1.0000 -1.0000 1.8931 1.4585 4.5258 45.0801 -0.5108 0.6691 2.9099 0.5028
Car 0.0000 0 0.0000 -1.0000 -1.0000 -1.0000 -1.0000 1.8794 1.6520 4.4743 -25.8629 7.1176 0.6897 -0.0104 0.4929
Car 0.0000 0 0.0000 -1.0000 -1.0000 -1.0000 -1.0000 1.9140 1.4321 4.5072 19.1112 -7.0370 0.7572 -0.1854 0.4787
Car 0.0000 0 0.0000 -1.0000 -1.0000 -1.0000 -1.0000 1.8370 1.4948 4.4279 -31.8844 6.5922 0.6157 -3.0510 0.4636
Car 0.0000 0 0.0000 -1.0000 -1.0000 -1.0000 -1.0000 1.9333 1.5110 4.5807 -21.1768 7.4667 0.6215 -0.0219 0.4320
Car 0.0000 0 0.0000 -1.0000 -1.0000 -1.0000 -1.0000 1.9509 1.5419 4.5738 -75.8518 -14.2468 1.0370 -2.9551 0.4264
Car 0.0000 0 0.0000 -1.0000 -1.0000 -1.0000 -1.0000 1.8277 1.5359 4.4119 75.7896 -6.7220 0.8960 2.9116 0.3716
Car 0.0000 0 0.0000 -1.0000 -1.0000 -1.0000 -1.0000 1.9618 1.6290 4.5565 13.1497 5.5847 0.7287 3.0147 0.3698
Car 0.0000 0 0.0000 -1.0000 -1.0000 -1.0000 -1.0000 1.8720 1.6661 4.5076 59.8717 -15.6985 1.1102 -0.2345 0.3480
Car 0.0000 0 0.0000 -1.0000 -1.0000 -1.0000 -1.0000 1.8541 1.4627 4.4528 55.2272 -2.7627 0.7114 2.8958 0.3266
Car 0.0000 0 0.0000 -1.0000 -1.0000 -1.0000 -1.0000 1.8684 1.4848 4.5323 50.0272 -1.4020 0.6774 2.9108 0.3208
Car 0.0000 0 0.0000 -1.0000 -1.0000 -1.0000 -1.0000 1.8914 1.4879 4.5350 -12.8704 11.7006 0.4944 -0.0852 0.3065
Tricar 0.0000 0 0.0000 -1.0000 -1.0000 -1.0000 -1.0000 1.1520 1.5880 2.4381 -38.8707 4.0803 0.7158 -2.8900 0.3203
Cyclist 0.0000 0 0.0000 -1.0000 -1.0000 -1.0000 -1.0000 0.7121 1.5676 1.6461 -26.1257 -4.9275 0.8307 0.2076 0.5260
Cyclist 0.0000 0 0.0000 -1.0000 -1.0000 -1.0000 -1.0000 0.7309 1.5032 1.6994 1.2996 -3.1022 0.7746 3.0737 0.5020
Cyclist 0.0000 0 0.0000 -1.0000 -1.0000 -1.0000 -1.0000 0.9414 1.6044 1.9783 -38.6508 4.1342 0.7167 0.2970 0.3879
Cyclist 0.0000 0 0.0000 -1.0000 -1.0000 -1.0000 -1.0000 0.7051 1.5643 1.6484 66.1004 -15.1002 0.9450 3.0071 0.3513
Pedestrian 0.0000 0 0.0000 -1.0000 -1.0000 -1.0000 -1.0000 0.7175 1.6968 0.6902 13.7202 -12.0229 1.1783 2.9400 0.4030
Pedestrian 0.0000 0 0.0000 -1.0000 -1.0000 -1.0000 -1.0000 0.6966 1.6643 0.6243 -52.6056 6.9191 0.8774 -2.8893 0.3337
