Car 0.0000 0 0.0000 -1.0000 -1.0000 -1.0000 -1.0000 1.9544 1.4640 4.5076 12.7716 4.9420 0.7889 -3.1326 0.7397
Car 0.0000 0 0.0000 -1.0000 -1.0000 -1.0000 -1.0000 2.0040 1.4325 4.5603 -28.0441 0.2315 0.6235 -0.0089 0.7118
Car 0.0000 0 0.0000 -1.0000 -1.0000 -1.0000 -1.0000 1.9814 1.7325 4.5988 -13.8118 -0.8952 0.8306 3.1084 0.6800
Car 0.0000 0 0.0000 -1.0000 -1.0000 -1.0000 -1.0000 1.8855 1.4835 4.4723 -35.0175 6.1655 0.6294 3.0819 0.6791
Car 0.0000 0 0.0000 -1.0000 -1.0000 -1.0000 -1.0000 1.9880 1.5378 4.5439 -38.5659 -0.3770 0.6168 -0.0836 0.6668
Car 0.0000 0 0.0000 -1.0000 -1.0000 -1.0000 -1.0000 1.9006 1.5313 4.4722 -3.3579 5.1546 0.7776 3.1168 0.6545
Car 0.0000 0 0.0000 -1.0000 -1.0000 -1.0000 -1.0000 1.9769 1.6379 4.6122 -48.0768 2.1504 0.7060 0.0194 0.6320
Car 0.0000 0 0.0000 -1.0000 -1.0000 -1.0000 -1.0000 2.0429 1.8418 4.6955 2.1519 -3.2000 0.9307 -0.0040 0.6086
Car 0.0000 0 0.0000 -1.0000 -1.0000 -1.0000 -1.0000 1.8777 1.4699 4.4357 -30.1110 5.9618 0.6495 -3.1336 0.6062
Car 0.0000 0 0.0000 -1.0000 -1.0000 -1.0000 -1.0000 1.8652 1.4750 4.4477 18.3586 4.3785 0.7804 3.0759 0.5555
Car 0.0000 0 0.0000 -1.0000 -1.0000 -1.0000 -1.0000 1.9177 1.4226 4.4427 -18.6498 6.0180 0.7111 -0.0118 0.5550
Car 0.0000 0 0.0000 -1.0000 -1.0000 -1.0000 -1.0000 1.8821 1.5826 4.4461 -31.5985 9.0656 0.8084 -0.0836 0.5545
Car 0.0000 0 0.0000 -1.0000 -1.0000 -1.0000 -1.0000 1.9285 1.4314 4.5217 -25.1030 6.0506 0.6901 -0.0648 0.5219
Car 0.0000 0 0.0000 -1.0000 -1.0000 -1.0000 -1.0000 1.9309 1.4839 4.5110 -8.5057 5.4407 0.7565 -0.0142 0.4678
Car 0.0000 0 0.0000 -1.0000 -1.0000 -1.0000 -1.0000 1.9295 1.4519 4.5506 -39.8379 6.5236 0.5801 3.0757 0.4669
Car 0.0000 0 0.0000 -1.0000 -1.0000 -1.0000 -1.0000 1.9715 1.5861 4.6180 -25.2078 9.0534 0.8436 -0.0139 0.4668
Car 0.0000 0 0.0000 -1.0000 -1.0000 -1.0000 -1.0000 1.9100 1.4530 4.4528 -13.4467 5.9722 0.7127 -0.1102 0.4483
Car 0.0000 0 0.0000 -1.0000 -1.0000 -1.0000 -1.0000 1.9186 1.4639 4.5663 -1.7738 -6.0302 0.6339 3.1136 0.4368
Car 0.0000 0 0.0000 -1.0000 -1.0000 -1.0000 -1.0000 1.8129 1.4681 4.3409 32.9820 -0.8597 0.7385 -2.9789 0.4344
Car 0.0000 0 0.0000 -1.0000 -1.0000 -1.0000 -1.0000 1.8743 1.6623 4.5176 28.2759 4.8110 0.9016 -3.0915 0.3810
Car 0.0000 0 0.0000 -1.0000 -1.0000 -1.0000 -1.0000 1.8716 1.5313 4.5046 75.0432 3.6770 0.7694 0.0948 0.3569
Car 0.0000 0 0.0000 -1.0000 -1.0000 -1.0000 -1.0000 1.9219 1.6281 4.5120 72.2487 -0.7770 0.7841 0.0498 0.3530
Car 0.0000 0 0.0000 -1.0000 -1.0000 -1.0000 -1.0000 1.8940 1.5065 4.6109 33.9151 4.2089 0.8661 -3.0975 0.3015
Truck 0.0000 0 0.0000 -1.0000 -1.0000 -1.0000 -1.0000 2.9536 3.1377 11.1063 8.6985 -6.7257 1.4744 3.1346 0.7403
Truck 0.0000 0 0.0000 -1.0000 -1.0000 -1.0000 -1.0000 2.7407 3.2981 7.0237 10.7726 -1.2503 1.6706 0.0373 0.5435
Truck 0.0000 0 0.0000 -1.0000 -1.0000 -1.0000 -1.0000 2.9649 3.1820 10.8335 -45.3997 -3.7272 1.5169 -0.0281 0.4363
Truck 0.0000 0 0.0000 -1.0000 -1.0000 -1.0000 -1.0000 2.5881 3.0708 7.6587 23.1242 -6.8535 1.5626 3.1299 0.4340
Tricar 0.0000 0 0.0000 -1.0000 -1.0000 -1.0000 -1.0000 1.2939 1.6662 2.8910 54.7935 2.8464 0.8962 3.0071 0.4863
Tricar 0.0000 0 0.0000 -1.0000 -1.0000 -1.0000 -1.0000 1.4716 1.9710 3.0671 3.0838 3.1384 1.0309 -3.1405 0.4668
Tricar 0.0000 0 0.0000 -1.0000 -1.0000 -1.0000 -1.0000 1.2910 1.6039 2.8051 -67.6085 4.6817 0.6440 -0.0238 0.3932
Cyclist 0.0000 0 0.0000 -1.0000 -1.0000 -1.0000 -1.0000 0.7619 1.5264 1.7749 -20.4433 -3.4667 0.6576 -0.1121 0.6854
Cyclist 0.0000 0 0.0000 -1.0000 -1.0000 -1.0000 -1.0000 0.7142 1.5246 1.6826 -25.3683 -3.4196 0.6201 -0.0120 0.6336
Cyclist 0.0000 0 0.0000 -1.0000 -1.0000 -1.0000 -1.0000 0.7754 1.5687 1.7209 -17.5770 3.3020 0.7432 3.1289 0.5395
Cyclist 0.0000 0 0.0000 -1.0000 -1.0000 -1.0000 -1.0000 0.7784 1.5907 1.7697 -13.4268 -3.9588 0.6972 -0.0356 0.4711
Cyclist 0.0000 0 0.0000 -1.0000 -1.0000 -1.0000 -1.0000 0.6977 1.2279 1.6787 -15.0342 -10.5646 0.4014 -2.2246 0.4512
Cyclist 0.0000 0 0.0000 -1.0000 -1.0000 -1.0000 -1.0000 0.7187 1.4378 1.7029 -18.3409 -10.5710 0.4928 -0.0167 0.4136
Cyclist 0.0000 0 0.0000 -1.0000 -1.0000 -1.0000 -1.0000 0.6794 1.1675 1.6770 -12.4514 -11.9755 0.3784 -1.6165 0.3665
Cyclist 0.0000 0 0.0000 -1.0000 -1.0000 -1.0000 -1.0000 0.6868 1.3730 1.6733 -3.0384 -12.2014 0.4688 -3.0127 0.3657
Cyclist 0.0000 0 0.0000 -1.0000 -1.0000 -1.0000 -1.0000 0.6909 1.4538 1.6713 -14.3278 11.0423 0.9894 -0.1457 0.3470
Cyclist 0.0000 0 0.0000 -1.0000 -1.0000 -1.0000 -1.0000 0.7260 1.4748 1.7316 19.6946 3.3696 0.7520 -3.1414 0.3450
Cyclist 0.0000 0 0.0000 -1.0000 -1.0000 -1.0000 -1.0000 0.6763 1.1481 1.7166 -24.4611 -11.8624 0.3601 1.5810 0.3395
Cyclist 0.0000 0 0.0000 -1.0000 -1.0000 -1.0000 -1.0000 0.7078 1.3279 1.6904 -17.8217 -12.2395 0.4703 -0.0841 0.3229
Cyclist 0.0000 0 0.0000 -1.0000 -1.0000 -1.0000 -1.0000 0.8059 1.5735 1.7965 -37.4140 -6.5859 0.6026 -3.1359 0.3220
Cyclist 0.0000 0 0.0000 -1.0000 -1.0000 -1.0000 -1.0000 0.7979 1.5863 1.7428 53.0183 1.4948 0.8305 2.9963 0.3213
Cyclist 0.0000 0 0.0000 -1.0000 -1.0000 -1.0000 -1.0000 0.7273 1.5691 1.7196 -33.3862 -6.1700 0.5856 -0.0193 0.3173
Cyclist 0.0000 0 0.0000 -1.0000 -1.0000 -1.0000 -1.0000 0.7617 1.5931 1.7176 -18.5103 9.2643 1.0095 -3.1221 0.3032
Pedestrian 0.0000 0 0.0000 -1.0000 -1.0000 -1.0000 -1.0000 0.7083 1.7176 0.6770 1.3720 8.9409 1.2194 3.1272 0.6188
Pedestrian 0.0000 0 0.0000 -1.0000 -1.0000 -1.0000 -1.0000 0.6784 1.6533 0.6086 31.5636 2.7347 0.9165 0.0327 0.5746
Pedestrian 0.0000 0 0.0000 -1.0000 -1.0000 -1.0000 -1.0000 0.7085 1.6595 0.6781 -4.2076 10.1615 1.2138 -3.1184 0.4653
Pedestrian 0.0000 0 0.0000 -1.0000 -1.0000 -1.0000 -1.0000 0.7141 1.7070 0.6758 -6.5070 9.2681 1.1555 0.0025 0.4058
Pedestrian 0.0000 0 0.0000 -1.0000 -1.0000 -1.0000 -1.0000 0.6939 1.6645 0.6339 8.1514 9.9835 1.3351 3.1359 0.3795
Pedestrian 0.0000 0 0.0000 -1.0000 -1.0000 -1.0000 -1.0000 0.7071 1.6962 0.6441 -18.4337 9.1726 1.0232 -3.1218 0.3355
Pedestrian 0.0000 0 0.0000 -1.0000 -1.0000 -1.0000 -1.0000 0.7090 1.6500 0.6526 -33.3025 -6.2114 0.6034 -0.0066 0.3233
