Car 0.0000 0 0.0000 -1.0000 -1.0000 -1.0000 -1.0000 2.0092 1.4815 4.5957 26.0456 2.6218 0.7785 -0.0522 0.7965
Car 0.0000 0 0.0000 -1.0000 -1.0000 -1.0000 -1.0000 1.9157 1.4025 4.4979 9.2681 2.9472 0.6622 0.0205 0.6467
Car 0.0000 0 0.0000 -1.0000 -1.0000 -1.0000 -1.0000 1.9755 1.5729 4.6057 50.9070 1.6411 0.9716 3.0750 0.6383
Car 0.0000 0 0.0000 -1.0000 -1.0000 -1.0000 -1.0000 1.9331 1.5770 4.5710 11.3148 -4.0047 0.9197 -3.1149 0.4645
Car 0.0000 0 0.0000 -1.0000 -1.0000 -1.0000 -1.0000 1.9570 1.5583 4.6676 -71.9267 -1.3287 0.6249 -3.1330 0.4227
Tricar 0.0000 0 0.0000 -1.0000 -1.0000 -1.0000 -1.0000 1.2527 1.6811 2.9532 1.1687 -3.0614 0.8500 -3.0628 0.6496
Tricar 0.0000 0 0.0000 -1.0000 -1.0000 -1.0000 -1.0000 1.0499 1.0838 2.5416 -25.3940 11.1875 0.1766 -0.1224 0.3477
Cyclist 0.0000 0 0.0000 -1.0000 -1.0000 -1.0000 -1.0000 0.7394 1.5156 1.7438 7.0082 8.5439 0.5088 -0.0093 0.6181
Cyclist 0.0000 0 0.0000 -1.0000 -1.0000 -1.0000 -1.0000 0.7849 1.5873 1.7585 -2.2061 9.4620 0.5003 0.0022 0.6002
Cyclist 0.0000 0 0.0000 -1.0000 -1.0000 -1.0000 -1.0000 0.8071 1.5655 1.8032 33.7731 -2.4279 0.9019 -0.0560 0.5882
Cyclist 0.0000 0 0.0000 -1.0000 -1.0000 -1.0000 -1.0000 0.7184 1.5308 1.6776 33.5768 8.4292 0.5771 3.1047 0.5215
Cyclist 0.0000 0 0.0000 -1.0000 -1.0000 -1.0000 -1.0000 0.6782 1.2117 1.6643 -14.5044 13.6717 0.2800 -0.2887 0.4710
Cyclist 0.0000 0 0.0000 -1.0000 -1.0000 -1.0000 -1.0000 0.7727 1.5633 1.7253 -16.0136 8.1634 0.5656 0.0125 0.4665
Cyclist 0.0000 0 0.0000 -1.0000 -1.0000 -1.0000 -1.0000 0.9074 1.6409 1.8659 -15.0529 -0.7734 0.8173 -0.0203 0.4455
Cyclist 0.0000 0 0.0000 -1.0000 -1.0000 -1.0000 -1.0000 0.7422 1.5305 1.7201 2.3716 8.8951 0.5483 -0.0200 0.4392
Cyclist 0.0000 0 0.0000 -1.0000 -1.0000 -1.0000 -1.0000 0.6538 1.2359 1.6313 39.3003 10.3552 0.4866 -0.0002 0.3402
Cyclist 0.0000 0 0.0000 -1.0000 -1.0000 -1.0000 -1.0000 0.6881 1.2163 1.6593 -16.3252 11.3046 0.3337 0.0243 0.3267
Cyclist 0.0000 0 0.0000 -1.0000 -1.0000 -1.0000 -1.0000 0.6725 1.3776 1.6464 -11.1045 9.4474 0.3398 0.0204 0.3259
Cyclist 0.0000 0 0.0000 -1.0000 -1.0000 -1.0000 -1.0000 0.7174 1.5241 1.6993 40.2335 9.2613 0.6606 0.0284 0.3141
Cyclist 0.0000 0 0.0000 -1.0000 -1.0000 -1.0000 -1.0000 0.8399 1.5994 1.8223 -52.6534 7.7135 0.5312 0.0153 0.3019
Pedestrian 0.0000 0 0.0000 -1.0000 -1.0000 -1.0000 -1.0000 0.7212 1.7118 0.7034 -41.6979 -5.2048 0.8213 0.0832 0.4457
Pedestrian 0.0000 0 0.0000 -1.0000 -1.0000 -1.0000 -1.0000 0.7359 1.7174 0.7415 47.4611 -4.9200 1.2275 3.0962 0.3717
Pedestrian 0.0000 0 0.0000 -1.0000 -1.0000 -1.0000 -1.0000 0.6988 1.6745 0.6660 -36.5997 -5.2465 0.8975 3.1097 0.3455
Pedestrian 0.0000 0 0.0000 -1.0000 -1.0000 -1.0000 -1.0000 0.6825 1.6603 0.6263 -35.8828 -4.7679 0.8882 3.0811 0.3297
Pedestrian 0.0000 0 0.0000 -1.0000 -1.0000 -1.0000 -1.0000 0.7032 1.6551 0.6428 43.3516 -6.1014 1.1349 3.0778 0.3038
