Car 0.0000 0 0.0000 -1.0000 -1.0000 -1.0000 -1.0000 2.0078 1.4999 4.5666 -1.1633 -6.1621 0.7447 -0.0116 0.7745
Car 0.0000 0 0.0000 -1.0000 -1.0000 -1.0000 -1.0000 2.0128 1.4408 4.5913 26.2338 -4.1359 0.7129 0.0513 0.7656
Car 0.0000 0 0.0000 -1.0000 -1.0000 -1.0000 -1.0000 2.1115 1.8361 4.8127 -26.2555 -6.4553 0.9082 0.0063 0.7287
Car 0.0000 0 0.0000 -1.0000 -1.0000 -1.0000 -1.0000 2.0715 1.8554 4.7504 13.8909 6.5094 0.8147 0.0114 0.7190
Car 0.0000 0 0.0000 -1.0000 -1.0000 -1.0000 -1.0000 1.9466 1.5847 4.5135 -27.6244 6.2839 0.7416 -3.0983 0.6639
Car 0.0000 0 0.0000 -1.0000 -1.0000 -1.0000 -1.0000 1.9403 1.4670 4.4697 7.9655 13.1541 0.4572 -0.0028 0.6527
Car 0.0000 0 0.0000 -1.0000 -1.0000 -1.0000 -1.0000 2.0044 1.4341 4.5947 -54.1394 -0.1751 0.8436 -3.1254 0.6139
Car 0.0000 0 0.0000 -1.0000 -1.0000 -1.0000 -1.0000 1.9036 1.4882 4.4685 19.6314 10.1809 0.4425 3.1322 0.6074
Car 0.0000 0 0.0000 -1.0000 -1.0000 -1.0000 -1.0000 1.8944 1.4701 4.4314 -11.7401 6.6309 0.6023 -0.0124 0.5517
Car 0.0000 0 0.0000 -1.0000 -1.0000 -1.0000 -1.0000 2.0464 1.6941 4.7623 47.4173 8.1586 0.6295 3.1126 0.5197
Car 0.0000 0 0.0000 -1.0000 -1.0000 -1.0000 -1.0000 1.8930 1.6716 4.4890 75.0442 -1.6215 0.7945 3.1341 0.4579
Car 0.0000 0 0.0000 -1.0000 -1.0000 -1.0000 -1.0000 1.9970 1.6662 4.6268 -62.4877 -4.0396 0.9918 -3.1069 0.4486
Car 0.0000 0 0.0000 -1.0000 -1.0000 -1.0000 -1.0000 1.9445 1.5295 4.6287 73.6718 -5.8968 0.6613 3.0213 0.3490
Car 0.0000 0 0.0000 -1.0000 -1.0000 -1.0000 -1.0000 1.9007 1.8676 4.5007 -56.0987 13.5562 0.6657 3.1332 0.3388
Truck 0.0000 0 0.0000 -1.0000 -1.0000 -1.0000 -1.0000 2.6996 2.8564 7.8843 -70.2074 10.2498 1.1328 -0.0230 0.4642
