Car 0.0000 0 0.0000 -1.0000 -1.0000 -1.0000 -1.0000 1.9198 1.4588 4.4871 8.5400 -20.5201 0.8884 -0.5906 0.6959
Car 0.0000 0 0.0000 -1.0000 -1.0000 -1.0000 -1.0000 2.0852 1.9247 4.7724 19.3704 -23.4359 1.0971 2.5262 0.6834
Car 0.0000 0 0.0000 -1.0000 -1.0000 -1.0000 -1.0000 1.9288 1.6572 4.3987 -35.4264 14.2604 0.5032 -0.5780 0.6466
Car 0.0000 0 0.0000 -1.0000 -1.0000 -1.0000 -1.0000 1.9921 1.6948 4.5796 -11.2536 -6.5363 0.7739 -0.6632 0.5971
Car 0.0000 0 0.0000 -1.0000 -1.0000 -1.0000 -1.0000 1.9023 1.4953 4.4569 -24.4380 8.0081 0.3926 -0.5402 0.5904
Car 0.0000 0 0.0000 -1.0000 -1.0000 -1.0000 -1.0000 1.9891 1.5926 4.6000 -17.2789 6.1569 0.5517 -0.5794 0.5769
Car 0.0000 0 0.0000 -1.0000 -1.0000 -1.0000 -1.0000 1.8702 1.5205 4.4132 -42.7537 22.4370 0.2756 -0.6167 0.5677
Car 0.0000 0 0.0000 -1.0000 -1.0000 -1.0000 -1.0000 1.8907 1.4465 4.4618 13.7942 -22.2255 0.8749 -0.6463 0.5573
Car 0.0000 0 0.0000 -1.0000 -1.0000 -1.0000 -1.0000 1.9186 1.5669 4.6268 -62.3575 31.3462 0.3051 2.6079 0.5418
Car 0.0000 0 0.0000 -1.0000 -1.0000 -1.0000 -1.0000 2.0438 1.9448 4.8094 25.9115 11.9042 1.0537 0.1535 0.5129
Car 0.0000 0 0.0000 -1.0000 -1.0000 -1.0000 -1.0000 1.9091 1.4760 4.5572 -64.2338 37.9378 -0.0665 2.5311 0.4655
Car 0.0000 0 0.0000 -1.0000 -1.0000 -1.0000 -1.0000 1.9603 1.5978 4.6532 -6.3034 -10.1069 0.8358 -0.6297 0.4601
Car 0.0000 0 0.0000 -1.0000 -1.0000 -1.0000 -1.0000 2.2696 2.5809 5.2056 10.9422 14.4697 1.1552 -2.5844 0.4463
Car 0.0000 0 0.0000 -1.0000 -1.0000 -1.0000 -1.0000 2.0054 1.7694 4.6946 7.0843 23.2507 0.5556 -0.6840 0.4240
Car 0.0000 0 0.0000 -1.0000 -1.0000 -1.0000 -1.0000 1.8994 1.4938 4.5917 -8.3393 13.3301 0.4444 2.5263 0.4170
Car 0.0000 0 0.0000 -1.0000 -1.0000 -1.0000 -1.0000 1.8728 1.4656 4.4473 -31.1650 15.1213 0.3314 -0.5460 0.3811
Car 0.0000 0 0.0000 -1.0000 -1.0000 -1.0000 -1.0000 1.9009 1.6376 4.4871 8.4717 4.0163 0.9017 0.9894 0.3795
Car 0.0000 0 0.0000 -1.0000 -1.0000 -1.0000 -1.0000 1.8997 1.5720 4.4940 -11.7483 1.9656 0.6320 2.5809 0.3355
Car 0.0000 0 0.0000 -1.0000 -1.0000 -1.0000 -1.0000 1.9369 1.5547 4.6706 33.6737 11.9878 0.7502 0.0159 0.3264
Car 0.0000 0 0.0000 -1.0000 -1.0000 -1.0000 -1.0000 1.9283 1.9234 4.5761 2.3326 -23.7048 1.4502 2.2924 0.3220
Truck 0.0000 0 0.0000 -1.0000 -1.0000 -1.0000 -1.0000 2.5895 3.1729 6.3541 28.7997 15.9650 1.5946 -3.0819 0.5152
Tricar 0.0000 0 0.0000 -1.0000 -1.0000 -1.0000 -1.0000 1.2203 1.7294 2.8225 4.1429 2.8660 0.8836 0.6128 0.4995
Tricar 0.0000 0 0.0000 -1.0000 -1.0000 -1.0000 -1.0000 1.2792 1.6640 3.0454 -17.9705 -0.9933 0.6265 -0.5227 0.4495
Tricar 0.0000 0 0.0000 -1.0000 -1.0000 -1.0000 -1.0000 1.3170 1.5938 3.2276 33.2028 22.1605 0.6479 2.8294 0.4193
Cyclist 0.0000 0 0.0000 -1.0000 -1.0000 -1.0000 -1.0000 0.7905 1.5288 1.7834 3.2733 -6.1151 0.7667 -0.4480 0.6673
Cyclist 0.0000 0 0.0000 -1.0000 -1.0000 -1.0000 -1.0000 0.7862 1.5772 1.7677 -27.4228 16.8240 0.2615 2.5747 0.6483
Cyclist 0.0000 0 0.0000 -1.0000 -1.0000 -1.0000 -1.0000 0.7919 1.5724 1.7312 -2.9124 -6.1761 0.7821 -0.5159 0.6410
Cyclist 0.0000 0 0.0000 -1.0000 -1.0000 -1.0000 -1.0000 0.8634 1.6028 1.8587 1.3227 5.3072 0.8192 -2.6359 0.5948
Cyclist 0.0000 0 0.0000 -1.0000 -1.0000 -1.0000 -1.0000 0.7417 1.5207 1.6984 4.5627 -11.1609 0.7892 -0.5725 0.5809
Cyclist 0.0000 0 0.0000 -1.0000 -1.0000 -1.0000 -1.0000 0.7374 1.5244 1.7310 25.2851 -24.5448 0.8176 2.5448 0.5735
Cyclist 0.0000 0 0.0000 -1.0000 -1.0000 -1.0000 -1.0000 0.7204 1.5257 1.6749 14.9762 -18.2378 0.8182 -0.6095 0.5189
Cyclist 0.0000 0 0.0000 -1.0000 -1.0000 -1.0000 -1.0000 0.8020 1.5179 1.8249 -21.8092 2.1796 0.5306 -0.7253 0.5060
Cyclist 0.0000 0 0.0000 -1.0000 -1.0000 -1.0000 -1.0000 0.7266 1.4830 1.7029 12.8148 -18.7504 0.8286 -0.5761 0.4946
Cyclist 0.0000 0 0.0000 -1.0000 -1.0000 -1.0000 -1.0000 0.6964 1.3638 1.6913 21.4376 -18.8012 0.7358 2.5108 0.4858
Cyclist 0.0000 0 0.0000 -1.0000 -1.0000 -1.0000 -1.0000 0.7372 1.5479 1.6957 -8.4948 2.7604 0.6932 -0.5225 0.4673
Cyclist 0.0000 0 0.0000 -1.0000 -1.0000 -1.0000 -1.0000 0.7723 1.5118 1.7659 7.4575 -13.7922 0.7791 2.5606 0.4614
Cyclist 0.0000 0 0.0000 -1.0000 -1.0000 -1.0000 -1.0000 0.7632 1.5580 1.7047 1.4765 -8.7789 0.7708 2.6266 0.4518
Cyclist 0.0000 0 0.0000 -1.0000 -1.0000 -1.0000 -1.0000 0.7847 1.5800 1.7533 -4.4233 -7.3079 0.7883 2.6348 0.4110
Cyclist 0.0000 0 0.0000 -1.0000 -1.0000 -1.0000 -1.0000 0.7599 1.3549 1.7685 -25.2864 1.2408 0.4485 -2.3596 0.4050
Cyclist 0.0000 0 0.0000 -1.0000 -1.0000 -1.0000 -1.0000 0.8232 1.5720 1.7818 9.2200 -16.5380 0.8638 -0.5607 0.4032
Cyclist 0.0000 0 0.0000 -1.0000 -1.0000 -1.0000 -1.0000 0.7335 1.5204 1.6921 1.3387 -10.4746 0.7680 -0.6238 0.3967
Cyclist 0.0000 0 0.0000 -1.0000 -1.0000 -1.0000 -1.0000 0.8196 1.5732 1.8125 -34.0296 22.1964 0.3070 -0.7236 0.3746
Cyclist 0.0000 0 0.0000 -1.0000 -1.0000 -1.0000 -1.0000 0.8928 1.6547 1.8517 -16.2111 13.1811 0.5390 2.6387 0.3575
Cyclist 0.0000 0 0.0000 -1.0000 -1.0000 -1.0000 -1.0000 0.8923 1.6481 1.8781 -30.9699 18.4013 0.3744 2.5873 0.3330
Cyclist 0.0000 0 0.0000 -1.0000 -1.0000 -1.0000 -1.0000 0.6994 1.5544 1.6762 -36.7101 24.5806 0.2488 2.4377 0.3194
Cyclist 0.0000 0 0.0000 -1.0000 -1.0000 -1.0000 -1.0000 0.8246 1.5579 1.7645 29.9940 22.6004 0.6080 3.0412 0.3126
Cyclist 0.0000 0 0.0000 -1.0000 -1.0000 -1.0000 -1.0000 0.7442 1.5720 1.7050 -60.7143 21.1925 0.4868 2.9375 0.3102
Cyclist 0.0000 0 0.0000 -1.0000 -1.0000 -1.0000 -1.0000 0.8178 1.5595 1.8033 40.2517 -32.6469 0.9661 2.6071 0.3101
Cyclist 0.0000 0 0.0000 -1.0000 -1.0000 -1.0000 -1.0000 1.0329 1.6797 2.0561 4.3345 2.8316 0.8995 -2.4913 0.3074
Pedestrian 0.0000 0 0.0000 -1.0000 -1.0000 -1.0000 -1.0000 0.6731 1.6535 0.5904 -14.5844 -2.6541 0.6602 -0.6413 0.6060
Pedestrian 0.0000 0 0.0000 -1.0000 -1.0000 -1.0000 -1.0000 0.6705 1.6611 0.6055 -6.9539 8.4883 0.7960 2.6974 0.5856
Pedestrian 0.0000 0 0.0000 -1.0000 -1.0000 -1.0000 -1.0000 0.6768 1.7191 0.5644 -2.6445 -15.8160 1.0287 0.8670 0.4537
Pedestrian 0.0000 0 0.0000 -1.0000 -1.0000 -1.0000 -1.0000 0.6876 1.6778 0.5989 -50.5959 18.6066 0.7361 -0.4773 0.3323
Pedestrian 0.0000 0 0.0000 -1.0000 -1.0000 -1.0000 -1.0000 0.7012 1.7302 0.6292 -22.2379 -0.8421 0.7743 -0.7401 0.3223
Pedestrian 0.0000 0 0.0000 -1.0000 -1.0000 -1.0000 -1.0000 0.6847 1.6717 0.6181 -18.2626 14.1777 0.4539 2.6218 0.3189
Pedestrian 0.0000 0 0.0000 -1.0000 -1.0000 -1.0000 -1.0000 0.6950 1.6750 0.6197 -24.2238 4.8751 0.6485 -0.6828 0.3033
