Car 0.0000 0 0.0000 -1.0000 -1.0000 -1.0000 -1.0000 2.0604 1.5156 4.7318 -23.7783 -0.5390 0.6452 -3.1268 0.8301
Car 0.0000 0 0.0000 -1.0000 -1.0000 -1.0000 -1.0000 2.0225 1.7999 4.6329 0.7376 4.3590 0.8704 -0.0326 0.7432
Car 0.0000 0 0.0000 -1.0000 -1.0000 -1.0000 -1.0000 2.0088 1.7538 4.6253 -16.8318 4.6723 0.7542 -0.0256 0.7280
Car 0.0000 0 0.0000 -1.0000 -1.0000 -1.0000 -1.0000 1.9763 1.5038 4.6553 -28.2178 2.5808 0.5616 3.1142 0.7223
Car 0.0000 0 0.0000 -1.0000 -1.0000 -1.0000 -1.0000 1.9544 1.6259 4.5386 -22.5935 4.1615 0.6470 -3.1390 0.6790
Car 0.0000 0 0.0000 -1.0000 -1.0000 -1.0000 -1.0000 1.9234 1.4816 4.4782 -2.4326 7.2665 0.6473 -0.0124 0.5835
Car 0.0000 0 0.0000 -1.0000 -1.0000 -1.0000 -1.0000 1.9570 1.7218 4.5484 5.1629 6.7483 0.8558 0.0095 0.5326
Car 0.0000 0 0.0000 -1.0000 -1.0000 -1.0000 -1.0000 1.9294 1.5818 4.5608 -67.6887 -2.9612 0.4286 -0.9503 0.5304
Car 0.0000 0 0.0000 -1.0000 -1.0000 -1.0000 -1.0000 1.8565 1.5925 4.4603 2.7840 -12.1434 0.6944 -0.0036 0.4788
Car 0.0000 0 0.0000 -1.0000 -1.0000 -1.0000 -1.0000 1.9118 1.5999 4.5647 -46.2283 7.1709 0.5177 3.0079 0.4070
Car 0.0000 0 0.0000 -1.0000 -1.0000 -1.0000 -1.0000 1.9040 1.5372 4.5740 -28.0157 6.1258 0.5706 3.0582 0.3886
Car 0.0000 0 0.0000 -1.0000 -1.0000 -1.0000 -1.0000 1.8926 1.5075 4.5454 51.9692 -3.0096 1.3278 0.0269 0.3758
Car 0.0000 0 0.0000 -1.0000 -1.0000 -1.0000 -1.0000 1.9164 1.5651 4.5768 -58.1493 5.9637 0.4301 -0.1879 0.3347
Car 0.0000 0 0.0000 -1.0000 -1.0000 -1.0000 -1.0000 1.8526 1.7144 4.4345 -62.4768 -10.5601 0.5400 -1.3681 0.3300
Car 0.0000 0 0.0000 -1.0000 -1.0000 -1.0000 -1.0000 1.9148 1.5642 4.5490 -39.5028 6.8641 0.4867 2.9319 0.3217
Truck 0.0000 0 0.0000 -1.0000 -1.0000 -1.0000 -1.0000 2.8167 3.2869 10.3031 32.5980 0.7938 1.9488 0.0685 0.6076
Truck 0.0000 0 0.0000 -1.0000 -1.0000 -1.0000 -1.0000 2.8623 3.1013 11.8595 11.5202 3.4299 1.6630 0.0491 0.5890
Truck 0.0000 0 0.0000 -1.0000 -1.0000 -1.0000 -1.0000 3.0040 3.6654 8.5488 -7.6254 3.6256 1.8001 -3.1412 0.4676
Truck 0.0000 0 0.0000 -1.0000 -1.0000 -1.0000 -1.0000 2.7736 3.2286 10.3136 32.1856 4.5282 1.8565 0.0402 0.3218
Cyclist 0.0000 0 0.0000 -1.0000 -1.0000 -1.0000 -1.0000 0.7395 1.5298 1.7095 12.9541 -4.1215 0.8291 -3.1009 0.4857
Cyclist 0.0000 0 0.0000 -1.0000 -1.0000 -1.0000 -1.0000 0.7774 1.5755 1.7129 12.8239 -2.8674 0.8624 0.0088 0.4468
Cyclist 0.0000 0 0.0000 -1.0000 -1.0000 -1.0000 -1.0000 0.6460 1.1479 1.6542 8.2318 -10.0014 0.5380 -3.1204 0.3852
Cyclist 0.0000 0 0.0000 -1.0000 -1.0000 -1.0000 -1.0000 0.6928 1.5254 1.6395 42.8956 -1.6027 1.1392 -3.1253 0.3362
Pedestrian 0.0000 0 0.0000 -1.0000 -1.0000 -1.0000 -1.0000 0.7000 1.6171 0.6753 22.6740 -4.3710 0.9811 -3.0965 0.3309
