Car 0.0000 0 0.0000 -1.0000 -1.0000 -1.0000 -1.0000 1.9745 1.4238 4.5138 14.2433 -3.3371 0.8136 0.0091 0.8014
Car 0.0000 0 0.0000 -1.0000 -1.0000 -1.0000 -1.0000 1.9690 1.4629 4.5209 6.1845 -2.8582 0.7730 0.0202 0.7983
Car 0.0000 0 0.0000 -1.0000 -1.0000 -1.0000 -1.0000 1.9284 1.4832 4.3859 5.3101 3.4042 0.7956 3.1233 0.7583
Car 0.0000 0 0.0000 -1.0000 -1.0000 -1.0000 -1.0000 1.9804 1.4443 4.5407 -1.5351 -3.5514 0.7330 -0.0043 0.7069
Car 0.0000 0 0.0000 -1.0000 -1.0000 -1.0000 -1.0000 1.9430 1.7090 4.4849 21.6646 3.4425 0.9565 3.1307 0.6494
Car 0.0000 0 0.0000 -1.0000 -1.0000 -1.0000 -1.0000 1.9453 1.6660 4.5139 12.8355 -6.6978 0.9085 0.0039 0.6415
Car 0.0000 0 0.0000 -1.0000 -1.0000 -1.0000 -1.0000 1.9612 1.4391 4.5134 -8.6537 -0.1948 0.6871 0.0060 0.6316
Car 0.0000 0 0.0000 -1.0000 -1.0000 -1.0000 -1.0000 1.8944 1.5558 4.5289 60.4345 17.9033 0.6894 1.3446 0.4362
Car 0.0000 0 0.0000 -1.0000 -1.0000 -1.0000 -1.0000 2.0075 1.8954 4.6301 6.2483 0.1844 0.9829 3.1254 0.4243
Car 0.0000 0 0.0000 -1.0000 -1.0000 -1.0000 -1.0000 1.9355 1.6028 4.5174 -44.2841 7.6997 0.6300 -3.1267 0.3998
Truck 0.0000 0 0.0000 -1.0000 -1.0000 -1.0000 -1.0000 2.7608 2.8538 8.4309 27.7180 13.6921 1.3431 -2.9092 0.5605
Truck 0.0000 0 0.0000 -1.0000 -1.0000 -1.0000 -1.0000 2.9732 3.7397 9.2828 52.7122 19.9600 1.8399 1.1592 0.4820
Truck 0.0000 0 0.0000 -1.0000 -1.0000 -1.0000 -1.0000 2.7370 3.1727 8.3268 52.6112 40.4151 0.6602 -1.7284 0.3701
Truck 0.0000 0 0.0000 -1.0000 -1.0000 -1.0000 -1.0000 1.8021 1.8055 4.3554 13.6582 4.0950 0.9668 3.1123 0.3557
Cyclist 0.0000 0 0.0000 -1.0000 -1.0000 -1.0000 -1.0000 0.7478 1.5191 1.7466 37.3551 24.0725 0.3429 -0.0457 0.5478
Cyclist 0.0000 0 0.0000 -1.0000 -1.0000 -1.0000 -1.0000 0.7343 1.5592 1.6722 29.0151 -15.0104 0.8974 3.1103 0.4747
Pedestrian 0.0000 0 0.0000 -1.0000 -1.0000 -1.0000 -1.0000 0.7168 1.6602 0.6632 40.8025 22.2110 0.4904 -2.8092 0.3167
