Car 0.0000 0 0.0000 -1.0000 -1.0000 -1.0000 -1.0000 2.0053 1.6088 4.6188 39.6079 6.9905 0.8708 3.1136 0.7334
Car 0.0000 0 0.0000 -1.0000 -1.0000 -1.0000 -1.0000 1.9248 1.4820 4.4510 -13.7864 6.3065 0.6769 -3.1249 0.7184
Car 0.0000 0 0.0000 -1.0000 -1.0000 -1.0000 -1.0000 1.9608 1.5834 4.5325 14.4232 4.0070 0.8259 3.1250 0.7088
Car 0.0000 0 0.0000 -1.0000 -1.0000 -1.0000 -1.0000 1.9528 1.5332 4.4925 -4.0139 6.4162 0.6942 3.0743 0.6682
Car 0.0000 0 0.0000 -1.0000 -1.0000 -1.0000 -1.0000 1.9468 1.7620 4.4497 -23.9737 6.2529 0.7520 -3.0989 0.6548
Car 0.0000 0 0.0000 -1.0000 -1.0000 -1.0000 -1.0000 1.9695 1.5497 4.6541 -16.8048 3.0966 0.7333 0.0207 0.6493
Car 0.0000 0 0.0000 -1.0000 -1.0000 -1.0000 -1.0000 1.9055 1.5382 4.4560 -23.4040 3.2823 0.6656 -3.0933 0.6487
Car 0.0000 0 0.0000 -1.0000 -1.0000 -1.0000 -1.0000 1.9392 1.5461 4.5753 24.1393 11.7321 0.6590 -0.0069 0.5593
Car 0.0000 0 0.0000 -1.0000 -1.0000 -1.0000 -1.0000 1.9305 1.5451 4.5910 -2.3180 27.9987 0.3385 1.6115 0.5565
Car 0.0000 0 0.0000 -1.0000 -1.0000 -1.0000 -1.0000 1.9276 1.5658 4.5745 -5.0992 28.0694 0.3571 -1.4971 0.5281
Car 0.0000 0 0.0000 -1.0000 -1.0000 -1.0000 -1.0000 1.9176 1.5171 4.5327 -37.2071 2.9337 0.6333 -3.0862 0.5054
Car 0.0000 0 0.0000 -1.0000 -1.0000 -1.0000 -1.0000 1.9439 1.6777 4.6224 35.1021 0.2522 1.0214 -3.1223 0.5002
Car 0.0000 0 0.0000 -1.0000 -1.0000 -1.0000 -1.0000 2.0258 1.7132 4.6117 37.6230 3.9453 0.9544 -0.0195 0.4935
Car 0.0000 0 0.0000 -1.0000 -1.0000 -1.0000 -1.0000 2.0446 1.4590 4.6173 -9.4291 -5.1676 0.7315 -3.1207 0.4934
Car 0.0000 0 0.0000 -1.0000 -1.0000 -1.0000 -1.0000 1.9653 1.4999 4.5157 -20.7633 -5.6104 0.7546 -3.1242 0.4869
Car 0.0000 0 0.0000 -1.0000 -1.0000 -1.0000 -1.0000 1.9457 1.4443 4.5163 8.0212 0.0626 0.7369 0.0049 0.4446
Car 0.0000 0 0.0000 -1.0000 -1.0000 -1.0000 -1.0000 1.8404 1.4606 4.3843 2.2308 -5.2075 0.7446 3.1373 0.4340
Car 0.0000 0 0.0000 -1.0000 -1.0000 -1.0000 -1.0000 2.0858 1.7155 4.7961 -12.4560 -0.0502 0.8462 0.0247 0.4290
Car 0.0000 0 0.0000 -1.0000 -1.0000 -1.0000 -1.0000 1.8619 1.5123 4.4499 1.7127 27.8472 0.3700 -1.6100 0.4240
Car 0.0000 0 0.0000 -1.0000 -1.0000 -1.0000 -1.0000 1.8781 1.6186 4.4728 -30.9159 3.2335 0.7739 0.0224 0.4145
Car 0.0000 0 0.0000 -1.0000 -1.0000 -1.0000 -1.0000 1.8827 1.8106 4.4652 -33.6100 6.3656 0.8260 -3.0621 0.4120
Car 0.0000 0 0.0000 -1.0000 -1.0000 -1.0000 -1.0000 1.9248 1.8132 4.5500 -6.0660 3.6703 0.8963 3.1296 0.3842
Car 0.0000 0 0.0000 -1.0000 -1.0000 -1.0000 -1.0000 1.8748 1.6237 4.6349 -60.4398 21.8252 0.5333 -3.0644 0.3436
Car 0.0000 0 0.0000 -1.0000 -1.0000 -1.0000 -1.0000 1.8963 1.5107 4.5245 24.1099 0.1836 0.8861 0.0029 0.3435
Car 0.0000 0 0.0000 -1.0000 -1.0000 -1.0000 -1.0000 1.9839 1.7099 4.6831 56.8489 3.5376 1.0487 0.0022 0.3373
Truck 0.0000 0 0.0000 -1.0000 -1.0000 -1.0000 -1.0000 2.9920 3.2118 11.7469 10.1407 12.2099 1.4202 0.0109 0.7496
Truck 0.0000 0 0.0000 -1.0000 -1.0000 -1.0000 -1.0000 2.9599 3.2107 10.7268 48.5985 11.7528 1.4429 3.1365 0.6748
Truck 0.0000 0 0.0000 -1.0000 -1.0000 -1.0000 -1.0000 2.9214 3.1227 10.9002 -11.7913 11.3052 1.4784 -3.1370 0.4968
Truck 0.0000 0 0.0000 -1.0000 -1.0000 -1.0000 -1.0000 2.9109 3.2137 11.5685 13.8127 -5.5406 1.7699 0.0277 0.4597
Truck 0.0000 0 0.0000 -1.0000 -1.0000 -1.0000 -1.0000 2.9789 3.6785 12.6258 38.2941 -6.1067 2.1039 3.1168 0.3413
Cyclist 0.0000 0 0.0000 -1.0000 -1.0000 -1.0000 -1.0000 0.7667 1.5225 1.7282 -14.6188 -11.9587 0.8208 0.0062 0.5079
Cyclist 0.0000 0 0.0000 -1.0000 -1.0000 -1.0000 -1.0000 0.7450 1.5106 1.7354 -25.1275 -12.4539 0.7749 -0.0092 0.4689
Cyclist 0.0000 0 0.0000 -1.0000 -1.0000 -1.0000 -1.0000 0.6842 1.2517 1.7434 1.0389 20.0458 0.2095 -1.5134 0.3224
Pedestrian 0.0000 0 0.0000 -1.0000 -1.0000 -1.0000 -1.0000 0.6885 1.6382 0.6351 6.3472 30.0779 0.5579 3.0570 0.5226
Pedestrian 0.0000 0 0.0000 -1.0000 -1.0000 -1.0000 -1.0000 0.7012 1.6410 0.6804 -13.0335 -16.5160 1.1244 0.0411 0.5030
Pedestrian 0.0000 0 0.0000 -1.0000 -1.0000 -1.0000 -1.0000 0.7303 1.7303 0.7138 -34.8742 -18.3979 1.1507 -3.0544 0.4721
Pedestrian 0.0000 0 0.0000 -1.0000 -1.0000 -1.0000 -1.0000 0.6752 1.6301 0.5951 4.5600 18.0454 0.4315 -3.1233 0.4546
Pedestrian 0.0000 0 0.0000 -1.0000 -1.0000 -1.0000 -1.0000 0.6878 1.6792 0.6068 6.1586 -8.3186 0.9389 3.1293 0.4064
Pedestrian 0.0000 0 0.0000 -1.0000 -1.0000 -1.0000 -1.0000 0.6783 1.6479 0.5982 -0.6942 14.5694 0.4793 -1.5476 0.3947
Pedestrian 0.0000 0 0.0000 -1.0000 -1.0000 -1.0000 -1.0000 0.6895 1.6888 0.6198 -58.4905 25.3377 0.6238 -3.1217 0.3847
Pedestrian 0.0000 0 0.0000 -1.0000 -1.0000 -1.0000 -1.0000 0.6767 1.6496 0.5815 2.6949 14.5316 0.5299 -0.1450 0.3800
