Car 0.0000 0 0.0000 -1.0000 -1.0000 -1.0000 -1.0000 1.9869 1.4640 4.5674 30.1494 3.4553 0.5434 -0.0120 0.7334
Car 0.0000 0 0.0000 -1.0000 -1.0000 -1.0000 -1.0000 1.9588 1.5567 4.5388 -30.0414 3.3061 0.7917 0.0106 0.7012
Car 0.0000 0 0.0000 -1.0000 -1.0000 -1.0000 -1.0000 1.9489 1.4801 4.5621 -10.4454 -9.4169 0.7364 0.0228 0.6671
Car 0.0000 0 0.0000 -1.0000 -1.0000 -1.0000 -1.0000 2.1351 1.9309 4.7764 -12.3178 -0.1123 0.9624 -0.0080 0.6224
Car 0.0000 0 0.0000 -1.0000 -1.0000 -1.0000 -1.0000 1.9891 1.7626 4.5692 12.1978 -0.0967 0.8322 -0.0217 0.6110
Car 0.0000 0 0.0000 -1.0000 -1.0000 -1.0000 -1.0000 2.0340 1.7945 4.7950 25.5133 10.1737 0.6254 0.0465 0.6002
Car 0.0000 0 0.0000 -1.0000 -1.0000 -1.0000 -1.0000 2.0028 1.7372 4.6384 -22.5562 -9.8111 0.8705 -0.0187 0.5899
Car 0.0000 0 0.0000 -1.0000 -1.0000 -1.0000 -1.0000 1.9209 1.5903 4.5153 10.0594 19.8974 0.2741 -1.3910 0.5473
Car 0.0000 0 0.0000 -1.0000 -1.0000 -1.0000 -1.0000 2.1207 1.9757 4.9420 15.0556 12.0901 0.5929 -3.0999 0.5235
Car 0.0000 0 0.0000 -1.0000 -1.0000 -1.0000 -1.0000 2.0295 1.6855 4.6136 -16.3410 -9.5041 0.8233 -0.0030 0.4897
Car 0.0000 0 0.0000 -1.0000 -1.0000 -1.0000 -1.0000 1.9836 1.5300 4.5955 53.6393 3.4013 0.4801 -3.1389 0.4865
Car 0.0000 0 0.0000 -1.0000 -1.0000 -1.0000 -1.0000 1.8877 1.4981 4.4679 17.0440 19.3857 0.0820 -1.6204 0.4475
Car 0.0000 0 0.0000 -1.0000 -1.0000 -1.0000 -1.0000 1.9931 1.9910 4.7728 -42.9173 3.0703 1.0011 3.1061 0.4414
Car 0.0000 0 0.0000 -1.0000 -1.0000 -1.0000 -1.0000 1.8896 1.5246 4.4600 -27.7216 -9.5871 0.8052 -0.0075 0.4307
Car 0.0000 0 0.0000 -1.0000 -1.0000 -1.0000 -1.0000 1.8901 1.6127 4.4613 -3.6494 -9.2215 0.8174 -0.0001 0.4146
Car 0.0000 0 0.0000 -1.0000 -1.0000 -1.0000 -1.0000 1.8810 1.5153 4.5020 -41.4035 -9.7442 0.8022 -3.1141 0.3461
Car 0.0000 0 0.0000 -1.0000 -1.0000 -1.0000 -1.0000 1.8184 1.5209 4.4754 6.7532 -9.9801 0.7796 -0.0338 0.3433
Car 0.0000 0 0.0000 -1.0000 -1.0000 -1.0000 -1.0000 1.8955 1.6189 4.5493 -15.7041 -12.3927 0.8764 -3.0610 0.3316
Truck 0.0000 0 0.0000 -1.0000 -1.0000 -1.0000 -1.0000 2.8906 3.0812 9.0566 -53.4991 -2.2942 1.6608 -3.1295 0.3942
Tricar 0.0000 0 0.0000 -1.0000 -1.0000 -1.0000 -1.0000 1.2393 1.7825 2.6439 -40.7711 -6.8080 0.9437 -0.0140 0.3408
Cyclist 0.0000 0 0.0000 -1.0000 -1.0000 -1.0000 -1.0000 0.7651 1.5251 1.7353 5.3406 -6.8094 0.7882 -0.0397 0.5291
Cyclist 0.0000 0 0.0000 -1.0000 -1.0000 -1.0000 -1.0000 0.7457 1.5403 1.6991 -56.9612 -6.8420 0.8378 -0.0622 0.3455
Cyclist 0.0000 0 0.0000 -1.0000 -1.0000 -1.0000 -1.0000 0.7246 1.3216 1.7228 -8.1818 -12.1840 0.7433 3.1108 0.3396
Cyclist 0.0000 0 0.0000 -1.0000 -1.0000 -1.0000 -1.0000 0.9558 1.6812 1.8985 -40.4864 -6.7955 0.9637 3.1173 0.3143
Cyclist 0.0000 0 0.0000 -1.0000 -1.0000 -1.0000 -1.0000 0.9026 1.6371 1.8657 1.0564 -6.2520 0.9350 3.1256 0.3046
Pedestrian 0.0000 0 0.0000 -1.0000 -1.0000 -1.0000 -1.0000 0.6886 1.6880 0.6404 13.9306 -3.2170 0.8480 3.1002 0.6389
