Car 0.0000 0 0.0000 -1.0000 -1.0000 -1.0000 -1.0000 1.9918 1.4650 4.5307 -35.6274 -0.9407 0.7034 -0.0160 0.8090
Car 0.0000 0 0.0000 -1.0000 -1.0000 -1.0000 -1.0000 2.0136 1.4707 4.6371 -10.1839 -6.0920 0.6979 -3.0800 0.8005
Car 0.0000 0 0.0000 -1.0000 -1.0000 -1.0000 -1.0000 2.0236 1.4512 4.6172 37.4229 3.6100 0.9423 -3.0152 0.7683
Car 0.0000 0 0.0000 -1.0000 -1.0000 -1.0000 -1.0000 1.9201 1.4203 4.5240 -16.1892 -6.0938 0.6155 -0.0173 0.7662
Car 0.0000 0 0.0000 -1.0000 -1.0000 -1.0000 -1.0000 1.9108 1.4443 4.4869 -21.6357 -6.1019 0.6351 3.1202 0.7593
Car 0.0000 0 0.0000 -1.0000 -1.0000 -1.0000 -1.0000 1.9158 1.4335 4.5029 -21.9513 5.9756 0.6411 3.1009 0.7368
Car 0.0000 0 0.0000 -1.0000 -1.0000 -1.0000 -1.0000 1.8921 1.4470 4.4555 13.9334 -6.2137 0.7459 0.0272 0.6740
Car 0.0000 0 0.0000 -1.0000 -1.0000 -1.0000 -1.0000 2.0883 2.0061 4.7272 7.9297 -6.3427 0.9949 -0.0146 0.6590
Car 0.0000 0 0.0000 -1.0000 -1.0000 -1.0000 -1.0000 2.0305 1.6580 4.6514 -11.6861 5.8381 0.8096 -3.1409 0.6375
Car 0.0000 0 0.0000 -1.0000 -1.0000 -1.0000 -1.0000 1.9430 1.4512 4.5529 -48.3282 6.1278 0.5076 -0.0056 0.6230
Car 0.0000 0 0.0000 -1.0000 -1.0000 -1.0000 -1.0000 1.9404 1.4426 4.5428 4.9533 7.7179 0.7416 3.1263 0.6190
Car 0.0000 0 0.0000 -1.0000 -1.0000 -1.0000 -1.0000 2.2148 2.3227 5.1445 27.6221 5.4005 1.3567 -0.0323 0.5962
Car 0.0000 0 0.0000 -1.0000 -1.0000 -1.0000 -1.0000 1.9320 1.7169 4.5384 -35.7422 5.9778 0.7513 -0.0575 0.5597
Car 0.0000 0 0.0000 -1.0000 -1.0000 -1.0000 -1.0000 1.9594 1.5953 4.5885 54.8515 1.6469 0.6184 3.1198 0.5307
Car 0.0000 0 0.0000 -1.0000 -1.0000 -1.0000 -1.0000 1.8232 1.4539 4.3697 -4.6996 -6.2938 0.6627 0.0228 0.4832
Car 0.0000 0 0.0000 -1.0000 -1.0000 -1.0000 -1.0000 2.1795 2.1646 5.0227 1.4085 -6.3346 1.0373 -3.1026 0.4716
Car 0.0000 0 0.0000 -1.0000 -1.0000 -1.0000 -1.0000 1.9105 1.4243 4.5048 -28.4989 -5.7965 0.6388 -0.0503 0.4685
Car 0.0000 0 0.0000 -1.0000 -1.0000 -1.0000 -1.0000 2.0222 1.6077 4.8436 -67.6287 -5.9626 0.7483 -3.0525 0.4633
Car 0.0000 0 0.0000 -1.0000 -1.0000 -1.0000 -1.0000 1.9130 1.4554 4.5238 -28.4477 5.9602 0.6298 -0.0172 0.4367
Car 0.0000 0 0.0000 -1.0000 -1.0000 -1.0000 -1.0000 1.8919 1.4496 4.5056 -34.1362 -5.5504 0.6963 3.1240 0.4346
Car 0.0000 0 0.0000 -1.0000 -1.0000 -1.0000 -1.0000 1.9011 1.5923 4.5738 -73.0428 -5.2209 0.7830 -3.0329 0.3529
Car 0.0000 0 0.0000 -1.0000 -1.0000 -1.0000 -1.0000 1.8552 1.6833 4.3657 -2.1245 -10.0238 0.8708 -1.3944 0.3425
Car 0.0000 0 0.0000 -1.0000 -1.0000 -1.0000 -1.0000 1.8584 1.5354 4.5046 6.5711 -16.6050 0.8294 1.6328 0.3220
Car 0.0000 0 0.0000 -1.0000 -1.0000 -1.0000 -1.0000 1.9158 1.6583 4.5020 -39.9611 -5.7824 0.7497 -3.1280 0.3076
Cyclist 0.0000 0 0.0000 -1.0000 -1.0000 -1.0000 -1.0000 0.7352 1.5523 1.6931 0.4254 -2.8389 0.7853 3.0917 0.5985
Cyclist 0.0000 0 0.0000 -1.0000 -1.0000 -1.0000 -1.0000 0.8066 1.5996 1.7652 56.2146 -6.8412 0.5458 0.3494 0.5762
Cyclist 0.0000 0 0.0000 -1.0000 -1.0000 -1.0000 -1.0000 0.7487 1.5486 1.7240 -8.9481 -3.2449 0.7683 -3.1374 0.5758
Cyclist 0.0000 0 0.0000 -1.0000 -1.0000 -1.0000 -1.0000 0.7818 1.5909 1.7538 -9.0232 3.3141 0.8112 -3.1356 0.5733
Cyclist 0.0000 0 0.0000 -1.0000 -1.0000 -1.0000 -1.0000 0.8326 1.5705 1.8347 20.5328 -3.9196 0.8791 -3.1051 0.5494
Cyclist 0.0000 0 0.0000 -1.0000 -1.0000 -1.0000 -1.0000 0.7945 1.5551 1.7404 -2.4390 -4.2661 0.7656 0.0189 0.4509
Cyclist 0.0000 0 0.0000 -1.0000 -1.0000 -1.0000 -1.0000 0.6551 1.0904 1.6831 11.0948 28.1597 0.3583 -1.8064 0.3556
Cyclist 0.0000 0 0.0000 -1.0000 -1.0000 -1.0000 -1.0000 0.7143 1.4491 1.7209 -12.6917 -9.2714 0.7353 0.1451 0.3107
Cyclist 0.0000 0 0.0000 -1.0000 -1.0000 -1.0000 -1.0000 0.7380 1.4951 1.7168 -21.8446 19.9191 0.7925 -0.3127 0.3022
Pedestrian 0.0000 0 0.0000 -1.0000 -1.0000 -1.0000 -1.0000 0.6922 1.6586 0.6393 31.7664 8.3284 1.0525 0.0152 0.5609
Pedestrian 0.0000 0 0.0000 -1.0000 -1.0000 -1.0000 -1.0000 0.7075 1.6700 0.6636 31.7470 10.9958 1.0203 0.0924 0.4304
Pedestrian 0.0000 0 0.0000 -1.0000 -1.0000 -1.0000 -1.0000 0.6585 1.6607 0.5550 -6.9602 -13.9578 1.0251 -2.8962 0.3203
