Car 0.0000 0 0.0000 -1.0000 -1.0000 -1.0000 -1.0000 1.9732 1.7081 4.7157 23.6909 -1.2374 1.0345 3.1102 0.3120
Car 0.0000 0 0.0000 -1.0000 -1.0000 -1.0000 -1.0000 1.8412 1.7178 4.3836 -46.4789 -13.1507 1.0825 -1.9186 0.3082
Truck 0.0000 0 0.0000 -1.0000 -1.0000 -1.0000 -1.0000 2.8842 3.1764 8.8548 7.7918 10.7194 1.5602 -3.0967 0.6142
Truck 0.0000 0 0.0000 -1.0000 -1.0000 -1.0000 -1.0000 2.4264 2.2971 6.3885 42.2020 -0.5712 1.3584 3.1065 0.5577
Truck 0.0000 0 0.0000 -1.0000 -1.0000 -1.0000 -1.0000 2.3141 2.2005 6.1072 11.4541 -1.5359 1.1810 -3.1305 0.5252
Truck 0.0000 0 0.0000 -1.0000 -1.0000 -1.0000 -1.0000 2.4473 2.2963 6.5400 -3.8885 -4.1556 1.1676 3.1283 0.5232
Tricar 0.0000 0 0.0000 -1.0000 -1.0000 -1.0000 -1.0000 1.3163 1.7022 3.0496 -63.4276 -1.7577 0.9211 -0.0060 0.4507
Tricar 0.0000 0 0.0000 -1.0000 -1.0000 -1.0000 -1.0000 1.3619 1.6783 3.2225 -46.4279 -13.0368 1.0802 -2.0013 0.3126
Cyclist 0.0000 0 0.0000 -1.0000 -1.0000 -1.0000 -1.0000 0.7470 1.4848 1.7395 -17.0561 -2.9473 0.6803 3.0836 0.6046
Cyclist 0.0000 0 0.0000 -1.0000 -1.0000 -1.0000 -1.0000 0.8043 1.5309 1.8083 -13.8587 -4.5214 0.7430 -0.0501 0.5050
