Car 0.0000 0 0.0000 -1.0000 -1.0000 -1.0000 -1.0000 1.9052 1.5218 4.5329 -40.5902 18.7844 0.7221 -0.4221 0.6172
Car 0.0000 0 0.0000 -1.0000 -1.0000 -1.0000 -1.0000 1.9178 1.4975 4.5780 -42.5827 32.7045 0.4898 2.6678 0.5005
Car 0.0000 0 0.0000 -1.0000 -1.0000 -1.0000 -1.0000 1.9430 1.5536 4.6592 -56.4103 40.5011 0.4199 2.6567 0.4820
Car 0.0000 0 0.0000 -1.0000 -1.0000 -1.0000 -1.0000 1.9388 1.5346 4.4488 -24.2772 9.6113 0.7499 -0.5014 0.4350
Car 0.0000 0 0.0000 -1.0000 -1.0000 -1.0000 -1.0000 1.9447 1.5353 4.5890 -60.9168 36.8058 0.4932 -0.4609 0.4206
Truck 0.0000 0 0.0000 -1.0000 -1.0000 -1.0000 -1.0000 2.8265 2.9689 10.3578 7.9662 -5.3589 1.4942 -0.5481 0.4852
Cyclist 0.0000 0 0.0000 -1.0000 -1.0000 -1.0000 -1.0000 0.7640 1.5359 1.7432 5.1680 6.5712 0.4825 2.6471 0.6004
Cyclist 0.0000 0 0.0000 -1.0000 -1.0000 -1.0000 -1.0000 0.7578 1.5425 1.7288 -16.8786 7.4095 0.7489 -0.6422 0.5592
Cyclist 0.0000 0 0.0000 -1.0000 -1.0000 -1.0000 -1.0000 0.8159 1.6322 1.7543 -10.1916 4.5212 0.8301 -0.5478 0.5491
Cyclist 0.0000 0 0.0000 -1.0000 -1.0000 -1.0000 -1.0000 0.7775 1.5229 1.7923 21.3009 -2.8785 0.4181 -0.6645 0.5099
Cyclist 0.0000 0 0.0000 -1.0000 -1.0000 -1.0000 -1.0000 0.7287 1.5694 1.6750 -37.9702 28.2839 0.5188 2.7593 0.4990
Cyclist 0.0000 0 0.0000 -1.0000 -1.0000 -1.0000 -1.0000 0.7014 1.5290 1.6724 6.2119 -1.5844 0.6880 2.6665 0.4770
Cyclist 0.0000 0 0.0000 -1.0000 -1.0000 -1.0000 -1.0000 0.7348 1.5387 1.7317 20.4528 0.7281 0.4429 -2.2118 0.4202
Cyclist 0.0000 0 0.0000 -1.0000 -1.0000 -1.0000 -1.0000 0.7167 1.3205 1.7048 1.0200 11.0736 0.3583 -2.1270 0.4179
Cyclist 0.0000 0 0.0000 -1.0000 -1.0000 -1.0000 -1.0000 0.9240 1.6960 1.8837 14.6749 -3.5760 0.8576 -0.5347 0.4114
Cyclist 0.0000 0 0.0000 -1.0000 -1.0000 -1.0000 -1.0000 0.6694 1.0894 1.6724 -16.2402 3.4494 0.6492 -1.0997 0.3987
Cyclist 0.0000 0 0.0000 -1.0000 -1.0000 -1.0000 -1.0000 0.7282 1.2429 1.7917 -15.9687 19.3211 0.2473 2.6922 0.3581
Cyclist 0.0000 0 0.0000 -1.0000 -1.0000 -1.0000 -1.0000 0.6778 1.1881 1.6842 8.8893 6.7155 0.3402 0.9839 0.3505
Cyclist 0.0000 0 0.0000 -1.0000 -1.0000 -1.0000 -1.0000 0.7481 1.5180 1.7379 -19.3529 9.0463 0.7531 -0.5646 0.3457
Cyclist 0.0000 0 0.0000 -1.0000 -1.0000 -1.0000 -1.0000 0.6669 1.2445 1.6842 -6.3968 -2.9995 0.8349 -2.0543 0.3389
Cyclist 0.0000 0 0.0000 -1.0000 -1.0000 -1.0000 -1.0000 0.6878 1.2657 1.7145 12.4802 5.2870 0.3869 -2.0719 0.3371
Cyclist 0.0000 0 0.0000 -1.0000 -1.0000 -1.0000 -1.0000 0.7088 1.4165 1.6913 -18.4990 21.8324 0.3432 0.1507 0.3219
Cyclist 0.0000 0 0.0000 -1.0000 -1.0000 -1.0000 -1.0000 0.7454 1.5234 1.7270 5.3071 9.6383 0.4890 0.7593 0.3134
Pedestrian 0.0000 0 0.0000 -1.0000 -1.0000 -1.0000 -1.0000 0.7088 1.6761 0.6708 -13.9904 29.9697 0.3226 -0.6123 0.5458
Pedestrian 0.0000 0 0.0000 -1.0000 -1.0000 -1.0000 -1.0000 0.6767 1.6540 0.5968 31.1467 -2.7798 0.4209 -0.2277 0.5029
Pedestrian 0.0000 0 0.0000 -1.0000 -1.0000 -1.0000 -1.0000 0.7041 1.6656 0.6651 3.1668 13.8741 0.4702 -0.6119 0.4970
Pedestrian 0.0000 0 0.0000 -1.0000 -1.0000 -1.0000 -1.0000 0.6611 1.5934 0.5982 -8.2454 -4.5154 1.0197 2.9491 0.4787
Pedestrian 0.0000 0 0.0000 -1.0000 -1.0000 -1.0000 -1.0000 0.7049 1.6772 0.6654 6.7775 -9.8669 0.9789 2.4087 0.4730
Pedestrian 0.0000 0 0.0000 -1.0000 -1.0000 -1.0000 -1.0000 0.6703 1.6325 0.5825 10.3020 -10.3916 0.9177 2.4711 0.4652
Pedestrian 0.0000 0 0.0000 -1.0000 -1.0000 -1.0000 -1.0000 0.6714 1.6623 0.5915 -21.7362 6.3221 1.0778 3.0633 0.4377
Pedestrian 0.0000 0 0.0000 -1.0000 -1.0000 -1.0000 -1.0000 0.7183 1.6528 0.6892 -20.4510 28.9881 0.3356 -0.5630 0.4294
Pedestrian 0.0000 0 0.0000 -1.0000 -1.0000 -1.0000 -1.0000 0.7276 1.7095 0.7279 20.5924 -19.5712 1.1350 2.5025 0.4093
Pedestrian 0.0000 0 0.0000 -1.0000 -1.0000 -1.0000 -1.0000 0.7285 1.7253 0.7027 -35.7822 12.0912 1.1331 -0.4584 0.4053
Pedestrian 0.0000 0 0.0000 -1.0000 -1.0000 -1.0000 -1.0000 0.6853 1.6629 0.5969 27.2267 -4.4931 0.4221 0.2173 0.3980
Pedestrian 0.0000 0 0.0000 -1.0000 -1.0000 -1.0000 -1.0000 0.6857 1.6552 0.5923 29.9877 -5.2502 0.3956 3.0918 0.3890
Pedestrian 0.0000 0 0.0000 -1.0000 -1.0000 -1.0000 -1.0000 0.6862 1.6207 0.5975 33.1134 -4.4037 0.3231 -0.0902 0.3689
Pedestrian 0.0000 0 0.0000 -1.0000 -1.0000 -1.0000 -1.0000 0.6637 1.6321 0.5737 25.6998 -2.7335 0.4095 -2.4205 0.3552
Pedestrian 0.0000 0 0.0000 -1.0000 -1.0000 -1.0000 -1.0000 0.6959 1.6811 0.6323 25.2635 1.4454 0.4795 -0.6108 0.3304
Pedestrian 0.0000 0 0.0000 -1.0000 -1.0000 -1.0000 -1.0000 0.7214 1.6771 0.7059 -15.5799 22.1416 0.5204 -0.5232 0.3235
Pedestrian 0.0000 0 0.0000 -1.0000 -1.0000 -1.0000 -1.0000 0.6809 1.6062 0.6119 10.9220 -8.9775 0.8551 -0.7498 0.3199
