Car 0.0000 0 0.0000 -1.0000 -1.0000 -1.0000 -1.0000 1.9837 1.4211 4.5140 -16.3512 -2.9285 0.7253 3.1206 0.8246
Car 0.0000 0 0.0000 -1.0000 -1.0000 -1.0000 -1.0000 2.0499 1.4441 4.6408 -14.1431 -6.4664 0.7685 -0.0095 0.8017
Car 0.0000 0 0.0000 -1.0000 -1.0000 -1.0000 -1.0000 1.9919 1.4216 4.5500 -29.5461 0.2545 0.7190 -3.1361 0.7288
Car 0.0000 0 0.0000 -1.0000 -1.0000 -1.0000 -1.0000 1.9961 1.4856 4.5344 26.5246 -3.0925 1.0675 -3.1266 0.7192
Car 0.0000 0 0.0000 -1.0000 -1.0000 -1.0000 -1.0000 1.9849 1.5902 4.5075 55.2431 -1.1225 1.3806 3.1264 0.6398
Car 0.0000 0 0.0000 -1.0000 -1.0000 -1.0000 -1.0000 1.9625 1.5814 4.5651 -47.2323 17.7253 0.3632 -2.9977 0.6073
Car 0.0000 0 0.0000 -1.0000 -1.0000 -1.0000 -1.0000 1.9562 1.5465 4.5792 -59.6990 -0.7837 1.0745 -2.8828 0.5645
Car 0.0000 0 0.0000 -1.0000 -1.0000 -1.0000 -1.0000 1.8450 1.5023 4.5821 -64.0783 5.4593 1.0070 -2.7849 0.3804
Truck 0.0000 0 0.0000 -1.0000 -1.0000 -1.0000 -1.0000 2.9468 3.1897 9.3035 23.0655 10.9483 1.6040 3.1058 0.6990
Cyclist 0.0000 0 0.0000 -1.0000 -1.0000 -1.0000 -1.0000 0.7929 1.5261 1.8389 38.9511 29.0156 -0.0540 3.0989 0.4103
Cyclist 0.0000 0 0.0000 -1.0000 -1.0000 -1.0000 -1.0000 0.7265 1.4002 1.7534 -76.8203 -14.0345 1.1472 -1.3274 0.3622
