Car 0.0000 0 0.0000 -1.0000 -1.0000 -1.0000 -1.0000 2.0707 1.4624 4.6827 -14.3160 0.4064 0.6493 -3.1183 0.8181
Car 0.0000 0 0.0000 -1.0000 -1.0000 -1.0000 -1.0000 2.0056 1.5537 4.6133 -25.5502 3.2970 0.5153 -0.0108 0.8127
Car 0.0000 0 0.0000 -1.0000 -1.0000 -1.0000 -1.0000 1.9522 1.5181 4.5842 -8.0969 10.7953 0.6554 -0.0196 0.7759
Car 0.0000 0 0.0000 -1.0000 -1.0000 -1.0000 -1.0000 1.9561 1.4537 4.6083 -1.1171 10.3907 0.7133 3.1351 0.7701
Car 0.0000 0 0.0000 -1.0000 -1.0000 -1.0000 -1.0000 1.9985 1.4780 4.6126 12.0486 10.5576 0.6409 -3.1074 0.7534
Car 0.0000 0 0.0000 -1.0000 -1.0000 -1.0000 -1.0000 1.9595 1.4872 4.5357 -5.2717 3.5436 0.7053 -3.1290 0.7077
Car 0.0000 0 0.0000 -1.0000 -1.0000 -1.0000 -1.0000 1.9317 1.5044 4.5268 -3.3721 14.2525 0.6782 0.0163 0.7051
Car 0.0000 0 0.0000 -1.0000 -1.0000 -1.0000 -1.0000 1.9404 1.4582 4.5611 18.7074 10.5810 0.4878 3.1391 0.6351
Car 0.0000 0 0.0000 -1.0000 -1.0000 -1.0000 -1.0000 1.9723 1.6540 4.6603 30.7989 0.6111 0.4022 3.1211 0.5698
Car 0.0000 0 0.0000 -1.0000 -1.0000 -1.0000 -1.0000 1.8944 1.5105 4.4607 -42.7028 3.5312 -0.0188 3.1335 0.5527
Car 0.0000 0 0.0000 -1.0000 -1.0000 -1.0000 -1.0000 1.8804 1.5126 4.4265 -12.1808 13.6544 0.6359 3.1094 0.5486
Car 0.0000 0 0.0000 -1.0000 -1.0000 -1.0000 -1.0000 1.9962 1.7415 4.5744 11.0095 -0.1531 0.7318 0.0422 0.5294
Car 0.0000 0 0.0000 -1.0000 -1.0000 -1.0000 -1.0000 1.9230 1.4948 4.5634 24.4796 10.8940 0.4439 0.0007 0.5257
Car 0.0000 0 0.0000 -1.0000 -1.0000 -1.0000 -1.0000 1.8657 1.4906 4.4527 -44.3475 10.6536 -0.0336 -0.0272 0.5186
Car 0.0000 0 0.0000 -1.0000 -1.0000 -1.0000 -1.0000 2.0038 1.5284 4.7618 42.0438 -2.9762 0.0185 3.1364 0.4931
Car 0.0000 0 0.0000 -1.0000 -1.0000 -1.0000 -1.0000 1.9419 1.4810 4.5695 5.3242 15.5073 0.6792 0.1456 0.4440
Car 0.0000 0 0.0000 -1.0000 -1.0000 -1.0000 -1.0000 1.8780 1.5800 4.5029 -14.4443 11.0035 0.6362 3.1277 0.4392
Car 0.0000 0 0.0000 -1.0000 -1.0000 -1.0000 -1.0000 1.9306 1.5337 4.5222 -32.0297 0.2270 0.3360 -3.1286 0.4287
Car 0.0000 0 0.0000 -1.0000 -1.0000 -1.0000 -1.0000 1.8256 1.5206 4.3786 16.3650 16.7821 0.5055 0.2601 0.4057
Car 0.0000 0 0.0000 -1.0000 -1.0000 -1.0000 -1.0000 2.1093 1.9363 4.9260 -5.9954 17.3744 0.8633 3.1377 0.3889
Car 0.0000 0 0.0000 -1.0000 -1.0000 -1.0000 -1.0000 1.8668 1.6977 4.4089 -41.5308 0.5705 0.2064 0.0221 0.3810
Car 0.0000 0 0.0000 -1.0000 -1.0000 -1.0000 -1.0000 1.8929 1.6053 4.5245 27.2508 14.0009 0.4448 0.0267 0.3691
Car 0.0000 0 0.0000 -1.0000 -1.0000 -1.0000 -1.0000 2.3802 2.4760 5.5195 5.3747 11.3175 1.3222 0.0430 0.3503
Car 0.0000 0 0.0000 -1.0000 -1.0000 -1.0000 -1.0000 1.8500 1.5279 4.3971 -22.1617 11.0594 0.5003 -0.0050 0.3476
Car 0.0000 0 0.0000 -1.0000 -1.0000 -1.0000 -1.0000 1.8947 1.5633 4.5299 -12.2712 24.4862 0.4843 3.1317 0.3469
Car 0.0000 0 0.0000 -1.0000 -1.0000 -1.0000 -1.0000 1.9473 1.4978 4.5842 20.5551 13.5170 0.4220 0.0984 0.3364
Car 0.0000 0 0.0000 -1.0000 -1.0000 -1.0000 -1.0000 1.9178 1.5242 4.5825 13.8907 13.6235 0.5553 0.1007 0.3287
Truck 0.0000 0 0.0000 -1.0000 -1.0000 -1.0000 -1.0000 2.9348 3.6040 10.8326 35.4269 10.8149 1.3686 -3.1413 0.4947
Truck 0.0000 0 0.0000 -1.0000 -1.0000 -1.0000 -1.0000 2.6072 2.7640 7.4120 62.4530 25.0624 1.0076 -2.9614 0.4435
Truck 0.0000 0 0.0000 -1.0000 -1.0000 -1.0000 -1.0000 1.9499 1.9378 4.8034 37.8259 4.1536 0.3839 -3.1415 0.3319
Tricar 0.0000 0 0.0000 -1.0000 -1.0000 -1.0000 -1.0000 1.3206 1.5907 3.0414 62.1376 -5.5232 -0.1713 3.0768 0.4693
Cyclist 0.0000 0 0.0000 -1.0000 -1.0000 -1.0000 -1.0000 0.7592 1.5384 1.7370 2.7019 -6.8447 0.7230 0.0788 0.6613
Cyclist 0.0000 0 0.0000 -1.0000 -1.0000 -1.0000 -1.0000 0.7340 1.5399 1.7388 23.8975 -5.5958 0.2609 3.1293 0.5733
Cyclist 0.0000 0 0.0000 -1.0000 -1.0000 -1.0000 -1.0000 0.7616 1.4187 1.7858 47.9093 -6.6203 -0.0849 3.1184 0.4083
Cyclist 0.0000 0 0.0000 -1.0000 -1.0000 -1.0000 -1.0000 0.7214 1.5518 1.7205 45.2495 -7.4722 -0.0552 3.1242 0.4074
Cyclist 0.0000 0 0.0000 -1.0000 -1.0000 -1.0000 -1.0000 0.7535 1.5780 1.7113 10.3311 28.6947 0.5679 0.1080 0.3556
Cyclist 0.0000 0 0.0000 -1.0000 -1.0000 -1.0000 -1.0000 0.7247 1.5342 1.7110 -46.2310 -6.6057 -0.1917 -3.0212 0.3013
