Car 0.0000 0 0.0000 -1.0000 -1.0000 -1.0000 -1.0000 2.1018 1.7707 4.6931 -0.9322 8.0769 0.7237 -2.7933 0.7838
Car 0.0000 0 0.0000 -1.0000 -1.0000 -1.0000 -1.0000 1.9674 1.5557 4.5329 -51.8599 -1.1832 0.2285 -0.2909 0.7138
Car 0.0000 0 0.0000 -1.0000 -1.0000 -1.0000 -1.0000 1.9695 1.5115 4.5229 35.6058 -7.9488 1.1950 -0.2876 0.6937
Car 0.0000 0 0.0000 -1.0000 -1.0000 -1.0000 -1.0000 1.9784 1.7638 4.5379 -14.8957 4.7690 0.6834 -3.1270 0.6751
Car 0.0000 0 0.0000 -1.0000 -1.0000 -1.0000 -1.0000 2.0537 1.7949 4.7411 19.4938 2.3029 1.0783 3.0994 0.6717
Car 0.0000 0 0.0000 -1.0000 -1.0000 -1.0000 -1.0000 2.0083 1.5307 4.6254 9.3491 4.3135 0.8342 0.1093 0.6231
Car 0.0000 0 0.0000 -1.0000 -1.0000 -1.0000 -1.0000 1.8721 1.4237 4.4522 -6.4864 -19.7469 0.8150 -1.6705 0.5661
Car 0.0000 0 0.0000 -1.0000 -1.0000 -1.0000 -1.0000 1.8504 1.4804 4.3961 -32.7370 -4.6585 0.5163 -0.1815 0.5389
Car 0.0000 0 0.0000 -1.0000 -1.0000 -1.0000 -1.0000 1.8892 1.4696 4.5025 2.6163 29.3899 0.1690 -1.6538 0.4993
Car 0.0000 0 0.0000 -1.0000 -1.0000 -1.0000 -1.0000 2.0165 1.7623 4.7866 -16.8393 9.9586 0.6479 -0.1075 0.4770
Car 0.0000 0 0.0000 -1.0000 -1.0000 -1.0000 -1.0000 2.0233 1.8762 4.6557 32.6136 -2.9351 1.3602 -0.1002 0.4460
Car 0.0000 0 0.0000 -1.0000 -1.0000 -1.0000 -1.0000 1.8816 1.5152 4.4674 40.9050 -8.2740 1.2452 -0.0435 0.4375
Car 0.0000 0 0.0000 -1.0000 -1.0000 -1.0000 -1.0000 1.9773 1.6494 4.6862 57.6087 -9.8401 1.4331 2.9802 0.4240
Car 0.0000 0 0.0000 -1.0000 -1.0000 -1.0000 -1.0000 1.8713 1.4521 4.5023 -7.8994 -25.6652 0.8542 -1.5930 0.3912
Car 0.0000 0 0.0000 -1.0000 -1.0000 -1.0000 -1.0000 1.8872 1.7191 4.4890 -60.1960 -1.8119 0.1865 -1.6299 0.3802
Car 0.0000 0 0.0000 -1.0000 -1.0000 -1.0000 -1.0000 2.0302 2.0021 4.8223 1.9898 -12.0058 1.1302 1.4200 0.3599
Car 0.0000 0 0.0000 -1.0000 -1.0000 -1.0000 -1.0000 1.9101 1.5386 4.6539 4.5618 -29.7489 1.0958 -1.7209 0.3367
Car 0.0000 0 0.0000 -1.0000 -1.0000 -1.0000 -1.0000 1.8980 1.9533 4.5112 -8.4699 -33.2649 1.1480 1.4486 0.3168
Car 0.0000 0 0.0000 -1.0000 -1.0000 -1.0000 -1.0000 1.9085 1.4857 4.5056 42.2617 -5.4950 1.2291 3.0080 0.3046
Tricar 0.0000 0 0.0000 -1.0000 -1.0000 -1.0000 -1.0000 1.3184 1.6951 3.2281 16.2597 -8.4137 1.0464 0.4121 0.5849
Cyclist 0.0000 0 0.0000 -1.0000 -1.0000 -1.0000 -1.0000 0.7694 1.5665 1.7582 -15.6503 -3.6656 0.6297 -0.1137 0.6323
Cyclist 0.0000 0 0.0000 -1.0000 -1.0000 -1.0000 -1.0000 0.7478 1.6032 1.6912 -2.3426 -5.5087 0.8094 3.1283 0.5952
Cyclist 0.0000 0 0.0000 -1.0000 -1.0000 -1.0000 -1.0000 0.7993 1.5150 1.8026 13.5453 -6.1147 0.9140 1.2757 0.5260
Cyclist 0.0000 0 0.0000 -1.0000 -1.0000 -1.0000 -1.0000 0.7226 1.4690 1.7123 -5.3694 10.7946 0.4626 -2.8335 0.4567
Cyclist 0.0000 0 0.0000 -1.0000 -1.0000 -1.0000 -1.0000 0.8184 1.6163 1.7478 32.3200 -5.5794 1.1684 3.0811 0.3555
Cyclist 0.0000 0 0.0000 -1.0000 -1.0000 -1.0000 -1.0000 0.7446 1.6068 1.6725 63.4136 1.1602 1.2166 2.8058 0.3530
Cyclist 0.0000 0 0.0000 -1.0000 -1.0000 -1.0000 -1.0000 0.7454 1.5556 1.7130 -15.2185 7.7798 0.4909 0.0166 0.3438
Cyclist 0.0000 0 0.0000 -1.0000 -1.0000 -1.0000 -1.0000 0.6986 1.1254 1.7006 -39.3232 -9.0837 0.3632 1.3479 0.3302
Pedestrian 0.0000 0 0.0000 -1.0000 -1.0000 -1.0000 -1.0000 0.7057 1.6135 0.6560 21.6796 33.5343 0.3461 -0.5901 0.4292
Pedestrian 0.0000 0 0.0000 -1.0000 -1.0000 -1.0000 -1.0000 0.7132 1.6366 0.6653 24.1983 30.1765 0.4235 -0.1175 0.3852
