Car 0.0000 0 0.0000 -1.0000 -1.0000 -1.0000 -1.0000 1.9903 1.5956 4.6654 31.5427 12.3972 0.4592 3.1185 0.7624
Car 0.0000 0 0.0000 -1.0000 -1.0000 -1.0000 -1.0000 2.0540 1.5768 4.6303 -50.8070 0.6229 1.0010 -3.1340 0.7359
Car 0.0000 0 0.0000 -1.0000 -1.0000 -1.0000 -1.0000 2.0372 1.6771 4.6116 11.9790 3.5578 0.7665 -3.1178 0.7335
Car 0.0000 0 0.0000 -1.0000 -1.0000 -1.0000 -1.0000 1.9650 1.4525 4.5077 -17.8261 0.2291 0.7980 3.1135 0.7276
Car 0.0000 0 0.0000 -1.0000 -1.0000 -1.0000 -1.0000 1.9539 1.5150 4.5363 -20.6279 14.8265 0.5401 3.1201 0.6884
Car 0.0000 0 0.0000 -1.0000 -1.0000 -1.0000 -1.0000 2.1287 2.0043 4.8345 32.1914 0.4381 0.8709 3.1320 0.6770
Car 0.0000 0 0.0000 -1.0000 -1.0000 -1.0000 -1.0000 1.9979 1.5121 4.6821 -3.9782 12.9858 0.4671 3.1111 0.6312
Car 0.0000 0 0.0000 -1.0000 -1.0000 -1.0000 -1.0000 1.8988 1.4581 4.4069 -4.0869 2.8235 0.6798 3.1239 0.6245
Car 0.0000 0 0.0000 -1.0000 -1.0000 -1.0000 -1.0000 2.0172 1.4741 4.6413 26.5160 -2.4693 0.6472 0.0101 0.6218
Car 0.0000 0 0.0000 -1.0000 -1.0000 -1.0000 -1.0000 1.9395 1.6187 4.5046 -52.7506 9.2283 0.9689 0.0011 0.5849
Car 0.0000 0 0.0000 -1.0000 -1.0000 -1.0000 -1.0000 1.9805 1.5187 4.5863 66.2735 7.4117 0.3996 3.1184 0.5422
Car 0.0000 0 0.0000 -1.0000 -1.0000 -1.0000 -1.0000 1.9225 1.5345 4.6290 50.9096 10.6060 0.3948 0.0297 0.4814
Car 0.0000 0 0.0000 -1.0000 -1.0000 -1.0000 -1.0000 1.9856 1.4557 4.5773 5.7801 -3.1933 0.6977 -3.0936 0.4742
Car 0.0000 0 0.0000 -1.0000 -1.0000 -1.0000 -1.0000 2.3532 2.5730 5.5075 -47.1482 -6.1438 1.4309 3.0931 0.4466
Car 0.0000 0 0.0000 -1.0000 -1.0000 -1.0000 -1.0000 1.9763 1.6855 4.5529 -5.7049 -3.7973 0.8570 3.1352 0.4204
Car 0.0000 0 0.0000 -1.0000 -1.0000 -1.0000 -1.0000 1.9861 1.5450 4.7518 69.2819 10.1147 0.3055 3.0846 0.3310
Truck 0.0000 0 0.0000 -1.0000 -1.0000 -1.0000 -1.0000 1.8011 1.8586 4.4436 1.8246 3.2736 0.9453 0.0105 0.3887
Tricar 0.0000 0 0.0000 -1.0000 -1.0000 -1.0000 -1.0000 1.5514 2.1661 3.3403 -16.7602 25.5091 0.5541 -3.1320 0.5371
