Car 0.0000 0 0.0000 -1.0000 -1.0000 -1.0000 -1.0000 2.2581 2.2124 5.1518 -21.5851 -1.0087 1.0693 -3.1314 0.7460
Car 0.0000 0 0.0000 -1.0000 -1.0000 -1.0000 -1.0000 2.0937 2.1200 4.7828 -12.7184 15.6576 0.6613 -0.0036 0.6792
Car 0.0000 0 0.0000 -1.0000 -1.0000 -1.0000 -1.0000 1.9928 1.5835 4.6205 -45.4119 15.8005 0.3224 -3.1380 0.6656
Car 0.0000 0 0.0000 -1.0000 -1.0000 -1.0000 -1.0000 2.2172 2.4476 5.0628 16.1545 12.5774 0.7932 -0.0258 0.6248
Car 0.0000 0 0.0000 -1.0000 -1.0000 -1.0000 -1.0000 1.9509 1.7082 4.4975 -46.8871 12.4016 0.5397 -3.1369 0.5910
Car 0.0000 0 0.0000 -1.0000 -1.0000 -1.0000 -1.0000 2.0181 1.6846 4.7298 42.5868 10.0894 0.6537 3.1103 0.5891
Car 0.0000 0 0.0000 -1.0000 -1.0000 -1.0000 -1.0000 2.0493 2.1873 4.7148 2.7982 8.6111 1.1837 -0.0209 0.5616
Car 0.0000 0 0.0000 -1.0000 -1.0000 -1.0000 -1.0000 1.9077 1.5875 4.5241 75.2231 2.6002 0.8120 3.1411 0.5466
Car 0.0000 0 0.0000 -1.0000 -1.0000 -1.0000 -1.0000 2.0993 1.9341 4.9237 -15.6831 -4.2640 0.9381 3.1173 0.5426
Car 0.0000 0 0.0000 -1.0000 -1.0000 -1.0000 -1.0000 1.9164 1.7087 4.4929 25.5360 15.4488 0.4650 -0.0091 0.5189
Car 0.0000 0 0.0000 -1.0000 -1.0000 -1.0000 -1.0000 1.9016 1.5193 4.4876 -38.5714 8.1225 0.5913 0.0117 0.4630
Car 0.0000 0 0.0000 -1.0000 -1.0000 -1.0000 -1.0000 2.0898 2.1086 4.8404 -14.9517 12.0871 0.7963 0.0003 0.3958
Car 0.0000 0 0.0000 -1.0000 -1.0000 -1.0000 -1.0000 1.9498 1.7079 4.4781 25.0842 8.4815 0.7590 -3.1237 0.3918
Car 0.0000 0 0.0000 -1.0000 -1.0000 -1.0000 -1.0000 1.9754 2.0682 4.7168 -16.1801 8.9441 0.8924 3.1220 0.3389
Truck 0.0000 0 0.0000 -1.0000 -1.0000 -1.0000 -1.0000 2.7866 3.0400 9.0896 -65.2479 15.9090 1.3450 -0.0560 0.3462
