Car 0.0000 0 0.0000 -1.0000 -1.0000 -1.0000 -1.0000 1.9572 1.4373 4.4976 -14.1643 -1.0090 0.6473 3.1336 0.7979
Car 0.0000 0 0.0000 -1.0000 -1.0000 -1.0000 -1.0000 2.0016 1.5232 4.5301 12.0268 -0.4402 0.8890 -0.0048 0.7823
Car 0.0000 0 0.0000 -1.0000 -1.0000 -1.0000 -1.0000 1.9392 1.5416 4.6219 -33.7142 -16.2512 0.8929 -1.5817 0.6006
Car 0.0000 0 0.0000 -1.0000 -1.0000 -1.0000 -1.0000 1.9322 1.9192 4.4789 -0.9168 -16.2829 1.1542 1.6488 0.5661
Car 0.0000 0 0.0000 -1.0000 -1.0000 -1.0000 -1.0000 1.9307 1.4555 4.5830 5.9991 -28.8762 1.0714 -1.6152 0.5623
Car 0.0000 0 0.0000 -1.0000 -1.0000 -1.0000 -1.0000 1.9064 1.5113 4.5829 18.5303 -35.0828 1.2317 1.8987 0.5424
Car 0.0000 0 0.0000 -1.0000 -1.0000 -1.0000 -1.0000 1.8927 1.4821 4.5405 13.1028 -29.9956 1.0966 1.5800 0.4790
Car 0.0000 0 0.0000 -1.0000 -1.0000 -1.0000 -1.0000 1.9551 1.5065 4.5868 -46.8369 -0.1636 0.4884 0.0310 0.4752
Car 0.0000 0 0.0000 -1.0000 -1.0000 -1.0000 -1.0000 1.9025 1.4995 4.5704 9.1407 -35.4345 1.2629 -1.7597 0.4532
Car 0.0000 0 0.0000 -1.0000 -1.0000 -1.0000 -1.0000 1.8731 1.5022 4.5082 -33.0813 -29.4761 0.8822 -1.5248 0.4413
Car 0.0000 0 0.0000 -1.0000 -1.0000 -1.0000 -1.0000 1.9139 1.4734 4.5790 -21.1783 -15.9366 0.8354 -1.5555 0.4241
Car 0.0000 0 0.0000 -1.0000 -1.0000 -1.0000 -1.0000 1.9364 1.5300 4.6635 63.6831 3.5664 1.1385 3.0706 0.4047
Car 0.0000 0 0.0000 -1.0000 -1.0000 -1.0000 -1.0000 1.9107 1.5053 4.4834 57.1138 -5.8537 1.1034 0.2398 0.3717
Car 0.0000 0 0.0000 -1.0000 -1.0000 -1.0000 -1.0000 1.8801 1.5047 4.5364 -45.8899 -29.7286 0.9375 -1.6324 0.3390
Car 0.0000 0 0.0000 -1.0000 -1.0000 -1.0000 -1.0000 1.8618 1.5110 4.4842 7.1373 -17.6719 0.9147 1.5652 0.3273
Car 0.0000 0 0.0000 -1.0000 -1.0000 -1.0000 -1.0000 1.9190 1.5489 4.6701 -72.9492 -16.4076 0.8707 -1.7597 0.3216
Car 0.0000 0 0.0000 -1.0000 -1.0000 -1.0000 -1.0000 1.8412 1.6215 4.4101 20.6872 -25.5886 1.0750 -3.1040 0.3180
Car 0.0000 0 0.0000 -1.0000 -1.0000 -1.0000 -1.0000 1.8958 1.6363 4.5446 -46.0769 -16.5630 0.7752 1.5828 0.3150
Car 0.0000 0 0.0000 -1.0000 -1.0000 -1.0000 -1.0000 1.8852 1.5037 4.5128 -36.7039 -29.7986 0.9013 1.5515 0.3083
Car 0.0000 0 0.0000 -1.0000 -1.0000 -1.0000 -1.0000 1.9182 1.6838 4.6423 -37.7186 -38.0546 1.2517 1.2447 0.3031
Tricar 0.0000 0 0.0000 -1.0000 -1.0000 -1.0000 -1.0000 1.4635 1.8914 3.6289 27.2434 -15.9725 1.1147 0.9257 0.4175
Cyclist 0.0000 0 0.0000 -1.0000 -1.0000 -1.0000 -1.0000 0.7810 1.5270 1.8083 25.9696 7.3099 0.8460 3.1115 0.7026
Cyclist 0.0000 0 0.0000 -1.0000 -1.0000 -1.0000 -1.0000 0.7650 1.5511 1.7377 -48.9756 7.6997 0.4107 -2.9977 0.5353
Cyclist 0.0000 0 0.0000 -1.0000 -1.0000 -1.0000 -1.0000 0.7361 1.5213 1.7314 -36.7366 -4.3338 0.5472 -0.0269 0.5240
Cyclist 0.0000 0 0.0000 -1.0000 -1.0000 -1.0000 -1.0000 0.7529 1.4765 1.8006 -8.4070 7.4975 0.5874 3.0970 0.5024
Cyclist 0.0000 0 0.0000 -1.0000 -1.0000 -1.0000 -1.0000 0.8081 1.5583 1.7787 47.2548 2.5732 1.0228 0.3015 0.4730
Cyclist 0.0000 0 0.0000 -1.0000 -1.0000 -1.0000 -1.0000 0.8427 1.5929 1.8487 39.4250 -10.1096 1.1199 -2.4352 0.4176
Cyclist 0.0000 0 0.0000 -1.0000 -1.0000 -1.0000 -1.0000 0.7192 1.5394 1.6882 -66.1686 -3.0195 0.3532 -3.1046 0.3802
Pedestrian 0.0000 0 0.0000 -1.0000 -1.0000 -1.0000 -1.0000 0.6857 1.6178 0.6561 -4.1419 10.7021 0.8118 2.9640 0.5038
Pedestrian 0.0000 0 0.0000 -1.0000 -1.0000 -1.0000 -1.0000 0.6693 1.7173 0.5647 12.6005 -35.4835 1.3352 0.7970 0.4292
