Car 0.0000 0 0.0000 -1.0000 -1.0000 -1.0000 -1.0000 1.9107 1.4328 4.4104 -33.4178 -6.7058 0.5414 -0.2738 0.8021
Car 0.0000 0 0.0000 -1.0000 -1.0000 -1.0000 -1.0000 2.0391 1.7562 4.5876 -24.4086 6.1594 0.7122 -3.1107 0.7676
Car 0.0000 0 0.0000 -1.0000 -1.0000 -1.0000 -1.0000 2.0134 1.5670 4.6104 10.6623 6.0355 0.7848 0.0051 0.7587
Car 0.0000 0 0.0000 -1.0000 -1.0000 -1.0000 -1.0000 2.0412 1.7379 4.7559 -42.9179 6.8642 0.5210 -0.0060 0.7570
Car 0.0000 0 0.0000 -1.0000 -1.0000 -1.0000 -1.0000 2.0049 1.4683 4.5720 35.6634 -3.5755 0.8702 0.0433 0.7267
Car 0.0000 0 0.0000 -1.0000 -1.0000 -1.0000 -1.0000 1.9095 1.4797 4.5182 -12.1780 -33.0664 1.1217 1.6608 0.6364
Car 0.0000 0 0.0000 -1.0000 -1.0000 -1.0000 -1.0000 2.0232 1.7128 4.6814 27.1405 3.0517 0.9519 0.0183 0.6326
Car 0.0000 0 0.0000 -1.0000 -1.0000 -1.0000 -1.0000 1.9079 1.7303 4.5191 14.3675 2.8506 0.9390 0.0633 0.6116
Car 0.0000 0 0.0000 -1.0000 -1.0000 -1.0000 -1.0000 2.0266 1.7293 4.7039 7.8298 2.8149 0.9086 -3.1015 0.6082
Car 0.0000 0 0.0000 -1.0000 -1.0000 -1.0000 -1.0000 1.9763 1.6311 4.6141 -21.2079 31.1621 0.0388 -1.5844 0.5459
Car 0.0000 0 0.0000 -1.0000 -1.0000 -1.0000 -1.0000 1.9602 1.5270 4.6341 -12.8916 -24.5252 1.0269 -1.5348 0.5440
Car 0.0000 0 0.0000 -1.0000 -1.0000 -1.0000 -1.0000 2.0311 1.8258 4.7552 25.0068 -0.2853 1.0534 -3.0856 0.5293
Car 0.0000 0 0.0000 -1.0000 -1.0000 -1.0000 -1.0000 1.9395 1.5465 4.4761 16.8611 0.3209 0.8663 0.0987 0.4943
Car 0.0000 0 0.0000 -1.0000 -1.0000 -1.0000 -1.0000 1.9092 1.5400 4.5708 -11.7912 -39.5075 1.1747 1.6414 0.4620
Car 0.0000 0 0.0000 -1.0000 -1.0000 -1.0000 -1.0000 1.9717 1.5486 4.6066 -80.7579 -0.6997 -0.0223 -3.0974 0.4393
Car 0.0000 0 0.0000 -1.0000 -1.0000 -1.0000 -1.0000 1.9367 1.6679 4.5453 -24.4371 32.1974 -0.0290 -1.5195 0.3877
Truck 0.0000 0 0.0000 -1.0000 -1.0000 -1.0000 -1.0000 2.9562 3.2580 11.9416 12.0969 -5.2814 1.7094 3.1337 0.7524
Truck 0.0000 0 0.0000 -1.0000 -1.0000 -1.0000 -1.0000 2.8849 3.2095 9.3720 -22.0523 39.2654 0.7592 -1.4390 0.3466
Cyclist 0.0000 0 0.0000 -1.0000 -1.0000 -1.0000 -1.0000 0.7303 1.5420 1.7162 -12.3388 17.3202 0.3261 2.9675 0.6104
Cyclist 0.0000 0 0.0000 -1.0000 -1.0000 -1.0000 -1.0000 0.8236 1.5952 1.7799 -1.4317 16.0591 0.4521 0.1804 0.5394
Cyclist 0.0000 0 0.0000 -1.0000 -1.0000 -1.0000 -1.0000 0.7979 1.6189 1.7460 -28.8662 17.3199 0.2718 0.0198 0.4854
Cyclist 0.0000 0 0.0000 -1.0000 -1.0000 -1.0000 -1.0000 0.7749 1.6101 1.7657 -13.6609 22.1653 0.2423 -1.1284 0.4805
Cyclist 0.0000 0 0.0000 -1.0000 -1.0000 -1.0000 -1.0000 0.7737 1.5673 1.7913 -10.9235 31.2087 0.1985 -1.8275 0.4797
Cyclist 0.0000 0 0.0000 -1.0000 -1.0000 -1.0000 -1.0000 0.7144 1.2275 1.7297 9.9008 -18.1129 0.9146 -0.1436 0.4754
Cyclist 0.0000 0 0.0000 -1.0000 -1.0000 -1.0000 -1.0000 0.7705 1.5281 1.7747 -5.4079 -16.0739 0.8746 1.8841 0.4651
Cyclist 0.0000 0 0.0000 -1.0000 -1.0000 -1.0000 -1.0000 0.7179 1.5318 1.7170 7.2345 14.8858 0.4665 0.0344 0.4484
Cyclist 0.0000 0 0.0000 -1.0000 -1.0000 -1.0000 -1.0000 0.7960 1.5453 1.7857 2.5325 15.2092 0.5061 0.1017 0.4068
Cyclist 0.0000 0 0.0000 -1.0000 -1.0000 -1.0000 -1.0000 0.6802 1.2243 1.6897 8.1717 -14.0140 0.9053 1.8553 0.3855
Cyclist 0.0000 0 0.0000 -1.0000 -1.0000 -1.0000 -1.0000 0.6923 1.3933 1.7119 -0.5951 -22.2166 0.9749 1.5429 0.3770
Cyclist 0.0000 0 0.0000 -1.0000 -1.0000 -1.0000 -1.0000 0.7471 1.4930 1.7778 -6.4510 -18.1749 0.8874 -1.2705 0.3742
Cyclist 0.0000 0 0.0000 -1.0000 -1.0000 -1.0000 -1.0000 0.7973 1.4167 1.8228 -27.0922 31.4075 -0.0670 -1.3851 0.3648
Cyclist 0.0000 0 0.0000 -1.0000 -1.0000 -1.0000 -1.0000 0.7241 1.2094 1.7210 -40.7716 -19.6594 0.5126 0.1450 0.3632
Cyclist 0.0000 0 0.0000 -1.0000 -1.0000 -1.0000 -1.0000 0.8177 1.5921 1.7790 58.4221 -10.9453 0.9687 3.1311 0.3623
Cyclist 0.0000 0 0.0000 -1.0000 -1.0000 -1.0000 -1.0000 0.7114 1.2697 1.7414 -10.3052 39.4280 -0.1710 -1.6949 0.3473
Cyclist 0.0000 0 0.0000 -1.0000 -1.0000 -1.0000 -1.0000 0.8075 1.4661 1.8216 1.7634 17.8567 0.3618 -2.8878 0.3440
Cyclist 0.0000 0 0.0000 -1.0000 -1.0000 -1.0000 -1.0000 0.7426 1.3472 1.7537 -28.2690 33.5541 -0.1162 -2.7129 0.3364
Cyclist 0.0000 0 0.0000 -1.0000 -1.0000 -1.0000 -1.0000 0.6955 1.2981 1.7279 -40.2975 -13.1196 0.4115 -3.1337 0.3269
Cyclist 0.0000 0 0.0000 -1.0000 -1.0000 -1.0000 -1.0000 0.7194 1.4622 1.7746 -6.3109 -28.0084 1.0016 1.5931 0.3235
Cyclist 0.0000 0 0.0000 -1.0000 -1.0000 -1.0000 -1.0000 0.7287 1.4472 1.7024 -29.0109 -17.0967 0.5845 -0.9507 0.3228
Cyclist 0.0000 0 0.0000 -1.0000 -1.0000 -1.0000 -1.0000 0.7456 1.5663 1.7213 -66.5420 -11.6181 0.2715 -0.0612 0.3131
Cyclist 0.0000 0 0.0000 -1.0000 -1.0000 -1.0000 -1.0000 0.7783 1.4895 1.7598 -27.9047 28.3744 -0.0761 0.8013 0.3048
Pedestrian 0.0000 0 0.0000 -1.0000 -1.0000 -1.0000 -1.0000 0.6758 1.6748 0.6009 -35.3965 19.8510 0.1713 2.9284 0.5935
Pedestrian 0.0000 0 0.0000 -1.0000 -1.0000 -1.0000 -1.0000 0.6864 1.6371 0.6490 0.5828 -12.8821 0.9292 0.1238 0.5641
Pedestrian 0.0000 0 0.0000 -1.0000 -1.0000 -1.0000 -1.0000 0.6742 1.6597 0.6063 -6.4880 20.3942 0.4602 -2.2523 0.5547
Pedestrian 0.0000 0 0.0000 -1.0000 -1.0000 -1.0000 -1.0000 0.6721 1.6365 0.5981 -37.4911 25.9008 0.0935 -0.1104 0.5410
Pedestrian 0.0000 0 0.0000 -1.0000 -1.0000 -1.0000 -1.0000 0.6943 1.6560 0.6457 -31.7384 -15.8819 0.7854 -0.3959 0.4929
Pedestrian 0.0000 0 0.0000 -1.0000 -1.0000 -1.0000 -1.0000 0.6772 1.6318 0.6036 -6.9119 18.4918 0.4623 -2.7798 0.4815
Pedestrian 0.0000 0 0.0000 -1.0000 -1.0000 -1.0000 -1.0000 0.6713 1.6166 0.5942 27.4802 21.9894 0.5894 3.1170 0.4698
Pedestrian 0.0000 0 0.0000 -1.0000 -1.0000 -1.0000 -1.0000 0.7040 1.6338 0.6774 -2.8544 11.1821 0.5282 0.0817 0.4487
Pedestrian 0.0000 0 0.0000 -1.0000 -1.0000 -1.0000 -1.0000 0.6661 1.6096 0.6026 2.5344 -12.5508 0.9115 -3.0712 0.4465
Pedestrian 0.0000 0 0.0000 -1.0000 -1.0000 -1.0000 -1.0000 0.7007 1.6431 0.6376 20.0597 21.8022 0.5258 -3.1312 0.4380
Pedestrian 0.0000 0 0.0000 -1.0000 -1.0000 -1.0000 -1.0000 0.6872 1.6878 0.6042 -36.7005 19.7016 0.1884 -0.0796 0.4182
Pedestrian 0.0000 0 0.0000 -1.0000 -1.0000 -1.0000 -1.0000 0.7092 1.6538 0.6748 3.4773 21.5701 0.5038 -3.0359 0.3970
Pedestrian 0.0000 0 0.0000 -1.0000 -1.0000 -1.0000 -1.0000 0.7395 1.7171 0.7197 -33.2316 15.0987 0.2656 -0.5525 0.3618
Pedestrian 0.0000 0 0.0000 -1.0000 -1.0000 -1.0000 -1.0000 0.6727 1.6839 0.5791 -0.8979 -25.4736 1.2618 0.1569 0.3155
Pedestrian 0.0000 0 0.0000 -1.0000 -1.0000 -1.0000 -1.0000 0.6698 1.6341 0.5719 -35.6082 -21.3973 0.8587 0.0368 0.3147
Pedestrian 0.0000 0 0.0000 -1.0000 -1.0000 -1.0000 -1.0000 0.6837 1.6467 0.5948 -6.3779 -22.0966 0.9505 1.3780 0.3072
