Car 0.0000 0 0.0000 -1.0000 -1.0000 -1.0000 -1.0000 2.0026 1.4389 4.5874 -32.9968 3.2639 0.7100 0.0386 0.7974
Car 0.0000 0 0.0000 -1.0000 -1.0000 -1.0000 -1.0000 1.9840 1.5063 4.5362 -20.2815 3.4484 0.7368 0.0060 0.7802
Car 0.0000 0 0.0000 -1.0000 -1.0000 -1.0000 -1.0000 1.9053 1.5268 4.4967 -23.8709 -0.5301 0.7096 3.1020 0.6838
Car 0.0000 0 0.0000 -1.0000 -1.0000 -1.0000 -1.0000 1.9392 1.5120 4.5012 29.3656 11.9404 0.5459 -3.1405 0.6389
Car 0.0000 0 0.0000 -1.0000 -1.0000 -1.0000 -1.0000 1.9660 1.7466 4.5578 -14.8231 0.3187 0.9102 3.1348 0.5565
Car 0.0000 0 0.0000 -1.0000 -1.0000 -1.0000 -1.0000 2.0428 1.6198 4.6510 41.3875 8.6937 0.7440 -0.0059 0.5050
Car 0.0000 0 0.0000 -1.0000 -1.0000 -1.0000 -1.0000 1.9278 1.6493 4.5504 -50.4549 7.7885 0.6466 0.0325 0.4978
Car 0.0000 0 0.0000 -1.0000 -1.0000 -1.0000 -1.0000 1.9571 1.4604 4.5427 5.7542 3.7253 0.7370 3.1325 0.4862
Car 0.0000 0 0.0000 -1.0000 -1.0000 -1.0000 -1.0000 2.0463 1.4431 4.6414 15.4700 3.9757 0.7201 -3.1281 0.4847
Car 0.0000 0 0.0000 -1.0000 -1.0000 -1.0000 -1.0000 1.9662 1.5331 4.5778 80.1352 11.1945 0.7961 3.0638 0.4466
Car 0.0000 0 0.0000 -1.0000 -1.0000 -1.0000 -1.0000 1.9517 1.5176 4.5767 47.5091 11.8986 0.4934 3.1339 0.4226
Car 0.0000 0 0.0000 -1.0000 -1.0000 -1.0000 -1.0000 1.9791 1.4488 4.5298 43.7411 3.6616 0.7995 3.1388 0.4075
Car 0.0000 0 0.0000 -1.0000 -1.0000 -1.0000 -1.0000 1.9782 1.5781 4.6539 -53.5541 3.5377 0.6781 0.0044 0.3892
Car 0.0000 0 0.0000 -1.0000 -1.0000 -1.0000 -1.0000 2.0359 1.5935 4.6785 -43.2572 3.3946 0.7472 0.0560 0.3582
Truck 0.0000 0 0.0000 -1.0000 -1.0000 -1.0000 -1.0000 2.9266 3.1646 10.6179 -46.0817 -0.7968 1.5596 0.0385 0.5738
Truck 0.0000 0 0.0000 -1.0000 -1.0000 -1.0000 -1.0000 2.9060 2.8671 9.3666 -4.4416 3.9333 1.4632 -0.0099 0.4820
Truck 0.0000 0 0.0000 -1.0000 -1.0000 -1.0000 -1.0000 2.7167 2.9698 10.1348 18.0277 -0.4775 1.5911 0.0012 0.3707
Truck 0.0000 0 0.0000 -1.0000 -1.0000 -1.0000 -1.0000 2.6126 2.9395 7.3677 81.9250 7.1580 1.6381 3.0624 0.3341
Cyclist 0.0000 0 0.0000 -1.0000 -1.0000 -1.0000 -1.0000 0.7749 1.5705 1.7301 53.1671 3.4054 0.8941 3.1379 0.3315
