Car 0.0000 0 0.0000 -1.0000 -1.0000 -1.0000 -1.0000 2.0273 1.5185 4.7186 18.2202 11.1193 0.8848 3.1220 0.7205
Car 0.0000 0 0.0000 -1.0000 -1.0000 -1.0000 -1.0000 1.8825 1.4716 4.3883 -35.6827 16.5013 0.2803 -3.1010 0.7143
Car 0.0000 0 0.0000 -1.0000 -1.0000 -1.0000 -1.0000 1.8878 1.4679 4.3883 31.7727 -3.3214 1.1103 0.0096 0.7051
Car 0.0000 0 0.0000 -1.0000 -1.0000 -1.0000 -1.0000 2.0483 1.7218 4.6521 -14.9220 -4.0436 0.7943 -3.1369 0.6806
Car 0.0000 0 0.0000 -1.0000 -1.0000 -1.0000 -1.0000 1.8904 1.4635 4.5396 -44.9665 12.6203 0.3338 -3.0291 0.6266
Car 0.0000 0 0.0000 -1.0000 -1.0000 -1.0000 -1.0000 1.9510 1.6360 4.5497 -60.4035 6.4517 0.5167 -3.0697 0.6003
Car 0.0000 0 0.0000 -1.0000 -1.0000 -1.0000 -1.0000 1.9980 1.5469 4.5782 16.6825 15.5906 0.8161 -3.1180 0.5940
Car 0.0000 0 0.0000 -1.0000 -1.0000 -1.0000 -1.0000 1.9741 1.4940 4.6012 46.9722 -3.0563 1.2488 0.0321 0.5591
Car 0.0000 0 0.0000 -1.0000 -1.0000 -1.0000 -1.0000 1.8596 1.4695 4.4347 36.7866 -6.2827 1.0751 0.0481 0.5584
Car 0.0000 0 0.0000 -1.0000 -1.0000 -1.0000 -1.0000 1.9808 1.5840 4.5719 34.1143 2.7830 1.2174 3.0746 0.5498
Car 0.0000 0 0.0000 -1.0000 -1.0000 -1.0000 -1.0000 1.9986 1.6504 4.6932 3.6286 13.8713 0.7719 0.0155 0.5330
Car 0.0000 0 0.0000 -1.0000 -1.0000 -1.0000 -1.0000 1.8981 1.5536 4.5198 -1.2219 10.6514 0.6769 3.1067 0.5239
Car 0.0000 0 0.0000 -1.0000 -1.0000 -1.0000 -1.0000 1.9525 1.6931 4.4890 28.5801 -0.2795 1.2181 3.1121 0.4678
Car 0.0000 0 0.0000 -1.0000 -1.0000 -1.0000 -1.0000 2.0028 1.4822 4.5494 -34.0909 0.0827 0.5783 -3.0467 0.4298
Car 0.0000 0 0.0000 -1.0000 -1.0000 -1.0000 -1.0000 1.9191 1.6370 4.5592 -60.5883 16.1473 0.2186 -3.1187 0.4293
Car 0.0000 0 0.0000 -1.0000 -1.0000 -1.0000 -1.0000 2.0425 1.7082 4.6708 -24.8595 13.5236 0.5419 -3.1293 0.4231
Car 0.0000 0 0.0000 -1.0000 -1.0000 -1.0000 -1.0000 1.9367 1.5570 4.5179 35.7007 0.7094 1.2362 3.1227 0.4154
Car 0.0000 0 0.0000 -1.0000 -1.0000 -1.0000 -1.0000 1.9882 1.4653 4.6223 -53.7899 -2.1428 0.3999 -3.1124 0.4047
Car 0.0000 0 0.0000 -1.0000 -1.0000 -1.0000 -1.0000 1.9477 1.6129 4.6403 -74.0917 15.9241 0.1976 -3.0700 0.3900
Truck 0.0000 0 0.0000 -1.0000 -1.0000 -1.0000 -1.0000 2.9664 3.3541 9.3144 3.8778 17.6080 1.5801 -3.1349 0.6671
Truck 0.0000 0 0.0000 -1.0000 -1.0000 -1.0000 -1.0000 2.3620 2.2232 6.3286 -4.1518 -7.1862 1.0234 3.1341 0.5352
Truck 0.0000 0 0.0000 -1.0000 -1.0000 -1.0000 -1.0000 1.9267 1.9688 4.7750 15.0551 -4.1359 1.1275 3.1238 0.4702
Truck 0.0000 0 0.0000 -1.0000 -1.0000 -1.0000 -1.0000 2.9184 3.2203 9.5167 59.0022 -6.8553 2.2236 0.0264 0.4337
Truck 0.0000 0 0.0000 -1.0000 -1.0000 -1.0000 -1.0000 2.4536 2.8847 6.2194 49.7989 27.4165 1.4636 -0.0342 0.3181
Cyclist 0.0000 0 0.0000 -1.0000 -1.0000 -1.0000 -1.0000 0.7106 1.4877 1.6791 35.5369 -11.6119 0.9878 -3.1065 0.4032
