Car 0.0000 0 0.0000 -1.0000 -1.0000 -1.0000 -1.0000 1.9901 1.8443 4.6188 -26.2792 -24.9958 1.3203 -3.1406 0.4640
Truck 0.0000 0 0.0000 -1.0000 -1.0000 -1.0000 -1.0000 2.3889 2.2414 6.3661 8.3331 -1.0743 1.2369 3.1371 0.5621
Truck 0.0000 0 0.0000 -1.0000 -1.0000 -1.0000 -1.0000 2.4736 2.4084 6.5815 -37.4197 11.4915 0.8105 -3.1264 0.5096
Truck 0.0000 0 0.0000 -1.0000 -1.0000 -1.0000 -1.0000 2.8312 3.0826 8.7251 -23.7666 10.9635 1.6476 -0.0078 0.4296
Truck 0.0000 0 0.0000 -1.0000 -1.0000 -1.0000 -1.0000 2.2440 2.2048 6.0181 28.8780 -0.0811 1.4749 3.1185 0.3583
Truck 0.0000 0 0.0000 -1.0000 -1.0000 -1.0000 -1.0000 2.4245 2.3469 6.2942 -17.5512 -11.0179 1.1571 -2.0938 0.3322
Truck 0.0000 0 0.0000 -1.0000 -1.0000 -1.0000 -1.0000 3.0372 3.8232 17.3675 -13.7972 14.2664 1.6202 0.0317 0.3118
Tricar 0.0000 0 0.0000 -1.0000 -1.0000 -1.0000 -1.0000 1.3533 1.7993 3.3677 -10.4085 -10.9084 1.0222 0.5695 0.6331
Tricar 0.0000 0 0.0000 -1.0000 -1.0000 -1.0000 -1.0000 1.1054 1.5948 2.5750 -19.4135 -3.1933 0.6909 -3.1345 0.5013
Cyclist 0.0000 0 0.0000 -1.0000 -1.0000 -1.0000 -1.0000 0.8179 1.5527 1.8592 -32.0102 -3.9430 0.6400 0.0260 0.5080
Cyclist 0.0000 0 0.0000 -1.0000 -1.0000 -1.0000 -1.0000 0.7495 1.5862 1.7096 7.3236 11.3155 0.7759 -3.1146 0.4685
Cyclist 0.0000 0 0.0000 -1.0000 -1.0000 -1.0000 -1.0000 1.0471 1.6236 2.1683 -19.3630 -3.0938 0.7084 3.1264 0.3110
