Car 0.0000 0 0.0000 -1.0000 -1.0000 -1.0000 -1.0000 1.9609 1.4378 4.5107 13.8171 -6.2708 0.8004 0.0052 0.7855
Car 0.0000 0 0.0000 -1.0000 -1.0000 -1.0000 -1.0000 2.0152 1.5301 4.6430 -55.7817 6.3661 0.5693 -0.0669 0.7357
Car 0.0000 0 0.0000 -1.0000 -1.0000 -1.0000 -1.0000 1.9459 1.4844 4.5708 -5.9281 6.5257 0.7360 0.0445 0.6152
Car 0.0000 0 0.0000 -1.0000 -1.0000 -1.0000 -1.0000 1.9293 1.4575 4.5683 -28.2910 10.3057 0.6295 -1.4863 0.5943
Car 0.0000 0 0.0000 -1.0000 -1.0000 -1.0000 -1.0000 1.9753 1.5007 4.4972 26.8388 1.4672 0.8593 -0.0124 0.5860
Car 0.0000 0 0.0000 -1.0000 -1.0000 -1.0000 -1.0000 2.0152 1.7282 4.6621 -55.2972 2.8220 0.7044 3.0408 0.5634
Car 0.0000 0 0.0000 -1.0000 -1.0000 -1.0000 -1.0000 1.9300 1.4893 4.5800 -22.4801 9.9095 0.6285 -1.5852 0.4993
Car 0.0000 0 0.0000 -1.0000 -1.0000 -1.0000 -1.0000 1.9051 1.4609 4.5636 4.9755 -22.5966 0.6544 -1.4127 0.4752
Car 0.0000 0 0.0000 -1.0000 -1.0000 -1.0000 -1.0000 1.9290 1.5990 4.5435 4.7285 -28.4209 0.7425 -1.4172 0.4699
Car 0.0000 0 0.0000 -1.0000 -1.0000 -1.0000 -1.0000 2.0591 2.0267 4.9129 -34.8281 10.7279 0.9709 -1.7531 0.4616
Car 0.0000 0 0.0000 -1.0000 -1.0000 -1.0000 -1.0000 1.9323 1.4883 4.5817 -15.9421 9.6913 0.6593 1.6262 0.4076
Car 0.0000 0 0.0000 -1.0000 -1.0000 -1.0000 -1.0000 1.8984 1.4603 4.5535 -19.7340 9.4313 0.6073 1.5887 0.3685
Car 0.0000 0 0.0000 -1.0000 -1.0000 -1.0000 -1.0000 2.0288 1.4947 4.6430 7.5191 -11.5622 0.7143 -0.4673 0.3523
Car 0.0000 0 0.0000 -1.0000 -1.0000 -1.0000 -1.0000 1.9307 1.5338 4.6650 -21.4968 20.5696 0.5082 -1.6945 0.3204
Truck 0.0000 0 0.0000 -1.0000 -1.0000 -1.0000 -1.0000 2.5866 2.7613 6.9277 35.0316 -4.6176 1.5630 3.1275 0.5266
Truck 0.0000 0 0.0000 -1.0000 -1.0000 -1.0000 -1.0000 2.5223 3.0044 6.2593 -54.3918 11.9575 1.3075 -3.1372 0.3846
Cyclist 0.0000 0 0.0000 -1.0000 -1.0000 -1.0000 -1.0000 0.7486 1.5356 1.7225 -41.3312 -1.5047 0.5736 -0.0780 0.6769
Cyclist 0.0000 0 0.0000 -1.0000 -1.0000 -1.0000 -1.0000 0.7590 1.4702 1.7526 -19.9694 -6.7500 0.7732 3.0703 0.6723
Cyclist 0.0000 0 0.0000 -1.0000 -1.0000 -1.0000 -1.0000 0.7793 1.5831 1.7394 -29.7437 -6.0378 0.7669 -0.0335 0.5697
Cyclist 0.0000 0 0.0000 -1.0000 -1.0000 -1.0000 -1.0000 0.8063 1.5627 1.7901 -0.3192 -6.4185 0.8028 -0.1282 0.5121
Cyclist 0.0000 0 0.0000 -1.0000 -1.0000 -1.0000 -1.0000 0.7235 1.5298 1.6720 29.4571 -8.0557 0.9066 3.1328 0.5095
Cyclist 0.0000 0 0.0000 -1.0000 -1.0000 -1.0000 -1.0000 0.7382 1.5126 1.7250 -34.9569 -5.5002 0.6245 -0.0668 0.4795
Cyclist 0.0000 0 0.0000 -1.0000 -1.0000 -1.0000 -1.0000 0.7577 1.5105 1.7351 -32.0512 -4.3003 0.6184 -0.0559 0.4294
Cyclist 0.0000 0 0.0000 -1.0000 -1.0000 -1.0000 -1.0000 0.7220 1.5573 1.6589 -24.6925 -6.0811 0.7982 -3.1280 0.3946
Cyclist 0.0000 0 0.0000 -1.0000 -1.0000 -1.0000 -1.0000 0.7080 1.4480 1.6955 -41.1541 -4.6014 0.5621 -0.0500 0.3676
Cyclist 0.0000 0 0.0000 -1.0000 -1.0000 -1.0000 -1.0000 0.7169 1.5515 1.6823 -59.8968 -3.6594 0.4977 -0.0510 0.3457
Cyclist 0.0000 0 0.0000 -1.0000 -1.0000 -1.0000 -1.0000 0.7288 1.5158 1.7032 -33.1612 -5.4515 0.6522 3.0635 0.3372
