Car 0.0000 0 0.0000 -1.0000 -1.0000 -1.0000 -1.0000 2.0059 1.4614 4.5506 -37.6716 3.3326 0.4949 -3.1215 0.7985
Car 0.0000 0 0.0000 -1.0000 -1.0000 -1.0000 -1.0000 1.9876 1.4946 4.5506 -22.5580 3.4780 0.6537 3.1295 0.7270
Car 0.0000 0 0.0000 -1.0000 -1.0000 -1.0000 -1.0000 1.9843 1.5459 4.5853 -26.3473 -0.4982 0.6327 3.1149 0.6622
Car 0.0000 0 0.0000 -1.0000 -1.0000 -1.0000 -1.0000 1.9893 1.5448 4.6206 35.3351 11.2569 0.8397 0.0535 0.6572
Car 0.0000 0 0.0000 -1.0000 -1.0000 -1.0000 -1.0000 1.9366 1.5201 4.4583 49.1516 3.3507 1.1602 3.1211 0.6562
Car 0.0000 0 0.0000 -1.0000 -1.0000 -1.0000 -1.0000 1.9563 1.4892 4.5103 4.0339 3.4859 0.7186 0.0067 0.6076
Car 0.0000 0 0.0000 -1.0000 -1.0000 -1.0000 -1.0000 2.0056 1.6598 4.6216 -17.3040 0.3093 0.7873 3.1339 0.5768
Car 0.0000 0 0.0000 -1.0000 -1.0000 -1.0000 -1.0000 1.9362 1.6888 4.5462 -31.1691 8.6961 0.6208 -0.0243 0.5618
Car 0.0000 0 0.0000 -1.0000 -1.0000 -1.0000 -1.0000 1.9534 1.5139 4.5656 3.5427 11.9055 0.5621 -3.1189 0.5399
Car 0.0000 0 0.0000 -1.0000 -1.0000 -1.0000 -1.0000 1.9869 1.4639 4.5899 15.4831 3.6121 0.8439 0.0015 0.4876
Car 0.0000 0 0.0000 -1.0000 -1.0000 -1.0000 -1.0000 1.9740 1.5748 4.6659 -61.3024 3.4737 0.4237 3.1388 0.4366
Truck 0.0000 0 0.0000 -1.0000 -1.0000 -1.0000 -1.0000 2.8820 2.7871 9.1421 -5.8818 3.8104 1.4098 -3.1383 0.5996
Truck 0.0000 0 0.0000 -1.0000 -1.0000 -1.0000 -1.0000 2.9444 3.2032 9.3067 -50.5678 -0.3595 1.3311 -3.1191 0.4623
Truck 0.0000 0 0.0000 -1.0000 -1.0000 -1.0000 -1.0000 2.4910 3.0547 6.1193 18.3848 8.4908 1.6134 3.1310 0.4373
