Car 0.0000 0 0.0000 -1.0000 -1.0000 -1.0000 -1.0000 1.9989 1.4294 4.5653 23.4925 3.0786 0.7842 3.1369 0.8218
Car 0.0000 0 0.0000 -1.0000 -1.0000 -1.0000 -1.0000 1.9941 1.4216 4.5796 10.6408 3.1156 0.7781 -0.0141 0.8055
Car 0.0000 0 0.0000 -1.0000 -1.0000 -1.0000 -1.0000 1.9882 1.4791 4.6726 -6.1055 2.8704 0.7278 3.1394 0.6922
Car 0.0000 0 0.0000 -1.0000 -1.0000 -1.0000 -1.0000 1.9864 1.6751 4.4732 16.9447 -0.2333 0.9287 -0.0003 0.6863
Car 0.0000 0 0.0000 -1.0000 -1.0000 -1.0000 -1.0000 1.9352 1.4676 4.5708 -30.6923 3.3697 0.6067 3.1074 0.6327
Car 0.0000 0 0.0000 -1.0000 -1.0000 -1.0000 -1.0000 1.9515 1.5908 4.5763 -18.8778 3.0374 0.7664 3.1217 0.4916
Car 0.0000 0 0.0000 -1.0000 -1.0000 -1.0000 -1.0000 1.9462 1.5269 4.5143 -53.0245 4.1817 0.5618 -0.0022 0.4224
Car 0.0000 0 0.0000 -1.0000 -1.0000 -1.0000 -1.0000 2.0792 1.7389 4.7501 -36.4675 -0.0338 0.7483 -0.0265 0.4101
Car 0.0000 0 0.0000 -1.0000 -1.0000 -1.0000 -1.0000 1.8557 1.6106 4.3894 -43.5351 3.5886 0.6421 -0.0126 0.3699
Car 0.0000 0 0.0000 -1.0000 -1.0000 -1.0000 -1.0000 1.8841 1.5574 4.5060 -44.3339 1.0656 0.6012 -0.0111 0.3520
Truck 0.0000 0 0.0000 -1.0000 -1.0000 -1.0000 -1.0000 2.9751 3.2203 10.7940 -79.2384 1.1675 1.4057 -3.1378 0.4498
Tricar 0.0000 0 0.0000 -1.0000 -1.0000 -1.0000 -1.0000 1.2819 1.7564 3.1109 -14.0737 6.4538 0.8348 -1.3839 0.5043
Cyclist 0.0000 0 0.0000 -1.0000 -1.0000 -1.0000 -1.0000 0.7422 1.5683 1.6910 -51.2927 -1.7251 0.5479 3.0613 0.4881
Cyclist 0.0000 0 0.0000 -1.0000 -1.0000 -1.0000 -1.0000 0.7136 1.5228 1.6492 9.5882 -2.6584 0.8241 0.0226 0.4653
Cyclist 0.0000 0 0.0000 -1.0000 -1.0000 -1.0000 -1.0000 0.8248 1.5426 1.8462 -23.2878 5.7705 0.7226 3.1055 0.4175
Cyclist 0.0000 0 0.0000 -1.0000 -1.0000 -1.0000 -1.0000 0.7469 1.5703 1.7317 -12.9181 30.0120 0.5987 -1.6574 0.4089
Cyclist 0.0000 0 0.0000 -1.0000 -1.0000 -1.0000 -1.0000 0.7254 1.4682 1.6913 -12.1487 13.1934 0.4708 1.9860 0.3753
Cyclist 0.0000 0 0.0000 -1.0000 -1.0000 -1.0000 -1.0000 0.7368 1.5230 1.7464 -13.0328 15.7689 0.5100 -1.3797 0.3381
