Car 0.0000 0 0.0000 -1.0000 -1.0000 -1.0000 -1.0000 1.9899 1.4298 4.4897 -16.4128 -1.5414 0.7680 -0.0583 0.8331
Car 0.0000 0 0.0000 -1.0000 -1.0000 -1.0000 -1.0000 1.9698 1.4551 4.5276 23.7779 -3.2897 0.7216 -3.0665 0.7822
Car 0.0000 0 0.0000 -1.0000 -1.0000 -1.0000 -1.0000 2.0081 1.6010 4.6279 1.2267 4.8943 0.8054 -2.7049 0.7722
Car 0.0000 0 0.0000 -1.0000 -1.0000 -1.0000 -1.0000 2.0040 1.6797 4.6076 -4.6446 2.9476 0.8448 -2.8572 0.7710
Car 0.0000 0 0.0000 -1.0000 -1.0000 -1.0000 -1.0000 1.9440 1.4779 4.4966 -26.2607 -1.1949 0.8441 0.0736 0.7489
Car 0.0000 0 0.0000 -1.0000 -1.0000 -1.0000 -1.0000 2.0105 1.5149 4.5841 -32.1559 -4.8574 0.9194 0.0211 0.7302
Car 0.0000 0 0.0000 -1.0000 -1.0000 -1.0000 -1.0000 2.0259 1.4876 4.6718 7.0524 13.9939 0.4613 -3.0610 0.7052
Car 0.0000 0 0.0000 -1.0000 -1.0000 -1.0000 -1.0000 1.9597 1.6581 4.6204 -60.3543 6.5844 0.9825 0.0751 0.6439
Car 0.0000 0 0.0000 -1.0000 -1.0000 -1.0000 -1.0000 2.0072 1.4434 4.6906 18.8304 18.6151 0.2822 0.0496 0.6287
Car 0.0000 0 0.0000 -1.0000 -1.0000 -1.0000 -1.0000 1.9344 1.5915 4.5306 -67.9503 -1.0784 1.3169 -3.0873 0.6173
Car 0.0000 0 0.0000 -1.0000 -1.0000 -1.0000 -1.0000 1.8952 1.4315 4.4510 21.1374 -0.2387 0.7258 -3.1149 0.5096
Car 0.0000 0 0.0000 -1.0000 -1.0000 -1.0000 -1.0000 1.9031 1.5497 4.4988 -11.5721 10.8846 0.5746 -3.0388 0.4760
Car 0.0000 0 0.0000 -1.0000 -1.0000 -1.0000 -1.0000 1.8969 1.7762 4.5718 -66.0988 11.0492 0.9524 0.0358 0.4442
Car 0.0000 0 0.0000 -1.0000 -1.0000 -1.0000 -1.0000 1.9133 1.4760 4.5988 -7.1586 5.8115 0.7067 -2.7518 0.3741
Car 0.0000 0 0.0000 -1.0000 -1.0000 -1.0000 -1.0000 1.8776 1.6179 4.4056 -11.6897 6.7562 0.7904 -2.6776 0.3198
Truck 0.0000 0 0.0000 -1.0000 -1.0000 -1.0000 -1.0000 3.0524 3.7447 8.7817 -4.6730 15.9765 1.5556 0.1075 0.6991
Truck 0.0000 0 0.0000 -1.0000 -1.0000 -1.0000 -1.0000 2.6551 3.3262 6.5132 28.4056 11.8281 1.4707 -0.0125 0.5235
Truck 0.0000 0 0.0000 -1.0000 -1.0000 -1.0000 -1.0000 2.3194 2.2663 6.1485 -27.1373 14.3108 0.8396 -3.0972 0.4741
Cyclist 0.0000 0 0.0000 -1.0000 -1.0000 -1.0000 -1.0000 0.7702 1.5268 1.7762 -10.9533 -15.1427 0.6835 -1.1788 0.3739
Cyclist 0.0000 0 0.0000 -1.0000 -1.0000 -1.0000 -1.0000 0.6987 1.3161 1.7366 23.4493 -19.3004 0.5800 1.3814 0.3536
