Car 0.0000 0 0.0000 -1.0000 -1.0000 -1.0000 -1.0000 2.0191 1.5543 4.6171 -31.5649 3.3534 0.7960 0.0031 0.8175
Car 0.0000 0 0.0000 -1.0000 -1.0000 -1.0000 -1.0000 2.0154 1.4472 4.6122 -23.7376 0.4858 0.7288 -3.0613 0.8143
Car 0.0000 0 0.0000 -1.0000 -1.0000 -1.0000 -1.0000 1.9520 1.5038 4.5501 -8.4129 7.3722 0.7181 3.1174 0.7140
Car 0.0000 0 0.0000 -1.0000 -1.0000 -1.0000 -1.0000 2.0175 1.5155 4.6004 23.1723 3.1605 0.8692 0.0033 0.6771
Car 0.0000 0 0.0000 -1.0000 -1.0000 -1.0000 -1.0000 1.9270 1.5240 4.4644 -11.7570 2.6138 0.7530 -0.0348 0.6757
Car 0.0000 0 0.0000 -1.0000 -1.0000 -1.0000 -1.0000 2.0956 2.1514 4.7507 -8.2870 12.0432 0.9624 -0.0708 0.6640
Car 0.0000 0 0.0000 -1.0000 -1.0000 -1.0000 -1.0000 1.9858 1.4718 4.5402 -21.4434 4.2891 0.7191 -0.0264 0.6131
Car 0.0000 0 0.0000 -1.0000 -1.0000 -1.0000 -1.0000 1.9845 1.6348 4.6407 -21.2184 -18.5701 1.1919 1.0194 0.5968
Car 0.0000 0 0.0000 -1.0000 -1.0000 -1.0000 -1.0000 1.9148 1.4877 4.6296 -23.9984 -25.5747 1.2452 -2.0130 0.5781
Car 0.0000 0 0.0000 -1.0000 -1.0000 -1.0000 -1.0000 1.9838 1.6312 4.6373 -4.2001 31.4238 -0.0147 -1.1620 0.5653
Car 0.0000 0 0.0000 -1.0000 -1.0000 -1.0000 -1.0000 1.9305 1.6471 4.4934 -44.5929 4.4748 0.8375 -3.1231 0.5573
Car 0.0000 0 0.0000 -1.0000 -1.0000 -1.0000 -1.0000 2.0314 1.7108 4.6236 -33.0677 0.4221 0.8693 -3.1345 0.5148
Car 0.0000 0 0.0000 -1.0000 -1.0000 -1.0000 -1.0000 2.0627 1.5619 4.6573 -16.6493 -3.3171 0.8937 -2.4150 0.4939
Car 0.0000 0 0.0000 -1.0000 -1.0000 -1.0000 -1.0000 1.9571 1.6059 4.6109 -61.2781 16.7081 0.5662 -0.0067 0.4589
Car 0.0000 0 0.0000 -1.0000 -1.0000 -1.0000 -1.0000 2.0328 1.8240 4.7821 32.8647 3.5132 1.1548 0.0463 0.4171
Car 0.0000 0 0.0000 -1.0000 -1.0000 -1.0000 -1.0000 1.9006 1.5166 4.5276 -67.8146 14.1363 0.5425 -3.0639 0.4061
Car 0.0000 0 0.0000 -1.0000 -1.0000 -1.0000 -1.0000 1.9395 1.6735 4.6921 -29.3792 -34.1638 1.6554 1.1464 0.3799
Car 0.0000 0 0.0000 -1.0000 -1.0000 -1.0000 -1.0000 1.9962 1.7974 4.5890 0.3415 7.5178 0.8768 3.1378 0.3772
Car 0.0000 0 0.0000 -1.0000 -1.0000 -1.0000 -1.0000 1.9507 2.1507 4.5184 9.2336 0.3028 1.2106 -3.1395 0.3060
Truck 0.0000 0 0.0000 -1.0000 -1.0000 -1.0000 -1.0000 2.9491 3.3357 9.9163 4.2229 3.2511 1.7562 0.0024 0.7594
Truck 0.0000 0 0.0000 -1.0000 -1.0000 -1.0000 -1.0000 3.0114 3.1858 11.5297 -23.9244 13.5242 1.3819 3.0326 0.7209
Truck 0.0000 0 0.0000 -1.0000 -1.0000 -1.0000 -1.0000 2.8893 3.4424 8.2840 -16.3855 -10.2910 1.8765 0.9635 0.5691
Truck 0.0000 0 0.0000 -1.0000 -1.0000 -1.0000 -1.0000 2.8922 3.1248 11.0745 -45.7575 18.2234 1.1774 -0.0216 0.5550
Truck 0.0000 0 0.0000 -1.0000 -1.0000 -1.0000 -1.0000 2.4145 2.7684 5.8771 -27.5674 -25.1094 2.0365 1.2370 0.3583
Truck 0.0000 0 0.0000 -1.0000 -1.0000 -1.0000 -1.0000 2.8992 3.5679 9.1835 -8.5586 41.0429 0.7380 -1.8521 0.3177
Truck 0.0000 0 0.0000 -1.0000 -1.0000 -1.0000 -1.0000 2.3049 2.5074 5.9571 39.0844 -0.1641 1.4510 0.0506 0.3169
Cyclist 0.0000 0 0.0000 -1.0000 -1.0000 -1.0000 -1.0000 0.8028 1.4956 1.8237 -8.5957 -5.0431 0.7885 0.0704 0.4778
Cyclist 0.0000 0 0.0000 -1.0000 -1.0000 -1.0000 -1.0000 0.7484 1.5252 1.7709 2.2462 33.7282 -0.1563 -1.1263 0.4702
Cyclist 0.0000 0 0.0000 -1.0000 -1.0000 -1.0000 -1.0000 0.7290 1.5463 1.7328 -6.1702 29.0359 -0.0752 2.5299 0.4165
Pedestrian 0.0000 0 0.0000 -1.0000 -1.0000 -1.0000 -1.0000 0.6722 1.6503 0.5914 -39.1863 -4.6104 0.9471 3.1055 0.4945
Pedestrian 0.0000 0 0.0000 -1.0000 -1.0000 -1.0000 -1.0000 0.6770 1.6268 0.5987 -44.8118 -4.9247 0.9056 0.0467 0.3922
