Car 0.0000 0 0.0000 -1.0000 -1.0000 -1.0000 -1.0000 1.9549 1.4620 4.4860 -8.2114 -3.4399 0.7880 0.2590 0.8328
Car 0.0000 0 0.0000 -1.0000 -1.0000 -1.0000 -1.0000 2.0134 1.5971 4.5370 12.8680 2.7139 0.8590 -0.0583 0.8319
Car 0.0000 0 0.0000 -1.0000 -1.0000 -1.0000 -1.0000 2.0347 1.5893 4.7193 8.6866 9.9063 0.8101 3.1011 0.8096
Car 0.0000 0 0.0000 -1.0000 -1.0000 -1.0000 -1.0000 2.0684 1.8462 4.6363 -12.9435 -1.3732 1.0267 0.2651 0.8035
Car 0.0000 0 0.0000 -1.0000 -1.0000 -1.0000 -1.0000 1.9733 1.6728 4.5347 -20.3164 8.6700 1.0358 -2.9526 0.7886
Car 0.0000 0 0.0000 -1.0000 -1.0000 -1.0000 -1.0000 1.9478 1.4654 4.5549 -12.4999 9.1198 0.8046 0.0890 0.7301
Car 0.0000 0 0.0000 -1.0000 -1.0000 -1.0000 -1.0000 2.0270 1.7920 4.7101 1.2730 9.7288 0.8936 0.0245 0.7238
Car 0.0000 0 0.0000 -1.0000 -1.0000 -1.0000 -1.0000 1.9719 1.4773 4.5614 16.9489 9.9296 0.6425 3.1090 0.7110
Car 0.0000 0 0.0000 -1.0000 -1.0000 -1.0000 -1.0000 1.9915 1.4047 4.5429 -11.0614 2.2862 0.7974 0.1506 0.7012
Car 0.0000 0 0.0000 -1.0000 -1.0000 -1.0000 -1.0000 1.9090 1.4523 4.5085 -3.2221 3.3587 0.7573 3.1401 0.6990
Car 0.0000 0 0.0000 -1.0000 -1.0000 -1.0000 -1.0000 1.9255 1.5216 4.4655 -19.7981 -4.0711 0.9524 0.4858 0.6892
Car 0.0000 0 0.0000 -1.0000 -1.0000 -1.0000 -1.0000 1.9060 1.5119 4.4895 29.7711 -0.7388 0.5061 3.1237 0.6535
Car 0.0000 0 0.0000 -1.0000 -1.0000 -1.0000 -1.0000 1.9590 1.6526 4.6035 -24.2998 -20.1092 1.2589 -1.5221 0.6505
Car 0.0000 0 0.0000 -1.0000 -1.0000 -1.0000 -1.0000 1.9502 1.5201 4.6668 -39.6538 4.9238 1.6119 0.4244 0.6501
Car 0.0000 0 0.0000 -1.0000 -1.0000 -1.0000 -1.0000 1.9108 1.6723 4.3910 7.3624 -0.8685 0.8921 3.1073 0.6426
Car 0.0000 0 0.0000 -1.0000 -1.0000 -1.0000 -1.0000 1.8821 1.4501 4.4463 -8.0578 11.9100 0.7163 0.0612 0.6098
Car 0.0000 0 0.0000 -1.0000 -1.0000 -1.0000 -1.0000 1.9604 1.5012 4.5320 -26.9664 -1.4303 1.1666 -2.8065 0.6033
Car 0.0000 0 0.0000 -1.0000 -1.0000 -1.0000 -1.0000 1.9817 1.4554 4.6303 19.8925 13.3407 0.6445 0.0377 0.5928
Car 0.0000 0 0.0000 -1.0000 -1.0000 -1.0000 -1.0000 1.9506 1.5213 4.5387 -28.9853 7.9321 1.1584 -2.9278 0.5878
Car 0.0000 0 0.0000 -1.0000 -1.0000 -1.0000 -1.0000 1.9193 1.4410 4.5100 7.9666 13.7014 0.6804 -0.0079 0.5817
Car 0.0000 0 0.0000 -1.0000 -1.0000 -1.0000 -1.0000 1.9350 1.5529 4.4401 -18.6938 2.8187 0.9945 -2.8434 0.5495
Car 0.0000 0 0.0000 -1.0000 -1.0000 -1.0000 -1.0000 1.9645 1.5906 4.6313 -24.6290 -28.2230 1.2060 -1.5357 0.5406
Car 0.0000 0 0.0000 -1.0000 -1.0000 -1.0000 -1.0000 1.9255 1.7289 4.5955 -5.2526 9.1784 0.8774 0.0719 0.5037
Car 0.0000 0 0.0000 -1.0000 -1.0000 -1.0000 -1.0000 1.9148 1.7066 4.5144 -33.4992 11.5747 1.3921 0.3443 0.5006
Car 0.0000 0 0.0000 -1.0000 -1.0000 -1.0000 -1.0000 1.9160 1.4863 4.6221 -32.7013 -19.9531 1.6652 1.5128 0.4659
Car 0.0000 0 0.0000 -1.0000 -1.0000 -1.0000 -1.0000 2.0431 1.8336 4.9365 -35.1148 -2.2402 1.7395 0.2430 0.4647
Car 0.0000 0 0.0000 -1.0000 -1.0000 -1.0000 -1.0000 1.9068 1.5359 4.6349 -29.7086 -33.0808 1.4905 1.4678 0.4543
Car 0.0000 0 0.0000 -1.0000 -1.0000 -1.0000 -1.0000 1.9114 1.6871 4.6320 -48.5199 25.7177 1.8812 1.8515 0.4482
Car 0.0000 0 0.0000 -1.0000 -1.0000 -1.0000 -1.0000 1.9744 1.5256 4.6181 23.1202 9.6178 0.5931 3.1060 0.4474
Car 0.0000 0 0.0000 -1.0000 -1.0000 -1.0000 -1.0000 1.9980 1.5010 4.5651 -25.1594 -8.5635 1.0673 -2.3892 0.4252
Car 0.0000 0 0.0000 -1.0000 -1.0000 -1.0000 -1.0000 1.9014 1.5414 4.5049 -28.0899 10.6986 1.0643 -2.9433 0.4168
Car 0.0000 0 0.0000 -1.0000 -1.0000 -1.0000 -1.0000 1.9242 1.4637 4.5618 29.9704 9.6957 0.4304 3.1188 0.4165
Car 0.0000 0 0.0000 -1.0000 -1.0000 -1.0000 -1.0000 1.9094 1.5340 4.5541 29.3878 13.0072 0.5048 0.0125 0.3971
Car 0.0000 0 0.0000 -1.0000 -1.0000 -1.0000 -1.0000 1.9592 1.5419 4.7192 -47.2290 1.2721 1.9414 0.7089 0.3966
Car 0.0000 0 0.0000 -1.0000 -1.0000 -1.0000 -1.0000 2.0024 1.4901 4.6210 -20.0158 -9.6832 0.9350 -2.4035 0.3778
Car 0.0000 0 0.0000 -1.0000 -1.0000 -1.0000 -1.0000 1.9324 1.4517 4.5119 -19.8227 11.6165 0.8822 0.0604 0.3735
Car 0.0000 0 0.0000 -1.0000 -1.0000 -1.0000 -1.0000 1.8266 1.5288 4.3878 -8.1912 20.7023 0.5316 0.2894 0.3491
Car 0.0000 0 0.0000 -1.0000 -1.0000 -1.0000 -1.0000 1.8590 1.7023 4.3998 -13.4243 -28.2254 0.9413 1.5543 0.3363
Car 0.0000 0 0.0000 -1.0000 -1.0000 -1.0000 -1.0000 1.9425 1.6233 4.6809 -52.4763 10.4934 1.9605 -2.8087 0.3350
Truck 0.0000 0 0.0000 -1.0000 -1.0000 -1.0000 -1.0000 1.8573 1.9259 4.6987 30.0428 2.7538 0.8039 -0.0288 0.4383
Truck 0.0000 0 0.0000 -1.0000 -1.0000 -1.0000 -1.0000 2.2228 2.1459 5.7598 43.4308 1.5370 0.7434 3.1253 0.4382
Truck 0.0000 0 0.0000 -1.0000 -1.0000 -1.0000 -1.0000 3.0926 4.0767 16.5019 19.8239 17.0307 2.0126 3.0961 0.3983
Tricar 0.0000 0 0.0000 -1.0000 -1.0000 -1.0000 -1.0000 1.3740 1.8799 2.9561 -2.5531 24.9116 0.5740 -0.0862 0.4820
Cyclist 0.0000 0 0.0000 -1.0000 -1.0000 -1.0000 -1.0000 0.7837 1.5342 1.7843 -2.9236 -7.8609 0.7616 -3.1022 0.6973
Cyclist 0.0000 0 0.0000 -1.0000 -1.0000 -1.0000 -1.0000 0.7434 1.5209 1.7143 5.3537 -8.4114 0.7079 -0.0621 0.6174
Cyclist 0.0000 0 0.0000 -1.0000 -1.0000 -1.0000 -1.0000 0.8067 1.5064 1.8498 -8.0372 -11.2098 0.6929 -2.6572 0.5360
Cyclist 0.0000 0 0.0000 -1.0000 -1.0000 -1.0000 -1.0000 0.6870 1.4681 1.6705 -0.7032 -5.3621 0.7309 3.0040 0.5053
Cyclist 0.0000 0 0.0000 -1.0000 -1.0000 -1.0000 -1.0000 0.7815 1.5125 1.7946 2.2380 -5.9464 0.7578 -0.1342 0.4787
Cyclist 0.0000 0 0.0000 -1.0000 -1.0000 -1.0000 -1.0000 0.7368 1.4953 1.7335 39.8104 -7.9689 0.2454 3.1147 0.3226
Pedestrian 0.0000 0 0.0000 -1.0000 -1.0000 -1.0000 -1.0000 0.6803 1.6554 0.6292 -19.6549 -16.4441 1.0024 3.0653 0.6380
Pedestrian 0.0000 0 0.0000 -1.0000 -1.0000 -1.0000 -1.0000 0.7053 1.6693 0.6648 -16.4957 -11.7526 0.9419 -2.3555 0.4789
