Car 0.0000 0 0.0000 -1.0000 -1.0000 -1.0000 -1.0000 2.0046 1.4469 4.5754 41.5794 2.4318 0.9274 3.1190 0.6939
Car 0.0000 0 0.0000 -1.0000 -1.0000 -1.0000 -1.0000 2.0066 1.5283 4.6245 19.1327 3.3988 0.8124 0.0022 0.6314
Car 0.0000 0 0.0000 -1.0000 -1.0000 -1.0000 -1.0000 2.0075 1.7699 4.6529 -39.7095 3.1472 0.8789 3.1289 0.5918
Car 0.0000 0 0.0000 -1.0000 -1.0000 -1.0000 -1.0000 1.9312 1.9482 4.5479 19.9604 -0.3740 1.0659 0.0080 0.5743
Car 0.0000 0 0.0000 -1.0000 -1.0000 -1.0000 -1.0000 1.8729 1.6122 4.4947 8.8335 23.0218 0.0380 -3.0433 0.4795
Car 0.0000 0 0.0000 -1.0000 -1.0000 -1.0000 -1.0000 1.9516 1.5261 4.6395 39.1774 11.9291 0.7299 2.9700 0.4508
Car 0.0000 0 0.0000 -1.0000 -1.0000 -1.0000 -1.0000 1.8734 1.5037 4.5235 -25.8320 33.5796 0.2456 -1.5313 0.4374
Car 0.0000 0 0.0000 -1.0000 -1.0000 -1.0000 -1.0000 1.8874 1.5136 4.5846 -12.3496 -10.3376 0.7678 -1.3877 0.3861
Car 0.0000 0 0.0000 -1.0000 -1.0000 -1.0000 -1.0000 1.9080 1.5883 4.5017 17.9607 10.5827 0.7951 -3.1400 0.3679
Car 0.0000 0 0.0000 -1.0000 -1.0000 -1.0000 -1.0000 1.9527 1.5795 4.6839 72.9725 18.0965 0.3840 0.3234 0.3577
Car 0.0000 0 0.0000 -1.0000 -1.0000 -1.0000 -1.0000 1.9338 1.4818 4.5746 -52.1298 1.6031 0.7301 -0.0085 0.3238
Car 0.0000 0 0.0000 -1.0000 -1.0000 -1.0000 -1.0000 1.8714 1.5218 4.5131 52.6875 22.4818 0.4906 1.5291 0.3019
Truck 0.0000 0 0.0000 -1.0000 -1.0000 -1.0000 -1.0000 3.0577 3.8246 9.4724 -40.3809 10.8608 1.7932 0.0090 0.6332
Truck 0.0000 0 0.0000 -1.0000 -1.0000 -1.0000 -1.0000 2.4147 2.2872 6.4754 8.1446 7.1303 1.1250 3.0769 0.5707
Truck 0.0000 0 0.0000 -1.0000 -1.0000 -1.0000 -1.0000 2.0197 1.9689 5.1632 -21.8973 2.5625 0.9598 3.1378 0.4276
Tricar 0.0000 0 0.0000 -1.0000 -1.0000 -1.0000 -1.0000 1.4194 1.8726 3.4672 -43.3684 25.4689 0.5826 -1.6229 0.4314
Tricar 0.0000 0 0.0000 -1.0000 -1.0000 -1.0000 -1.0000 1.2787 1.6896 3.2058 -40.7754 28.2007 0.5293 -1.6125 0.3937
Pedestrian 0.0000 0 0.0000 -1.0000 -1.0000 -1.0000 -1.0000 0.7084 1.6668 0.6766 -13.6954 21.8984 0.3598 -0.0236 0.3640
