Car 0.0000 0 0.0000 -1.0000 -1.0000 -1.0000 -1.0000 1.9908 1.4748 4.5990 14.1439 -0.3299 0.8298 -0.0136 0.7252
Car 0.0000 0 0.0000 -1.0000 -1.0000 -1.0000 -1.0000 1.9568 1.5022 4.6202 -33.4568 2.9245 0.4744 -0.0293 0.7187
Car 0.0000 0 0.0000 -1.0000 -1.0000 -1.0000 -1.0000 1.9713 1.6394 4.5610 3.2315 4.1016 0.8070 -3.0873 0.7172
Car 0.0000 0 0.0000 -1.0000 -1.0000 -1.0000 -1.0000 2.0038 1.6619 4.7105 33.3324 2.4946 0.8920 -0.0239 0.6781
Car 0.0000 0 0.0000 -1.0000 -1.0000 -1.0000 -1.0000 1.9090 1.5440 4.4594 19.0918 2.8270 0.8021 3.0665 0.5482
Car 0.0000 0 0.0000 -1.0000 -1.0000 -1.0000 -1.0000 1.8892 1.6634 4.4978 -43.5398 2.8297 0.5420 -3.1391 0.5342
Car 0.0000 0 0.0000 -1.0000 -1.0000 -1.0000 -1.0000 1.9224 1.6312 4.5404 46.2215 1.0166 0.8102 0.0067 0.4316
Car 0.0000 0 0.0000 -1.0000 -1.0000 -1.0000 -1.0000 1.9990 1.9641 4.6179 -11.7837 -0.0673 0.9342 -0.0600 0.4214
Truck 0.0000 0 0.0000 -1.0000 -1.0000 -1.0000 -1.0000 2.8740 3.2016 11.3088 33.2455 5.2448 1.7557 3.1174 0.6270
Tricar 0.0000 0 0.0000 -1.0000 -1.0000 -1.0000 -1.0000 1.5700 2.0355 3.3499 14.6092 8.2886 0.9995 3.0526 0.4244
Cyclist 0.0000 0 0.0000 -1.0000 -1.0000 -1.0000 -1.0000 0.7377 1.5309 1.6659 8.6187 20.8540 0.6524 -0.5914 0.5119
Cyclist 0.0000 0 0.0000 -1.0000 -1.0000 -1.0000 -1.0000 0.7369 1.5148 1.7186 -45.4404 5.6469 0.4047 0.0494 0.4752
Cyclist 0.0000 0 0.0000 -1.0000 -1.0000 -1.0000 -1.0000 0.7355 1.4991 1.7450 5.9854 23.3195 0.5684 1.6179 0.4550
Cyclist 0.0000 0 0.0000 -1.0000 -1.0000 -1.0000 -1.0000 0.7326 1.4032 1.7382 10.1999 25.8834 0.6076 1.8751 0.3686
Cyclist 0.0000 0 0.0000 -1.0000 -1.0000 -1.0000 -1.0000 0.8059 1.5395 1.8441 -41.6256 5.6950 0.4471 0.0209 0.3530
Pedestrian 0.0000 0 0.0000 -1.0000 -1.0000 -1.0000 -1.0000 0.6904 1.6399 0.6597 8.9105 12.0516 0.7019 2.8064 0.5958
Pedestrian 0.0000 0 0.0000 -1.0000 -1.0000 -1.0000 -1.0000 0.6872 1.6568 0.6279 -0.5739 10.8755 0.6292 0.5770 0.5762
Pedestrian 0.0000 0 0.0000 -1.0000 -1.0000 -1.0000 -1.0000 0.6888 1.6495 0.6432 -21.5537 -3.0932 0.6732 3.1278 0.5686
Pedestrian 0.0000 0 0.0000 -1.0000 -1.0000 -1.0000 -1.0000 0.6846 1.6508 0.6251 -10.1583 -2.9895 0.8604 3.1075 0.5460
Pedestrian 0.0000 0 0.0000 -1.0000 -1.0000 -1.0000 -1.0000 0.6965 1.7191 0.6282 20.4889 -2.8259 1.1007 3.1170 0.5284
Pedestrian 0.0000 0 0.0000 -1.0000 -1.0000 -1.0000 -1.0000 0.6913 1.6520 0.6424 1.1604 14.1613 0.6361 -2.1658 0.5070
Pedestrian 0.0000 0 0.0000 -1.0000 -1.0000 -1.0000 -1.0000 0.7090 1.6901 0.6667 -3.2536 9.9132 0.6612 0.8408 0.4743
Pedestrian 0.0000 0 0.0000 -1.0000 -1.0000 -1.0000 -1.0000 0.6945 1.6714 0.6513 14.8631 4.9214 0.8631 3.1039 0.4355
Pedestrian 0.0000 0 0.0000 -1.0000 -1.0000 -1.0000 -1.0000 0.6704 1.6320 0.6020 -1.1354 12.4781 0.5821 -2.5496 0.4303
Pedestrian 0.0000 0 0.0000 -1.0000 -1.0000 -1.0000 -1.0000 0.6885 1.6694 0.6215 -0.8912 13.9119 0.6546 0.9021 0.4142
Pedestrian 0.0000 0 0.0000 -1.0000 -1.0000 -1.0000 -1.0000 0.6802 1.6623 0.5822 26.0532 -2.6232 1.0431 3.1395 0.3816
Pedestrian 0.0000 0 0.0000 -1.0000 -1.0000 -1.0000 -1.0000 0.6787 1.6532 0.6072 -15.5969 -2.9128 0.7963 0.0084 0.3783
Pedestrian 0.0000 0 0.0000 -1.0000 -1.0000 -1.0000 -1.0000 0.6803 1.6349 0.6034 20.2439 -1.1973 0.9669 3.1268 0.3758
Pedestrian 0.0000 0 0.0000 -1.0000 -1.0000 -1.0000 -1.0000 0.6736 1.6001 0.6141 -12.4855 -3.1581 0.8287 3.0928 0.3613
Pedestrian 0.0000 0 0.0000 -1.0000 -1.0000 -1.0000 -1.0000 0.7349 1.6937 0.7664 1.6905 -3.0949 0.9960 3.1361 0.3525
Pedestrian 0.0000 0 0.0000 -1.0000 -1.0000 -1.0000 -1.0000 0.7040 1.6607 0.6506 22.5092 1.5899 0.9374 0.0355 0.3435
Pedestrian 0.0000 0 0.0000 -1.0000 -1.0000 -1.0000 -1.0000 0.6813 1.6551 0.6353 4.4403 19.5562 0.8480 1.2627 0.3137
Pedestrian 0.0000 0 0.0000 -1.0000 -1.0000 -1.0000 -1.0000 0.6854 1.6745 0.6002 8.2212 16.2424 0.7482 -1.7434 0.3020
