Car 0.0000 0 0.0000 -1.0000 -1.0000 -1.0000 -1.0000 2.0916 1.8822 4.9034 -27.6374 -8.7861 1.2941 0.3240 0.7231
Car 0.0000 0 0.0000 -1.0000 -1.0000 -1.0000 -1.0000 2.0174 1.5566 4.6680 -5.0872 23.7826 0.8591 -0.9935 0.6885
Car 0.0000 0 0.0000 -1.0000 -1.0000 -1.0000 -1.0000 1.9930 1.5927 4.6257 5.5276 6.5448 0.7767 -1.0070 0.6678
Car 0.0000 0 0.0000 -1.0000 -1.0000 -1.0000 -1.0000 1.9892 1.4665 4.6748 -8.4713 17.4785 0.7517 -1.0731 0.6141
Car 0.0000 0 0.0000 -1.0000 -1.0000 -1.0000 -1.0000 1.9834 1.5750 4.6490 -19.9855 35.7941 0.9157 -0.9177 0.5870
Car 0.0000 0 0.0000 -1.0000 -1.0000 -1.0000 -1.0000 1.9168 1.4627 4.4868 17.8884 -5.5088 0.7041 -0.9420 0.4987
Car 0.0000 0 0.0000 -1.0000 -1.0000 -1.0000 -1.0000 1.9425 1.6071 4.5652 10.5553 3.7954 0.8012 2.1059 0.4871
Car 0.0000 0 0.0000 -1.0000 -1.0000 -1.0000 -1.0000 1.9244 1.5343 4.5501 13.5435 14.1254 0.7028 -0.9975 0.4490
Car 0.0000 0 0.0000 -1.0000 -1.0000 -1.0000 -1.0000 1.9611 1.6531 4.6720 -0.2090 36.8613 0.9045 -0.9714 0.4407
Car 0.0000 0 0.0000 -1.0000 -1.0000 -1.0000 -1.0000 1.9263 1.4966 4.5690 30.3475 -3.9894 0.5263 2.2030 0.4266
Car 0.0000 0 0.0000 -1.0000 -1.0000 -1.0000 -1.0000 1.8733 1.5188 4.5634 -2.6422 -20.2374 1.0026 1.2939 0.3672
Car 0.0000 0 0.0000 -1.0000 -1.0000 -1.0000 -1.0000 1.9940 1.8301 4.7238 30.1215 -9.2891 0.8331 2.2506 0.3241
Car 0.0000 0 0.0000 -1.0000 -1.0000 -1.0000 -1.0000 1.8273 1.5520 4.4181 64.2547 -4.6895 0.2187 0.6181 0.3174
Car 0.0000 0 0.0000 -1.0000 -1.0000 -1.0000 -1.0000 1.9009 1.6679 4.6002 -1.1190 -26.0885 1.1936 1.6021 0.3125
Truck 0.0000 0 0.0000 -1.0000 -1.0000 -1.0000 -1.0000 2.9742 3.2184 11.5241 15.8513 -13.9096 1.5518 2.0738 0.4644
Truck 0.0000 0 0.0000 -1.0000 -1.0000 -1.0000 -1.0000 2.6315 3.1152 6.4755 -8.8215 35.8668 1.7364 2.1655 0.4451
Tricar 0.0000 0 0.0000 -1.0000 -1.0000 -1.0000 -1.0000 1.2268 1.6086 2.8722 -29.7865 0.9964 1.1130 -2.7766 0.4299
Cyclist 0.0000 0 0.0000 -1.0000 -1.0000 -1.0000 -1.0000 0.7881 1.4685 1.8105 -31.0540 -2.1521 1.0337 0.3634 0.5534
Cyclist 0.0000 0 0.0000 -1.0000 -1.0000 -1.0000 -1.0000 0.7981 1.5746 1.7941 -12.6824 -3.7825 0.8309 3.1040 0.4481
Cyclist 0.0000 0 0.0000 -1.0000 -1.0000 -1.0000 -1.0000 0.8446 1.5350 1.8802 -13.4656 12.8754 0.7932 1.9360 0.4192
Cyclist 0.0000 0 0.0000 -1.0000 -1.0000 -1.0000 -1.0000 0.7565 1.5343 1.7751 38.6057 8.7880 0.1230 1.9988 0.3607
