Car 0.0000 0 0.0000 -1.0000 -1.0000 -1.0000 -1.0000 1.9664 1.4852 4.6100 31.9153 4.6407 0.4971 0.1274 0.7372
Car 0.0000 0 0.0000 -1.0000 -1.0000 -1.0000 -1.0000 1.9174 1.5591 4.5014 19.8756 3.9935 0.6272 -3.0749 0.6677
Car 0.0000 0 0.0000 -1.0000 -1.0000 -1.0000 -1.0000 1.9538 1.7933 4.4907 8.3007 -0.2862 0.8728 2.9990 0.6454
Car 0.0000 0 0.0000 -1.0000 -1.0000 -1.0000 -1.0000 2.0829 1.8879 4.7418 -9.9614 0.0904 0.9513 -0.0145 0.6067
Car 0.0000 0 0.0000 -1.0000 -1.0000 -1.0000 -1.0000 1.9873 1.4754 4.6129 3.5880 3.2896 0.6490 3.1242 0.5699
Car 0.0000 0 0.0000 -1.0000 -1.0000 -1.0000 -1.0000 1.9349 1.9686 4.5214 2.7989 -8.5606 1.0469 1.5304 0.5203
Car 0.0000 0 0.0000 -1.0000 -1.0000 -1.0000 -1.0000 1.9575 1.5284 4.5345 24.4716 1.7821 0.6602 0.0684 0.4392
Car 0.0000 0 0.0000 -1.0000 -1.0000 -1.0000 -1.0000 1.9511 1.5412 4.6360 68.0235 1.4551 0.4889 3.1075 0.3565
Car 0.0000 0 0.0000 -1.0000 -1.0000 -1.0000 -1.0000 1.9540 1.6006 4.4874 40.9265 -0.2193 0.6977 0.2573 0.3217
Car 0.0000 0 0.0000 -1.0000 -1.0000 -1.0000 -1.0000 1.8372 1.4987 4.2964 8.4354 10.5838 0.4427 -1.0575 0.3200
Car 0.0000 0 0.0000 -1.0000 -1.0000 -1.0000 -1.0000 1.8771 1.5549 4.4844 0.0435 -6.9048 0.8709 1.5139 0.3192
Truck 0.0000 0 0.0000 -1.0000 -1.0000 -1.0000 -1.0000 2.7691 3.1715 7.6073 -63.7511 3.4194 1.9571 -3.1135 0.3383
Truck 0.0000 0 0.0000 -1.0000 -1.0000 -1.0000 -1.0000 2.8878 2.9372 9.7350 -68.9287 0.2947 1.7593 -3.1188 0.3098
Tricar 0.0000 0 0.0000 -1.0000 -1.0000 -1.0000 -1.0000 1.3467 1.7159 2.9392 -35.7687 -2.1518 0.9813 -3.1376 0.3940
Tricar 0.0000 0 0.0000 -1.0000 -1.0000 -1.0000 -1.0000 1.1996 1.7618 2.6873 13.5977 8.7329 0.6755 0.5164 0.3936
Cyclist 0.0000 0 0.0000 -1.0000 -1.0000 -1.0000 -1.0000 0.7776 1.5639 1.7567 15.9961 -4.6091 0.8376 0.8351 0.6578
Cyclist 0.0000 0 0.0000 -1.0000 -1.0000 -1.0000 -1.0000 0.7591 1.5087 1.7354 -28.4724 4.7814 0.7153 -0.0099 0.5618
Cyclist 0.0000 0 0.0000 -1.0000 -1.0000 -1.0000 -1.0000 0.7463 1.5179 1.7122 40.4188 -3.6171 0.7151 -2.8200 0.4773
Cyclist 0.0000 0 0.0000 -1.0000 -1.0000 -1.0000 -1.0000 0.7894 1.6028 1.7544 10.7013 14.8051 0.5070 -2.7903 0.3720
Cyclist 0.0000 0 0.0000 -1.0000 -1.0000 -1.0000 -1.0000 0.7630 1.5223 1.7810 23.8103 -20.1896 1.1156 -1.7984 0.3616
Cyclist 0.0000 0 0.0000 -1.0000 -1.0000 -1.0000 -1.0000 0.7386 1.5066 1.7006 -51.0067 6.1973 0.7871 3.0974 0.3507
Cyclist 0.0000 0 0.0000 -1.0000 -1.0000 -1.0000 -1.0000 0.8185 1.5450 1.7811 -50.1192 5.3541 0.7960 -0.0544 0.3506
Cyclist 0.0000 0 0.0000 -1.0000 -1.0000 -1.0000 -1.0000 1.0024 1.6963 1.9741 13.6354 8.7523 0.7052 -2.5753 0.3297
Pedestrian 0.0000 0 0.0000 -1.0000 -1.0000 -1.0000 -1.0000 0.7030 1.7155 0.6887 36.8245 -4.6298 0.9289 0.2850 0.5782
Pedestrian 0.0000 0 0.0000 -1.0000 -1.0000 -1.0000 -1.0000 0.6784 1.6792 0.6053 6.5258 8.6520 0.6261 2.5364 0.5631
Pedestrian 0.0000 0 0.0000 -1.0000 -1.0000 -1.0000 -1.0000 0.6804 1.6890 0.5876 39.1754 10.4695 0.3669 0.0495 0.4918
Pedestrian 0.0000 0 0.0000 -1.0000 -1.0000 -1.0000 -1.0000 0.7103 1.7075 0.6767 23.3642 -8.9966 0.9937 0.5014 0.4736
Pedestrian 0.0000 0 0.0000 -1.0000 -1.0000 -1.0000 -1.0000 0.7230 1.6786 0.7216 27.1089 -12.0923 1.0652 -2.4151 0.4725
Pedestrian 0.0000 0 0.0000 -1.0000 -1.0000 -1.0000 -1.0000 0.6908 1.7039 0.6261 5.0820 -37.3790 1.7730 2.5493 0.4560
Pedestrian 0.0000 0 0.0000 -1.0000 -1.0000 -1.0000 -1.0000 0.6830 1.6582 0.6022 20.1160 16.1918 0.3808 0.1081 0.4466
Pedestrian 0.0000 0 0.0000 -1.0000 -1.0000 -1.0000 -1.0000 0.6811 1.6366 0.6038 27.2487 14.0952 0.3433 -2.9968 0.3993
Pedestrian 0.0000 0 0.0000 -1.0000 -1.0000 -1.0000 -1.0000 0.7073 1.6667 0.6658 24.0968 -15.8195 1.1815 1.1738 0.3539
Pedestrian 0.0000 0 0.0000 -1.0000 -1.0000 -1.0000 -1.0000 0.7019 1.6885 0.6632 7.3886 6.9142 0.6198 3.0797 0.3406
Pedestrian 0.0000 0 0.0000 -1.0000 -1.0000 -1.0000 -1.0000 0.7123 1.7164 0.6596 10.1582 -31.7530 1.7542 2.4893 0.3384
Pedestrian 0.0000 0 0.0000 -1.0000 -1.0000 -1.0000 -1.0000 0.7080 1.6517 0.6277 26.0106 16.7070 0.3154 -2.9281 0.3351
