Car 0.0000 0 0.0000 -1.0000 -1.0000 -1.0000 -1.0000 2.0042 1.4142 4.5815 4.9653 -2.9409 0.8106 -3.1155 0.8130
Car 0.0000 0 0.0000 -1.0000 -1.0000 -1.0000 -1.0000 2.0671 1.6100 4.9017 -32.8469 3.1027 0.6202 0.0513 0.6197
Car 0.0000 0 0.0000 -1.0000 -1.0000 -1.0000 -1.0000 2.0511 1.5338 4.6648 24.9601 -1.0886 0.9700 -3.1383 0.5831
Car 0.0000 0 0.0000 -1.0000 -1.0000 -1.0000 -1.0000 1.9181 1.5195 4.5418 -7.9837 18.9358 -0.0941 -1.6938 0.4897
Car 0.0000 0 0.0000 -1.0000 -1.0000 -1.0000 -1.0000 1.8505 1.4385 4.4767 -20.5467 -12.5543 0.4982 -3.1117 0.4202
Car 0.0000 0 0.0000 -1.0000 -1.0000 -1.0000 -1.0000 1.9241 1.5162 4.5902 11.0930 -12.6911 0.7403 0.0319 0.3797
Car 0.0000 0 0.0000 -1.0000 -1.0000 -1.0000 -1.0000 1.9209 1.7537 4.6081 37.8275 -13.2746 1.0737 1.7259 0.3740
Car 0.0000 0 0.0000 -1.0000 -1.0000 -1.0000 -1.0000 1.8300 1.4972 4.5021 2.3730 -11.7585 0.6431 0.0033 0.3615
Tricar 0.0000 0 0.0000 -1.0000 -1.0000 -1.0000 -1.0000 1.1352 1.4814 2.8184 -11.3524 -8.5847 0.5973 3.0979 0.5373
Cyclist 0.0000 0 0.0000 -1.0000 -1.0000 -1.0000 -1.0000 0.7256 1.5290 1.6735 -17.8999 -5.9843 0.6096 -0.4730 0.5882
Cyclist 0.0000 0 0.0000 -1.0000 -1.0000 -1.0000 -1.0000 0.6806 1.2507 1.6553 10.7928 -17.4234 0.6732 3.1097 0.4288
Cyclist 0.0000 0 0.0000 -1.0000 -1.0000 -1.0000 -1.0000 0.7051 1.4242 1.7059 -36.6249 -15.4192 0.1876 -0.1987 0.4114
Cyclist 0.0000 0 0.0000 -1.0000 -1.0000 -1.0000 -1.0000 0.7508 1.4704 1.7624 -31.9093 -14.4004 0.3267 -1.6506 0.3663
Pedestrian 0.0000 0 0.0000 -1.0000 -1.0000 -1.0000 -1.0000 0.6900 1.6296 0.6121 -31.3503 -17.4749 0.4110 0.1090 0.3242
Pedestrian 0.0000 0 0.0000 -1.0000 -1.0000 -1.0000 -1.0000 0.6873 1.6685 0.5928 -34.9421 -18.3160 0.4675 0.0001 0.3083
