Car 0.0000 0 0.0000 -1.0000 -1.0000 -1.0000 -1.0000 1.9955 1.4478 4.5201 -14.8498 -3.0134 0.7334 -3.0707 0.8347
Car 0.0000 0 0.0000 -1.0000 -1.0000 -1.0000 -1.0000 2.0259 1.5258 4.6175 32.7754 6.5084 0.8440 3.1361 0.7900
Car 0.0000 0 0.0000 -1.0000 -1.0000 -1.0000 -1.0000 1.9668 1.5158 4.5377 -25.4172 8.7414 0.4901 -0.0128 0.7828
Car 0.0000 0 0.0000 -1.0000 -1.0000 -1.0000 -1.0000 2.0263 1.6455 4.6550 38.7040 10.0761 0.8274 3.0878 0.7513
Car 0.0000 0 0.0000 -1.0000 -1.0000 -1.0000 -1.0000 2.0190 1.5795 4.5724 36.7338 -2.2867 0.9737 3.1271 0.7504
Car 0.0000 0 0.0000 -1.0000 -1.0000 -1.0000 -1.0000 1.9394 1.4803 4.4920 -41.0058 11.1464 0.2812 -3.1199 0.7268
Car 0.0000 0 0.0000 -1.0000 -1.0000 -1.0000 -1.0000 1.9750 1.4882 4.5416 47.2747 -1.1965 1.0971 0.0252 0.7240
Car 0.0000 0 0.0000 -1.0000 -1.0000 -1.0000 -1.0000 1.9082 1.5029 4.4932 -55.8301 10.6543 0.1790 -0.0121 0.6837
Car 0.0000 0 0.0000 -1.0000 -1.0000 -1.0000 -1.0000 2.0111 1.4905 4.5434 20.5507 11.2598 0.6449 3.1328 0.6528
Car 0.0000 0 0.0000 -1.0000 -1.0000 -1.0000 -1.0000 2.0417 1.9085 4.7278 -63.5499 2.8642 0.6820 -3.1384 0.6389
Car 0.0000 0 0.0000 -1.0000 -1.0000 -1.0000 -1.0000 1.9718 1.5117 4.5849 -23.0715 12.3603 0.3878 3.1087 0.6149
Car 0.0000 0 0.0000 -1.0000 -1.0000 -1.0000 -1.0000 2.0452 1.6133 4.6240 38.3583 3.2351 0.9744 -0.0175 0.6091
Car 0.0000 0 0.0000 -1.0000 -1.0000 -1.0000 -1.0000 1.9078 1.5144 4.4929 -69.6508 10.9074 0.1070 -3.1269 0.5576
Car 0.0000 0 0.0000 -1.0000 -1.0000 -1.0000 -1.0000 1.9439 1.4782 4.5067 45.2144 3.0748 1.0202 0.0017 0.5378
Car 0.0000 0 0.0000 -1.0000 -1.0000 -1.0000 -1.0000 1.9200 1.6087 4.4879 0.3477 3.7309 0.8359 0.0769 0.5139
Car 0.0000 0 0.0000 -1.0000 -1.0000 -1.0000 -1.0000 1.9954 1.4970 4.5914 20.9629 3.2871 0.8449 0.0789 0.4784
Car 0.0000 0 0.0000 -1.0000 -1.0000 -1.0000 -1.0000 1.9952 1.4470 4.6000 -25.2340 0.0493 0.6703 -0.0286 0.4326
Car 0.0000 0 0.0000 -1.0000 -1.0000 -1.0000 -1.0000 2.3808 2.6273 5.5627 -9.9989 10.6749 1.0110 3.0962 0.4196
Car 0.0000 0 0.0000 -1.0000 -1.0000 -1.0000 -1.0000 1.8964 1.4398 4.5301 -52.3548 13.8120 0.1269 -0.0232 0.4060
Car 0.0000 0 0.0000 -1.0000 -1.0000 -1.0000 -1.0000 1.8900 1.5202 4.5321 -77.2992 -6.6375 0.4496 -3.1312 0.3952
Car 0.0000 0 0.0000 -1.0000 -1.0000 -1.0000 -1.0000 1.9219 1.5498 4.5951 -69.0223 14.2865 0.0163 -0.0125 0.3771
Car 0.0000 0 0.0000 -1.0000 -1.0000 -1.0000 -1.0000 1.9057 1.5507 4.5537 52.3363 7.2544 1.0517 0.1523 0.3696
Car 0.0000 0 0.0000 -1.0000 -1.0000 -1.0000 -1.0000 1.8711 1.6727 4.4819 -64.3658 6.8590 0.4197 3.1399 0.3032
Truck 0.0000 0 0.0000 -1.0000 -1.0000 -1.0000 -1.0000 2.9597 3.6138 8.9803 19.9817 -6.5210 1.9751 0.3276 0.6037
Truck 0.0000 0 0.0000 -1.0000 -1.0000 -1.0000 -1.0000 2.9941 3.8100 9.4839 0.6319 -3.3151 2.0010 0.0473 0.5972
Truck 0.0000 0 0.0000 -1.0000 -1.0000 -1.0000 -1.0000 2.4723 2.4554 6.6476 19.7697 7.4332 1.2523 3.0778 0.5067
Tricar 0.0000 0 0.0000 -1.0000 -1.0000 -1.0000 -1.0000 1.5063 1.8133 3.1512 59.4131 3.0556 1.3397 0.2505 0.3520
Cyclist 0.0000 0 0.0000 -1.0000 -1.0000 -1.0000 -1.0000 0.7781 1.5673 1.7464 -20.7351 -11.5861 0.7884 -3.1390 0.5589
Cyclist 0.0000 0 0.0000 -1.0000 -1.0000 -1.0000 -1.0000 0.8244 1.5464 1.8483 -17.0677 -9.9821 0.7869 0.0148 0.4568
