Car 0.0000 0 0.0000 -1.0000 -1.0000 -1.0000 -1.0000 2.1329 1.7511 4.7256 19.6206 11.7925 0.7791 -3.0635 0.7771
Car 0.0000 0 0.0000 -1.0000 -1.0000 -1.0000 -1.0000 1.9688 1.4309 4.5193 -10.7480 -1.7628 0.7571 0.0818 0.7227
Car 0.0000 0 0.0000 -1.0000 -1.0000 -1.0000 -1.0000 2.0324 1.5634 4.6494 -50.4749 -0.4306 0.5512 -2.6546 0.6920
Car 0.0000 0 0.0000 -1.0000 -1.0000 -1.0000 -1.0000 1.9746 1.4545 4.5615 2.5016 9.6817 0.5766 -3.0751 0.6473
Car 0.0000 0 0.0000 -1.0000 -1.0000 -1.0000 -1.0000 1.9039 1.4425 4.4745 -38.6933 9.2420 0.1210 -3.0439 0.6420
Car 0.0000 0 0.0000 -1.0000 -1.0000 -1.0000 -1.0000 2.0584 1.7589 4.8194 7.3011 0.6964 1.0214 -2.0595 0.6361
Car 0.0000 0 0.0000 -1.0000 -1.0000 -1.0000 -1.0000 1.9606 1.4869 4.5665 16.6270 17.0164 0.4743 -3.1153 0.6108
Car 0.0000 0 0.0000 -1.0000 -1.0000 -1.0000 -1.0000 1.8894 1.4361 4.4754 10.3590 16.7926 0.3725 -3.0673 0.5955
Car 0.0000 0 0.0000 -1.0000 -1.0000 -1.0000 -1.0000 1.9491 1.6161 4.6679 46.1643 19.5286 0.5269 0.0260 0.5651
Car 0.0000 0 0.0000 -1.0000 -1.0000 -1.0000 -1.0000 2.0291 1.7202 4.6935 -24.8305 11.2908 0.4347 -2.9934 0.4230
Car 0.0000 0 0.0000 -1.0000 -1.0000 -1.0000 -1.0000 2.0476 1.6220 4.7740 -76.7364 -3.5569 0.3568 -3.0739 0.4020
Car 0.0000 0 0.0000 -1.0000 -1.0000 -1.0000 -1.0000 1.8698 1.5016 4.4820 -33.8209 -3.9785 0.7300 0.1404 0.3665
Car 0.0000 0 0.0000 -1.0000 -1.0000 -1.0000 -1.0000 1.8978 1.4836 4.5351 -19.2534 -2.3767 0.7753 0.1350 0.3486
Car 0.0000 0 0.0000 -1.0000 -1.0000 -1.0000 -1.0000 1.9615 1.8880 4.6815 30.7200 20.9572 0.6211 0.3386 0.3162
Cyclist 0.0000 0 0.0000 -1.0000 -1.0000 -1.0000 -1.0000 0.7149 1.5117 1.7006 7.3484 27.0815 0.1026 0.3215 0.3312
Cyclist 0.0000 0 0.0000 -1.0000 -1.0000 -1.0000 -1.0000 0.7694 1.2249 1.8235 -7.4130 16.0723 0.1005 -0.0670 0.3099
Pedestrian 0.0000 0 0.0000 -1.0000 -1.0000 -1.0000 -1.0000 0.6798 1.6819 0.6109 18.2587 -2.8409 1.3221 0.1480 0.5140
Pedestrian 0.0000 0 0.0000 -1.0000 -1.0000 -1.0000 -1.0000 0.7164 1.6837 0.7400 -10.9910 29.1339 0.0670 1.4854 0.4747
Pedestrian 0.0000 0 0.0000 -1.0000 -1.0000 -1.0000 -1.0000 0.7196 1.6786 0.6724 14.3997 -1.2795 1.1730 0.2045 0.4163
Pedestrian 0.0000 0 0.0000 -1.0000 -1.0000 -1.0000 -1.0000 0.7276 1.6674 0.6993 5.3480 30.8662 0.1741 0.2955 0.3748
Pedestrian 0.0000 0 0.0000 -1.0000 -1.0000 -1.0000 -1.0000 0.7234 1.7372 0.6871 8.0872 19.6394 0.6093 0.2763 0.3464
Pedestrian 0.0000 0 0.0000 -1.0000 -1.0000 -1.0000 -1.0000 0.7110 1.7371 0.6525 15.7417 20.2939 0.6880 0.2127 0.3026
