Car 0.0000 0 0.0000 -1.0000 -1.0000 -1.0000 -1.0000 1.9871 1.6088 4.5566 8.5821 8.9170 0.6227 -0.0196 0.7608
Car 0.0000 0 0.0000 -1.0000 -1.0000 -1.0000 -1.0000 2.0722 1.8344 4.6617 -26.4500 -6.6001 0.9872 -3.1378 0.7577
Car 0.0000 0 0.0000 -1.0000 -1.0000 -1.0000 -1.0000 1.9063 1.4653 4.4451 -47.2604 -2.4368 0.9544 -2.9963 0.6485
Car 0.0000 0 0.0000 -1.0000 -1.0000 -1.0000 -1.0000 1.9724 1.4548 4.4768 5.4447 -0.1925 0.7157 -0.0133 0.6418
Car 0.0000 0 0.0000 -1.0000 -1.0000 -1.0000 -1.0000 1.9763 1.6422 4.5206 16.7190 -0.5017 0.8998 -0.0112 0.6028
Car 0.0000 0 0.0000 -1.0000 -1.0000 -1.0000 -1.0000 1.9997 1.6250 4.6556 -52.4692 -20.3333 1.2018 -2.5089 0.5638
Car 0.0000 0 0.0000 -1.0000 -1.0000 -1.0000 -1.0000 1.9997 1.5878 4.5588 -10.4010 0.0176 0.8384 3.1408 0.5072
Car 0.0000 0 0.0000 -1.0000 -1.0000 -1.0000 -1.0000 1.9731 1.6822 4.6988 75.5631 14.8356 0.9242 0.5879 0.4654
Car 0.0000 0 0.0000 -1.0000 -1.0000 -1.0000 -1.0000 1.9043 1.5243 4.6615 -46.5322 17.6004 0.3625 -0.0462 0.4338
Car 0.0000 0 0.0000 -1.0000 -1.0000 -1.0000 -1.0000 1.8900 1.5599 4.5690 -39.2838 -22.1375 1.0803 1.3411 0.4280
Car 0.0000 0 0.0000 -1.0000 -1.0000 -1.0000 -1.0000 1.9069 1.5509 4.6303 -1.2127 -38.5903 1.8934 0.4337 0.3177
Truck 0.0000 0 0.0000 -1.0000 -1.0000 -1.0000 -1.0000 2.1569 2.1167 5.5842 -32.4578 10.1034 0.8153 -0.0212 0.5096
Cyclist 0.0000 0 0.0000 -1.0000 -1.0000 -1.0000 -1.0000 0.7215 1.5136 1.7122 -8.1286 18.7164 0.2227 -3.1319 0.5477
Cyclist 0.0000 0 0.0000 -1.0000 -1.0000 -1.0000 -1.0000 0.7620 1.5889 1.7386 -4.8198 18.0849 0.2680 -0.0128 0.5015
Cyclist 0.0000 0 0.0000 -1.0000 -1.0000 -1.0000 -1.0000 0.7350 1.5436 1.6907 42.0348 -12.2980 0.9089 0.3961 0.4906
