Car 0.0000 0 0.0000 -1.0000 -1.0000 -1.0000 -1.0000 2.0057 1.4845 4.4747 17.4064 -3.2686 0.8146 -3.0992 0.7944
Car 0.0000 0 0.0000 -1.0000 -1.0000 -1.0000 -1.0000 2.0312 1.4521 4.6053 -31.4231 4.1990 0.6130 -3.1388 0.7915
Car 0.0000 0 0.0000 -1.0000 -1.0000 -1.0000 -1.0000 2.0037 1.5547 4.5841 45.3573 2.6764 0.8094 3.1327 0.7521
Car 0.0000 0 0.0000 -1.0000 -1.0000 -1.0000 -1.0000 1.9909 1.6099 4.5664 -12.4655 -0.3274 0.8089 0.0263 0.7319
Car 0.0000 0 0.0000 -1.0000 -1.0000 -1.0000 -1.0000 1.9444 1.4636 4.4612 -3.4228 3.5080 0.7040 0.0176 0.6959
Car 0.0000 0 0.0000 -1.0000 -1.0000 -1.0000 -1.0000 1.9417 1.4785 4.5034 32.5879 20.2836 0.1078 -0.0207 0.6535
Car 0.0000 0 0.0000 -1.0000 -1.0000 -1.0000 -1.0000 1.9924 1.5480 4.6254 51.7412 18.1762 0.1930 -0.0738 0.6095
Car 0.0000 0 0.0000 -1.0000 -1.0000 -1.0000 -1.0000 2.0646 1.8570 4.7947 -33.7479 -19.0112 0.9913 0.2370 0.5419
Car 0.0000 0 0.0000 -1.0000 -1.0000 -1.0000 -1.0000 2.0363 1.9296 4.7512 4.3972 24.6581 0.2559 -0.0847 0.5259
Car 0.0000 0 0.0000 -1.0000 -1.0000 -1.0000 -1.0000 1.8796 1.8538 4.4271 5.1717 12.3131 0.6452 3.1142 0.5196
Car 0.0000 0 0.0000 -1.0000 -1.0000 -1.0000 -1.0000 1.9511 1.7088 4.5994 -67.8425 12.1255 0.5813 -0.0186 0.5061
Car 0.0000 0 0.0000 -1.0000 -1.0000 -1.0000 -1.0000 1.9439 1.5469 4.5407 50.2182 8.5203 0.6295 3.1259 0.4900
Car 0.0000 0 0.0000 -1.0000 -1.0000 -1.0000 -1.0000 1.9035 1.5328 4.5431 73.4818 0.3818 0.7534 0.0289 0.4707
Car 0.0000 0 0.0000 -1.0000 -1.0000 -1.0000 -1.0000 1.8651 1.6866 4.4427 -42.6588 33.9339 -0.0129 -0.2651 0.4485
Car 0.0000 0 0.0000 -1.0000 -1.0000 -1.0000 -1.0000 1.9265 1.4629 4.4918 -29.2006 -0.1822 0.6752 -3.1390 0.3881
Car 0.0000 0 0.0000 -1.0000 -1.0000 -1.0000 -1.0000 1.8851 1.5016 4.4312 -19.5431 28.4790 -0.2147 2.9203 0.3620
Car 0.0000 0 0.0000 -1.0000 -1.0000 -1.0000 -1.0000 1.9195 1.4721 4.5221 53.2195 21.3119 0.0053 3.0792 0.3249
Car 0.0000 0 0.0000 -1.0000 -1.0000 -1.0000 -1.0000 1.8875 1.5759 4.4867 77.8032 16.6561 -0.0740 2.9745 0.3193
