Car 0.0000 0 0.0000 -1.0000 -1.0000 -1.0000 -1.0000 2.0796 1.9059 4.7694 6.4021 10.5596 0.8205 3.0809 0.7732
Car 0.0000 0 0.0000 -1.0000 -1.0000 -1.0000 -1.0000 1.9555 1.4490 4.6142 -19.5753 14.0300 0.6227 0.0093 0.7362
Car 0.0000 0 0.0000 -1.0000 -1.0000 -1.0000 -1.0000 2.0005 1.5072 4.6059 -46.4639 1.6517 1.1667 3.1094 0.6651
Car 0.0000 0 0.0000 -1.0000 -1.0000 -1.0000 -1.0000 1.9660 1.5138 4.5826 -40.2670 22.3173 0.5803 -2.8638 0.6307
Car 0.0000 0 0.0000 -1.0000 -1.0000 -1.0000 -1.0000 2.1474 2.2036 4.9682 39.7315 16.8565 0.3585 -0.1993 0.6018
Car 0.0000 0 0.0000 -1.0000 -1.0000 -1.0000 -1.0000 1.9873 1.5104 4.5784 11.5336 -0.6248 0.6041 0.0219 0.5750
Car 0.0000 0 0.0000 -1.0000 -1.0000 -1.0000 -1.0000 2.0274 1.5790 4.7275 29.5011 0.1573 0.3828 3.0338 0.5575
Car 0.0000 0 0.0000 -1.0000 -1.0000 -1.0000 -1.0000 1.8522 1.5375 4.4404 -38.9467 -6.4730 1.1520 1.2763 0.3637
Truck 0.0000 0 0.0000 -1.0000 -1.0000 -1.0000 -1.0000 2.9446 3.1529 11.6233 5.2800 -4.3671 1.5447 3.0985 0.7387
Truck 0.0000 0 0.0000 -1.0000 -1.0000 -1.0000 -1.0000 2.6452 2.6394 7.2101 30.1649 -3.4643 0.8469 -0.0885 0.4802
Truck 0.0000 0 0.0000 -1.0000 -1.0000 -1.0000 -1.0000 2.5327 2.4994 7.3628 -24.0795 6.2321 1.4076 -0.0005 0.3440
Truck 0.0000 0 0.0000 -1.0000 -1.0000 -1.0000 -1.0000 2.3778 2.6215 6.0525 19.1865 -5.1156 1.0334 -0.0617 0.3139
Tricar 0.0000 0 0.0000 -1.0000 -1.0000 -1.0000 -1.0000 1.2911 1.6230 3.0503 -6.7166 40.5008 0.6358 0.9374 0.4448
Cyclist 0.0000 0 0.0000 -1.0000 -1.0000 -1.0000 -1.0000 0.7281 1.4692 1.7469 2.9965 23.0324 0.5382 -3.1233 0.6010
