Car 0.0000 0 0.0000 -1.0000 -1.0000 -1.0000 -1.0000 1.9730 1.6882 4.6046 -45.3438 -16.7071 0.5986 2.6368 0.6746
Car 0.0000 0 0.0000 -1.0000 -1.0000 -1.0000 -1.0000 2.1377 2.0054 4.9409 -0.3756 6.3541 0.9177 0.1431 0.6461
Car 0.0000 0 0.0000 -1.0000 -1.0000 -1.0000 -1.0000 1.9772 1.8687 4.5862 14.9172 9.1900 0.9956 0.1640 0.5065
Car 0.0000 0 0.0000 -1.0000 -1.0000 -1.0000 -1.0000 1.9723 1.7895 4.6217 6.0296 11.0557 0.8411 0.1375 0.3801
Car 0.0000 0 0.0000 -1.0000 -1.0000 -1.0000 -1.0000 1.9431 1.5180 4.6254 -61.3446 -4.2032 0.2288 -3.0126 0.3582
Car 0.0000 0 0.0000 -1.0000 -1.0000 -1.0000 -1.0000 1.9858 1.9860 4.7200 21.7938 10.4023 1.0695 0.1868 0.3384
Truck 0.0000 0 0.0000 -1.0000 -1.0000 -1.0000 -1.0000 2.3978 2.2785 6.3986 15.5355 2.4276 1.2461 0.1748 0.5014
Truck 0.0000 0 0.0000 -1.0000 -1.0000 -1.0000 -1.0000 2.1219 2.1798 5.4410 2.4372 7.4895 1.0920 0.0981 0.4920
Truck 0.0000 0 0.0000 -1.0000 -1.0000 -1.0000 -1.0000 1.9816 1.9534 4.8899 7.9635 8.0788 1.0449 0.1758 0.4730
Truck 0.0000 0 0.0000 -1.0000 -1.0000 -1.0000 -1.0000 2.4590 2.4354 6.4400 -74.4118 -5.0362 0.7816 -0.4520 0.3923
Truck 0.0000 0 0.0000 -1.0000 -1.0000 -1.0000 -1.0000 2.0317 1.9851 5.2154 22.2038 10.5575 1.0852 0.2174 0.3608
Tricar 0.0000 0 0.0000 -1.0000 -1.0000 -1.0000 -1.0000 1.5123 1.8727 3.6001 13.6124 -2.7115 1.0484 0.2534 0.5458
Tricar 0.0000 0 0.0000 -1.0000 -1.0000 -1.0000 -1.0000 1.1721 1.6953 2.8476 -32.7156 -17.8683 0.9297 0.7483 0.4002
Tricar 0.0000 0 0.0000 -1.0000 -1.0000 -1.0000 -1.0000 1.3148 1.7422 3.1390 -52.3955 -5.5384 0.3634 1.9002 0.3773
Tricar 0.0000 0 0.0000 -1.0000 -1.0000 -1.0000 -1.0000 1.2106 1.6528 2.6335 -4.9246 -27.2481 0.9621 2.1090 0.3760
Tricar 0.0000 0 0.0000 -1.0000 -1.0000 -1.0000 -1.0000 1.1232 1.4692 2.6261 -19.2728 4.2086 0.5586 0.6911 0.3528
Cyclist 0.0000 0 0.0000 -1.0000 -1.0000 -1.0000 -1.0000 0.7346 1.5097 1.7255 -11.8455 -8.1949 0.7444 3.1395 0.5916
Cyclist 0.0000 0 0.0000 -1.0000 -1.0000 -1.0000 -1.0000 0.7452 1.5367 1.6875 -25.0353 -16.4898 0.8728 0.3663 0.4580
Cyclist 0.0000 0 0.0000 -1.0000 -1.0000 -1.0000 -1.0000 0.7927 1.5022 1.8436 -28.1657 28.0427 0.0406 -1.1176 0.3540
Cyclist 0.0000 0 0.0000 -1.0000 -1.0000 -1.0000 -1.0000 0.8597 1.5290 1.9881 1.6546 -14.4129 0.7594 1.2833 0.3283
