Car 0.0000 0 0.0000 -1.0000 -1.0000 -1.0000 -1.0000 2.0536 1.5462 4.6908 -52.0537 -3.3000 0.7529 -3.1335 0.7168
Car 0.0000 0 0.0000 -1.0000 -1.0000 -1.0000 -1.0000 1.9406 1.7395 4.6154 -13.7847 -15.0114 0.9578 1.4939 0.5960
Car 0.0000 0 0.0000 -1.0000 -1.0000 -1.0000 -1.0000 1.9413 1.5446 4.4860 -9.2940 -2.5923 0.7644 3.1399 0.5660
Car 0.0000 0 0.0000 -1.0000 -1.0000 -1.0000 -1.0000 1.8885 1.4794 4.5521 -10.0223 -14.4372 0.7985 -1.4935 0.5640
Car 0.0000 0 0.0000 -1.0000 -1.0000 -1.0000 -1.0000 1.9700 1.5147 4.6536 51.9519 -0.4255 1.2631 -0.0112 0.5460
Car 0.0000 0 0.0000 -1.0000 -1.0000 -1.0000 -1.0000 1.8913 1.5637 4.5911 -54.3694 -14.4257 0.7960 1.5552 0.4095
Car 0.0000 0 0.0000 -1.0000 -1.0000 -1.0000 -1.0000 1.9834 1.5546 4.6415 -61.4988 2.7957 0.7081 -3.0664 0.3555
Car 0.0000 0 0.0000 -1.0000 -1.0000 -1.0000 -1.0000 1.8753 1.5493 4.5293 -48.4330 -14.3094 0.8751 -1.4438 0.3369
Truck 0.0000 0 0.0000 -1.0000 -1.0000 -1.0000 -1.0000 2.1179 2.0741 5.4393 36.8631 -3.1676 1.3078 -0.0172 0.5073
Cyclist 0.0000 0 0.0000 -1.0000 -1.0000 -1.0000 -1.0000 0.7936 1.5199 1.8194 -4.7703 -10.2572 0.7055 3.1232 0.4945
Pedestrian 0.0000 0 0.0000 -1.0000 -1.0000 -1.0000 -1.0000 0.7180 1.6243 0.6968 -11.1979 -9.2009 0.7695 -3.1097 0.3052
