Car 0.0000 0 0.0000 -1.0000 -1.0000 -1.0000 -1.0000 2.0751 1.6754 4.6652 -30.2737 -2.3175 1.1705 -0.0281 0.7299
Car 0.0000 0 0.0000 -1.0000 -1.0000 -1.0000 -1.0000 2.0595 1.4711 4.6604 -13.5684 -3.4218 0.8804 -0.0122 0.6893
Car 0.0000 0 0.0000 -1.0000 -1.0000 -1.0000 -1.0000 1.9595 1.5277 4.5096 3.4518 11.2366 0.5381 3.1019 0.6624
Car 0.0000 0 0.0000 -1.0000 -1.0000 -1.0000 -1.0000 2.0156 1.6216 4.7116 -69.5024 -2.6442 1.4586 -3.1280 0.6428
Car 0.0000 0 0.0000 -1.0000 -1.0000 -1.0000 -1.0000 1.9596 1.4365 4.5279 31.3065 7.4580 0.2773 3.1058 0.6126
Car 0.0000 0 0.0000 -1.0000 -1.0000 -1.0000 -1.0000 2.0134 1.5025 4.6645 46.2058 7.4529 0.2316 3.1319 0.6095
Car 0.0000 0 0.0000 -1.0000 -1.0000 -1.0000 -1.0000 2.0228 1.7081 4.6978 -7.0505 22.0689 0.3413 -0.8897 0.5315
Car 0.0000 0 0.0000 -1.0000 -1.0000 -1.0000 -1.0000 1.9046 1.7167 4.5468 -14.1454 -29.4012 1.1499 1.2770 0.5138
Car 0.0000 0 0.0000 -1.0000 -1.0000 -1.0000 -1.0000 2.0389 1.8866 4.7110 -21.0816 8.0257 0.9272 3.1058 0.5134
Car 0.0000 0 0.0000 -1.0000 -1.0000 -1.0000 -1.0000 1.9241 1.7590 4.5272 39.3069 -39.4986 0.9372 -0.1907 0.4990
Car 0.0000 0 0.0000 -1.0000 -1.0000 -1.0000 -1.0000 2.1646 2.2016 5.1028 -9.6341 7.8188 1.0012 3.1292 0.4651
Car 0.0000 0 0.0000 -1.0000 -1.0000 -1.0000 -1.0000 1.9787 1.6904 4.6106 49.9448 15.2754 0.1028 3.0975 0.3917
Car 0.0000 0 0.0000 -1.0000 -1.0000 -1.0000 -1.0000 1.9071 1.5192 4.5953 -48.9480 -32.5238 1.4186 1.5527 0.3826
Car 0.0000 0 0.0000 -1.0000 -1.0000 -1.0000 -1.0000 1.9163 1.6151 4.6669 -52.3314 -31.7309 1.5349 1.4830 0.3801
Car 0.0000 0 0.0000 -1.0000 -1.0000 -1.0000 -1.0000 1.9421 1.7036 4.7095 -54.4561 -31.2075 1.5915 1.4615 0.3425
Car 0.0000 0 0.0000 -1.0000 -1.0000 -1.0000 -1.0000 1.8179 1.3953 4.3748 3.0287 18.9038 0.0067 3.1067 0.3213
Truck 0.0000 0 0.0000 -1.0000 -1.0000 -1.0000 -1.0000 2.9840 3.5086 10.6454 -56.1616 0.7136 2.3873 0.0078 0.5549
Truck 0.0000 0 0.0000 -1.0000 -1.0000 -1.0000 -1.0000 1.8403 1.9392 4.5745 2.1864 7.4250 0.8386 0.0269 0.4241
Tricar 0.0000 0 0.0000 -1.0000 -1.0000 -1.0000 -1.0000 1.4553 1.8953 3.3746 -60.2036 -13.9940 1.5202 -3.1413 0.5191
Tricar 0.0000 0 0.0000 -1.0000 -1.0000 -1.0000 -1.0000 1.2143 1.3805 2.9057 16.9500 -18.0931 0.6249 -3.1230 0.3006
Cyclist 0.0000 0 0.0000 -1.0000 -1.0000 -1.0000 -1.0000 0.7295 1.5128 1.7457 20.3181 22.5527 0.0143 -0.0388 0.6445
Cyclist 0.0000 0 0.0000 -1.0000 -1.0000 -1.0000 -1.0000 0.7977 1.5158 1.8062 3.1502 -13.1346 0.7489 0.0023 0.6255
Cyclist 0.0000 0 0.0000 -1.0000 -1.0000 -1.0000 -1.0000 0.8504 1.6517 1.8102 -13.4295 -16.0130 0.9493 0.9852 0.5511
Cyclist 0.0000 0 0.0000 -1.0000 -1.0000 -1.0000 -1.0000 0.7941 1.5820 1.7808 -15.7388 -22.7479 0.8507 -2.3420 0.4623
Cyclist 0.0000 0 0.0000 -1.0000 -1.0000 -1.0000 -1.0000 0.8059 1.5319 1.8304 6.4227 -15.8434 0.7182 -0.0431 0.4216
Cyclist 0.0000 0 0.0000 -1.0000 -1.0000 -1.0000 -1.0000 0.7445 1.5715 1.7181 30.4651 22.5185 -0.0396 0.0353 0.4130
