Car 0.0000 0 0.0000 -1.0000 -1.0000 -1.0000 -1.0000 2.0039 1.4292 4.5870 -17.5666 -8.3311 0.7417 -0.0683 0.7902
Car 0.0000 0 0.0000 -1.0000 -1.0000 -1.0000 -1.0000 1.9019 1.4052 4.4406 -29.9489 -8.2708 0.7169 3.1260 0.7820
Car 0.0000 0 0.0000 -1.0000 -1.0000 -1.0000 -1.0000 1.9325 1.4142 4.5142 12.3973 12.4181 0.5693 3.1123 0.7764
Car 0.0000 0 0.0000 -1.0000 -1.0000 -1.0000 -1.0000 1.9584 1.4741 4.5586 7.8566 -8.4389 0.7899 0.0118 0.7541
Car 0.0000 0 0.0000 -1.0000 -1.0000 -1.0000 -1.0000 2.0053 1.4577 4.6238 24.1965 12.5903 0.5464 -0.0030 0.7510
Car 0.0000 0 0.0000 -1.0000 -1.0000 -1.0000 -1.0000 1.8951 1.4110 4.4464 -41.1243 -8.4007 0.7433 -3.1065 0.7157
Car 0.0000 0 0.0000 -1.0000 -1.0000 -1.0000 -1.0000 1.8140 1.4313 4.3478 -8.6229 12.5429 0.5321 0.0238 0.6741
Car 0.0000 0 0.0000 -1.0000 -1.0000 -1.0000 -1.0000 1.9615 1.4951 4.6053 32.7561 -8.5401 0.7888 3.1035 0.6501
Car 0.0000 0 0.0000 -1.0000 -1.0000 -1.0000 -1.0000 1.9557 1.6571 4.6432 -0.8067 -15.7157 0.9797 -1.6259 0.5423
Car 0.0000 0 0.0000 -1.0000 -1.0000 -1.0000 -1.0000 1.8092 1.4685 4.3571 -18.9262 10.4527 0.6052 0.0624 0.4879
Car 0.0000 0 0.0000 -1.0000 -1.0000 -1.0000 -1.0000 1.7850 1.5608 4.3406 -54.6415 12.4200 0.6393 0.0021 0.4759
Car 0.0000 0 0.0000 -1.0000 -1.0000 -1.0000 -1.0000 1.9289 1.5377 4.6028 -2.2969 34.6199 0.3025 -0.0090 0.4395
Car 0.0000 0 0.0000 -1.0000 -1.0000 -1.0000 -1.0000 1.9093 1.5116 4.5881 8.5660 31.9966 0.4531 -1.6393 0.4390
Car 0.0000 0 0.0000 -1.0000 -1.0000 -1.0000 -1.0000 1.8960 1.4664 4.5140 -6.1072 -21.2134 0.8669 -1.6312 0.3585
Car 0.0000 0 0.0000 -1.0000 -1.0000 -1.0000 -1.0000 1.8297 1.5656 4.3612 -20.7569 12.6011 0.6658 -3.1106 0.3402
Tricar 0.0000 0 0.0000 -1.0000 -1.0000 -1.0000 -1.0000 1.2770 1.6338 3.3097 -42.9250 12.6021 0.6912 -0.0297 0.6979
Tricar 0.0000 0 0.0000 -1.0000 -1.0000 -1.0000 -1.0000 1.3495 1.7608 2.9812 43.7284 12.7724 0.6755 3.0804 0.4157
Cyclist 0.0000 0 0.0000 -1.0000 -1.0000 -1.0000 -1.0000 0.7969 1.5582 1.8245 12.1174 5.6670 0.7156 3.1064 0.4840
Cyclist 0.0000 0 0.0000 -1.0000 -1.0000 -1.0000 -1.0000 0.8011 1.5425 1.8129 0.6003 8.8766 0.6308 0.0335 0.4834
Cyclist 0.0000 0 0.0000 -1.0000 -1.0000 -1.0000 -1.0000 0.7460 1.3675 1.7878 15.7167 -9.0024 0.7108 0.0270 0.4575
Cyclist 0.0000 0 0.0000 -1.0000 -1.0000 -1.0000 -1.0000 0.6665 1.2041 1.6915 3.2417 -16.3392 0.8294 1.5306 0.3975
Cyclist 0.0000 0 0.0000 -1.0000 -1.0000 -1.0000 -1.0000 0.7438 1.4426 1.7734 28.8669 10.6254 0.4920 3.1239 0.3962
Cyclist 0.0000 0 0.0000 -1.0000 -1.0000 -1.0000 -1.0000 0.6710 1.1252 1.6620 -4.9060 13.0428 0.4056 -1.8551 0.3917
Cyclist 0.0000 0 0.0000 -1.0000 -1.0000 -1.0000 -1.0000 0.6763 1.3633 1.6674 -10.6575 16.1891 0.6750 -3.0967 0.3295
Cyclist 0.0000 0 0.0000 -1.0000 -1.0000 -1.0000 -1.0000 0.7821 1.5506 1.7517 -49.2171 15.6403 0.7865 0.0004 0.3238
Pedestrian 0.0000 0 0.0000 -1.0000 -1.0000 -1.0000 -1.0000 0.6909 1.6498 0.6058 37.2956 -12.3434 1.0620 3.0855 0.3197
