Car 0.0000 0 0.0000 -1.0000 -1.0000 -1.0000 -1.0000 2.0366 1.5930 4.6177 21.6858 -0.9812 0.7865 0.0277 0.8317
Car 0.0000 0 0.0000 -1.0000 -1.0000 -1.0000 -1.0000 1.9760 1.4536 4.5133 6.8745 3.1971 0.7570 3.1242 0.8226
Car 0.0000 0 0.0000 -1.0000 -1.0000 -1.0000 -1.0000 2.0241 1.4099 4.5937 -22.4656 -4.2316 0.7884 3.0480 0.7990
Car 0.0000 0 0.0000 -1.0000 -1.0000 -1.0000 -1.0000 1.9079 1.4127 4.4650 -13.6726 11.0368 0.7542 0.0336 0.7272
Car 0.0000 0 0.0000 -1.0000 -1.0000 -1.0000 -1.0000 1.9603 1.4527 4.5603 -14.7461 14.2005 0.7325 3.1332 0.7252
Car 0.0000 0 0.0000 -1.0000 -1.0000 -1.0000 -1.0000 2.0267 1.6005 4.7216 40.9858 11.0377 0.7609 3.1325 0.7193
Car 0.0000 0 0.0000 -1.0000 -1.0000 -1.0000 -1.0000 2.0032 1.5651 4.5781 -12.7790 3.8931 0.8933 0.0063 0.6795
Car 0.0000 0 0.0000 -1.0000 -1.0000 -1.0000 -1.0000 1.9284 1.5002 4.5779 -22.4187 11.0730 0.8517 0.0533 0.6766
Car 0.0000 0 0.0000 -1.0000 -1.0000 -1.0000 -1.0000 1.9225 1.4720 4.5355 14.3768 -30.1204 0.9199 -1.6114 0.6652
Car 0.0000 0 0.0000 -1.0000 -1.0000 -1.0000 -1.0000 1.9137 1.5412 4.4722 19.6579 10.9785 0.7049 0.0158 0.6270
Car 0.0000 0 0.0000 -1.0000 -1.0000 -1.0000 -1.0000 1.8900 1.4869 4.4659 -1.4850 13.9470 0.6277 0.0061 0.6224
Car 0.0000 0 0.0000 -1.0000 -1.0000 -1.0000 -1.0000 2.0009 1.5402 4.5646 -7.4781 -4.5668 0.7682 -0.2839 0.5882
Car 0.0000 0 0.0000 -1.0000 -1.0000 -1.0000 -1.0000 2.0461 1.4655 4.6407 -35.5254 -0.1756 1.0507 -3.1176 0.5795
Car 0.0000 0 0.0000 -1.0000 -1.0000 -1.0000 -1.0000 1.9933 1.5991 4.6154 -22.5798 14.0834 0.8310 -3.1088 0.5760
Car 0.0000 0 0.0000 -1.0000 -1.0000 -1.0000 -1.0000 1.8941 1.4608 4.4983 -9.9846 16.2812 0.6494 0.0044 0.5594
Car 0.0000 0 0.0000 -1.0000 -1.0000 -1.0000 -1.0000 2.0026 1.6466 4.6076 14.0342 11.2660 0.7894 0.0113 0.5477
Car 0.0000 0 0.0000 -1.0000 -1.0000 -1.0000 -1.0000 1.9358 1.4955 4.5717 -15.6555 17.8091 0.6701 0.0033 0.5350
Car 0.0000 0 0.0000 -1.0000 -1.0000 -1.0000 -1.0000 1.9983 1.6954 4.6700 8.4729 11.4277 0.7787 0.0023 0.5295
Car 0.0000 0 0.0000 -1.0000 -1.0000 -1.0000 -1.0000 1.9986 1.6841 4.7406 -63.7438 2.4453 1.4418 0.0383 0.5230
Car 0.0000 0 0.0000 -1.0000 -1.0000 -1.0000 -1.0000 1.9654 1.4588 4.5224 -52.8913 3.6116 1.2284 -3.0805 0.5181
Car 0.0000 0 0.0000 -1.0000 -1.0000 -1.0000 -1.0000 1.9376 1.4906 4.4804 -1.1338 -10.1033 0.7528 -0.7474 0.5152
Car 0.0000 0 0.0000 -1.0000 -1.0000 -1.0000 -1.0000 1.9314 1.8569 4.5605 -5.4190 10.7968 0.9293 0.0436 0.5040
Car 0.0000 0 0.0000 -1.0000 -1.0000 -1.0000 -1.0000 1.9154 1.6627 4.6052 -13.9898 20.5150 0.7574 0.0212 0.4140
Car 0.0000 0 0.0000 -1.0000 -1.0000 -1.0000 -1.0000 1.9539 1.4703 4.5719 -23.1700 16.7663 0.7158 -0.0293 0.3899
Car 0.0000 0 0.0000 -1.0000 -1.0000 -1.0000 -1.0000 2.0356 1.7668 4.7836 1.9964 11.5254 0.8379 3.1208 0.3866
Car 0.0000 0 0.0000 -1.0000 -1.0000 -1.0000 -1.0000 1.9142 1.6222 4.5646 25.0955 11.2083 0.6943 0.0173 0.3691
Car 0.0000 0 0.0000 -1.0000 -1.0000 -1.0000 -1.0000 1.8812 1.4269 4.4965 -8.1445 14.0158 0.6540 0.0415 0.3421
Car 0.0000 0 0.0000 -1.0000 -1.0000 -1.0000 -1.0000 1.9386 1.5937 4.5534 41.0769 -1.3100 0.7191 3.1327 0.3343
Car 0.0000 0 0.0000 -1.0000 -1.0000 -1.0000 -1.0000 1.8046 1.8649 4.2626 32.8291 -4.8601 0.8004 3.1403 0.3132
Truck 0.0000 0 0.0000 -1.0000 -1.0000 -1.0000 -1.0000 2.9302 3.3140 9.1218 -15.1929 23.8991 1.4803 -3.1130 0.6226
Truck 0.0000 0 0.0000 -1.0000 -1.0000 -1.0000 -1.0000 3.0003 3.4557 9.5363 36.4705 21.5757 1.6338 -3.1208 0.5411
Truck 0.0000 0 0.0000 -1.0000 -1.0000 -1.0000 -1.0000 2.2660 2.3908 5.7949 14.0898 20.7181 0.9748 0.0469 0.4662
Truck 0.0000 0 0.0000 -1.0000 -1.0000 -1.0000 -1.0000 2.9347 3.6127 10.4442 54.7032 17.9578 2.1240 0.0268 0.4581
Truck 0.0000 0 0.0000 -1.0000 -1.0000 -1.0000 -1.0000 1.8958 1.9516 4.7121 49.1476 1.1145 1.0178 -0.0284 0.4077
Tricar 0.0000 0 0.0000 -1.0000 -1.0000 -1.0000 -1.0000 1.4124 1.7970 3.3752 32.1846 -4.8120 0.7900 0.0217 0.4472
Tricar 0.0000 0 0.0000 -1.0000 -1.0000 -1.0000 -1.0000 1.2195 1.6205 2.7232 -8.7500 -21.5655 0.6723 -1.9946 0.3254
Cyclist 0.0000 0 0.0000 -1.0000 -1.0000 -1.0000 -1.0000 0.7886 1.5392 1.8004 -7.0916 -7.9004 0.7643 -0.2132 0.6534
Cyclist 0.0000 0 0.0000 -1.0000 -1.0000 -1.0000 -1.0000 0.8744 1.6066 1.9092 19.8691 -13.9932 0.7814 -1.2513 0.4424
Cyclist 0.0000 0 0.0000 -1.0000 -1.0000 -1.0000 -1.0000 0.7409 1.5388 1.7502 -4.9176 -20.4138 0.6499 1.3767 0.4137
Cyclist 0.0000 0 0.0000 -1.0000 -1.0000 -1.0000 -1.0000 0.7711 1.5531 1.7852 -4.6396 -25.0255 0.6374 1.5222 0.3490
Cyclist 0.0000 0 0.0000 -1.0000 -1.0000 -1.0000 -1.0000 0.7595 1.5917 1.7153 -12.0669 -6.2837 0.8156 3.0018 0.3326
Cyclist 0.0000 0 0.0000 -1.0000 -1.0000 -1.0000 -1.0000 0.7795 1.5585 1.7958 16.8500 -14.4987 0.8057 1.8563 0.3283
Cyclist 0.0000 0 0.0000 -1.0000 -1.0000 -1.0000 -1.0000 0.7605 1.5639 1.7443 23.3650 -17.0088 0.6612 -1.1787 0.3078
Pedestrian 0.0000 0 0.0000 -1.0000 -1.0000 -1.0000 -1.0000 0.7387 1.6570 0.8102 4.0487 -6.1229 0.8974 2.8201 0.3842
