Car 0.0000 0 0.0000 -1.0000 -1.0000 -1.0000 -1.0000 1.9355 1.5810 4.4772 54.2444 -3.3733 1.2145 0.0310 0.6971
Car 0.0000 0 0.0000 -1.0000 -1.0000 -1.0000 -1.0000 1.9436 1.6693 4.6224 -60.0226 4.1060 0.6153 0.0126 0.6178
Car 0.0000 0 0.0000 -1.0000 -1.0000 -1.0000 -1.0000 1.9461 1.5113 4.6046 -39.1685 3.6833 0.6136 0.0183 0.6105
Car 0.0000 0 0.0000 -1.0000 -1.0000 -1.0000 -1.0000 2.0545 1.6834 4.6355 8.2337 3.9281 0.8361 -3.1290 0.6043
Car 0.0000 0 0.0000 -1.0000 -1.0000 -1.0000 -1.0000 2.0037 1.4623 4.6502 -15.6911 0.3022 0.6518 -0.0291 0.5982
Car 0.0000 0 0.0000 -1.0000 -1.0000 -1.0000 -1.0000 1.9714 1.6412 4.6924 -21.8349 3.6953 0.6922 -0.0159 0.5840
Car 0.0000 0 0.0000 -1.0000 -1.0000 -1.0000 -1.0000 1.9025 1.4966 4.5191 -36.8700 0.2562 0.6161 0.0160 0.5566
Car 0.0000 0 0.0000 -1.0000 -1.0000 -1.0000 -1.0000 1.9764 1.5904 4.6209 66.3778 -2.2480 1.3977 3.1108 0.4913
Car 0.0000 0 0.0000 -1.0000 -1.0000 -1.0000 -1.0000 1.9988 1.5567 4.6141 49.2703 0.1267 1.1835 0.1484 0.4648
Car 0.0000 0 0.0000 -1.0000 -1.0000 -1.0000 -1.0000 1.9393 1.5274 4.5496 -15.3035 3.6674 0.6514 -0.0246 0.4269
Car 0.0000 0 0.0000 -1.0000 -1.0000 -1.0000 -1.0000 1.9169 1.4804 4.5882 -62.4782 9.7152 0.2819 -0.0131 0.4229
Car 0.0000 0 0.0000 -1.0000 -1.0000 -1.0000 -1.0000 1.9132 1.9826 4.3900 -0.6025 3.6608 0.9518 0.0020 0.3761
Car 0.0000 0 0.0000 -1.0000 -1.0000 -1.0000 -1.0000 1.9289 1.5440 4.5119 -42.5867 36.9622 -0.8819 1.3999 0.3073
Car 0.0000 0 0.0000 -1.0000 -1.0000 -1.0000 -1.0000 1.6751 1.5658 4.1575 -21.8413 20.0121 -0.0619 3.0799 0.3066
Truck 0.0000 0 0.0000 -1.0000 -1.0000 -1.0000 -1.0000 2.9588 3.5013 9.3515 -14.7206 -3.4415 1.8094 3.1061 0.6471
Truck 0.0000 0 0.0000 -1.0000 -1.0000 -1.0000 -1.0000 2.8961 3.5398 8.2347 -32.3012 -3.1171 1.7505 0.0003 0.5998
Tricar 0.0000 0 0.0000 -1.0000 -1.0000 -1.0000 -1.0000 1.2433 1.4609 3.1676 -22.0009 19.8313 -0.1333 3.1032 0.6039
