Car 0.0000 0 0.0000 -1.0000 -1.0000 -1.0000 -1.0000 1.9869 1.4588 4.6140 19.9398 10.7903 0.4138 0.0007 0.7905
Car 0.0000 0 0.0000 -1.0000 -1.0000 -1.0000 -1.0000 1.9232 1.4483 4.4701 42.2566 16.5071 0.1367 3.0710 0.7224
Car 0.0000 0 0.0000 -1.0000 -1.0000 -1.0000 -1.0000 2.0242 1.8908 4.7631 -1.2852 18.4585 0.3425 3.0971 0.7070
Car 0.0000 0 0.0000 -1.0000 -1.0000 -1.0000 -1.0000 1.9870 1.4687 4.5887 7.4704 12.9545 0.3672 -0.0418 0.6889
Car 0.0000 0 0.0000 -1.0000 -1.0000 -1.0000 -1.0000 1.9490 1.5353 4.5773 17.5881 21.9121 -0.0029 -1.5065 0.6451
Car 0.0000 0 0.0000 -1.0000 -1.0000 -1.0000 -1.0000 1.9098 1.5147 4.5233 17.6554 27.2177 -0.2189 -1.4569 0.5799
Car 0.0000 0 0.0000 -1.0000 -1.0000 -1.0000 -1.0000 2.0127 1.9566 4.7161 27.0749 21.9265 0.3258 -1.6704 0.5469
Car 0.0000 0 0.0000 -1.0000 -1.0000 -1.0000 -1.0000 1.9070 1.4697 4.5574 24.2874 22.5183 0.0040 -1.6208 0.4969
Car 0.0000 0 0.0000 -1.0000 -1.0000 -1.0000 -1.0000 1.9791 1.5367 4.6319 66.4109 15.1992 0.1601 -0.0984 0.4749
Car 0.0000 0 0.0000 -1.0000 -1.0000 -1.0000 -1.0000 1.8945 1.5006 4.5338 77.6480 14.9477 -0.0388 3.0384 0.4742
Car 0.0000 0 0.0000 -1.0000 -1.0000 -1.0000 -1.0000 1.9538 1.5367 4.6714 73.6829 -4.1894 0.7893 3.1181 0.4618
Car 0.0000 0 0.0000 -1.0000 -1.0000 -1.0000 -1.0000 1.8948 1.4412 4.4743 -30.6287 15.1356 0.0298 -0.0032 0.4479
Car 0.0000 0 0.0000 -1.0000 -1.0000 -1.0000 -1.0000 1.9618 1.5605 4.5491 -60.1771 13.5248 -0.3048 -0.0205 0.4148
Car 0.0000 0 0.0000 -1.0000 -1.0000 -1.0000 -1.0000 1.9516 1.5400 4.7346 52.1220 -5.2048 0.8570 3.0722 0.3760
Car 0.0000 0 0.0000 -1.0000 -1.0000 -1.0000 -1.0000 1.9095 1.6123 4.5818 25.6956 28.1377 0.1287 -1.5890 0.3416
Car 0.0000 0 0.0000 -1.0000 -1.0000 -1.0000 -1.0000 1.9240 1.5528 4.6884 59.4600 15.7971 0.1710 3.1248 0.3234
