Car 0.0000 0 0.0000 -1.0000 -1.0000 -1.0000 -1.0000 2.0058 1.5089 4.6696 -4.5368 -6.8177 0.7800 3.1059 0.8277
Car 0.0000 0 0.0000 -1.0000 -1.0000 -1.0000 -1.0000 2.0186 1.7790 4.5075 3.4835 -7.0479 0.9908 -0.0045 0.8137
Car 0.0000 0 0.0000 -1.0000 -1.0000 -1.0000 -1.0000 1.9801 1.4745 4.5997 8.3844 12.4422 0.3542 0.0219 0.8116
Car 0.0000 0 0.0000 -1.0000 -1.0000 -1.0000 -1.0000 1.9883 1.6653 4.5911 -19.4823 -6.2254 0.7571 -0.0292 0.7923
Car 0.0000 0 0.0000 -1.0000 -1.0000 -1.0000 -1.0000 1.9520 1.4976 4.5275 -26.2154 -6.4104 0.6643 0.0088 0.7878
Car 0.0000 0 0.0000 -1.0000 -1.0000 -1.0000 -1.0000 1.9779 1.4389 4.4985 11.1814 -6.9660 0.8882 3.1325 0.7713
Car 0.0000 0 0.0000 -1.0000 -1.0000 -1.0000 -1.0000 1.9444 1.4781 4.5383 25.7087 -10.6787 0.9656 3.1324 0.7349
Car 0.0000 0 0.0000 -1.0000 -1.0000 -1.0000 -1.0000 2.0289 1.9192 4.6298 4.2559 -10.4359 1.0459 -3.1382 0.7259
Car 0.0000 0 0.0000 -1.0000 -1.0000 -1.0000 -1.0000 1.9722 1.5403 4.5524 31.1494 -4.0197 1.0840 3.1305 0.7108
Car 0.0000 0 0.0000 -1.0000 -1.0000 -1.0000 -1.0000 2.1638 2.0074 4.9247 -11.1868 -6.4379 0.9760 3.1119 0.6858
Car 0.0000 0 0.0000 -1.0000 -1.0000 -1.0000 -1.0000 2.0616 1.7679 4.7688 18.6197 -0.3250 1.0397 3.1239 0.6281
Car 0.0000 0 0.0000 -1.0000 -1.0000 -1.0000 -1.0000 1.9574 1.5064 4.5697 -40.5991 -5.9544 0.4913 3.0711 0.6186
Car 0.0000 0 0.0000 -1.0000 -1.0000 -1.0000 -1.0000 1.9660 1.4680 4.5059 -24.7330 -2.8459 0.6211 3.0725 0.5915
Car 0.0000 0 0.0000 -1.0000 -1.0000 -1.0000 -1.0000 2.0195 1.7850 4.7608 -10.8739 -10.1535 0.8722 0.0008 0.5815
Car 0.0000 0 0.0000 -1.0000 -1.0000 -1.0000 -1.0000 1.9675 1.4935 4.5844 -56.7409 -5.9901 0.4075 -3.1370 0.5549
Car 0.0000 0 0.0000 -1.0000 -1.0000 -1.0000 -1.0000 1.9751 1.5921 4.6189 19.6331 -10.8475 1.0159 -0.0014 0.4624
Car 0.0000 0 0.0000 -1.0000 -1.0000 -1.0000 -1.0000 1.9498 1.5068 4.5271 11.4562 -10.2775 0.9468 0.0085 0.4489
Car 0.0000 0 0.0000 -1.0000 -1.0000 -1.0000 -1.0000 1.9134 1.5233 4.5862 -83.0072 -2.9077 0.1802 -0.0832 0.4133
Car 0.0000 0 0.0000 -1.0000 -1.0000 -1.0000 -1.0000 1.9090 1.5472 4.5855 72.8977 36.9182 -0.0709 -1.7073 0.3032
Truck 0.0000 0 0.0000 -1.0000 -1.0000 -1.0000 -1.0000 2.3578 2.2473 6.2945 -2.9410 -10.9962 1.1854 3.1375 0.5388
Truck 0.0000 0 0.0000 -1.0000 -1.0000 -1.0000 -1.0000 2.9572 3.4323 12.8676 28.4256 -7.3169 1.9621 3.1372 0.4821
Truck 0.0000 0 0.0000 -1.0000 -1.0000 -1.0000 -1.0000 2.2809 2.3168 5.9074 -15.7296 -9.7152 1.1607 0.0023 0.3945
Cyclist 0.0000 0 0.0000 -1.0000 -1.0000 -1.0000 -1.0000 0.7400 1.5395 1.7298 2.3983 24.3702 -0.1241 -3.1180 0.6176
Cyclist 0.0000 0 0.0000 -1.0000 -1.0000 -1.0000 -1.0000 0.7324 1.5514 1.7233 14.6995 22.5772 0.0509 -0.0717 0.5492
Pedestrian 0.0000 0 0.0000 -1.0000 -1.0000 -1.0000 -1.0000 0.7343 1.6671 0.7447 36.0239 28.1537 -0.0140 -3.0420 0.3866
