Car 0.0000 0 0.0000 -1.0000 -1.0000 -1.0000 -1.0000 1.9854 1.6448 4.6272 21.6261 -2.9180 0.8100 -3.1172 0.7625
Car 0.0000 0 0.0000 -1.0000 -1.0000 -1.0000 -1.0000 2.0198 1.6190 4.6141 -30.0194 1.4461 0.7381 -0.0517 0.7594
Car 0.0000 0 0.0000 -1.0000 -1.0000 -1.0000 -1.0000 2.0236 1.4267 4.6678 -20.4210 -0.2004 0.6591 -0.0215 0.6656
Car 0.0000 0 0.0000 -1.0000 -1.0000 -1.0000 -1.0000 1.9594 1.6391 4.5079 20.6455 0.1845 0.7894 -3.1163 0.6597
Car 0.0000 0 0.0000 -1.0000 -1.0000 -1.0000 -1.0000 1.8779 1.4564 4.4630 14.2422 -18.6007 0.7177 1.8577 0.5555
Car 0.0000 0 0.0000 -1.0000 -1.0000 -1.0000 -1.0000 1.8532 1.5286 4.4067 -42.8515 -0.9759 0.5385 -0.1119 0.4508
Car 0.0000 0 0.0000 -1.0000 -1.0000 -1.0000 -1.0000 1.8350 1.7028 4.2652 41.6116 1.4393 0.8614 0.0001 0.4159
Car 0.0000 0 0.0000 -1.0000 -1.0000 -1.0000 -1.0000 1.8710 1.5573 4.5042 -39.1558 1.7433 0.6139 -0.1501 0.4062
Car 0.0000 0 0.0000 -1.0000 -1.0000 -1.0000 -1.0000 1.9317 1.5997 4.6650 -63.2640 2.1150 0.5317 3.0182 0.3313
Truck 0.0000 0 0.0000 -1.0000 -1.0000 -1.0000 -1.0000 2.5088 2.7887 6.4125 10.7310 -4.5376 1.3542 -3.1364 0.4427
Cyclist 0.0000 0 0.0000 -1.0000 -1.0000 -1.0000 -1.0000 0.8099 1.5416 1.7897 1.1775 2.3897 0.8001 -0.0225 0.5858
Cyclist 0.0000 0 0.0000 -1.0000 -1.0000 -1.0000 -1.0000 0.7806 1.5437 1.7689 -29.9308 -2.7040 0.6195 -0.0631 0.5751
Cyclist 0.0000 0 0.0000 -1.0000 -1.0000 -1.0000 -1.0000 0.7461 1.5202 1.7343 45.2817 4.7760 0.7414 0.0259 0.5501
Cyclist 0.0000 0 0.0000 -1.0000 -1.0000 -1.0000 -1.0000 0.7381 1.5442 1.6950 56.1340 4.6891 0.7838 0.0419 0.5440
Cyclist 0.0000 0 0.0000 -1.0000 -1.0000 -1.0000 -1.0000 0.7097 1.5042 1.6663 -23.3558 -3.0847 0.6172 3.1058 0.5330
Cyclist 0.0000 0 0.0000 -1.0000 -1.0000 -1.0000 -1.0000 0.7849 1.5485 1.7720 10.5800 -1.3739 0.7161 3.0994 0.5072
Cyclist 0.0000 0 0.0000 -1.0000 -1.0000 -1.0000 -1.0000 0.7711 1.5549 1.7690 -46.7533 -2.7668 0.5481 -0.1118 0.4894
Cyclist 0.0000 0 0.0000 -1.0000 -1.0000 -1.0000 -1.0000 0.7587 1.5216 1.7340 15.4488 3.6043 0.7459 -0.1210 0.4796
Cyclist 0.0000 0 0.0000 -1.0000 -1.0000 -1.0000 -1.0000 0.7733 1.4678 1.7777 -3.2499 3.1573 0.7504 3.1370 0.4669
Cyclist 0.0000 0 0.0000 -1.0000 -1.0000 -1.0000 -1.0000 0.6876 1.3326 1.7090 -39.3097 -4.3436 0.4393 0.1970 0.4588
Cyclist 0.0000 0 0.0000 -1.0000 -1.0000 -1.0000 -1.0000 0.7576 1.4710 1.7707 24.5964 3.8556 0.7432 -0.0191 0.3987
Cyclist 0.0000 0 0.0000 -1.0000 -1.0000 -1.0000 -1.0000 0.7860 1.4617 1.8466 -10.0831 3.6621 0.7406 0.0002 0.3457
Cyclist 0.0000 0 0.0000 -1.0000 -1.0000 -1.0000 -1.0000 0.8144 1.5606 1.8037 38.0878 -2.4462 0.7900 -3.1197 0.3450
Cyclist 0.0000 0 0.0000 -1.0000 -1.0000 -1.0000 -1.0000 0.7482 1.5924 1.7018 -37.2933 4.6161 0.7453 -0.0893 0.3349
Cyclist 0.0000 0 0.0000 -1.0000 -1.0000 -1.0000 -1.0000 0.8772 1.6599 1.8273 48.8698 -0.7890 0.9040 0.0542 0.3167
Cyclist 0.0000 0 0.0000 -1.0000 -1.0000 -1.0000 -1.0000 0.7212 1.5416 1.6794 56.7580 -5.4535 0.7823 -3.0812 0.3127
Pedestrian 0.0000 0 0.0000 -1.0000 -1.0000 -1.0000 -1.0000 0.6901 1.6795 0.6395 -25.9687 12.6802 1.3050 3.0998 0.5195
Pedestrian 0.0000 0 0.0000 -1.0000 -1.0000 -1.0000 -1.0000 0.6992 1.6855 0.6500 -12.7766 -8.2114 1.0062 3.1264 0.5080
Pedestrian 0.0000 0 0.0000 -1.0000 -1.0000 -1.0000 -1.0000 0.7074 1.6745 0.6610 -26.0017 -8.3503 0.8103 3.1246 0.5019
Pedestrian 0.0000 0 0.0000 -1.0000 -1.0000 -1.0000 -1.0000 0.6803 1.6769 0.6088 -1.4216 -8.7726 0.9410 0.3796 0.4684
Pedestrian 0.0000 0 0.0000 -1.0000 -1.0000 -1.0000 -1.0000 0.7022 1.6849 0.6460 18.1946 5.2426 0.9787 3.0238 0.4575
Pedestrian 0.0000 0 0.0000 -1.0000 -1.0000 -1.0000 -1.0000 0.6890 1.6465 0.6163 15.6495 -14.1303 0.7866 -3.1138 0.3967
Pedestrian 0.0000 0 0.0000 -1.0000 -1.0000 -1.0000 -1.0000 0.7049 1.6220 0.6595 -37.2306 4.5307 0.7344 -0.0713 0.3846
Pedestrian 0.0000 0 0.0000 -1.0000 -1.0000 -1.0000 -1.0000 0.6669 1.6187 0.6008 -2.3323 6.2982 1.0148 0.2279 0.3714
Pedestrian 0.0000 0 0.0000 -1.0000 -1.0000 -1.0000 -1.0000 0.7016 1.6452 0.6338 -60.2617 -6.9395 0.7540 -3.1399 0.3549
Pedestrian 0.0000 0 0.0000 -1.0000 -1.0000 -1.0000 -1.0000 0.6799 1.6157 0.6451 15.6484 6.9864 0.9421 3.0423 0.3221
Pedestrian 0.0000 0 0.0000 -1.0000 -1.0000 -1.0000 -1.0000 0.6925 1.7139 0.6168 -6.9910 15.9524 1.3879 1.4130 0.3128
Pedestrian 0.0000 0 0.0000 -1.0000 -1.0000 -1.0000 -1.0000 0.7013 1.7059 0.6182 -48.5372 11.8301 1.1239 3.0472 0.3021
