Car 0.0000 0 0.0000 -1.0000 -1.0000 -1.0000 -1.0000 2.0233 1.6745 4.6255 29.4704 7.2375 0.8436 -0.0156 0.7698
Car 0.0000 0 0.0000 -1.0000 -1.0000 -1.0000 -1.0000 1.9271 1.5120 4.5338 18.0858 35.2919 0.0784 -1.5293 0.7126
Car 0.0000 0 0.0000 -1.0000 -1.0000 -1.0000 -1.0000 1.9780 1.5242 4.6388 21.5132 27.9379 0.3576 -1.4573 0.6383
Car 0.0000 0 0.0000 -1.0000 -1.0000 -1.0000 -1.0000 1.9395 1.5820 4.5720 21.6645 34.9889 0.2448 -1.6057 0.6145
Car 0.0000 0 0.0000 -1.0000 -1.0000 -1.0000 -1.0000 1.9395 1.4634 4.5917 18.3143 27.1073 0.3047 -1.4697 0.5306
Car 0.0000 0 0.0000 -1.0000 -1.0000 -1.0000 -1.0000 1.9469 1.4600 4.5015 14.3320 -3.8059 0.8618 0.0225 0.4896
Car 0.0000 0 0.0000 -1.0000 -1.0000 -1.0000 -1.0000 1.9063 1.6068 4.5672 18.4521 41.5990 0.1550 1.5281 0.4261
Car 0.0000 0 0.0000 -1.0000 -1.0000 -1.0000 -1.0000 1.8063 1.4740 4.3245 56.8586 2.8382 0.7529 3.1149 0.3472
Car 0.0000 0 0.0000 -1.0000 -1.0000 -1.0000 -1.0000 2.1953 2.6077 5.0749 0.6047 -3.5341 1.3236 3.0948 0.3002
Truck 0.0000 0 0.0000 -1.0000 -1.0000 -1.0000 -1.0000 2.9269 3.0606 9.8374 -11.5711 -6.7699 1.5148 0.0064 0.7662
Truck 0.0000 0 0.0000 -1.0000 -1.0000 -1.0000 -1.0000 2.4107 2.5288 6.3591 17.5758 6.9625 1.3118 3.1326 0.4603
Truck 0.0000 0 0.0000 -1.0000 -1.0000 -1.0000 -1.0000 2.3773 2.3949 6.1336 -1.2030 -7.9817 1.2483 -0.1871 0.4587
Truck 0.0000 0 0.0000 -1.0000 -1.0000 -1.0000 -1.0000 2.3843 2.4555 6.4281 45.4867 3.2292 1.2145 3.1009 0.4293
Truck 0.0000 0 0.0000 -1.0000 -1.0000 -1.0000 -1.0000 2.4911 2.7201 6.3314 48.0232 -5.4900 1.5076 -3.1156 0.4163
Truck 0.0000 0 0.0000 -1.0000 -1.0000 -1.0000 -1.0000 2.1324 2.1196 5.6014 -10.7078 0.1297 1.0595 3.0864 0.4091
Truck 0.0000 0 0.0000 -1.0000 -1.0000 -1.0000 -1.0000 2.1250 2.4910 5.2287 0.5159 -3.4937 1.2912 3.0644 0.3099
Tricar 0.0000 0 0.0000 -1.0000 -1.0000 -1.0000 -1.0000 1.1670 1.5259 2.8861 20.9669 12.6584 0.6940 3.1206 0.4657
Tricar 0.0000 0 0.0000 -1.0000 -1.0000 -1.0000 -1.0000 1.1512 1.6487 2.4787 -9.8123 -3.1716 0.7975 -0.0742 0.3241
Cyclist 0.0000 0 0.0000 -1.0000 -1.0000 -1.0000 -1.0000 0.7784 1.5461 1.7943 11.2454 24.5222 0.2821 -1.8389 0.4459
Cyclist 0.0000 0 0.0000 -1.0000 -1.0000 -1.0000 -1.0000 0.7789 1.5267 1.7701 53.5725 10.0863 0.6023 -1.8912 0.3219
Cyclist 0.0000 0 0.0000 -1.0000 -1.0000 -1.0000 -1.0000 0.9641 1.6424 1.9795 -9.6520 -3.1373 0.8173 3.0585 0.3178
