Car 0.0000 0 0.0000 -1.0000 -1.0000 -1.0000 -1.0000 1.9802 1.4631 4.5227 15.7348 16.4987 0.6930 0.0409 0.7922
Car 0.0000 0 0.0000 -1.0000 -1.0000 -1.0000 -1.0000 1.9586 1.4478 4.5150 -20.6114 17.8825 0.5210 0.0881 0.7454
Car 0.0000 0 0.0000 -1.0000 -1.0000 -1.0000 -1.0000 1.9006 1.4504 4.4918 -6.2995 18.3251 0.5102 0.0337 0.7220
Car 0.0000 0 0.0000 -1.0000 -1.0000 -1.0000 -1.0000 1.9688 1.4856 4.5648 -39.5791 -4.3289 0.7212 -3.0148 0.6751
Car 0.0000 0 0.0000 -1.0000 -1.0000 -1.0000 -1.0000 2.1066 1.7369 4.8034 -34.6727 2.1683 0.8603 -3.1110 0.6661
Car 0.0000 0 0.0000 -1.0000 -1.0000 -1.0000 -1.0000 1.8609 1.4943 4.3528 -31.8513 14.0216 0.5050 -3.0458 0.6397
Car 0.0000 0 0.0000 -1.0000 -1.0000 -1.0000 -1.0000 2.0411 1.5869 4.6888 -39.9435 -0.9442 0.7997 0.0354 0.5645
Car 0.0000 0 0.0000 -1.0000 -1.0000 -1.0000 -1.0000 1.9670 1.4950 4.6131 -7.9604 21.6930 0.4692 0.1274 0.5644
Car 0.0000 0 0.0000 -1.0000 -1.0000 -1.0000 -1.0000 1.9648 1.5824 4.5628 25.0924 20.6550 0.8537 -3.0769 0.5454
Car 0.0000 0 0.0000 -1.0000 -1.0000 -1.0000 -1.0000 1.9455 1.4873 4.5517 7.6797 23.2178 0.4309 -3.0887 0.5353
Car 0.0000 0 0.0000 -1.0000 -1.0000 -1.0000 -1.0000 1.9704 1.8006 4.5638 -3.6917 15.0369 0.8113 0.0415 0.4953
Car 0.0000 0 0.0000 -1.0000 -1.0000 -1.0000 -1.0000 1.9232 1.5188 4.5214 -43.2805 -8.3165 0.7172 -3.0790 0.4696
Car 0.0000 0 0.0000 -1.0000 -1.0000 -1.0000 -1.0000 2.0437 1.4866 4.5747 -28.0944 -3.8855 0.7352 -3.1006 0.4366
Car 0.0000 0 0.0000 -1.0000 -1.0000 -1.0000 -1.0000 1.8923 1.6576 4.5989 69.8806 -12.7926 1.7890 2.9045 0.3693
Car 0.0000 0 0.0000 -1.0000 -1.0000 -1.0000 -1.0000 1.8765 1.4265 4.4620 -20.8917 23.1740 0.3886 -3.0403 0.3660
Truck 0.0000 0 0.0000 -1.0000 -1.0000 -1.0000 -1.0000 2.3317 2.8161 5.8290 15.4117 20.3412 1.3423 0.0844 0.4294
Cyclist 0.0000 0 0.0000 -1.0000 -1.0000 -1.0000 -1.0000 1.0353 1.7196 1.9963 3.6420 -11.9492 0.9010 -2.9646 0.3539
