Car 0.0000 0 0.0000 -1.0000 -1.0000 -1.0000 -1.0000 2.0451 1.6515 4.6183 25.4351 3.1312 0.6091 -0.0145 0.8354
Car 0.0000 0 0.0000 -1.0000 -1.0000 -1.0000 -1.0000 2.0244 1.7219 4.6469 21.7124 -9.0782 0.6246 -3.1248 0.7913
Car 0.0000 0 0.0000 -1.0000 -1.0000 -1.0000 -1.0000 1.9176 1.4543 4.4551 -2.3574 3.5441 0.6815 3.0913 0.7599
Car 0.0000 0 0.0000 -1.0000 -1.0000 -1.0000 -1.0000 1.9889 1.6759 4.6174 -8.8236 2.9378 0.8531 3.0721 0.7527
Car 0.0000 0 0.0000 -1.0000 -1.0000 -1.0000 -1.0000 1.9243 1.4932 4.4892 8.1573 12.3387 0.3395 -0.0299 0.6870
Car 0.0000 0 0.0000 -1.0000 -1.0000 -1.0000 -1.0000 1.8930 1.4916 4.4122 36.9649 3.0381 0.4001 -0.0343 0.6506
Car 0.0000 0 0.0000 -1.0000 -1.0000 -1.0000 -1.0000 1.9122 1.4412 4.5388 14.0958 12.2836 0.3330 -0.0384 0.6431
Car 0.0000 0 0.0000 -1.0000 -1.0000 -1.0000 -1.0000 1.9779 1.6452 4.5835 10.1718 -9.1626 0.6641 -3.1282 0.6363
Car 0.0000 0 0.0000 -1.0000 -1.0000 -1.0000 -1.0000 2.0191 1.5968 4.5850 -13.0494 0.7492 0.8657 -0.1723 0.6331
Car 0.0000 0 0.0000 -1.0000 -1.0000 -1.0000 -1.0000 1.8371 1.5873 4.3559 15.9016 -9.0269 0.6041 -3.1107 0.6035
Car 0.0000 0 0.0000 -1.0000 -1.0000 -1.0000 -1.0000 1.9913 1.5719 4.5995 -46.5271 9.4168 1.0457 -2.6340 0.5976
Car 0.0000 0 0.0000 -1.0000 -1.0000 -1.0000 -1.0000 1.8331 1.4459 4.4171 25.0923 12.2984 0.1927 -3.1234 0.4240
Car 0.0000 0 0.0000 -1.0000 -1.0000 -1.0000 -1.0000 1.9270 1.5006 4.6079 -38.3666 3.2418 1.1110 -1.7767 0.4115
Car 0.0000 0 0.0000 -1.0000 -1.0000 -1.0000 -1.0000 1.8988 1.5049 4.4999 19.5909 12.3183 0.3381 -3.1181 0.4106
Car 0.0000 0 0.0000 -1.0000 -1.0000 -1.0000 -1.0000 1.9159 1.5436 4.5713 -32.0459 26.5212 0.6417 -1.5737 0.4042
Car 0.0000 0 0.0000 -1.0000 -1.0000 -1.0000 -1.0000 1.9156 1.5736 4.6047 -36.9392 35.8290 0.3971 -1.6278 0.3612
Car 0.0000 0 0.0000 -1.0000 -1.0000 -1.0000 -1.0000 1.9244 1.6367 4.6711 -58.1944 0.3177 1.1144 -0.1025 0.3576
Car 0.0000 0 0.0000 -1.0000 -1.0000 -1.0000 -1.0000 1.8532 1.5257 4.4584 61.7912 -9.9902 0.1419 3.1119 0.3516
Truck 0.0000 0 0.0000 -1.0000 -1.0000 -1.0000 -1.0000 2.8392 3.1472 10.8520 33.0580 0.3429 1.3134 -3.1160 0.3489
Cyclist 0.0000 0 0.0000 -1.0000 -1.0000 -1.0000 -1.0000 0.7664 1.5799 1.7383 -13.1058 9.7335 0.7146 3.0725 0.6352
Cyclist 0.0000 0 0.0000 -1.0000 -1.0000 -1.0000 -1.0000 0.7424 1.5230 1.7422 -22.6724 -0.9687 0.9554 1.5391 0.5695
Cyclist 0.0000 0 0.0000 -1.0000 -1.0000 -1.0000 -1.0000 0.7808 1.5535 1.7555 -56.2164 -5.8956 0.9522 3.0766 0.5372
Cyclist 0.0000 0 0.0000 -1.0000 -1.0000 -1.0000 -1.0000 0.8474 1.5440 1.9029 -25.3577 -5.5606 0.9475 2.9599 0.5365
Cyclist 0.0000 0 0.0000 -1.0000 -1.0000 -1.0000 -1.0000 0.7580 1.5395 1.7609 -20.6288 21.8671 0.5519 1.3408 0.5234
Cyclist 0.0000 0 0.0000 -1.0000 -1.0000 -1.0000 -1.0000 0.7715 1.5530 1.7398 -13.4903 -3.4034 0.8772 -0.2327 0.4651
Cyclist 0.0000 0 0.0000 -1.0000 -1.0000 -1.0000 -1.0000 0.7473 1.4836 1.7763 -47.5137 -16.1875 1.0714 -1.2457 0.4407
Cyclist 0.0000 0 0.0000 -1.0000 -1.0000 -1.0000 -1.0000 0.7612 1.6037 1.7136 -27.0793 16.2710 0.8096 -0.3742 0.4281
Cyclist 0.0000 0 0.0000 -1.0000 -1.0000 -1.0000 -1.0000 0.8117 1.5686 1.7947 -68.0113 -6.0963 0.9877 -0.0864 0.4248
Cyclist 0.0000 0 0.0000 -1.0000 -1.0000 -1.0000 -1.0000 0.8132 1.5553 1.8220 -28.0087 -20.8096 1.0524 -1.3529 0.4101
Cyclist 0.0000 0 0.0000 -1.0000 -1.0000 -1.0000 -1.0000 0.7521 1.5556 1.7159 -48.0757 -3.6191 1.0469 -0.9476 0.3996
Cyclist 0.0000 0 0.0000 -1.0000 -1.0000 -1.0000 -1.0000 0.7528 1.5374 1.7823 -44.7691 -33.4936 1.0403 -1.4889 0.3904
Cyclist 0.0000 0 0.0000 -1.0000 -1.0000 -1.0000 -1.0000 0.7391 1.5325 1.7040 -50.8740 -7.8846 0.9675 1.2322 0.3817
Cyclist 0.0000 0 0.0000 -1.0000 -1.0000 -1.0000 -1.0000 0.8361 1.5109 1.8882 -43.1159 16.1564 0.9580 -1.3551 0.3546
Cyclist 0.0000 0 0.0000 -1.0000 -1.0000 -1.0000 -1.0000 0.6827 1.1970 1.6903 -6.6781 14.5151 0.4862 1.2833 0.3008
Pedestrian 0.0000 0 0.0000 -1.0000 -1.0000 -1.0000 -1.0000 0.6755 1.6239 0.6310 -19.9657 -9.9973 1.0382 -2.9357 0.6111
Pedestrian 0.0000 0 0.0000 -1.0000 -1.0000 -1.0000 -1.0000 0.6762 1.5853 0.6181 -45.0756 14.0103 0.9896 -2.6830 0.4464
Pedestrian 0.0000 0 0.0000 -1.0000 -1.0000 -1.0000 -1.0000 0.6761 1.7010 0.5688 20.2162 14.4824 0.5868 0.0215 0.3902
Pedestrian 0.0000 0 0.0000 -1.0000 -1.0000 -1.0000 -1.0000 0.6901 1.6505 0.6147 -50.5247 -12.5760 1.0815 -0.7877 0.3804
Pedestrian 0.0000 0 0.0000 -1.0000 -1.0000 -1.0000 -1.0000 0.7106 1.7124 0.6331 10.2469 -11.8430 0.8818 -0.0606 0.3535
Pedestrian 0.0000 0 0.0000 -1.0000 -1.0000 -1.0000 -1.0000 0.7028 1.7039 0.6418 -12.7285 15.5804 0.7851 -2.6691 0.3526
