Car 0.0000 0 0.0000 -1.0000 -1.0000 -1.0000 -1.0000 1.8815 1.4369 4.3990 -5.2282 10.7851 0.4760 3.1272 0.7845
Car 0.0000 0 0.0000 -1.0000 -1.0000 -1.0000 -1.0000 1.9026 1.3919 4.4429 -29.0415 -5.0021 0.6324 -3.1014 0.7704
Car 0.0000 0 0.0000 -1.0000 -1.0000 -1.0000 -1.0000 1.8985 1.4956 4.4258 -10.7435 11.0195 0.4619 -3.0677 0.7632
Car 0.0000 0 0.0000 -1.0000 -1.0000 -1.0000 -1.0000 1.9531 1.5030 4.4849 -1.5380 -3.5467 0.7554 -3.1248 0.7078
Car 0.0000 0 0.0000 -1.0000 -1.0000 -1.0000 -1.0000 1.9247 1.4326 4.4831 23.2716 12.1144 0.4883 -3.1414 0.6681
Car 0.0000 0 0.0000 -1.0000 -1.0000 -1.0000 -1.0000 1.9266 1.4461 4.5736 -30.9669 11.0684 0.3818 -3.1120 0.6664
Car 0.0000 0 0.0000 -1.0000 -1.0000 -1.0000 -1.0000 1.9021 1.4030 4.4891 14.9502 11.9192 0.5077 -3.0514 0.6552
Car 0.0000 0 0.0000 -1.0000 -1.0000 -1.0000 -1.0000 1.9219 1.7278 4.4394 -35.8071 -5.0695 0.7653 -3.0256 0.6539
Car 0.0000 0 0.0000 -1.0000 -1.0000 -1.0000 -1.0000 1.9324 1.4500 4.5382 -49.0620 10.5698 0.2457 -3.1112 0.6491
Car 0.0000 0 0.0000 -1.0000 -1.0000 -1.0000 -1.0000 1.9812 1.6192 4.5834 -49.3964 -5.9512 0.7557 0.2756 0.4721
Car 0.0000 0 0.0000 -1.0000 -1.0000 -1.0000 -1.0000 1.9351 1.5227 4.6022 -61.3352 -6.2114 0.5645 -3.0357 0.4119
Tricar 0.0000 0 0.0000 -1.0000 -1.0000 -1.0000 -1.0000 1.1948 1.5734 2.9859 -10.1097 -10.5605 1.0599 -3.0818 0.6637
Cyclist 0.0000 0 0.0000 -1.0000 -1.0000 -1.0000 -1.0000 0.7379 1.4461 1.7377 -15.9169 13.0354 0.3559 -0.5589 0.5717
Cyclist 0.0000 0 0.0000 -1.0000 -1.0000 -1.0000 -1.0000 0.7100 1.3683 1.7450 -19.3028 12.0506 0.4027 1.5856 0.4688
Cyclist 0.0000 0 0.0000 -1.0000 -1.0000 -1.0000 -1.0000 0.7088 1.1886 1.7314 34.4059 14.1048 0.2628 -0.2876 0.3484
Pedestrian 0.0000 0 0.0000 -1.0000 -1.0000 -1.0000 -1.0000 0.6911 1.7012 0.6076 -39.1183 -4.3257 0.7645 0.1377 0.4718
Pedestrian 0.0000 0 0.0000 -1.0000 -1.0000 -1.0000 -1.0000 0.6861 1.6737 0.6001 -39.3255 -3.2677 0.6853 -3.0281 0.4313
Pedestrian 0.0000 0 0.0000 -1.0000 -1.0000 -1.0000 -1.0000 0.6975 1.6533 0.6370 -40.7796 -1.3998 0.6837 -2.9522 0.4284
