Car 0.0000 0 0.0000 -1.0000 -1.0000 -1.0000 -1.0000 1.9465 1.5142 4.5435 -26.0387 11.0206 0.5484 -3.0918 0.7231
Car 0.0000 0 0.0000 -1.0000 -1.0000 -1.0000 -1.0000 1.9581 1.4270 4.5729 -43.0444 4.6748 0.6564 -3.1281 0.6814
Car 0.0000 0 0.0000 -1.0000 -1.0000 -1.0000 -1.0000 1.8980 1.4703 4.5763 36.9487 21.4658 -0.0092 3.1192 0.6106
Car 0.0000 0 0.0000 -1.0000 -1.0000 -1.0000 -1.0000 1.9028 1.4830 4.5394 -4.4661 17.8958 0.1711 -1.7056 0.5160
Car 0.0000 0 0.0000 -1.0000 -1.0000 -1.0000 -1.0000 1.8911 1.7709 4.4008 49.0714 16.5464 0.1408 -1.5210 0.5001
Car 0.0000 0 0.0000 -1.0000 -1.0000 -1.0000 -1.0000 1.9321 1.5046 4.5959 -8.2535 17.7502 0.1534 -1.6335 0.4975
Car 0.0000 0 0.0000 -1.0000 -1.0000 -1.0000 -1.0000 1.9356 1.5479 4.6037 -10.2631 17.8838 0.1601 -1.5968 0.4729
Car 0.0000 0 0.0000 -1.0000 -1.0000 -1.0000 -1.0000 1.9054 1.5367 4.5314 -39.3579 17.7272 0.3369 -1.5212 0.4571
Car 0.0000 0 0.0000 -1.0000 -1.0000 -1.0000 -1.0000 1.9523 1.8766 4.5873 -53.8121 -6.0426 0.9798 0.0169 0.4489
Car 0.0000 0 0.0000 -1.0000 -1.0000 -1.0000 -1.0000 1.9129 1.6100 4.5793 69.8627 16.5386 0.0271 -1.6234 0.4391
Car 0.0000 0 0.0000 -1.0000 -1.0000 -1.0000 -1.0000 1.8994 1.4771 4.5348 22.2844 16.9126 0.0394 -1.6067 0.4020
Car 0.0000 0 0.0000 -1.0000 -1.0000 -1.0000 -1.0000 1.8910 1.4984 4.5019 -12.9003 18.6389 0.1356 -1.6359 0.3832
Car 0.0000 0 0.0000 -1.0000 -1.0000 -1.0000 -1.0000 1.9105 1.5340 4.6017 16.6627 17.8249 0.0156 -1.5345 0.3767
Car 0.0000 0 0.0000 -1.0000 -1.0000 -1.0000 -1.0000 1.8975 1.6070 4.5497 62.2369 16.3855 -0.1450 1.5607 0.3686
Car 0.0000 0 0.0000 -1.0000 -1.0000 -1.0000 -1.0000 1.8938 1.5386 4.5394 -27.3446 19.5132 0.2296 -1.5638 0.3638
Car 0.0000 0 0.0000 -1.0000 -1.0000 -1.0000 -1.0000 1.9144 1.5329 4.6376 -14.2153 -27.1510 1.1353 -1.3356 0.3607
Car 0.0000 0 0.0000 -1.0000 -1.0000 -1.0000 -1.0000 1.8918 1.6279 4.4662 59.9299 16.5931 -0.1090 1.4994 0.3456
Car 0.0000 0 0.0000 -1.0000 -1.0000 -1.0000 -1.0000 1.8780 1.5055 4.4808 -24.4476 19.4720 0.1913 -1.6523 0.3391
Car 0.0000 0 0.0000 -1.0000 -1.0000 -1.0000 -1.0000 1.8899 1.5419 4.4882 -20.5777 19.6954 0.1462 -1.6126 0.3274
Car 0.0000 0 0.0000 -1.0000 -1.0000 -1.0000 -1.0000 1.8953 1.4936 4.5135 19.7500 17.1487 0.0269 -1.5956 0.3190
Car 0.0000 0 0.0000 -1.0000 -1.0000 -1.0000 -1.0000 1.8521 1.4920 4.4646 52.9316 16.5663 -0.0930 -1.5532 0.3132
Truck 0.0000 0 0.0000 -1.0000 -1.0000 -1.0000 -1.0000 2.8191 3.1532 11.5895 27.0883 -1.3421 1.6365 0.0298 0.6151
Cyclist 0.0000 0 0.0000 -1.0000 -1.0000 -1.0000 -1.0000 0.8054 1.5714 1.8241 -21.1088 9.2440 0.6242 0.0310 0.5333
Cyclist 0.0000 0 0.0000 -1.0000 -1.0000 -1.0000 -1.0000 0.7282 1.5937 1.6759 -57.9207 -1.8166 0.7468 3.0947 0.4876
Cyclist 0.0000 0 0.0000 -1.0000 -1.0000 -1.0000 -1.0000 0.7250 1.5234 1.6832 26.8296 -6.8620 0.7440 0.0060 0.4545
Cyclist 0.0000 0 0.0000 -1.0000 -1.0000 -1.0000 -1.0000 0.8726 1.5438 1.9511 9.1714 11.0843 0.5240 3.1000 0.4171
Cyclist 0.0000 0 0.0000 -1.0000 -1.0000 -1.0000 -1.0000 0.7663 1.5445 1.7363 -55.8282 -3.6740 0.7267 3.0877 0.3695
Cyclist 0.0000 0 0.0000 -1.0000 -1.0000 -1.0000 -1.0000 0.6851 1.2100 1.6780 -46.1591 13.1541 0.3443 -0.0131 0.3243
Pedestrian 0.0000 0 0.0000 -1.0000 -1.0000 -1.0000 -1.0000 0.6762 1.6122 0.5976 -57.9917 -10.0739 0.9325 -3.1266 0.4102
Pedestrian 0.0000 0 0.0000 -1.0000 -1.0000 -1.0000 -1.0000 0.7184 1.6504 0.6665 50.8670 23.6687 -0.1918 -0.0197 0.3291
Pedestrian 0.0000 0 0.0000 -1.0000 -1.0000 -1.0000 -1.0000 0.7501 1.6904 0.7844 -28.8979 -8.9393 1.0913 -3.0956 0.3241
