Car 0.0000 0 0.0000 -1.0000 -1.0000 -1.0000 -1.0000 2.0238 1.4781 4.6076 29.4540 3.2146 0.7878 3.1362 0.8000
Car 0.0000 0 0.0000 -1.0000 -1.0000 -1.0000 -1.0000 2.0963 1.7447 4.7538 -10.5720 -3.4184 0.8953 0.0144 0.7835
Car 0.0000 0 0.0000 -1.0000 -1.0000 -1.0000 -1.0000 1.9989 1.4593 4.6216 -39.4725 4.3123 0.7284 -3.0943 0.7374
Car 0.0000 0 0.0000 -1.0000 -1.0000 -1.0000 -1.0000 1.9892 1.7222 4.5397 0.5536 6.2520 0.7893 3.1378 0.7308
Car 0.0000 0 0.0000 -1.0000 -1.0000 -1.0000 -1.0000 2.0025 1.7365 4.6027 16.3971 -25.2192 0.9122 -0.0426 0.7008
Car 0.0000 0 0.0000 -1.0000 -1.0000 -1.0000 -1.0000 1.9507 1.4417 4.4632 15.5701 6.2661 0.6524 -3.1380 0.6602
Car 0.0000 0 0.0000 -1.0000 -1.0000 -1.0000 -1.0000 2.0688 1.9264 4.8883 8.7016 -23.6006 0.9322 -1.5989 0.6568
Car 0.0000 0 0.0000 -1.0000 -1.0000 -1.0000 -1.0000 2.1594 1.6523 4.7914 -21.9333 -0.3458 0.8390 -0.0126 0.6184
Car 0.0000 0 0.0000 -1.0000 -1.0000 -1.0000 -1.0000 2.0249 1.9081 4.7543 31.2503 18.3554 0.6651 -1.5261 0.6094
Car 0.0000 0 0.0000 -1.0000 -1.0000 -1.0000 -1.0000 1.8900 1.8272 4.3272 -23.6167 5.0198 0.9113 -3.1346 0.5978
Car 0.0000 0 0.0000 -1.0000 -1.0000 -1.0000 -1.0000 1.9557 1.7618 4.5804 46.2076 6.7020 0.7893 3.0662 0.5553
Car 0.0000 0 0.0000 -1.0000 -1.0000 -1.0000 -1.0000 1.8810 1.6519 4.4793 -20.1630 -22.1824 0.8616 3.1248 0.4352
Car 0.0000 0 0.0000 -1.0000 -1.0000 -1.0000 -1.0000 1.9579 1.7618 4.7372 -33.3701 -8.2837 1.0674 1.2242 0.4082
Car 0.0000 0 0.0000 -1.0000 -1.0000 -1.0000 -1.0000 1.8770 1.5101 4.4742 -40.6749 17.5316 0.2493 -1.6205 0.4072
Car 0.0000 0 0.0000 -1.0000 -1.0000 -1.0000 -1.0000 1.9305 1.4871 4.5774 50.2338 10.1887 0.5629 3.1120 0.3944
Car 0.0000 0 0.0000 -1.0000 -1.0000 -1.0000 -1.0000 1.9154 1.5341 4.5540 -43.0551 17.8979 0.3043 -1.6455 0.3642
Car 0.0000 0 0.0000 -1.0000 -1.0000 -1.0000 -1.0000 1.8163 1.6976 4.1937 3.4359 -8.2213 0.7923 -1.0662 0.3633
Car 0.0000 0 0.0000 -1.0000 -1.0000 -1.0000 -1.0000 1.9342 1.6228 4.6245 -55.6138 -3.1635 0.6285 0.0469 0.3239
Car 0.0000 0 0.0000 -1.0000 -1.0000 -1.0000 -1.0000 1.8968 1.5241 4.5074 15.8031 -28.2161 0.7563 -0.0412 0.3025
Truck 0.0000 0 0.0000 -1.0000 -1.0000 -1.0000 -1.0000 2.3119 2.1383 6.1340 13.3911 -0.3917 1.0959 0.0120 0.5049
Truck 0.0000 0 0.0000 -1.0000 -1.0000 -1.0000 -1.0000 1.9126 1.9237 4.7643 36.6868 -3.2431 1.0752 3.1325 0.4490
Truck 0.0000 0 0.0000 -1.0000 -1.0000 -1.0000 -1.0000 2.6690 2.9630 6.8386 -34.3988 -3.6845 1.5502 -0.0197 0.3522
Tricar 0.0000 0 0.0000 -1.0000 -1.0000 -1.0000 -1.0000 1.4572 1.7920 3.7043 -23.4357 -4.8069 0.9162 -0.0339 0.6270
Tricar 0.0000 0 0.0000 -1.0000 -1.0000 -1.0000 -1.0000 1.4127 1.6928 3.3625 3.3880 -7.9990 0.7805 2.1370 0.3659
Cyclist 0.0000 0 0.0000 -1.0000 -1.0000 -1.0000 -1.0000 0.8223 1.5642 1.8269 -1.1266 -4.8633 0.7454 -0.1496 0.6131
Cyclist 0.0000 0 0.0000 -1.0000 -1.0000 -1.0000 -1.0000 0.7645 1.5538 1.7492 25.6891 12.2591 0.5501 3.1054 0.5841
Cyclist 0.0000 0 0.0000 -1.0000 -1.0000 -1.0000 -1.0000 0.7721 1.5753 1.7245 51.9070 2.3272 0.8044 3.0549 0.3950
Cyclist 0.0000 0 0.0000 -1.0000 -1.0000 -1.0000 -1.0000 0.6762 1.2196 1.6643 14.1181 17.3445 0.2056 0.1451 0.3251
Cyclist 0.0000 0 0.0000 -1.0000 -1.0000 -1.0000 -1.0000 0.7370 1.5316 1.7063 -51.0293 -9.3285 0.7430 0.1138 0.3217
