Car 0.0000 0 0.0000 -1.0000 -1.0000 -1.0000 -1.0000 2.0382 1.4698 4.6494 -33.6908 -2.3003 0.6427 0.0054 0.7967
Car 0.0000 0 0.0000 -1.0000 -1.0000 -1.0000 -1.0000 2.1282 1.7346 4.8038 -16.3997 -3.6942 0.8316 -3.1278 0.7159
Car 0.0000 0 0.0000 -1.0000 -1.0000 -1.0000 -1.0000 1.9848 1.5326 4.6331 -44.6210 -4.4065 0.6069 -0.0122 0.6713
Car 0.0000 0 0.0000 -1.0000 -1.0000 -1.0000 -1.0000 1.9633 1.6230 4.4895 7.4700 -6.4846 0.8454 3.1223 0.6285
Car 0.0000 0 0.0000 -1.0000 -1.0000 -1.0000 -1.0000 1.9605 1.4225 4.5128 32.9375 7.5207 0.7595 0.0094 0.5778
Car 0.0000 0 0.0000 -1.0000 -1.0000 -1.0000 -1.0000 1.9540 1.6136 4.6448 4.9934 37.1974 -0.0078 -1.5507 0.5604
Car 0.0000 0 0.0000 -1.0000 -1.0000 -1.0000 -1.0000 1.9188 1.4824 4.5590 -3.4846 -33.1681 0.4335 -1.5929 0.5448
Car 0.0000 0 0.0000 -1.0000 -1.0000 -1.0000 -1.0000 1.9521 1.6884 4.6684 41.1220 37.3751 0.3461 -1.5482 0.5138
Car 0.0000 0 0.0000 -1.0000 -1.0000 -1.0000 -1.0000 1.9587 1.4214 4.4706 11.4022 -3.4403 0.7616 -3.1399 0.5068
Car 0.0000 0 0.0000 -1.0000 -1.0000 -1.0000 -1.0000 1.8917 1.4875 4.5244 -15.8953 -33.6258 0.3435 -1.6317 0.4886
Car 0.0000 0 0.0000 -1.0000 -1.0000 -1.0000 -1.0000 1.8819 1.8152 4.4275 46.7853 0.5577 1.1117 0.0621 0.4685
Car 0.0000 0 0.0000 -1.0000 -1.0000 -1.0000 -1.0000 1.8819 1.5160 4.5270 27.3950 37.6110 0.1429 -1.6551 0.4612
Car 0.0000 0 0.0000 -1.0000 -1.0000 -1.0000 -1.0000 1.9339 1.4939 4.5988 -7.0441 -33.7583 0.3962 -1.5302 0.4064
Car 0.0000 0 0.0000 -1.0000 -1.0000 -1.0000 -1.0000 1.9610 1.6947 4.7031 -6.3010 37.2244 -0.1008 -1.3388 0.3848
Car 0.0000 0 0.0000 -1.0000 -1.0000 -1.0000 -1.0000 1.9036 1.5096 4.5858 0.9505 -34.7652 0.4389 1.5202 0.3358
Truck 0.0000 0 0.0000 -1.0000 -1.0000 -1.0000 -1.0000 2.6977 3.2436 6.7016 30.7270 -3.8078 1.8474 0.0224 0.3797
Tricar 0.0000 0 0.0000 -1.0000 -1.0000 -1.0000 -1.0000 1.4443 1.8022 3.5598 -20.6717 -38.0674 0.3423 -0.0347 0.3250
Cyclist 0.0000 0 0.0000 -1.0000 -1.0000 -1.0000 -1.0000 0.7341 1.5569 1.6927 7.4233 21.3388 0.4561 0.0380 0.4048
Cyclist 0.0000 0 0.0000 -1.0000 -1.0000 -1.0000 -1.0000 0.7514 1.5800 1.7030 22.1502 -15.0824 0.7510 -3.1369 0.3059
