Car 0.0000 0 0.0000 -1.0000 -1.0000 -1.0000 -1.0000 2.0836 1.6548 4.6371 16.3705 -7.4849 0.9115 -3.1404 0.8040
Car 0.0000 0 0.0000 -1.0000 -1.0000 -1.0000 -1.0000 1.9087 1.7959 4.5754 40.9499 21.7837 0.2164 3.0312 0.5814
Car 0.0000 0 0.0000 -1.0000 -1.0000 -1.0000 -1.0000 1.8815 1.6199 4.4427 25.9653 34.0075 -0.3343 -1.3883 0.4445
Car 0.0000 0 0.0000 -1.0000 -1.0000 -1.0000 -1.0000 1.9271 1.5261 4.5920 79.3549 -8.0148 0.9157 3.0773 0.3963
Truck 0.0000 0 0.0000 -1.0000 -1.0000 -1.0000 -1.0000 2.3534 2.3153 6.2790 -24.5995 21.5033 0.3606 -3.1190 0.3394
Tricar 0.0000 0 0.0000 -1.0000 -1.0000 -1.0000 -1.0000 1.4746 1.8255 3.2535 -35.3688 21.8330 0.2068 -0.0353 0.4078
Cyclist 0.0000 0 0.0000 -1.0000 -1.0000 -1.0000 -1.0000 0.7727 1.5800 1.7537 36.6788 20.5693 0.0658 -1.5778 0.4271
Cyclist 0.0000 0 0.0000 -1.0000 -1.0000 -1.0000 -1.0000 0.8192 1.5953 1.7792 -48.2614 -17.3275 0.8593 -0.0059 0.3546
Cyclist 0.0000 0 0.0000 -1.0000 -1.0000 -1.0000 -1.0000 0.6911 1.2835 1.7211 7.9000 28.2164 -0.1773 -3.1157 0.3323
Cyclist 0.0000 0 0.0000 -1.0000 -1.0000 -1.0000 -1.0000 0.7614 1.5611 1.7567 -33.8934 25.7860 -0.0230 -3.0590 0.3284
Cyclist 0.0000 0 0.0000 -1.0000 -1.0000 -1.0000 -1.0000 0.6943 1.1637 1.7067 9.9594 24.4019 -0.1140 -1.2295 0.3282
Cyclist 0.0000 0 0.0000 -1.0000 -1.0000 -1.0000 -1.0000 0.6820 1.1485 1.7381 -17.5311 24.4584 -0.0844 1.5326 0.3054
Cyclist 0.0000 0 0.0000 -1.0000 -1.0000 -1.0000 -1.0000 0.7818 1.5211 1.8389 0.3100 24.4512 0.0789 -1.5269 0.3045
Pedestrian 0.0000 0 0.0000 -1.0000 -1.0000 -1.0000 -1.0000 0.6829 1.6927 0.5906 17.9425 25.4996 0.0329 -2.5769 0.4686
Pedestrian 0.0000 0 0.0000 -1.0000 -1.0000 -1.0000 -1.0000 0.6877 1.7371 0.5868 16.4143 25.9866 0.0971 -1.7181 0.4265
Pedestrian 0.0000 0 0.0000 -1.0000 -1.0000 -1.0000 -1.0000 0.7088 1.6655 0.6332 22.4000 27.0685 -0.0663 0.0936 0.3711
Pedestrian 0.0000 0 0.0000 -1.0000 -1.0000 -1.0000 -1.0000 0.6845 1.6698 0.5935 14.6025 29.1707 -0.0925 1.1289 0.3655
Pedestrian 0.0000 0 0.0000 -1.0000 -1.0000 -1.0000 -1.0000 0.7191 1.6837 0.6889 25.0486 27.4941 -0.0893 -3.0979 0.3271
Pedestrian 0.0000 0 0.0000 -1.0000 -1.0000 -1.0000 -1.0000 0.6941 1.6505 0.6185 14.6974 28.1920 -0.0887 -2.0772 0.3109
