Car 0.0000 0 0.0000 -1.0000 -1.0000 -1.0000 -1.0000 2.0762 2.0090 4.7880 5.0167 -2.8345 1.0387 0.0097 0.7544
Car 0.0000 0 0.0000 -1.0000 -1.0000 -1.0000 -1.0000 1.8974 1.4246 4.5286 -11.9405 3.4568 0.6514 3.0953 0.6768
Car 0.0000 0 0.0000 -1.0000 -1.0000 -1.0000 -1.0000 1.8964 1.4284 4.4610 11.8798 -2.8474 0.7505 -3.1266 0.6580
Car 0.0000 0 0.0000 -1.0000 -1.0000 -1.0000 -1.0000 1.9945 1.6983 4.6326 53.1310 -1.5401 0.8258 3.0505 0.6350
Car 0.0000 0 0.0000 -1.0000 -1.0000 -1.0000 -1.0000 1.9605 1.5407 4.5549 -3.9513 -3.0867 0.8135 -0.0342 0.6102
Car 0.0000 0 0.0000 -1.0000 -1.0000 -1.0000 -1.0000 1.8662 1.4942 4.4904 -39.4838 -2.3458 0.5769 0.0049 0.5766
Car 0.0000 0 0.0000 -1.0000 -1.0000 -1.0000 -1.0000 1.8983 1.4554 4.4213 -21.4466 -2.3114 0.7136 -0.0579 0.5764
Car 0.0000 0 0.0000 -1.0000 -1.0000 -1.0000 -1.0000 1.9295 1.4398 4.6033 -24.3056 4.5007 0.6639 -3.1142 0.5596
Car 0.0000 0 0.0000 -1.0000 -1.0000 -1.0000 -1.0000 1.9520 1.6324 4.5370 22.6272 -2.3713 0.8677 -0.0677 0.5453
Car 0.0000 0 0.0000 -1.0000 -1.0000 -1.0000 -1.0000 1.8738 1.4296 4.5528 -27.8716 -2.5715 0.6547 3.0419 0.4976
Car 0.0000 0 0.0000 -1.0000 -1.0000 -1.0000 -1.0000 1.8316 1.3671 4.4440 -2.8524 4.1612 0.6068 3.1212 0.4896
Car 0.0000 0 0.0000 -1.0000 -1.0000 -1.0000 -1.0000 1.8688 1.4214 4.4599 -15.4667 -2.6404 0.6772 3.0497 0.4723
Car 0.0000 0 0.0000 -1.0000 -1.0000 -1.0000 -1.0000 1.8655 1.4206 4.5064 54.0585 1.9987 0.6435 3.0295 0.4161
Car 0.0000 0 0.0000 -1.0000 -1.0000 -1.0000 -1.0000 1.9307 1.6837 4.4528 8.2538 4.2149 0.7769 -3.0946 0.3947
Car 0.0000 0 0.0000 -1.0000 -1.0000 -1.0000 -1.0000 1.8442 1.4735 4.4424 14.0341 3.9950 0.7291 -3.1195 0.3894
Car 0.0000 0 0.0000 -1.0000 -1.0000 -1.0000 -1.0000 1.8913 1.4997 4.5627 -48.1594 -2.2831 0.5626 0.0164 0.3699
Car 0.0000 0 0.0000 -1.0000 -1.0000 -1.0000 -1.0000 1.8867 1.4933 4.5331 -58.2697 4.2956 0.5076 -3.1242 0.3284
Car 0.0000 0 0.0000 -1.0000 -1.0000 -1.0000 -1.0000 1.9123 1.5053 4.5050 2.5354 4.4732 0.6584 -0.0090 0.3188
Car 0.0000 0 0.0000 -1.0000 -1.0000 -1.0000 -1.0000 1.8897 1.5166 4.5744 49.9717 -4.0916 0.7698 -0.1096 0.3097
Truck 0.0000 0 0.0000 -1.0000 -1.0000 -1.0000 -1.0000 2.4870 2.6678 6.7123 -44.9396 4.2546 1.1376 -0.0017 0.3307
Cyclist 0.0000 0 0.0000 -1.0000 -1.0000 -1.0000 -1.0000 0.8686 1.5761 1.8524 -39.6615 2.8737 0.6391 -0.0086 0.5237
Cyclist 0.0000 0 0.0000 -1.0000 -1.0000 -1.0000 -1.0000 0.7974 1.6145 1.7380 8.7615 2.1450 0.7976 0.0286 0.4761
Cyclist 0.0000 0 0.0000 -1.0000 -1.0000 -1.0000 -1.0000 0.7353 1.4836 1.7079 -22.3199 6.1944 0.7111 0.0042 0.4546
Cyclist 0.0000 0 0.0000 -1.0000 -1.0000 -1.0000 -1.0000 0.7228 1.1713 1.7708 -10.2677 -3.1195 0.6146 -0.2042 0.4306
Cyclist 0.0000 0 0.0000 -1.0000 -1.0000 -1.0000 -1.0000 0.8321 1.5593 1.8406 -37.7724 0.5052 0.5998 -0.0015 0.4251
Cyclist 0.0000 0 0.0000 -1.0000 -1.0000 -1.0000 -1.0000 0.7073 1.5315 1.6587 -26.4337 -0.4899 0.7123 -3.1168 0.4209
Cyclist 0.0000 0 0.0000 -1.0000 -1.0000 -1.0000 -1.0000 0.6994 1.2689 1.6800 -15.5164 -4.7862 0.7653 -0.2984 0.4108
Cyclist 0.0000 0 0.0000 -1.0000 -1.0000 -1.0000 -1.0000 0.6713 1.2229 1.6454 -12.0519 -7.0947 0.7388 3.1413 0.3825
Cyclist 0.0000 0 0.0000 -1.0000 -1.0000 -1.0000 -1.0000 0.7200 1.5226 1.6899 -64.8274 -0.7538 0.4766 0.0203 0.3198
Cyclist 0.0000 0 0.0000 -1.0000 -1.0000 -1.0000 -1.0000 0.6775 1.1244 1.6831 0.2051 -7.2691 0.8199 -1.0405 0.3009
Pedestrian 0.0000 0 0.0000 -1.0000 -1.0000 -1.0000 -1.0000 0.7243 1.7012 0.6793 -20.5545 -5.4015 1.0117 3.1395 0.4525
Pedestrian 0.0000 0 0.0000 -1.0000 -1.0000 -1.0000 -1.0000 0.7133 1.6811 0.6848 37.7181 6.8242 0.9086 3.0243 0.4466
Pedestrian 0.0000 0 0.0000 -1.0000 -1.0000 -1.0000 -1.0000 0.6632 1.6089 0.5765 5.0926 3.0137 0.7714 3.1260 0.3909
Pedestrian 0.0000 0 0.0000 -1.0000 -1.0000 -1.0000 -1.0000 0.6885 1.6406 0.5941 3.2600 2.5510 0.8139 3.1274 0.3100
