Car 0.0000 0 0.0000 -1.0000 -1.0000 -1.0000 -1.0000 1.9640 1.5384 4.5192 -10.4292 3.4577 0.7432 -3.1381 0.7882
Car 0.0000 0 0.0000 -1.0000 -1.0000 -1.0000 -1.0000 1.9834 1.4530 4.5738 14.0297 2.2493 0.6769 3.0792 0.7876
Car 0.0000 0 0.0000 -1.0000 -1.0000 -1.0000 -1.0000 2.0126 1.5248 4.6200 22.1388 4.3431 0.6608 -0.0298 0.7425
Car 0.0000 0 0.0000 -1.0000 -1.0000 -1.0000 -1.0000 1.9978 1.6891 4.5564 11.0937 -0.6449 0.8530 3.1047 0.6919
Car 0.0000 0 0.0000 -1.0000 -1.0000 -1.0000 -1.0000 1.9128 1.4999 4.5765 12.4608 -23.7621 1.1477 1.4569 0.6885
Car 0.0000 0 0.0000 -1.0000 -1.0000 -1.0000 -1.0000 2.0561 1.7025 4.7982 46.6839 1.6839 0.6196 3.1125 0.5530
Car 0.0000 0 0.0000 -1.0000 -1.0000 -1.0000 -1.0000 1.8998 1.5159 4.4791 50.3354 4.4573 0.3685 0.0052 0.5351
Car 0.0000 0 0.0000 -1.0000 -1.0000 -1.0000 -1.0000 1.9544 1.5806 4.5788 8.2884 3.8360 0.6783 -0.1405 0.5174
Car 0.0000 0 0.0000 -1.0000 -1.0000 -1.0000 -1.0000 1.9422 1.7796 4.5770 -1.3638 -9.0600 0.9430 -1.4157 0.4264
Car 0.0000 0 0.0000 -1.0000 -1.0000 -1.0000 -1.0000 1.8944 1.7793 4.4200 18.0538 7.2010 0.8094 3.0666 0.4043
Car 0.0000 0 0.0000 -1.0000 -1.0000 -1.0000 -1.0000 2.0960 1.9456 4.7791 -9.9659 -0.0210 1.0051 3.1410 0.3929
Car 0.0000 0 0.0000 -1.0000 -1.0000 -1.0000 -1.0000 1.8949 1.6594 4.5355 15.9158 -25.2391 1.2220 1.4873 0.3730
Car 0.0000 0 0.0000 -1.0000 -1.0000 -1.0000 -1.0000 1.8569 1.5236 4.5233 -7.8692 -15.5701 0.7418 -2.7726 0.3347
Truck 0.0000 0 0.0000 -1.0000 -1.0000 -1.0000 -1.0000 2.8462 3.1781 8.9274 -83.7779 3.4108 1.8341 -3.0576 0.4529
Tricar 0.0000 0 0.0000 -1.0000 -1.0000 -1.0000 -1.0000 1.1824 1.7151 2.7728 9.3305 8.6135 0.6943 -2.4835 0.5481
Tricar 0.0000 0 0.0000 -1.0000 -1.0000 -1.0000 -1.0000 1.3186 1.6301 3.1084 -32.5702 -2.5730 0.9055 -0.0483 0.4467
Tricar 0.0000 0 0.0000 -1.0000 -1.0000 -1.0000 -1.0000 1.3447 1.9375 3.0614 19.0785 13.1958 0.7847 -0.0439 0.3352
Cyclist 0.0000 0 0.0000 -1.0000 -1.0000 -1.0000 -1.0000 0.8033 1.5274 1.8137 36.9218 11.7125 0.4376 3.0781 0.4811
Cyclist 0.0000 0 0.0000 -1.0000 -1.0000 -1.0000 -1.0000 0.7369 1.5259 1.7413 9.4829 -10.8491 0.8833 1.4765 0.4799
Cyclist 0.0000 0 0.0000 -1.0000 -1.0000 -1.0000 -1.0000 0.7460 1.5281 1.7073 41.0242 10.0399 0.3977 0.2142 0.4739
Cyclist 0.0000 0 0.0000 -1.0000 -1.0000 -1.0000 -1.0000 0.6960 1.4530 1.7132 19.4036 -23.3334 0.9989 1.6642 0.4115
Cyclist 0.0000 0 0.0000 -1.0000 -1.0000 -1.0000 -1.0000 0.7425 1.5315 1.7127 28.0264 15.1515 0.4944 -0.0176 0.3855
Cyclist 0.0000 0 0.0000 -1.0000 -1.0000 -1.0000 -1.0000 0.7602 1.5460 1.7338 20.6037 18.1605 0.5224 -2.8513 0.3754
Cyclist 0.0000 0 0.0000 -1.0000 -1.0000 -1.0000 -1.0000 1.0456 1.6767 2.0926 9.2588 8.4994 0.6912 0.6987 0.3562
Cyclist 0.0000 0 0.0000 -1.0000 -1.0000 -1.0000 -1.0000 0.8958 1.5614 1.9029 -44.1147 4.5221 0.7921 -3.1240 0.3027
Pedestrian 0.0000 0 0.0000 -1.0000 -1.0000 -1.0000 -1.0000 0.6680 1.6343 0.6020 18.0420 -8.8830 0.9406 0.1477 0.6299
Pedestrian 0.0000 0 0.0000 -1.0000 -1.0000 -1.0000 -1.0000 0.6915 1.6933 0.6605 33.0791 -4.5077 0.8968 0.2778 0.6068
Pedestrian 0.0000 0 0.0000 -1.0000 -1.0000 -1.0000 -1.0000 0.7001 1.6796 0.6490 18.1089 -10.9468 0.9768 0.4322 0.6025
Pedestrian 0.0000 0 0.0000 -1.0000 -1.0000 -1.0000 -1.0000 0.6765 1.6673 0.6097 2.4440 8.3952 0.6481 2.9221 0.5415
Pedestrian 0.0000 0 0.0000 -1.0000 -1.0000 -1.0000 -1.0000 0.6944 1.7103 0.6263 14.6119 14.2341 0.6548 0.2100 0.5365
Pedestrian 0.0000 0 0.0000 -1.0000 -1.0000 -1.0000 -1.0000 0.6707 1.6420 0.6040 35.0803 10.4204 0.5308 3.1226 0.5352
Pedestrian 0.0000 0 0.0000 -1.0000 -1.0000 -1.0000 -1.0000 0.6993 1.6479 0.7181 20.5848 -15.9747 0.9997 -1.8959 0.4602
Pedestrian 0.0000 0 0.0000 -1.0000 -1.0000 -1.0000 -1.0000 0.7310 1.7187 0.7040 23.3631 -11.9674 1.0158 -2.2803 0.4278
Pedestrian 0.0000 0 0.0000 -1.0000 -1.0000 -1.0000 -1.0000 0.6945 1.6558 0.6115 5.1227 8.3038 0.6248 3.0429 0.4123
Pedestrian 0.0000 0 0.0000 -1.0000 -1.0000 -1.0000 -1.0000 0.6726 1.6741 0.5873 18.0772 21.8032 0.6262 0.3140 0.4100
Pedestrian 0.0000 0 0.0000 -1.0000 -1.0000 -1.0000 -1.0000 0.7017 1.6284 0.6263 16.4904 17.4814 0.5814 -2.7846 0.3747
