Car 0.0000 0 0.0000 -1.0000 -1.0000 -1.0000 -1.0000 1.9546 1.5112 4.4252 28.4464 3.1792 0.9255 3.1140 0.7505
Car 0.0000 0 0.0000 -1.0000 -1.0000 -1.0000 -1.0000 2.0292 1.4428 4.5265 -14.9466 4.1314 0.7694 -3.1363 0.7135
Car 0.0000 0 0.0000 -1.0000 -1.0000 -1.0000 -1.0000 1.9897 1.4508 4.5132 11.7250 3.6026 0.8364 -0.0101 0.6853
Car 0.0000 0 0.0000 -1.0000 -1.0000 -1.0000 -1.0000 1.9640 1.6355 4.5583 -42.2161 8.2759 0.8632 -0.0029 0.4889
Car 0.0000 0 0.0000 -1.0000 -1.0000 -1.0000 -1.0000 1.9206 1.4269 4.5930 0.8989 25.3630 1.1842 -1.3254 0.4840
Car 0.0000 0 0.0000 -1.0000 -1.0000 -1.0000 -1.0000 1.9548 1.9965 4.5462 45.4782 3.4676 1.0674 0.0291 0.4725
Car 0.0000 0 0.0000 -1.0000 -1.0000 -1.0000 -1.0000 1.9831 1.4693 4.5473 -31.0028 3.8119 0.8523 -0.0142 0.4452
Car 0.0000 0 0.0000 -1.0000 -1.0000 -1.0000 -1.0000 1.9765 1.7260 4.5469 -24.5614 0.2833 0.9534 3.1296 0.4395
Car 0.0000 0 0.0000 -1.0000 -1.0000 -1.0000 -1.0000 1.8182 1.5956 4.2593 -35.3422 -0.3479 1.0006 -0.0023 0.3982
Car 0.0000 0 0.0000 -1.0000 -1.0000 -1.0000 -1.0000 1.9589 1.6759 4.6522 75.8007 11.1180 1.1059 3.1199 0.3622
Car 0.0000 0 0.0000 -1.0000 -1.0000 -1.0000 -1.0000 2.3169 2.5022 5.3003 24.7232 -0.2110 1.3646 -0.0343 0.3152
Truck 0.0000 0 0.0000 -1.0000 -1.0000 -1.0000 -1.0000 3.0597 3.5632 11.4244 -73.6289 -0.8594 1.8881 0.0914 0.5622
Truck 0.0000 0 0.0000 -1.0000 -1.0000 -1.0000 -1.0000 2.9526 3.2878 9.3413 -53.6301 3.9240 1.7016 -3.1290 0.4021
