Car 0.0000 0 0.0000 -1.0000 -1.0000 -1.0000 -1.0000 2.0412 1.6261 4.7016 22.3604 10.5491 0.5670 0.0212 0.8264
Car 0.0000 0 0.0000 -1.0000 -1.0000 -1.0000 -1.0000 2.0161 1.4320 4.5763 -27.9520 0.2602 0.6768 3.1197 0.7986
Car 0.0000 0 0.0000 -1.0000 -1.0000 -1.0000 -1.0000 2.0096 1.5201 4.5990 -4.5826 3.4853 0.7363 -0.0332 0.7593
Car 0.0000 0 0.0000 -1.0000 -1.0000 -1.0000 -1.0000 1.9299 1.4661 4.5085 -2.2945 11.1804 0.5021 3.1340 0.6722
Car 0.0000 0 0.0000 -1.0000 -1.0000 -1.0000 -1.0000 1.9679 1.4934 4.6385 48.3844 14.8206 0.2899 0.0035 0.6436
Car 0.0000 0 0.0000 -1.0000 -1.0000 -1.0000 -1.0000 1.9193 1.4814 4.5576 -68.0593 12.2766 0.2867 -0.0175 0.6413
Car 0.0000 0 0.0000 -1.0000 -1.0000 -1.0000 -1.0000 2.0374 1.6076 4.5792 38.1034 1.3395 0.7542 0.0644 0.6088
Car 0.0000 0 0.0000 -1.0000 -1.0000 -1.0000 -1.0000 1.9607 1.5572 4.5667 62.5559 -0.5594 0.5695 0.0040 0.5950
Car 0.0000 0 0.0000 -1.0000 -1.0000 -1.0000 -1.0000 1.9677 1.6052 4.5496 -21.0194 8.6843 0.6691 -0.0072 0.5611
Car 0.0000 0 0.0000 -1.0000 -1.0000 -1.0000 -1.0000 1.9141 1.6359 4.5607 -65.7998 9.0835 0.5048 3.1017 0.5320
Car 0.0000 0 0.0000 -1.0000 -1.0000 -1.0000 -1.0000 2.0095 1.6810 4.5743 37.4856 -2.0959 0.7703 0.0638 0.5075
Car 0.0000 0 0.0000 -1.0000 -1.0000 -1.0000 -1.0000 1.8942 1.5426 4.5358 -53.8854 -12.6156 0.6632 -0.0135 0.4672
Car 0.0000 0 0.0000 -1.0000 -1.0000 -1.0000 -1.0000 1.9083 1.5645 4.4780 57.0715 -4.9735 0.6278 3.1399 0.4669
Car 0.0000 0 0.0000 -1.0000 -1.0000 -1.0000 -1.0000 1.8784 1.5167 4.5412 -29.0176 -17.3218 0.9215 -1.4686 0.4428
Car 0.0000 0 0.0000 -1.0000 -1.0000 -1.0000 -1.0000 1.9696 1.5082 4.6476 -67.4725 2.2043 0.5123 -0.0442 0.4368
Car 0.0000 0 0.0000 -1.0000 -1.0000 -1.0000 -1.0000 1.8843 1.5154 4.5312 -35.3707 -15.7101 0.7051 1.4350 0.4109
Car 0.0000 0 0.0000 -1.0000 -1.0000 -1.0000 -1.0000 1.8709 1.4962 4.4307 -51.2378 -9.8321 0.5664 -0.0368 0.4073
Car 0.0000 0 0.0000 -1.0000 -1.0000 -1.0000 -1.0000 1.9773 1.6800 4.7369 -68.8960 15.7692 0.2632 3.1144 0.4072
Car 0.0000 0 0.0000 -1.0000 -1.0000 -1.0000 -1.0000 1.8946 1.4780 4.4725 11.1561 13.2487 0.4108 -0.0112 0.3967
Car 0.0000 0 0.0000 -1.0000 -1.0000 -1.0000 -1.0000 1.9339 1.5043 4.5346 -8.8608 7.5994 0.6117 3.1392 0.3833
Car 0.0000 0 0.0000 -1.0000 -1.0000 -1.0000 -1.0000 1.9198 1.5018 4.4766 -43.4765 0.2511 0.5926 -0.0683 0.3707
Car 0.0000 0 0.0000 -1.0000 -1.0000 -1.0000 -1.0000 1.9540 1.5557 4.6369 78.6593 11.2277 0.3447 0.0966 0.3457
Car 0.0000 0 0.0000 -1.0000 -1.0000 -1.0000 -1.0000 2.0366 2.0320 4.8383 43.7312 -13.2920 0.9654 0.1651 0.3403
Car 0.0000 0 0.0000 -1.0000 -1.0000 -1.0000 -1.0000 2.2879 2.4794 5.2109 12.1241 16.9862 0.8461 -3.0794 0.3107
Car 0.0000 0 0.0000 -1.0000 -1.0000 -1.0000 -1.0000 1.9639 1.5688 4.7778 57.4009 -12.8207 0.5891 3.1231 0.3071
Car 0.0000 0 0.0000 -1.0000 -1.0000 -1.0000 -1.0000 1.8976 1.5947 4.6273 49.9374 -0.9379 0.6905 0.1255 0.3005
Truck 0.0000 0 0.0000 -1.0000 -1.0000 -1.0000 -1.0000 2.4395 2.2164 6.5502 41.5847 -5.5184 1.0594 0.1298 0.5302
Truck 0.0000 0 0.0000 -1.0000 -1.0000 -1.0000 -1.0000 2.9328 3.3230 10.2668 84.3298 0.7181 1.3996 -2.9959 0.4345
Tricar 0.0000 0 0.0000 -1.0000 -1.0000 -1.0000 -1.0000 1.3877 1.8496 2.9638 54.1954 -21.2600 1.3071 2.3691 0.3268
Cyclist 0.0000 0 0.0000 -1.0000 -1.0000 -1.0000 -1.0000 0.7559 1.5086 1.7603 -40.0190 23.8313 -0.1480 -0.0726 0.4950
Cyclist 0.0000 0 0.0000 -1.0000 -1.0000 -1.0000 -1.0000 0.7106 1.4763 1.6760 33.2586 -13.5224 0.7592 -3.0967 0.4764
Cyclist 0.0000 0 0.0000 -1.0000 -1.0000 -1.0000 -1.0000 0.8467 1.5601 1.8702 -44.2925 -8.8066 0.5879 3.0464 0.3591
Cyclist 0.0000 0 0.0000 -1.0000 -1.0000 -1.0000 -1.0000 0.6515 1.1561 1.6532 -25.4788 -19.5613 0.9183 1.9308 0.3491
Pedestrian 0.0000 0 0.0000 -1.0000 -1.0000 -1.0000 -1.0000 0.6907 1.5966 0.6319 -25.9981 -14.7583 0.8199 -3.0447 0.4222
