Car 0.0000 0 0.0000 -1.0000 -1.0000 -1.0000 -1.0000 1.9941 1.4859 4.5403 13.9140 -2.6061 0.8027 0.0533 0.8250
Car 0.0000 0 0.0000 -1.0000 -1.0000 -1.0000 -1.0000 1.9434 1.4815 4.4849 11.0457 4.8319 0.7454 -0.0298 0.7387
Car 0.0000 0 0.0000 -1.0000 -1.0000 -1.0000 -1.0000 2.0706 1.7071 4.7978 -36.9167 5.0525 0.7982 -3.1413 0.6351
Car 0.0000 0 0.0000 -1.0000 -1.0000 -1.0000 -1.0000 2.0545 1.5390 4.6077 20.8368 -0.3829 0.8276 0.0323 0.6062
Car 0.0000 0 0.0000 -1.0000 -1.0000 -1.0000 -1.0000 2.0206 1.5938 4.5709 -4.0579 3.9611 0.7783 -0.0183 0.5922
Truck 0.0000 0 0.0000 -1.0000 -1.0000 -1.0000 -1.0000 2.8788 3.1275 10.7921 45.3166 3.1428 1.7110 3.1288 0.6753
Truck 0.0000 0 0.0000 -1.0000 -1.0000 -1.0000 -1.0000 2.5325 2.4526 6.7257 31.8696 -1.5553 1.3926 0.0131 0.5201
Truck 0.0000 0 0.0000 -1.0000 -1.0000 -1.0000 -1.0000 2.9241 3.4082 9.1189 -51.7212 -1.2110 1.7451 -0.0656 0.4303
Truck 0.0000 0 0.0000 -1.0000 -1.0000 -1.0000 -1.0000 2.1807 2.1288 5.4985 -15.3177 0.2194 1.0383 3.1072 0.4277
Cyclist 0.0000 0 0.0000 -1.0000 -1.0000 -1.0000 -1.0000 0.7593 1.5747 1.7120 37.1194 -6.4966 0.9662 0.0117 0.3870
Cyclist 0.0000 0 0.0000 -1.0000 -1.0000 -1.0000 -1.0000 0.7192 1.5594 1.6616 48.3349 -5.8685 0.8891 -3.1232 0.3683
Cyclist 0.0000 0 0.0000 -1.0000 -1.0000 -1.0000 -1.0000 0.7707 1.5771 1.7382 -38.0841 9.6078 0.6064 0.0451 0.3201
