Car 0.0000 0 0.0000 -1.0000 -1.0000 -1.0000 -1.0000 1.9902 1.4697 4.5452 18.2884 3.3449 0.7346 3.1368 0.8224
Car 0.0000 0 0.0000 -1.0000 -1.0000 -1.0000 -1.0000 1.9652 1.4705 4.5353 -15.9497 -8.8733 0.7477 -3.1354 0.8179
Car 0.0000 0 0.0000 -1.0000 -1.0000 -1.0000 -1.0000 1.9610 1.4301 4.5023 -10.5725 3.2736 0.7400 0.0247 0.8057
Car 0.0000 0 0.0000 -1.0000 -1.0000 -1.0000 -1.0000 1.9975 1.6370 4.6097 -18.0115 0.3532 0.8302 3.1335 0.7913
Car 0.0000 0 0.0000 -1.0000 -1.0000 -1.0000 -1.0000 1.9137 1.4637 4.4240 -1.0353 3.4648 0.6999 -3.1409 0.7380
Car 0.0000 0 0.0000 -1.0000 -1.0000 -1.0000 -1.0000 1.9864 1.7551 4.5599 12.3565 -8.8562 0.8192 -3.1409 0.7375
Car 0.0000 0 0.0000 -1.0000 -1.0000 -1.0000 -1.0000 1.8826 1.5409 4.3802 17.8959 -8.8340 0.6982 -0.0169 0.7320
Car 0.0000 0 0.0000 -1.0000 -1.0000 -1.0000 -1.0000 1.9221 1.4734 4.3964 2.0497 -9.0896 0.6571 -0.0035 0.6529
Car 0.0000 0 0.0000 -1.0000 -1.0000 -1.0000 -1.0000 1.9375 1.4759 4.4624 -32.3671 -8.5908 0.8110 -0.0136 0.6301
Car 0.0000 0 0.0000 -1.0000 -1.0000 -1.0000 -1.0000 1.9813 1.8098 4.5915 -23.8871 3.4748 0.9289 3.1190 0.6229
Car 0.0000 0 0.0000 -1.0000 -1.0000 -1.0000 -1.0000 1.9314 1.5441 4.5670 -19.8536 12.9639 0.5312 3.1007 0.6151
Car 0.0000 0 0.0000 -1.0000 -1.0000 -1.0000 -1.0000 1.9056 1.4246 4.4868 -10.2254 -8.6499 0.6718 3.1093 0.5832
Car 0.0000 0 0.0000 -1.0000 -1.0000 -1.0000 -1.0000 1.8212 1.5097 4.4515 -2.4038 12.2041 0.5599 -3.0848 0.5793
Car 0.0000 0 0.0000 -1.0000 -1.0000 -1.0000 -1.0000 1.9121 1.4929 4.5569 33.3955 12.2363 0.4127 3.0988 0.5642
Car 0.0000 0 0.0000 -1.0000 -1.0000 -1.0000 -1.0000 1.8824 1.6047 4.4803 -38.6954 12.7756 0.6202 -0.0181 0.5490
Car 0.0000 0 0.0000 -1.0000 -1.0000 -1.0000 -1.0000 1.9088 1.4354 4.4644 -43.5988 -8.5314 0.8508 -3.0633 0.5275
Car 0.0000 0 0.0000 -1.0000 -1.0000 -1.0000 -1.0000 1.8669 1.4913 4.3929 7.3699 -8.8078 0.6634 -0.0401 0.5078
Car 0.0000 0 0.0000 -1.0000 -1.0000 -1.0000 -1.0000 1.8752 1.5137 4.5272 -51.9547 12.9158 0.5334 -0.0228 0.4866
Car 0.0000 0 0.0000 -1.0000 -1.0000 -1.0000 -1.0000 1.8902 1.6291 4.5689 -46.6854 3.0697 0.9051 3.1289 0.4865
Car 0.0000 0 0.0000 -1.0000 -1.0000 -1.0000 -1.0000 1.8174 1.4664 4.4086 -33.3396 12.8266 0.4648 -0.0144 0.4812
Car 0.0000 0 0.0000 -1.0000 -1.0000 -1.0000 -1.0000 1.8540 1.5070 4.4615 -14.6459 12.9680 0.4717 -3.1088 0.4702
Car 0.0000 0 0.0000 -1.0000 -1.0000 -1.0000 -1.0000 1.8363 1.5538 4.4546 23.1444 -9.1588 0.6023 3.0963 0.4088
Car 0.0000 0 0.0000 -1.0000 -1.0000 -1.0000 -1.0000 1.9414 1.5829 4.7231 -55.9725 -8.7246 0.9827 -3.0478 0.3377
Car 0.0000 0 0.0000 -1.0000 -1.0000 -1.0000 -1.0000 1.8922 1.6077 4.5126 -7.3437 12.6473 0.6206 0.0801 0.3352
Car 0.0000 0 0.0000 -1.0000 -1.0000 -1.0000 -1.0000 1.9201 1.9553 4.6076 -40.7598 -16.7504 1.4905 -2.9627 0.3310
Truck 0.0000 0 0.0000 -1.0000 -1.0000 -1.0000 -1.0000 2.6852 3.2956 6.5677 -34.0070 3.0960 1.7490 -0.0495 0.5098
Truck 0.0000 0 0.0000 -1.0000 -1.0000 -1.0000 -1.0000 2.8532 3.3190 10.8346 28.1246 0.2798 1.7077 0.0015 0.4984
Tricar 0.0000 0 0.0000 -1.0000 -1.0000 -1.0000 -1.0000 1.1984 1.6494 2.6075 4.6430 13.1551 0.5873 3.0888 0.4058
Cyclist 0.0000 0 0.0000 -1.0000 -1.0000 -1.0000 -1.0000 0.7240 1.4929 1.7135 -7.8772 9.1504 0.6412 -3.1372 0.5851
Cyclist 0.0000 0 0.0000 -1.0000 -1.0000 -1.0000 -1.0000 0.7284 1.5401 1.6927 -9.4677 -5.4677 0.7278 -3.1237 0.4715
Cyclist 0.0000 0 0.0000 -1.0000 -1.0000 -1.0000 -1.0000 0.7811 1.3576 1.8545 -4.2180 -9.1161 0.6221 -2.9739 0.4327
Cyclist 0.0000 0 0.0000 -1.0000 -1.0000 -1.0000 -1.0000 0.7495 1.5680 1.6967 23.1388 10.7293 0.5317 3.1381 0.4259
Cyclist 0.0000 0 0.0000 -1.0000 -1.0000 -1.0000 -1.0000 0.6788 1.4037 1.6273 6.4272 -11.1032 0.6959 -3.0566 0.3878
Cyclist 0.0000 0 0.0000 -1.0000 -1.0000 -1.0000 -1.0000 0.7291 1.5251 1.7014 -29.2514 -4.5401 0.7721 0.0216 0.3846
Cyclist 0.0000 0 0.0000 -1.0000 -1.0000 -1.0000 -1.0000 0.7311 1.4239 1.7229 -13.1139 -14.1534 0.9288 -2.9592 0.3432
Cyclist 0.0000 0 0.0000 -1.0000 -1.0000 -1.0000 -1.0000 0.7048 1.4933 1.6680 -31.5839 -13.7811 1.1017 -3.0315 0.3150
Cyclist 0.0000 0 0.0000 -1.0000 -1.0000 -1.0000 -1.0000 0.7357 1.5694 1.6923 -8.9382 -13.7155 1.0402 -2.9645 0.3092
Pedestrian 0.0000 0 0.0000 -1.0000 -1.0000 -1.0000 -1.0000 0.6718 1.6257 0.6255 -5.1362 -11.9458 1.0541 0.0748 0.5459
Pedestrian 0.0000 0 0.0000 -1.0000 -1.0000 -1.0000 -1.0000 0.6998 1.6340 0.6746 -8.9734 -13.7503 1.0615 -3.0036 0.4388
Pedestrian 0.0000 0 0.0000 -1.0000 -1.0000 -1.0000 -1.0000 0.7189 1.7307 0.6934 -27.1010 -12.0150 1.2577 0.1243 0.3558
