Car 0.0000 0 0.0000 -1.0000 -1.0000 -1.0000 -1.0000 2.0182 1.6679 4.6766 -6.2290 -4.4963 0.8481 3.1380 0.8357
Car 0.0000 0 0.0000 -1.0000 -1.0000 -1.0000 -1.0000 2.0040 1.4638 4.6444 -12.3058 -4.7509 0.7560 3.1146 0.8193
Car 0.0000 0 0.0000 -1.0000 -1.0000 -1.0000 -1.0000 1.9381 1.4736 4.4714 -26.3399 -4.6469 0.7604 3.0701 0.7841
Car 0.0000 0 0.0000 -1.0000 -1.0000 -1.0000 -1.0000 2.0581 1.8005 4.6593 -37.7696 6.4509 0.7365 -3.1404 0.7294
Car 0.0000 0 0.0000 -1.0000 -1.0000 -1.0000 -1.0000 1.9786 1.6880 4.5338 54.7208 3.0325 1.0914 0.0050 0.6730
Car 0.0000 0 0.0000 -1.0000 -1.0000 -1.0000 -1.0000 1.8545 1.4798 4.3412 -9.3422 3.1663 0.6993 0.0759 0.6023
Car 0.0000 0 0.0000 -1.0000 -1.0000 -1.0000 -1.0000 2.0408 1.4708 4.6314 24.6564 -0.6155 0.8579 -3.1366 0.5888
Car 0.0000 0 0.0000 -1.0000 -1.0000 -1.0000 -1.0000 1.9343 1.5710 4.4705 3.7641 -4.6704 0.8460 -0.0625 0.5850
Car 0.0000 0 0.0000 -1.0000 -1.0000 -1.0000 -1.0000 1.9695 1.4802 4.5899 -32.6692 -3.4899 0.7004 -3.1311 0.5786
Car 0.0000 0 0.0000 -1.0000 -1.0000 -1.0000 -1.0000 2.1417 1.8304 4.9651 -18.5975 -0.1162 0.9166 0.0324 0.5042
Car 0.0000 0 0.0000 -1.0000 -1.0000 -1.0000 -1.0000 1.8554 1.5887 4.5056 -16.1964 -7.8994 0.8592 -0.0942 0.4862
Car 0.0000 0 0.0000 -1.0000 -1.0000 -1.0000 -1.0000 1.8986 1.5288 4.5106 -52.7238 -5.3758 0.8156 -3.0889 0.4746
Car 0.0000 0 0.0000 -1.0000 -1.0000 -1.0000 -1.0000 1.9056 1.5410 4.5255 54.0444 6.8524 0.9369 -3.1093 0.4468
Car 0.0000 0 0.0000 -1.0000 -1.0000 -1.0000 -1.0000 2.1031 2.0210 4.9335 -32.9839 -0.5374 0.9773 3.1323 0.4229
Car 0.0000 0 0.0000 -1.0000 -1.0000 -1.0000 -1.0000 1.9541 1.5806 4.6114 57.7711 -0.8083 1.0588 0.0408 0.4118
Car 0.0000 0 0.0000 -1.0000 -1.0000 -1.0000 -1.0000 1.9222 1.5940 4.5714 -69.3131 -5.0856 0.7047 -3.0432 0.3752
Car 0.0000 0 0.0000 -1.0000 -1.0000 -1.0000 -1.0000 1.8001 1.5482 4.4476 -41.1199 -5.2406 0.7680 -0.0129 0.3468
Car 0.0000 0 0.0000 -1.0000 -1.0000 -1.0000 -1.0000 1.9238 1.6278 4.5882 66.5004 6.5847 0.9555 0.0181 0.3444
Car 0.0000 0 0.0000 -1.0000 -1.0000 -1.0000 -1.0000 1.8662 1.5289 4.4406 -47.9444 3.3778 0.6074 -2.1622 0.3186
Car 0.0000 0 0.0000 -1.0000 -1.0000 -1.0000 -1.0000 1.9569 1.5975 4.5342 31.7660 9.0511 0.8758 -0.0043 0.3083
Car 0.0000 0 0.0000 -1.0000 -1.0000 -1.0000 -1.0000 1.9097 1.5199 4.5376 60.4731 6.4866 0.8958 0.0015 0.3074
Car 0.0000 0 0.0000 -1.0000 -1.0000 -1.0000 -1.0000 1.8808 1.7505 4.6545 48.4013 -8.9598 1.4694 -0.1336 0.3020
Tricar 0.0000 0 0.0000 -1.0000 -1.0000 -1.0000 -1.0000 1.4244 1.7855 3.0168 54.1988 8.3764 1.1100 -3.0179 0.3474
Cyclist 0.0000 0 0.0000 -1.0000 -1.0000 -1.0000 -1.0000 0.7309 1.5265 1.7074 -27.0105 5.7911 0.5862 0.0721 0.5608
Cyclist 0.0000 0 0.0000 -1.0000 -1.0000 -1.0000 -1.0000 0.6664 1.2570 1.7093 1.3633 -10.6688 0.9384 -1.5838 0.4475
Cyclist 0.0000 0 0.0000 -1.0000 -1.0000 -1.0000 -1.0000 0.8230 1.5137 1.8557 4.5166 11.1594 0.6321 -0.0185 0.3006
Pedestrian 0.0000 0 0.0000 -1.0000 -1.0000 -1.0000 -1.0000 0.7343 1.6858 0.6997 22.1318 -5.6003 1.0337 3.0974 0.3014
