Car 0.0000 0 0.0000 -1.0000 -1.0000 -1.0000 -1.0000 1.9730 1.5872 4.6672 -27.8441 -10.6587 1.1238 -1.3925 0.6365
Car 0.0000 0 0.0000 -1.0000 -1.0000 -1.0000 -1.0000 2.0151 1.6012 4.6239 -34.4060 -8.1196 1.1181 -0.0068 0.5040
Car 0.0000 0 0.0000 -1.0000 -1.0000 -1.0000 -1.0000 1.9307 1.4795 4.5545 30.8023 15.3940 0.2344 3.1344 0.3974
Car 0.0000 0 0.0000 -1.0000 -1.0000 -1.0000 -1.0000 1.8959 1.4527 4.4736 15.1093 21.0361 0.1852 -0.1223 0.3491
Truck 0.0000 0 0.0000 -1.0000 -1.0000 -1.0000 -1.0000 2.4290 2.3925 6.4627 27.4351 0.1897 1.0605 3.1354 0.4574
Truck 0.0000 0 0.0000 -1.0000 -1.0000 -1.0000 -1.0000 2.5574 2.9469 6.4445 -30.8984 -20.0732 1.8172 0.1938 0.3981
Tricar 0.0000 0 0.0000 -1.0000 -1.0000 -1.0000 -1.0000 1.3370 1.7533 2.9614 -2.3393 13.9536 0.5175 -0.0204 0.4509
Tricar 0.0000 0 0.0000 -1.0000 -1.0000 -1.0000 -1.0000 1.0756 1.6169 2.6462 7.9754 -4.3460 0.8636 0.1079 0.4489
Tricar 0.0000 0 0.0000 -1.0000 -1.0000 -1.0000 -1.0000 1.1810 1.6480 2.6603 -47.3780 -5.1695 1.0121 -0.0138 0.4200
Tricar 0.0000 0 0.0000 -1.0000 -1.0000 -1.0000 -1.0000 1.3321 1.7954 2.7117 -68.0176 -4.8137 1.1808 -3.1230 0.3458
Cyclist 0.0000 0 0.0000 -1.0000 -1.0000 -1.0000 -1.0000 0.7149 1.4769 1.6895 -14.1877 -8.5806 0.9346 3.0754 0.5598
Cyclist 0.0000 0 0.0000 -1.0000 -1.0000 -1.0000 -1.0000 0.6984 1.2030 1.6885 6.7056 -8.0922 0.7155 -0.5421 0.4199
Cyclist 0.0000 0 0.0000 -1.0000 -1.0000 -1.0000 -1.0000 0.7200 1.4773 1.6848 -62.7331 -5.5532 0.9123 0.0212 0.3266
Cyclist 0.0000 0 0.0000 -1.0000 -1.0000 -1.0000 -1.0000 0.7055 1.4981 1.6747 59.5600 -3.2919 0.5025 -3.1028 0.3052
Cyclist 0.0000 0 0.0000 -1.0000 -1.0000 -1.0000 -1.0000 0.7311 1.5502 1.7034 51.8004 14.8526 0.1917 -3.1163 0.3029
