Car 0.0000 0 0.0000 -1.0000 -1.0000 -1.0000 -1.0000 2.0395 1.4506 4.6761 -18.3433 -3.1847 0.7488 2.8100 0.8577
Car 0.0000 0 0.0000 -1.0000 -1.0000 -1.0000 -1.0000 1.9756 1.4846 4.5524 14.5878 -10.4132 0.8808 2.8362 0.8360
Car 0.0000 0 0.0000 -1.0000 -1.0000 -1.0000 -1.0000 2.0298 1.4660 4.6284 -0.8630 -5.1908 0.7732 -0.3099 0.8018
Car 0.0000 0 0.0000 -1.0000 -1.0000 -1.0000 -1.0000 2.0444 1.4653 4.6611 -26.3038 -0.7319 0.7196 -0.3403 0.7710
Car 0.0000 0 0.0000 -1.0000 -1.0000 -1.0000 -1.0000 1.9983 1.6943 4.5464 -5.4203 -14.5672 0.9575 2.7950 0.7686
Car 0.0000 0 0.0000 -1.0000 -1.0000 -1.0000 -1.0000 1.9276 1.4652 4.5084 -2.8360 -8.4212 0.7913 2.7948 0.7505
Car 0.0000 0 0.0000 -1.0000 -1.0000 -1.0000 -1.0000 1.9669 1.4790 4.5568 44.3693 -13.0413 1.0347 2.8672 0.7379
Car 0.0000 0 0.0000 -1.0000 -1.0000 -1.0000 -1.0000 1.8462 1.5003 4.2759 -16.4561 -14.1777 0.6951 -0.2878 0.6350
Car 0.0000 0 0.0000 -1.0000 -1.0000 -1.0000 -1.0000 1.8959 1.5279 4.4840 -2.7496 -18.8451 0.8725 2.8455 0.6191
Car 0.0000 0 0.0000 -1.0000 -1.0000 -1.0000 -1.0000 1.8764 1.5564 4.4824 -10.1532 -16.8959 0.8151 2.8697 0.6179
Car 0.0000 0 0.0000 -1.0000 -1.0000 -1.0000 -1.0000 1.9922 1.7060 4.7161 19.2391 18.1210 0.0974 2.8520 0.5950
Car 0.0000 0 0.0000 -1.0000 -1.0000 -1.0000 -1.0000 2.0086 1.7094 4.6880 -40.6859 -6.2111 0.7816 -0.3120 0.5892
Car 0.0000 0 0.0000 -1.0000 -1.0000 -1.0000 -1.0000 2.0205 1.6962 4.5631 1.7987 -16.8997 0.9987 -0.3354 0.5809
Car 0.0000 0 0.0000 -1.0000 -1.0000 -1.0000 -1.0000 1.9307 1.4874 4.4673 8.4392 -18.9523 0.8827 2.8356 0.5778
Car 0.0000 0 0.0000 -1.0000 -1.0000 -1.0000 -1.0000 1.9988 1.5453 4.6394 -46.1018 -4.0157 0.6494 -0.3581 0.5674
Car 0.0000 0 0.0000 -1.0000 -1.0000 -1.0000 -1.0000 2.0455 1.8431 4.7180 -25.2285 -7.6180 0.8870 -0.2883 0.5649
Car 0.0000 0 0.0000 -1.0000 -1.0000 -1.0000 -1.0000 2.0280 1.6381 4.6233 20.8928 -12.6789 0.9598 -0.3325 0.5386
Car 0.0000 0 0.0000 -1.0000 -1.0000 -1.0000 -1.0000 2.1127 1.7543 4.7250 -11.6113 -5.4855 0.8777 -0.2983 0.5379
Car 0.0000 0 0.0000 -1.0000 -1.0000 -1.0000 -1.0000 1.9405 1.4227 4.4811 -11.5297 -12.6753 0.7472 2.8541 0.5217
Car 0.0000 0 0.0000 -1.0000 -1.0000 -1.0000 -1.0000 1.8890 1.5935 4.4806 38.5532 -9.9087 1.0571 2.8114 0.5211
Car 0.0000 0 0.0000 -1.0000 -1.0000 -1.0000 -1.0000 1.9730 1.5644 4.6116 46.0054 -3.1925 0.6729 2.7452 0.5065
Car 0.0000 0 0.0000 -1.0000 -1.0000 -1.0000 -1.0000 2.1059 1.9605 4.8280 5.8157 -7.3370 1.0627 2.7819 0.4944
Car 0.0000 0 0.0000 -1.0000 -1.0000 -1.0000 -1.0000 1.9522 1.6804 4.5295 60.8669 -8.6740 0.9440 2.7426 0.4618
Car 0.0000 0 0.0000 -1.0000 -1.0000 -1.0000 -1.0000 1.9370 1.5125 4.6005 10.0575 -23.0329 0.9019 2.8071 0.4379
Car 0.0000 0 0.0000 -1.0000 -1.0000 -1.0000 -1.0000 1.9142 1.6707 4.5338 21.3660 -16.0822 1.0072 2.7942 0.3996
Car 0.0000 0 0.0000 -1.0000 -1.0000 -1.0000 -1.0000 1.9473 1.6519 4.6242 29.1976 -15.8873 1.0624 -0.4460 0.3918
Car 0.0000 0 0.0000 -1.0000 -1.0000 -1.0000 -1.0000 1.9419 1.5694 4.6153 -83.4996 10.8085 0.7138 -0.1611 0.3909
Car 0.0000 0 0.0000 -1.0000 -1.0000 -1.0000 -1.0000 1.8727 1.5898 4.5291 -25.4807 -11.1052 0.7210 2.8685 0.3513
Car 0.0000 0 0.0000 -1.0000 -1.0000 -1.0000 -1.0000 1.8536 1.5191 4.4661 2.8076 -20.4951 0.8496 2.8514 0.3473
Truck 0.0000 0 0.0000 -1.0000 -1.0000 -1.0000 -1.0000 2.8687 3.4787 10.1243 48.1699 -25.6912 2.2594 2.7516 0.5032
Truck 0.0000 0 0.0000 -1.0000 -1.0000 -1.0000 -1.0000 1.8350 1.9814 4.6586 6.0553 -11.1584 1.1388 2.8256 0.3344
Truck 0.0000 0 0.0000 -1.0000 -1.0000 -1.0000 -1.0000 2.7657 3.1867 11.5364 15.7122 -6.7467 1.7756 2.8428 0.3229
Cyclist 0.0000 0 0.0000 -1.0000 -1.0000 -1.0000 -1.0000 0.7664 1.5565 1.7439 -28.4437 27.8622 0.0185 -0.3882 0.4136
