Car 0.0000 0 0.0000 -1.0000 -1.0000 -1.0000 -1.0000 2.1173 1.7192 4.7764 -12.8065 -2.4856 0.8652 -0.0338 0.8133
Car 0.0000 0 0.0000 -1.0000 -1.0000 -1.0000 -1.0000 1.9774 1.4647 4.4887 12.0005 10.8124 0.6509 3.1241 0.7610
Car 0.0000 0 0.0000 -1.0000 -1.0000 -1.0000 -1.0000 2.0263 1.5101 4.6642 41.3384 -0.7656 1.0000 0.0027 0.7454
Car 0.0000 0 0.0000 -1.0000 -1.0000 -1.0000 -1.0000 2.0017 1.4793 4.6294 10.2826 7.3927 0.7044 3.1035 0.7320
Car 0.0000 0 0.0000 -1.0000 -1.0000 -1.0000 -1.0000 1.9612 1.4932 4.4765 -5.5908 8.3607 0.6514 3.1079 0.7085
Car 0.0000 0 0.0000 -1.0000 -1.0000 -1.0000 -1.0000 1.9994 1.4649 4.6004 26.4125 10.3076 0.7092 3.1199 0.7041
Car 0.0000 0 0.0000 -1.0000 -1.0000 -1.0000 -1.0000 1.9401 1.4487 4.5355 46.6879 10.5032 0.8211 0.0000 0.6967
Car 0.0000 0 0.0000 -1.0000 -1.0000 -1.0000 -1.0000 1.9913 1.4462 4.5435 -32.6208 -3.6061 0.7221 -0.0245 0.6817
Car 0.0000 0 0.0000 -1.0000 -1.0000 -1.0000 -1.0000 1.9728 1.7832 4.6062 -20.1521 39.1563 0.1591 -1.8441 0.6365
Car 0.0000 0 0.0000 -1.0000 -1.0000 -1.0000 -1.0000 1.9423 1.5744 4.5962 -27.3797 -25.3222 0.5720 1.2410 0.6176
Car 0.0000 0 0.0000 -1.0000 -1.0000 -1.0000 -1.0000 1.8856 1.5583 4.4956 20.0817 16.4540 0.5736 3.0927 0.5937
Car 0.0000 0 0.0000 -1.0000 -1.0000 -1.0000 -1.0000 1.9118 1.4815 4.5325 -20.7902 11.0493 0.4960 0.0730 0.5578
Car 0.0000 0 0.0000 -1.0000 -1.0000 -1.0000 -1.0000 1.9894 1.7061 4.6466 -70.1117 10.9800 0.5740 -0.0114 0.5267
Car 0.0000 0 0.0000 -1.0000 -1.0000 -1.0000 -1.0000 2.0146 1.4948 4.6391 -45.6324 -0.3090 0.7196 -3.1121 0.4409
Car 0.0000 0 0.0000 -1.0000 -1.0000 -1.0000 -1.0000 2.0188 1.6804 4.7781 59.6564 -4.6108 1.0941 2.9577 0.3985
Car 0.0000 0 0.0000 -1.0000 -1.0000 -1.0000 -1.0000 1.9060 1.6023 4.5822 -65.7140 7.9812 0.5326 -0.0042 0.3842
Car 0.0000 0 0.0000 -1.0000 -1.0000 -1.0000 -1.0000 1.9499 1.8334 4.5647 -56.7302 2.8188 0.8326 3.1252 0.3840
Car 0.0000 0 0.0000 -1.0000 -1.0000 -1.0000 -1.0000 1.9735 1.4703 4.5986 -19.2053 7.8116 0.5274 3.1365 0.3152
Truck 0.0000 0 0.0000 -1.0000 -1.0000 -1.0000 -1.0000 2.5554 3.0171 6.3335 52.3277 6.6676 1.7522 3.0834 0.5185
Truck 0.0000 0 0.0000 -1.0000 -1.0000 -1.0000 -1.0000 2.6313 3.1348 6.5911 7.8947 -3.0438 1.6650 -3.1361 0.5146
Truck 0.0000 0 0.0000 -1.0000 -1.0000 -1.0000 -1.0000 2.9832 3.6077 11.1143 -66.4985 14.2180 1.4579 -0.0161 0.4731
Truck 0.0000 0 0.0000 -1.0000 -1.0000 -1.0000 -1.0000 2.4645 2.4286 6.7726 -31.4708 20.4583 0.6682 -2.2717 0.4218
Truck 0.0000 0 0.0000 -1.0000 -1.0000 -1.0000 -1.0000 2.5509 2.7577 6.6837 -69.4959 0.4933 1.1698 -3.1400 0.4071
Truck 0.0000 0 0.0000 -1.0000 -1.0000 -1.0000 -1.0000 2.2971 2.3019 5.9906 -14.6967 -17.7079 1.1098 -2.8345 0.3945
Cyclist 0.0000 0 0.0000 -1.0000 -1.0000 -1.0000 -1.0000 0.7394 1.5321 1.7336 -25.4392 -11.8261 0.6627 3.1089 0.7009
Cyclist 0.0000 0 0.0000 -1.0000 -1.0000 -1.0000 -1.0000 0.7353 1.5079 1.7231 -17.4749 -13.7918 0.6705 -0.0572 0.5626
Cyclist 0.0000 0 0.0000 -1.0000 -1.0000 -1.0000 -1.0000 0.7864 1.5478 1.7920 -2.3475 -15.4399 0.6622 0.0337 0.4617
Cyclist 0.0000 0 0.0000 -1.0000 -1.0000 -1.0000 -1.0000 0.7070 1.5400 1.6697 36.8490 24.5918 0.3494 3.1033 0.3718
Pedestrian 0.0000 0 0.0000 -1.0000 -1.0000 -1.0000 -1.0000 0.7117 1.6239 0.6833 -7.3456 25.3814 0.0935 -0.2790 0.3014
