Car 0.0000 0 0.0000 -1.0000 -1.0000 -1.0000 -1.0000 1.9783 1.4508 4.5213 20.2397 -17.5582 0.8804 2.9309 0.7648
Car 0.0000 0 0.0000 -1.0000 -1.0000 -1.0000 -1.0000 1.9747 1.4985 4.5504 13.9409 -15.9715 0.9024 2.9603 0.7596
Car 0.0000 0 0.0000 -1.0000 -1.0000 -1.0000 -1.0000 2.0146 1.6943 4.5943 26.3247 -18.7226 0.9765 -0.2127 0.7316
Car 0.0000 0 0.0000 -1.0000 -1.0000 -1.0000 -1.0000 1.9082 1.4722 4.4868 35.8316 -20.1460 0.8878 2.9200 0.6847
Car 0.0000 0 0.0000 -1.0000 -1.0000 -1.0000 -1.0000 2.0823 1.8880 4.8780 12.8293 -22.7879 1.2261 2.9742 0.6369
Car 0.0000 0 0.0000 -1.0000 -1.0000 -1.0000 -1.0000 1.9712 1.7204 4.6992 -52.0048 -12.0501 0.7590 -0.2240 0.6097
Car 0.0000 0 0.0000 -1.0000 -1.0000 -1.0000 -1.0000 1.9720 1.6177 4.6856 -8.3624 9.8105 0.7226 -1.8080 0.5462
Car 0.0000 0 0.0000 -1.0000 -1.0000 -1.0000 -1.0000 2.0357 1.5195 4.6500 12.8404 -18.9563 0.9730 2.9688 0.5433
Car 0.0000 0 0.0000 -1.0000 -1.0000 -1.0000 -1.0000 1.9306 1.4755 4.5911 -18.7231 -30.2393 0.9749 -1.3354 0.5163
Car 0.0000 0 0.0000 -1.0000 -1.0000 -1.0000 -1.0000 1.9667 1.5704 4.6368 42.3352 -25.4749 0.9222 2.8841 0.4156
Car 0.0000 0 0.0000 -1.0000 -1.0000 -1.0000 -1.0000 1.9435 1.4985 4.6092 -53.0829 -15.4642 0.6199 -0.1289 0.4056
Car 0.0000 0 0.0000 -1.0000 -1.0000 -1.0000 -1.0000 1.9016 1.5935 4.5257 -47.0408 -16.7107 0.6807 -0.1269 0.3729
Car 0.0000 0 0.0000 -1.0000 -1.0000 -1.0000 -1.0000 1.9257 1.9563 4.6008 -3.2624 31.7512 0.7841 1.4076 0.3558
Car 0.0000 0 0.0000 -1.0000 -1.0000 -1.0000 -1.0000 1.9432 1.6877 4.6286 -11.5840 11.8321 0.7318 -1.7775 0.3395
Car 0.0000 0 0.0000 -1.0000 -1.0000 -1.0000 -1.0000 2.0342 2.0617 4.8249 -5.7679 19.2369 0.7981 -1.8889 0.3252
Car 0.0000 0 0.0000 -1.0000 -1.0000 -1.0000 -1.0000 2.0735 2.3347 4.8968 -4.3657 26.1068 0.8648 1.3543 0.3226
Car 0.0000 0 0.0000 -1.0000 -1.0000 -1.0000 -1.0000 1.9049 1.5716 4.5038 27.5550 -22.0360 0.9282 2.9545 0.3164
Car 0.0000 0 0.0000 -1.0000 -1.0000 -1.0000 -1.0000 1.8352 1.8148 4.4446 -56.8472 -0.1837 0.5600 -0.2249 0.3122
Car 0.0000 0 0.0000 -1.0000 -1.0000 -1.0000 -1.0000 1.9245 1.5024 4.5856 42.6294 -21.5225 0.8850 2.8647 0.3092
Truck 0.0000 0 0.0000 -1.0000 -1.0000 -1.0000 -1.0000 2.2565 2.3151 5.9277 -7.9762 -17.6315 1.4107 2.0953 0.5207
Truck 0.0000 0 0.0000 -1.0000 -1.0000 -1.0000 -1.0000 2.3119 2.3282 6.2159 -39.2591 -14.9131 1.1703 -0.1993 0.4919
Truck 0.0000 0 0.0000 -1.0000 -1.0000 -1.0000 -1.0000 2.2597 2.4810 5.7816 18.1720 -21.5041 1.5818 2.9472 0.3880
Truck 0.0000 0 0.0000 -1.0000 -1.0000 -1.0000 -1.0000 2.1146 2.1636 5.7264 -4.6547 25.8114 0.8363 -1.8294 0.3653
Truck 0.0000 0 0.0000 -1.0000 -1.0000 -1.0000 -1.0000 1.8857 1.9143 4.7151 -25.6011 -13.0428 0.9499 2.4668 0.3480
Truck 0.0000 0 0.0000 -1.0000 -1.0000 -1.0000 -1.0000 2.0446 2.0745 5.4630 -5.5537 21.8274 0.8374 -1.9027 0.3470
Truck 0.0000 0 0.0000 -1.0000 -1.0000 -1.0000 -1.0000 1.7220 1.8077 4.2906 -45.4864 -6.4351 0.7300 -0.2380 0.3129
Tricar 0.0000 0 0.0000 -1.0000 -1.0000 -1.0000 -1.0000 1.2801 1.7106 3.1873 5.1089 17.2456 0.5696 1.3484 0.4695
Cyclist 0.0000 0 0.0000 -1.0000 -1.0000 -1.0000 -1.0000 0.7196 1.5235 1.6998 10.6544 -9.4197 0.8152 2.9953 0.5998
Cyclist 0.0000 0 0.0000 -1.0000 -1.0000 -1.0000 -1.0000 0.7858 1.4830 1.8115 -41.7886 -29.6869 0.7004 -0.2384 0.5696
Cyclist 0.0000 0 0.0000 -1.0000 -1.0000 -1.0000 -1.0000 0.7694 1.4640 1.7777 16.3015 -8.1505 0.6994 2.8531 0.5054
Cyclist 0.0000 0 0.0000 -1.0000 -1.0000 -1.0000 -1.0000 0.7136 1.4622 1.6869 -41.2309 -26.6795 0.6994 -0.1881 0.3035
