Car 0.0000 0 0.0000 -1.0000 -1.0000 -1.0000 -1.0000 2.0312 1.4417 4.5768 19.8987 -3.5363 0.8336 3.1145 0.8366
Car 0.0000 0 0.0000 -1.0000 -1.0000 -1.0000 -1.0000 1.9849 1.4808 4.5887 -22.1769 10.4331 0.6907 -3.1326 0.8347
Car 0.0000 0 0.0000 -1.0000 -1.0000 -1.0000 -1.0000 2.0126 1.5337 4.5894 -17.8415 4.2438 0.7823 -3.0970 0.8054
Car 0.0000 0 0.0000 -1.0000 -1.0000 -1.0000 -1.0000 1.9237 1.4252 4.5313 -16.2403 10.4862 0.6817 -3.1151 0.7691
Car 0.0000 0 0.0000 -1.0000 -1.0000 -1.0000 -1.0000 1.9656 1.4489 4.5625 25.9182 11.0120 0.9020 0.0261 0.7644
Car 0.0000 0 0.0000 -1.0000 -1.0000 -1.0000 -1.0000 1.9899 1.5194 4.5789 21.7546 14.2571 0.8014 3.1346 0.7420
Car 0.0000 0 0.0000 -1.0000 -1.0000 -1.0000 -1.0000 2.0253 1.7012 4.6191 14.7242 -0.3202 0.9545 0.0032 0.7359
Car 0.0000 0 0.0000 -1.0000 -1.0000 -1.0000 -1.0000 2.0287 1.4417 4.5840 -15.4431 -1.3129 0.7083 -0.0745 0.6862
Car 0.0000 0 0.0000 -1.0000 -1.0000 -1.0000 -1.0000 1.9511 1.6539 4.5048 -6.6003 13.5803 0.8168 0.0019 0.6122
Car 0.0000 0 0.0000 -1.0000 -1.0000 -1.0000 -1.0000 1.9929 1.6260 4.6503 31.9605 10.9566 1.0867 0.0535 0.6069
Car 0.0000 0 0.0000 -1.0000 -1.0000 -1.0000 -1.0000 1.8789 1.4712 4.4793 -9.2766 10.4568 0.7689 -3.1005 0.5690
Car 0.0000 0 0.0000 -1.0000 -1.0000 -1.0000 -1.0000 1.9570 1.4170 4.5790 19.5234 11.2650 0.8115 -0.0306 0.5514
Car 0.0000 0 0.0000 -1.0000 -1.0000 -1.0000 -1.0000 1.8996 1.4433 4.4982 25.7256 18.6605 0.7705 0.1762 0.5310
Car 0.0000 0 0.0000 -1.0000 -1.0000 -1.0000 -1.0000 1.9946 1.6197 4.6390 44.4438 11.5059 1.2076 3.1334 0.5226
Car 0.0000 0 0.0000 -1.0000 -1.0000 -1.0000 -1.0000 2.0134 1.4800 4.5708 -34.1516 0.2506 0.5718 -3.1205 0.5092
Car 0.0000 0 0.0000 -1.0000 -1.0000 -1.0000 -1.0000 1.9307 1.5369 4.5817 -47.9695 3.4047 0.2019 3.1314 0.5038
Car 0.0000 0 0.0000 -1.0000 -1.0000 -1.0000 -1.0000 1.9087 1.4741 4.5447 -25.2124 14.6228 0.6363 3.1201 0.4930
Car 0.0000 0 0.0000 -1.0000 -1.0000 -1.0000 -1.0000 1.8928 1.5248 4.4496 27.2481 -4.9626 0.9461 2.8622 0.4903
Car 0.0000 0 0.0000 -1.0000 -1.0000 -1.0000 -1.0000 2.0094 1.4694 4.6572 -0.1958 3.8609 0.7725 0.0290 0.4897
Car 0.0000 0 0.0000 -1.0000 -1.0000 -1.0000 -1.0000 1.9314 1.5743 4.6144 -54.0478 10.8579 0.1125 -0.1426 0.4804
Car 0.0000 0 0.0000 -1.0000 -1.0000 -1.0000 -1.0000 1.9358 1.5159 4.5332 29.3087 14.1943 0.9149 0.0926 0.4566
Car 0.0000 0 0.0000 -1.0000 -1.0000 -1.0000 -1.0000 2.3463 2.5810 5.4708 -29.2669 11.0809 1.2687 -0.0255 0.4524
Car 0.0000 0 0.0000 -1.0000 -1.0000 -1.0000 -1.0000 1.9258 1.5899 4.5583 50.7439 11.2508 1.2360 3.1003 0.4391
Car 0.0000 0 0.0000 -1.0000 -1.0000 -1.0000 -1.0000 1.9600 1.6352 4.4196 32.4288 0.4402 1.0976 3.0822 0.4322
Car 0.0000 0 0.0000 -1.0000 -1.0000 -1.0000 -1.0000 1.9289 1.5510 4.5667 -12.4140 13.1050 0.7520 3.1274 0.4090
Car 0.0000 0 0.0000 -1.0000 -1.0000 -1.0000 -1.0000 1.9432 1.8463 4.6161 10.0141 11.5389 0.9436 3.1307 0.4046
Car 0.0000 0 0.0000 -1.0000 -1.0000 -1.0000 -1.0000 1.8987 1.6049 4.6202 43.1753 -27.8216 1.4269 1.6031 0.4037
Car 0.0000 0 0.0000 -1.0000 -1.0000 -1.0000 -1.0000 1.9094 1.5349 4.4943 56.8958 10.7703 1.0636 3.0953 0.3644
Car 0.0000 0 0.0000 -1.0000 -1.0000 -1.0000 -1.0000 1.9285 1.5877 4.6355 75.6595 -1.1142 1.3917 -3.1244 0.3285
Car 0.0000 0 0.0000 -1.0000 -1.0000 -1.0000 -1.0000 1.9451 1.4682 4.5132 -18.0282 13.0765 0.6735 -3.1205 0.3235
Car 0.0000 0 0.0000 -1.0000 -1.0000 -1.0000 -1.0000 1.9430 1.5513 4.6319 38.5859 11.6465 1.0871 0.0617 0.3145
Car 0.0000 0 0.0000 -1.0000 -1.0000 -1.0000 -1.0000 1.9656 1.5987 4.6568 -36.6472 10.3184 0.6169 -0.0177 0.3143
Truck 0.0000 0 0.0000 -1.0000 -1.0000 -1.0000 -1.0000 2.9226 3.3846 9.0875 0.7236 10.9622 1.7779 0.0255 0.6403
Truck 0.0000 0 0.0000 -1.0000 -1.0000 -1.0000 -1.0000 2.9448 3.2937 9.5380 27.2082 24.3995 1.8003 -2.9600 0.5150
Truck 0.0000 0 0.0000 -1.0000 -1.0000 -1.0000 -1.0000 2.9351 3.2825 10.1867 -76.7692 17.6881 1.2323 -0.0319 0.5038
Truck 0.0000 0 0.0000 -1.0000 -1.0000 -1.0000 -1.0000 1.9113 1.9456 4.6588 43.5786 3.1258 1.4453 3.1139 0.4408
Truck 0.0000 0 0.0000 -1.0000 -1.0000 -1.0000 -1.0000 2.4549 2.4063 6.3754 64.5749 2.3363 1.7988 0.0309 0.4001
Tricar 0.0000 0 0.0000 -1.0000 -1.0000 -1.0000 -1.0000 1.5347 1.8151 3.5334 45.2835 -4.3321 1.3877 3.1090 0.3544
Cyclist 0.0000 0 0.0000 -1.0000 -1.0000 -1.0000 -1.0000 0.7503 1.5276 1.7194 17.2752 -6.7372 0.8676 0.0082 0.5606
Cyclist 0.0000 0 0.0000 -1.0000 -1.0000 -1.0000 -1.0000 0.7693 1.5357 1.7656 3.7535 -6.0946 0.7663 -3.0722 0.5567
Cyclist 0.0000 0 0.0000 -1.0000 -1.0000 -1.0000 -1.0000 0.7387 1.5748 1.6947 25.5551 -9.2759 0.9333 2.7885 0.5309
Cyclist 0.0000 0 0.0000 -1.0000 -1.0000 -1.0000 -1.0000 0.8011 1.5534 1.7970 30.8821 -13.6135 0.9541 2.0149 0.3679
Cyclist 0.0000 0 0.0000 -1.0000 -1.0000 -1.0000 -1.0000 0.7695 1.6448 1.7310 32.6031 -16.1927 1.0324 -0.8741 0.3317
Pedestrian 0.0000 0 0.0000 -1.0000 -1.0000 -1.0000 -1.0000 0.7251 1.7011 0.6734 31.8527 -3.5627 1.1510 2.9051 0.3563
