Car 0.0000 0 0.0000 -1.0000 -1.0000 -1.0000 -1.0000 1.9884 1.5081 4.5949 10.7857 2.7991 0.8685 3.1351 0.7981
Car 0.0000 0 0.0000 -1.0000 -1.0000 -1.0000 -1.0000 1.9647 1.5440 4.5134 -10.3733 3.2113 0.6944 -0.0110 0.7682
Car 0.0000 0 0.0000 -1.0000 -1.0000 -1.0000 -1.0000 1.9520 1.4540 4.5164 -3.2826 3.3854 0.7220 3.1372 0.7452
Car 0.0000 0 0.0000 -1.0000 -1.0000 -1.0000 -1.0000 2.0552 1.7349 4.7123 19.9608 2.6271 0.9967 3.1382 0.7409
Car 0.0000 0 0.0000 -1.0000 -1.0000 -1.0000 -1.0000 1.9479 1.5374 4.5426 -18.0091 3.4552 0.6252 -0.0132 0.7320
Car 0.0000 0 0.0000 -1.0000 -1.0000 -1.0000 -1.0000 2.0200 1.4928 4.5783 15.7094 -0.4294 0.8841 -0.0052 0.7019
Car 0.0000 0 0.0000 -1.0000 -1.0000 -1.0000 -1.0000 1.9321 1.5122 4.4899 32.7380 -2.4791 0.9843 0.0308 0.6776
Car 0.0000 0 0.0000 -1.0000 -1.0000 -1.0000 -1.0000 1.9506 1.4588 4.5573 -31.3118 4.1437 0.4743 3.1199 0.6649
Car 0.0000 0 0.0000 -1.0000 -1.0000 -1.0000 -1.0000 1.9625 1.4916 4.5713 3.5358 2.9089 0.7992 3.1107 0.6424
Car 0.0000 0 0.0000 -1.0000 -1.0000 -1.0000 -1.0000 1.9205 1.4882 4.4692 17.3998 17.7318 0.6949 -3.1340 0.6160
Car 0.0000 0 0.0000 -1.0000 -1.0000 -1.0000 -1.0000 1.9360 1.4737 4.5332 -24.3340 3.5995 0.5637 3.0898 0.6050
Car 0.0000 0 0.0000 -1.0000 -1.0000 -1.0000 -1.0000 1.8537 1.4597 4.4235 39.6206 21.8407 0.8422 -0.0315 0.5853
Car 0.0000 0 0.0000 -1.0000 -1.0000 -1.0000 -1.0000 2.0958 2.1524 5.0150 44.9192 0.5033 1.4993 0.0464 0.5608
Car 0.0000 0 0.0000 -1.0000 -1.0000 -1.0000 -1.0000 1.9214 1.5010 4.5034 -49.1975 10.3154 0.3735 -0.0134 0.5600
Car 0.0000 0 0.0000 -1.0000 -1.0000 -1.0000 -1.0000 1.9478 1.4829 4.5713 -81.5636 6.5069 0.0179 -0.0274 0.5525
Car 0.0000 0 0.0000 -1.0000 -1.0000 -1.0000 -1.0000 1.8522 1.4481 4.4712 34.0833 21.4881 0.8097 -3.1245 0.5441
Car 0.0000 0 0.0000 -1.0000 -1.0000 -1.0000 -1.0000 1.8517 1.4434 4.4185 28.9252 21.3555 0.7824 0.0292 0.5358
Car 0.0000 0 0.0000 -1.0000 -1.0000 -1.0000 -1.0000 1.8999 1.4910 4.5589 -35.6356 -16.5824 0.6896 -1.6952 0.5113
Car 0.0000 0 0.0000 -1.0000 -1.0000 -1.0000 -1.0000 1.9430 1.4764 4.6112 -32.7634 -8.2480 0.6887 -1.6338 0.4903
Car 0.0000 0 0.0000 -1.0000 -1.0000 -1.0000 -1.0000 1.8628 1.4712 4.4398 -20.6025 29.4447 0.2645 -1.7049 0.4596
Car 0.0000 0 0.0000 -1.0000 -1.0000 -1.0000 -1.0000 1.9111 1.5838 4.5362 -16.4593 34.9979 0.2878 1.4800 0.4584
Car 0.0000 0 0.0000 -1.0000 -1.0000 -1.0000 -1.0000 1.9300 1.6148 4.5871 38.5962 -0.3968 1.0996 0.0168 0.4141
Car 0.0000 0 0.0000 -1.0000 -1.0000 -1.0000 -1.0000 1.9773 1.7088 4.6589 -30.9043 28.7153 0.0554 -1.5306 0.4113
Car 0.0000 0 0.0000 -1.0000 -1.0000 -1.0000 -1.0000 1.9127 1.7687 4.5491 45.6773 21.6921 1.0607 3.0665 0.4110
Car 0.0000 0 0.0000 -1.0000 -1.0000 -1.0000 -1.0000 1.9253 1.6025 4.6198 -14.4794 34.9272 0.3431 1.5218 0.3940
Car 0.0000 0 0.0000 -1.0000 -1.0000 -1.0000 -1.0000 1.9093 1.4877 4.6209 -30.4008 -20.1291 0.7217 -1.6696 0.3873
Car 0.0000 0 0.0000 -1.0000 -1.0000 -1.0000 -1.0000 1.9453 1.4784 4.5156 44.4396 16.4145 0.8025 -0.1134 0.3487
Car 0.0000 0 0.0000 -1.0000 -1.0000 -1.0000 -1.0000 1.8888 1.5046 4.5269 -27.1837 -33.0427 0.9652 -1.8072 0.3460
Car 0.0000 0 0.0000 -1.0000 -1.0000 -1.0000 -1.0000 1.9600 1.4782 4.6505 -55.6549 5.7804 0.4084 3.0109 0.3322
Car 0.0000 0 0.0000 -1.0000 -1.0000 -1.0000 -1.0000 1.8778 1.4738 4.5224 -33.0084 -16.9068 0.7045 -1.7058 0.3259
Car 0.0000 0 0.0000 -1.0000 -1.0000 -1.0000 -1.0000 1.8506 1.5456 4.4961 51.2546 21.4350 0.9880 3.1080 0.3071
Car 0.0000 0 0.0000 -1.0000 -1.0000 -1.0000 -1.0000 1.7985 1.4712 4.4080 23.7526 21.5123 0.7621 -3.1347 0.3019
Cyclist 0.0000 0 0.0000 -1.0000 -1.0000 -1.0000 -1.0000 0.7816 1.5059 1.7729 -8.3271 -12.3198 0.9798 -3.0049 0.6502
Cyclist 0.0000 0 0.0000 -1.0000 -1.0000 -1.0000 -1.0000 0.7265 1.5203 1.7068 -16.1131 16.2427 0.3536 0.0177 0.5387
Cyclist 0.0000 0 0.0000 -1.0000 -1.0000 -1.0000 -1.0000 0.7311 1.5101 1.6793 14.0582 -7.3346 0.8991 -0.0425 0.5064
Cyclist 0.0000 0 0.0000 -1.0000 -1.0000 -1.0000 -1.0000 0.7557 1.5535 1.7868 -21.5655 24.1778 0.2016 -1.4285 0.4855
Cyclist 0.0000 0 0.0000 -1.0000 -1.0000 -1.0000 -1.0000 0.7687 1.5955 1.7309 -47.4333 -3.7301 0.5789 -0.0970 0.4774
Cyclist 0.0000 0 0.0000 -1.0000 -1.0000 -1.0000 -1.0000 0.7135 1.4949 1.6521 18.4764 -12.0658 1.0201 3.0070 0.4531
Cyclist 0.0000 0 0.0000 -1.0000 -1.0000 -1.0000 -1.0000 0.7005 1.2165 1.7218 11.7487 21.9002 0.5832 1.9139 0.4464
Cyclist 0.0000 0 0.0000 -1.0000 -1.0000 -1.0000 -1.0000 0.7960 1.5797 1.7435 11.3559 -6.4790 0.9434 3.0848 0.4414
Cyclist 0.0000 0 0.0000 -1.0000 -1.0000 -1.0000 -1.0000 0.7623 1.5270 1.7624 -14.0142 19.7769 0.3736 -3.0441 0.4259
Cyclist 0.0000 0 0.0000 -1.0000 -1.0000 -1.0000 -1.0000 0.7153 1.5327 1.6454 27.1971 -6.8733 0.9778 0.0283 0.3946
Cyclist 0.0000 0 0.0000 -1.0000 -1.0000 -1.0000 -1.0000 0.7807 1.6628 1.7039 -33.0832 -3.8817 0.7748 -0.0553 0.3798
Cyclist 0.0000 0 0.0000 -1.0000 -1.0000 -1.0000 -1.0000 0.7797 1.5307 1.8226 -22.1269 -11.2898 0.7445 1.6679 0.3606
Cyclist 0.0000 0 0.0000 -1.0000 -1.0000 -1.0000 -1.0000 0.7546 1.5602 1.6931 46.9912 -6.7846 1.1504 0.0680 0.3600
Cyclist 0.0000 0 0.0000 -1.0000 -1.0000 -1.0000 -1.0000 0.7225 1.5027 1.6362 18.9122 -10.7146 1.0116 3.0621 0.3556
Cyclist 0.0000 0 0.0000 -1.0000 -1.0000 -1.0000 -1.0000 0.7402 1.1762 1.7493 0.6304 22.4457 0.5020 -1.4050 0.3436
Cyclist 0.0000 0 0.0000 -1.0000 -1.0000 -1.0000 -1.0000 0.7087 1.4892 1.6634 39.3059 -6.8592 1.0756 0.0910 0.3403
Cyclist 0.0000 0 0.0000 -1.0000 -1.0000 -1.0000 -1.0000 0.7019 1.4788 1.7077 -14.2230 16.3795 0.3619 3.1173 0.3359
Cyclist 0.0000 0 0.0000 -1.0000 -1.0000 -1.0000 -1.0000 0.7423 1.4583 1.7902 -22.0678 -17.9107 0.8050 1.8587 0.3275
Cyclist 0.0000 0 0.0000 -1.0000 -1.0000 -1.0000 -1.0000 0.6933 1.2038 1.6859 2.8372 22.4627 0.5379 -0.8495 0.3250
Pedestrian 0.0000 0 0.0000 -1.0000 -1.0000 -1.0000 -1.0000 0.6844 1.6240 0.6017 -6.6176 21.4985 0.5363 -3.0868 0.4796
Pedestrian 0.0000 0 0.0000 -1.0000 -1.0000 -1.0000 -1.0000 0.7048 1.6659 0.6445 -41.0163 20.2955 0.3762 -0.0077 0.4628
Pedestrian 0.0000 0 0.0000 -1.0000 -1.0000 -1.0000 -1.0000 0.6900 1.6322 0.6185 -10.6954 20.4337 0.4578 0.0459 0.4024
Pedestrian 0.0000 0 0.0000 -1.0000 -1.0000 -1.0000 -1.0000 0.7263 1.6977 0.7096 -47.3767 20.5931 0.4990 3.1180 0.3812
Pedestrian 0.0000 0 0.0000 -1.0000 -1.0000 -1.0000 -1.0000 0.6720 1.6270 0.5826 -9.0637 23.8329 0.4893 -3.0709 0.3791
Pedestrian 0.0000 0 0.0000 -1.0000 -1.0000 -1.0000 -1.0000 0.7038 1.6568 0.6452 -12.3717 14.4230 0.5189 0.0254 0.3578
Pedestrian 0.0000 0 0.0000 -1.0000 -1.0000 -1.0000 -1.0000 0.6917 1.6359 0.6833 -20.1790 -16.1047 0.9282 1.9608 0.3062
