Car 0.0000 0 0.0000 -1.0000 -1.0000 -1.0000 -1.0000 2.0085 1.5285 4.5578 -15.6056 -0.0670 0.9130 3.1341 0.6545
Car 0.0000 0 0.0000 -1.0000 -1.0000 -1.0000 -1.0000 1.9811 1.6881 4.5248 16.8483 11.2971 0.5189 0.0044 0.5810
Car 0.0000 0 0.0000 -1.0000 -1.0000 -1.0000 -1.0000 1.9547 1.6084 4.5656 -34.7156 -0.7114 1.1026 -3.1323 0.4934
Car 0.0000 0 0.0000 -1.0000 -1.0000 -1.0000 -1.0000 1.9506 2.0615 4.5925 27.1296 14.4370 0.5105 0.0487 0.3748
Car 0.0000 0 0.0000 -1.0000 -1.0000 -1.0000 -1.0000 1.9004 1.5162 4.4589 20.8401 15.0754 0.3101 0.0062 0.3708
Car 0.0000 0 0.0000 -1.0000 -1.0000 -1.0000 -1.0000 1.8650 1.8489 4.2641 -3.4823 20.6192 0.4312 0.9164 0.3598
Truck 0.0000 0 0.0000 -1.0000 -1.0000 -1.0000 -1.0000 2.9348 3.3790 9.5167 58.6471 11.7711 1.3750 -3.1288 0.5528
Truck 0.0000 0 0.0000 -1.0000 -1.0000 -1.0000 -1.0000 2.4379 2.2592 6.5210 -19.9471 14.8261 1.1169 -3.1396 0.5475
Truck 0.0000 0 0.0000 -1.0000 -1.0000 -1.0000 -1.0000 2.6569 3.3742 6.2942 41.6682 12.5562 1.1568 -3.1393 0.4820
Truck 0.0000 0 0.0000 -1.0000 -1.0000 -1.0000 -1.0000 2.4275 2.5074 6.5044 33.9165 12.2408 0.7338 0.0342 0.4757
Truck 0.0000 0 0.0000 -1.0000 -1.0000 -1.0000 -1.0000 2.1102 2.1040 5.3325 -15.1665 -3.6434 1.2116 3.0796 0.4052
Truck 0.0000 0 0.0000 -1.0000 -1.0000 -1.0000 -1.0000 1.9916 2.0105 4.9722 27.1561 14.0651 0.4716 0.0423 0.3353
Tricar 0.0000 0 0.0000 -1.0000 -1.0000 -1.0000 -1.0000 1.3005 1.6871 3.2821 10.7316 14.7280 0.4283 0.0013 0.6475
Tricar 0.0000 0 0.0000 -1.0000 -1.0000 -1.0000 -1.0000 1.3521 1.6079 3.3171 17.8529 17.9422 0.2378 3.0635 0.5322
Tricar 0.0000 0 0.0000 -1.0000 -1.0000 -1.0000 -1.0000 1.2705 1.7215 2.9126 9.0438 16.8472 0.5024 0.0460 0.4674
Tricar 0.0000 0 0.0000 -1.0000 -1.0000 -1.0000 -1.0000 1.3657 1.7533 3.4273 -9.8207 -3.7163 0.9714 3.1039 0.4672
Tricar 0.0000 0 0.0000 -1.0000 -1.0000 -1.0000 -1.0000 1.5212 1.8230 4.0276 -3.3160 20.5973 0.4278 1.0231 0.3055
Pedestrian 0.0000 0 0.0000 -1.0000 -1.0000 -1.0000 -1.0000 0.6906 1.6856 0.6045 18.4054 20.1015 0.3484 3.0643 0.3724
