Car 0.0000 0 0.0000 -1.0000 -1.0000 -1.0000 -1.0000 1.9930 1.4291 4.5041 -18.3845 -3.1906 0.7635 3.1182 0.8529
Car 0.0000 0 0.0000 -1.0000 -1.0000 -1.0000 -1.0000 1.9496 1.4385 4.4280 26.8615 -6.9417 0.7791 -3.1079 0.6437
Car 0.0000 0 0.0000 -1.0000 -1.0000 -1.0000 -1.0000 1.9748 1.5357 4.5727 -64.5525 -2.4648 0.7452 -3.1157 0.5145
Car 0.0000 0 0.0000 -1.0000 -1.0000 -1.0000 -1.0000 1.9612 1.5916 4.6715 -68.2647 10.1617 0.4011 -3.1322 0.5138
Car 0.0000 0 0.0000 -1.0000 -1.0000 -1.0000 -1.0000 1.9379 1.5218 4.6025 80.6406 -4.9738 0.7582 3.0841 0.5096
Car 0.0000 0 0.0000 -1.0000 -1.0000 -1.0000 -1.0000 1.9675 1.4604 4.5619 58.9189 -0.3521 0.7584 0.0031 0.4946
Car 0.0000 0 0.0000 -1.0000 -1.0000 -1.0000 -1.0000 2.0089 1.7232 4.6236 -30.0819 5.3133 0.7789 -3.1288 0.4917
Car 0.0000 0 0.0000 -1.0000 -1.0000 -1.0000 -1.0000 1.9502 1.4978 4.5272 -1.6425 5.3609 0.6296 -3.1377 0.4765
Car 0.0000 0 0.0000 -1.0000 -1.0000 -1.0000 -1.0000 2.0049 2.0520 4.6446 -9.6279 9.1030 0.7710 3.1055 0.4713
Cyclist 0.0000 0 0.0000 -1.0000 -1.0000 -1.0000 -1.0000 0.7551 1.5133 1.7669 59.8859 13.2595 0.4275 3.0915 0.4936
