Car 0.0000 0 0.0000 -1.0000 -1.0000 -1.0000 -1.0000 2.0136 1.4958 4.4884 31.0379 3.1305 0.7927 -0.0028 0.8387
Car 0.0000 0 0.0000 -1.0000 -1.0000 -1.0000 -1.0000 2.0139 1.4903 4.5742 24.4174 -3.3832 0.7994 0.0557 0.8317
Car 0.0000 0 0.0000 -1.0000 -1.0000 -1.0000 -1.0000 2.0145 1.4773 4.6200 -18.0784 3.3020 0.7335 0.0141 0.8232
Car 0.0000 0 0.0000 -1.0000 -1.0000 -1.0000 -1.0000 1.9598 1.4751 4.5640 2.5108 20.3555 0.1460 -0.0134 0.7778
Car 0.0000 0 0.0000 -1.0000 -1.0000 -1.0000 -1.0000 1.9828 1.5152 4.6311 39.4299 17.8188 0.2979 3.0618 0.7544
Car 0.0000 0 0.0000 -1.0000 -1.0000 -1.0000 -1.0000 1.9286 1.4813 4.4772 -12.9045 20.0895 0.1290 -0.0024 0.7495
Car 0.0000 0 0.0000 -1.0000 -1.0000 -1.0000 -1.0000 1.9566 1.5072 4.5972 -31.3177 12.8427 0.3445 3.1307 0.6736
Car 0.0000 0 0.0000 -1.0000 -1.0000 -1.0000 -1.0000 1.9663 1.5993 4.5317 -12.6172 -0.2449 0.7972 3.1210 0.6528
Car 0.0000 0 0.0000 -1.0000 -1.0000 -1.0000 -1.0000 1.9587 1.7422 4.5934 6.9389 12.7581 0.5567 3.1186 0.6460
Car 0.0000 0 0.0000 -1.0000 -1.0000 -1.0000 -1.0000 1.9433 1.4884 4.5627 -41.2596 21.2113 -0.0031 -0.0046 0.6352
Car 0.0000 0 0.0000 -1.0000 -1.0000 -1.0000 -1.0000 1.9680 1.7103 4.6031 -58.4545 21.8004 0.0277 -3.1306 0.5900
Car 0.0000 0 0.0000 -1.0000 -1.0000 -1.0000 -1.0000 2.0460 1.8954 4.7951 55.0584 17.6262 0.4463 3.0784 0.5782
Car 0.0000 0 0.0000 -1.0000 -1.0000 -1.0000 -1.0000 1.9693 1.4789 4.5394 -27.0685 -0.6161 0.6762 0.0258 0.5674
Car 0.0000 0 0.0000 -1.0000 -1.0000 -1.0000 -1.0000 1.8904 1.6153 4.4953 54.2196 12.9252 0.3290 3.0942 0.5104
Car 0.0000 0 0.0000 -1.0000 -1.0000 -1.0000 -1.0000 2.0369 1.4818 4.5960 -43.6886 4.0010 0.5777 -3.1153 0.4920
Car 0.0000 0 0.0000 -1.0000 -1.0000 -1.0000 -1.0000 2.0050 1.6811 4.7490 -61.2891 12.5965 0.5500 -0.0358 0.4414
Car 0.0000 0 0.0000 -1.0000 -1.0000 -1.0000 -1.0000 1.9364 1.4661 4.5214 -40.8324 9.2836 0.4938 -3.1313 0.4295
Car 0.0000 0 0.0000 -1.0000 -1.0000 -1.0000 -1.0000 2.1143 1.8658 4.9237 -34.4377 -7.5703 0.8757 0.0395 0.3501
