Car 0.0000 0 0.0000 -1.0000 -1.0000 -1.0000 -1.0000 2.0867 1.6220 4.7121 -20.6643 4.6517 0.8382 0.0171 0.8155
Car 0.0000 0 0.0000 -1.0000 -1.0000 -1.0000 -1.0000 1.9515 1.4554 4.4987 3.0591 5.1919 0.8166 3.1158 0.7993
Car 0.0000 0 0.0000 -1.0000 -1.0000 -1.0000 -1.0000 2.0179 1.6320 4.6329 -4.4285 2.9279 0.8475 3.1166 0.7915
Car 0.0000 0 0.0000 -1.0000 -1.0000 -1.0000 -1.0000 2.0947 1.7348 4.7858 -36.7600 3.4623 0.7922 -0.0419 0.7738
Car 0.0000 0 0.0000 -1.0000 -1.0000 -1.0000 -1.0000 1.9994 1.4658 4.5366 13.1622 3.3705 0.8299 -0.0176 0.7102
Car 0.0000 0 0.0000 -1.0000 -1.0000 -1.0000 -1.0000 1.8755 1.4608 4.5017 1.4765 21.9570 0.6048 -0.0086 0.6705
Car 0.0000 0 0.0000 -1.0000 -1.0000 -1.0000 -1.0000 1.9661 1.4623 4.4897 26.9775 3.6304 0.8674 3.0794 0.6506
Car 0.0000 0 0.0000 -1.0000 -1.0000 -1.0000 -1.0000 1.8725 1.6676 4.4409 7.9990 21.9294 0.6949 -3.1196 0.6343
Car 0.0000 0 0.0000 -1.0000 -1.0000 -1.0000 -1.0000 1.8594 1.4657 4.5163 -4.1566 22.0682 0.5861 -0.0006 0.6315
Car 0.0000 0 0.0000 -1.0000 -1.0000 -1.0000 -1.0000 1.9639 1.6947 4.5039 44.2151 12.7041 0.9805 3.1284 0.6158
Car 0.0000 0 0.0000 -1.0000 -1.0000 -1.0000 -1.0000 1.9228 1.5669 4.4907 -16.7106 13.0864 0.7496 0.0048 0.5914
Car 0.0000 0 0.0000 -1.0000 -1.0000 -1.0000 -1.0000 1.8950 1.4904 4.5378 23.6408 35.0589 0.6813 -1.6055 0.5647
Car 0.0000 0 0.0000 -1.0000 -1.0000 -1.0000 -1.0000 1.8467 1.4855 4.4742 -9.8582 22.0967 0.5436 3.0877 0.5520
Car 0.0000 0 0.0000 -1.0000 -1.0000 -1.0000 -1.0000 1.9989 1.5180 4.6680 -40.4585 23.0275 0.4968 -0.0403 0.5497
Car 0.0000 0 0.0000 -1.0000 -1.0000 -1.0000 -1.0000 1.9673 1.5476 4.5732 -8.4375 11.0615 0.7723 -0.0438 0.5442
Car 0.0000 0 0.0000 -1.0000 -1.0000 -1.0000 -1.0000 2.0249 1.8655 4.6236 -42.1747 6.2369 0.8641 -0.0158 0.5427
Car 0.0000 0 0.0000 -1.0000 -1.0000 -1.0000 -1.0000 2.0284 1.7804 4.6799 53.2318 9.1754 1.0148 3.1272 0.4953
Car 0.0000 0 0.0000 -1.0000 -1.0000 -1.0000 -1.0000 1.9336 1.5161 4.6080 -82.7820 4.5437 0.6809 -0.1299 0.4766
Car 0.0000 0 0.0000 -1.0000 -1.0000 -1.0000 -1.0000 1.9706 1.5077 4.6132 -46.4006 22.9656 0.3662 -0.0106 0.4742
Car 0.0000 0 0.0000 -1.0000 -1.0000 -1.0000 -1.0000 1.9273 1.4492 4.4870 -34.0749 22.7998 0.5020 -0.0115 0.4739
Car 0.0000 0 0.0000 -1.0000 -1.0000 -1.0000 -1.0000 1.9341 1.6087 4.5368 -22.5312 22.6106 0.6556 -0.0135 0.4702
Car 0.0000 0 0.0000 -1.0000 -1.0000 -1.0000 -1.0000 1.8657 1.5742 4.4242 -15.9715 22.6651 0.6091 -0.0506 0.4605
Car 0.0000 0 0.0000 -1.0000 -1.0000 -1.0000 -1.0000 1.9876 1.7022 4.6479 53.8737 20.9865 0.8532 0.0168 0.3979
Car 0.0000 0 0.0000 -1.0000 -1.0000 -1.0000 -1.0000 1.9022 1.4333 4.3981 17.7388 16.6468 0.7472 -3.1011 0.3735
Car 0.0000 0 0.0000 -1.0000 -1.0000 -1.0000 -1.0000 1.8936 1.5040 4.5997 -60.2227 3.9756 0.6040 -0.0413 0.3362
Car 0.0000 0 0.0000 -1.0000 -1.0000 -1.0000 -1.0000 1.9141 1.4958 4.5804 -28.9322 22.7147 0.5466 3.1048 0.3167
Car 0.0000 0 0.0000 -1.0000 -1.0000 -1.0000 -1.0000 1.8715 1.5621 4.5306 60.0321 20.7968 0.7106 0.0136 0.3047
Truck 0.0000 0 0.0000 -1.0000 -1.0000 -1.0000 -1.0000 2.8491 3.0323 11.3495 17.0722 -0.3340 1.6083 -3.1083 0.5943
Truck 0.0000 0 0.0000 -1.0000 -1.0000 -1.0000 -1.0000 2.8909 3.4150 9.6712 36.2271 -7.0635 1.7755 -0.1263 0.4872
Truck 0.0000 0 0.0000 -1.0000 -1.0000 -1.0000 -1.0000 3.0106 3.9019 11.0992 67.9089 7.1080 2.1004 3.0905 0.4224
Cyclist 0.0000 0 0.0000 -1.0000 -1.0000 -1.0000 -1.0000 0.7182 1.5385 1.6819 1.2262 -6.7809 0.7103 -0.0360 0.6712
Cyclist 0.0000 0 0.0000 -1.0000 -1.0000 -1.0000 -1.0000 0.7904 1.5819 1.7437 -15.9236 19.3166 0.7024 3.1245 0.5535
Cyclist 0.0000 0 0.0000 -1.0000 -1.0000 -1.0000 -1.0000 0.7849 1.5806 1.7603 -60.0197 -3.0764 0.5054 -0.0329 0.4817
Cyclist 0.0000 0 0.0000 -1.0000 -1.0000 -1.0000 -1.0000 0.7842 1.5882 1.7482 -60.2952 21.7712 0.5329 -0.0606 0.4372
Pedestrian 0.0000 0 0.0000 -1.0000 -1.0000 -1.0000 -1.0000 0.6782 1.6597 0.6170 31.2627 18.0468 0.8944 3.1365 0.5546
Pedestrian 0.0000 0 0.0000 -1.0000 -1.0000 -1.0000 -1.0000 0.6881 1.6516 0.6210 4.9461 27.0728 0.7980 -3.0970 0.3901
