Car 0.0000 0 0.0000 -1.0000 -1.0000 -1.0000 -1.0000 2.0939 1.6666 4.6924 -12.4787 -0.2693 0.9569 -3.1260 0.6370
Car 0.0000 0 0.0000 -1.0000 -1.0000 -1.0000 -1.0000 1.9270 1.7273 4.5141 37.5024 -17.5367 1.2808 1.8150 0.5048
Car 0.0000 0 0.0000 -1.0000 -1.0000 -1.0000 -1.0000 1.9546 1.5163 4.6502 28.4922 27.5966 0.6677 -1.4451 0.4873
Car 0.0000 0 0.0000 -1.0000 -1.0000 -1.0000 -1.0000 1.9381 1.6712 4.6687 55.8736 -31.9343 1.3901 1.9268 0.4582
Car 0.0000 0 0.0000 -1.0000 -1.0000 -1.0000 -1.0000 1.9980 1.8210 4.7067 -34.5209 -3.6155 0.9292 3.0987 0.3910
Car 0.0000 0 0.0000 -1.0000 -1.0000 -1.0000 -1.0000 1.9500 1.7061 4.6356 40.4706 5.2926 0.9663 1.3752 0.3008
Truck 0.0000 0 0.0000 -1.0000 -1.0000 -1.0000 -1.0000 3.0790 4.3014 20.3724 -8.4692 -4.2988 2.1125 3.1328 0.4641
Truck 0.0000 0 0.0000 -1.0000 -1.0000 -1.0000 -1.0000 2.7998 3.1459 10.2941 8.3065 0.2143 1.6561 -3.0891 0.4084
Cyclist 0.0000 0 0.0000 -1.0000 -1.0000 -1.0000 -1.0000 0.7488 1.5415 1.7358 50.3140 25.9050 0.2171 2.6468 0.5153
Cyclist 0.0000 0 0.0000 -1.0000 -1.0000 -1.0000 -1.0000 0.7327 1.5463 1.7054 10.1782 28.6922 0.5495 0.0819 0.4398
Cyclist 0.0000 0 0.0000 -1.0000 -1.0000 -1.0000 -1.0000 0.7867 1.5881 1.7530 -0.6816 32.2592 0.3955 0.6143 0.4318
