Car 0.0000 0 0.0000 -1.0000 -1.0000 -1.0000 -1.0000 1.8924 1.4536 4.4145 -4.5296 3.5122 0.6759 -0.0348 0.6834
Car 0.0000 0 0.0000 -1.0000 -1.0000 -1.0000 -1.0000 1.9563 1.6181 4.5059 -35.7869 3.1420 0.9732 -3.0764 0.6061
Car 0.0000 0 0.0000 -1.0000 -1.0000 -1.0000 -1.0000 1.9199 1.6034 4.5610 -6.4583 -31.5726 0.9895 -1.3458 0.5633
Car 0.0000 0 0.0000 -1.0000 -1.0000 -1.0000 -1.0000 1.9123 1.5433 4.4768 -34.1430 -10.2091 0.9831 -3.0847 0.3747
Tricar 0.0000 0 0.0000 -1.0000 -1.0000 -1.0000 -1.0000 1.2210 1.5834 3.2343 -12.3987 6.1945 0.7118 3.0772 0.6386
Tricar 0.0000 0 0.0000 -1.0000 -1.0000 -1.0000 -1.0000 1.4886 1.8639 3.3331 56.9198 6.2827 0.6537 -0.0706 0.4747
Cyclist 0.0000 0 0.0000 -1.0000 -1.0000 -1.0000 -1.0000 0.7399 1.5282 1.6969 -35.6062 5.9592 0.8690 -3.1077 0.6765
Cyclist 0.0000 0 0.0000 -1.0000 -1.0000 -1.0000 -1.0000 0.7469 1.5525 1.7106 -13.5857 -3.4796 0.7533 3.1340 0.6556
Cyclist 0.0000 0 0.0000 -1.0000 -1.0000 -1.0000 -1.0000 0.8436 1.5484 1.8903 17.9219 -2.6420 0.7247 3.1140 0.5262
Pedestrian 0.0000 0 0.0000 -1.0000 -1.0000 -1.0000 -1.0000 0.6511 1.6127 0.5511 0.7888 -12.5655 0.6862 -3.0046 0.3898
Pedestrian 0.0000 0 0.0000 -1.0000 -1.0000 -1.0000 -1.0000 0.6808 1.6566 0.5946 -0.5682 -18.6303 0.8343 0.0504 0.3115
