Car 0.0000 0 0.0000 -1.0000 -1.0000 -1.0000 -1.0000 2.0902 1.7341 4.8342 -32.9285 4.1778 0.5637 3.1300 0.7547
Car 0.0000 0 0.0000 -1.0000 -1.0000 -1.0000 -1.0000 2.0183 1.5081 4.5495 23.2865 3.5650 0.7576 -3.1304 0.7496
Car 0.0000 0 0.0000 -1.0000 -1.0000 -1.0000 -1.0000 1.9962 1.5271 4.5176 6.0772 6.2219 0.7547 -0.0045 0.7331
Car 0.0000 0 0.0000 -1.0000 -1.0000 -1.0000 -1.0000 2.0064 1.5292 4.7071 -23.0716 6.6610 0.5126 -0.0216 0.6444
Car 0.0000 0 0.0000 -1.0000 -1.0000 -1.0000 -1.0000 1.9092 1.4713 4.5069 -45.4189 0.8603 0.1934 -3.1128 0.5332
Car 0.0000 0 0.0000 -1.0000 -1.0000 -1.0000 -1.0000 1.9326 1.5051 4.5836 57.7241 23.6736 0.4246 -2.9751 0.4820
Car 0.0000 0 0.0000 -1.0000 -1.0000 -1.0000 -1.0000 2.0022 1.4792 4.5811 -44.6857 7.8134 0.2221 -0.0240 0.4597
Car 0.0000 0 0.0000 -1.0000 -1.0000 -1.0000 -1.0000 1.9985 1.4524 4.6402 -22.7951 -0.1342 0.5854 -0.0247 0.4246
Car 0.0000 0 0.0000 -1.0000 -1.0000 -1.0000 -1.0000 1.9022 1.5989 4.5409 -6.1537 18.7168 0.3121 3.0997 0.4234
Car 0.0000 0 0.0000 -1.0000 -1.0000 -1.0000 -1.0000 2.0005 1.5898 4.6929 -74.6932 6.2947 -0.4374 3.0822 0.3958
Truck 0.0000 0 0.0000 -1.0000 -1.0000 -1.0000 -1.0000 2.9805 3.2328 11.6190 -13.3090 32.8847 1.1200 -0.0352 0.5627
Truck 0.0000 0 0.0000 -1.0000 -1.0000 -1.0000 -1.0000 2.8650 3.1310 10.5714 31.4332 -0.1021 1.6330 -3.0872 0.4205
Cyclist 0.0000 0 0.0000 -1.0000 -1.0000 -1.0000 -1.0000 0.7625 1.5662 1.7448 -33.3068 -6.1312 0.4234 -0.0674 0.7207
Cyclist 0.0000 0 0.0000 -1.0000 -1.0000 -1.0000 -1.0000 0.7880 1.5076 1.8152 35.1875 -5.1967 0.7036 -3.0692 0.4762
Cyclist 0.0000 0 0.0000 -1.0000 -1.0000 -1.0000 -1.0000 0.7845 1.5272 1.7864 -19.2347 -5.8854 0.6169 -0.0308 0.4701
Cyclist 0.0000 0 0.0000 -1.0000 -1.0000 -1.0000 -1.0000 0.7141 1.5523 1.6886 60.8348 -4.1349 0.3405 -3.0467 0.3293
