Car 0.0000 0 0.0000 -1.0000 -1.0000 -1.0000 -1.0000 1.9716 1.4669 4.6248 -0.6820 -2.9278 0.7988 0.0149 0.7248
Car 0.0000 0 0.0000 -1.0000 -1.0000 -1.0000 -1.0000 1.9387 1.5127 4.5793 25.1426 -20.7260 0.7857 -1.6429 0.5891
Car 0.0000 0 0.0000 -1.0000 -1.0000 -1.0000 -1.0000 1.9530 1.4863 4.4735 45.9589 -0.7773 1.0548 2.8161 0.5891
Car 0.0000 0 0.0000 -1.0000 -1.0000 -1.0000 -1.0000 1.9019 1.8240 4.4665 35.1522 -29.6719 1.1400 1.2501 0.5560
Car 0.0000 0 0.0000 -1.0000 -1.0000 -1.0000 -1.0000 2.0616 1.6735 4.7068 -7.4811 -2.9308 0.8818 -3.1228 0.5198
Car 0.0000 0 0.0000 -1.0000 -1.0000 -1.0000 -1.0000 1.9179 1.5675 4.5905 -18.5201 -31.6970 0.6543 1.5825 0.4738
Car 0.0000 0 0.0000 -1.0000 -1.0000 -1.0000 -1.0000 1.9169 1.5592 4.5996 -4.8119 -31.7095 0.7956 1.6231 0.4358
Car 0.0000 0 0.0000 -1.0000 -1.0000 -1.0000 -1.0000 1.9083 1.5163 4.5432 0.5157 -32.1912 0.8654 -1.6430 0.4178
Car 0.0000 0 0.0000 -1.0000 -1.0000 -1.0000 -1.0000 1.8898 1.6139 4.5357 -10.4097 -31.9690 0.7472 1.5816 0.4108
Car 0.0000 0 0.0000 -1.0000 -1.0000 -1.0000 -1.0000 1.9354 1.4973 4.6019 26.8887 -9.5510 0.8788 -1.6145 0.3876
Car 0.0000 0 0.0000 -1.0000 -1.0000 -1.0000 -1.0000 1.9079 1.5417 4.5980 -29.9190 -31.7043 0.5830 1.5563 0.3787
Car 0.0000 0 0.0000 -1.0000 -1.0000 -1.0000 -1.0000 2.1071 2.0411 4.9511 42.2737 -16.6877 1.3112 -3.0963 0.3759
Car 0.0000 0 0.0000 -1.0000 -1.0000 -1.0000 -1.0000 1.9159 1.6223 4.6300 -22.0244 -32.0393 0.6371 1.6197 0.3539
Car 0.0000 0 0.0000 -1.0000 -1.0000 -1.0000 -1.0000 1.8846 1.5327 4.5626 -2.5116 -31.8537 0.7906 1.6089 0.3350
Car 0.0000 0 0.0000 -1.0000 -1.0000 -1.0000 -1.0000 1.9090 1.5643 4.6278 -33.1025 -32.0936 0.6003 1.5840 0.3300
Car 0.0000 0 0.0000 -1.0000 -1.0000 -1.0000 -1.0000 1.8908 1.5631 4.6038 67.4444 -17.3338 1.0872 3.0200 0.3274
Car 0.0000 0 0.0000 -1.0000 -1.0000 -1.0000 -1.0000 1.7878 1.4620 4.3528 51.1191 19.7626 0.4961 3.0128 0.3250
Car 0.0000 0 0.0000 -1.0000 -1.0000 -1.0000 -1.0000 1.9141 1.6379 4.6159 -6.8436 -40.5291 0.6943 1.6745 0.3176
Car 0.0000 0 0.0000 -1.0000 -1.0000 -1.0000 -1.0000 1.8908 1.5513 4.5849 -41.0615 -32.0425 0.7068 1.5489 0.3068
Car 0.0000 0 0.0000 -1.0000 -1.0000 -1.0000 -1.0000 1.8951 1.5949 4.5301 -13.5066 -32.1440 0.7003 1.5428 0.3020
Truck 0.0000 0 0.0000 -1.0000 -1.0000 -1.0000 -1.0000 2.5877 2.9156 6.4722 32.1456 3.6393 1.6243 1.5154 0.4660
Truck 0.0000 0 0.0000 -1.0000 -1.0000 -1.0000 -1.0000 2.9597 3.3029 9.5296 -12.8181 0.3946 1.6747 -3.1046 0.4328
Truck 0.0000 0 0.0000 -1.0000 -1.0000 -1.0000 -1.0000 2.1419 2.4274 5.4007 60.6600 11.9506 1.2436 0.0304 0.3057
Tricar 0.0000 0 0.0000 -1.0000 -1.0000 -1.0000 -1.0000 1.8807 2.2883 3.9007 60.3521 11.9226 1.2975 3.1070 0.3546
Cyclist 0.0000 0 0.0000 -1.0000 -1.0000 -1.0000 -1.0000 0.7612 1.5371 1.7841 21.6534 -23.5272 0.7796 -1.7238 0.5090
Cyclist 0.0000 0 0.0000 -1.0000 -1.0000 -1.0000 -1.0000 0.7831 1.6123 1.7141 -45.6405 -15.5794 0.4907 3.1131 0.3967
Cyclist 0.0000 0 0.0000 -1.0000 -1.0000 -1.0000 -1.0000 0.7555 1.5159 1.7717 34.5886 19.1525 0.4863 1.4679 0.3849
Cyclist 0.0000 0 0.0000 -1.0000 -1.0000 -1.0000 -1.0000 0.8393 1.5855 1.8918 22.9828 22.9055 0.3099 -0.0073 0.3213
Cyclist 0.0000 0 0.0000 -1.0000 -1.0000 -1.0000 -1.0000 0.8570 1.5772 1.9625 40.6379 38.6471 0.1434 -1.7017 0.3159
