Car 0.0000 0 0.0000 -1.0000 -1.0000 -1.0000 -1.0000 2.1189 1.7330 4.8357 -27.2016 2.3777 0.7154 -3.1036 0.8058
Car 0.0000 0 0.0000 -1.0000 -1.0000 -1.0000 -1.0000 2.1102 1.8953 4.8249 -32.0230 5.3356 0.7308 -3.0856 0.7443
Car 0.0000 0 0.0000 -1.0000 -1.0000 -1.0000 -1.0000 2.0514 1.6281 4.6723 -65.5934 0.5216 0.2478 -3.1224 0.7196
Car 0.0000 0 0.0000 -1.0000 -1.0000 -1.0000 -1.0000 1.9615 1.6555 4.5761 67.3803 -20.6499 0.8648 -1.4837 0.6052
Car 0.0000 0 0.0000 -1.0000 -1.0000 -1.0000 -1.0000 1.9698 1.5507 4.5800 -44.2032 -7.5286 0.4321 -3.1130 0.5706
Car 0.0000 0 0.0000 -1.0000 -1.0000 -1.0000 -1.0000 1.9513 1.5233 4.5238 -41.7445 -3.9015 0.4553 3.0968 0.5423
Car 0.0000 0 0.0000 -1.0000 -1.0000 -1.0000 -1.0000 1.9681 1.5951 4.6360 63.5273 -24.4283 0.9248 -1.4118 0.5075
Car 0.0000 0 0.0000 -1.0000 -1.0000 -1.0000 -1.0000 1.9436 1.6009 4.5978 50.9983 27.3182 -0.3700 1.5770 0.4690
Car 0.0000 0 0.0000 -1.0000 -1.0000 -1.0000 -1.0000 1.9075 1.5644 4.5752 49.0855 39.4479 -0.4203 0.3834 0.4344
Car 0.0000 0 0.0000 -1.0000 -1.0000 -1.0000 -1.0000 1.8772 1.5148 4.5258 -35.6321 -20.4555 1.2300 -1.5871 0.4257
Car 0.0000 0 0.0000 -1.0000 -1.0000 -1.0000 -1.0000 1.9097 1.5036 4.5510 56.3134 27.5729 -0.4440 -1.7160 0.4248
Car 0.0000 0 0.0000 -1.0000 -1.0000 -1.0000 -1.0000 1.9187 1.5434 4.5424 56.0739 37.0880 -0.2465 0.1463 0.3507
Car 0.0000 0 0.0000 -1.0000 -1.0000 -1.0000 -1.0000 1.9281 1.7536 4.5762 -28.9197 -20.1679 1.4254 -1.5177 0.3448
Car 0.0000 0 0.0000 -1.0000 -1.0000 -1.0000 -1.0000 1.9164 1.6431 4.5779 -78.9372 1.8197 0.0448 -3.0744 0.3329
Car 0.0000 0 0.0000 -1.0000 -1.0000 -1.0000 -1.0000 1.9589 1.5373 4.5634 50.4761 36.6652 -0.4473 0.3537 0.3239
Cyclist 0.0000 0 0.0000 -1.0000 -1.0000 -1.0000 -1.0000 0.7432 1.5516 1.7149 4.2895 -7.7939 0.8646 -3.1312 0.6341
Cyclist 0.0000 0 0.0000 -1.0000 -1.0000 -1.0000 -1.0000 0.7220 1.5146 1.6959 -46.8801 20.7613 -0.3819 -0.0301 0.5613
