Car 0.0000 0 0.0000 -1.0000 -1.0000 -1.0000 -1.0000 2.0010 1.5017 4.6071 20.1932 6.3113 0.7156 -0.0549 0.8038
Car 0.0000 0 0.0000 -1.0000 -1.0000 -1.0000 -1.0000 2.0304 1.7477 4.7356 -4.7529 10.6713 0.6430 3.1039 0.7973
Car 0.0000 0 0.0000 -1.0000 -1.0000 -1.0000 -1.0000 1.9627 1.4493 4.5289 -29.0106 -4.7466 0.6778 3.1368 0.7901
Car 0.0000 0 0.0000 -1.0000 -1.0000 -1.0000 -1.0000 1.9571 1.4662 4.5121 -18.6521 10.3273 0.4431 -0.0134 0.7605
Car 0.0000 0 0.0000 -1.0000 -1.0000 -1.0000 -1.0000 1.9049 1.4190 4.4688 30.0890 12.7794 0.4430 3.1178 0.6654
Car 0.0000 0 0.0000 -1.0000 -1.0000 -1.0000 -1.0000 2.0377 1.7571 4.7658 25.9001 -3.0752 0.9863 0.9929 0.6502
Car 0.0000 0 0.0000 -1.0000 -1.0000 -1.0000 -1.0000 1.9421 1.4197 4.4908 -15.0897 -4.0780 0.7304 0.0045 0.6459
Car 0.0000 0 0.0000 -1.0000 -1.0000 -1.0000 -1.0000 1.9750 1.5856 4.6311 -71.6105 4.2088 0.5526 -0.1504 0.5983
Car 0.0000 0 0.0000 -1.0000 -1.0000 -1.0000 -1.0000 1.9167 1.6369 4.5574 37.2320 12.0546 0.6385 -0.1428 0.5713
Car 0.0000 0 0.0000 -1.0000 -1.0000 -1.0000 -1.0000 1.9812 1.6683 4.6172 62.0208 2.0292 0.9465 0.0538 0.5390
Car 0.0000 0 0.0000 -1.0000 -1.0000 -1.0000 -1.0000 1.9591 1.4676 4.5633 -0.7520 -3.7927 0.7836 3.1370 0.4485
Car 0.0000 0 0.0000 -1.0000 -1.0000 -1.0000 -1.0000 2.0249 1.7160 4.7550 -80.4837 -3.6707 0.7513 3.0494 0.4433
Car 0.0000 0 0.0000 -1.0000 -1.0000 -1.0000 -1.0000 1.9150 1.4201 4.5254 7.3916 -3.7655 0.7677 0.0000 0.3933
Car 0.0000 0 0.0000 -1.0000 -1.0000 -1.0000 -1.0000 2.0053 1.6487 4.7838 66.5486 11.7638 0.5960 3.1116 0.3671
Cyclist 0.0000 0 0.0000 -1.0000 -1.0000 -1.0000 -1.0000 0.7174 1.2805 1.7420 12.9367 13.5851 0.3767 2.9685 0.5123
Cyclist 0.0000 0 0.0000 -1.0000 -1.0000 -1.0000 -1.0000 0.7468 1.5699 1.7065 24.2849 12.2754 0.5543 -0.0259 0.4665
Pedestrian 0.0000 0 0.0000 -1.0000 -1.0000 -1.0000 -1.0000 0.6994 1.6993 0.6456 37.1415 -8.1673 1.2795 3.0682 0.5656
Pedestrian 0.0000 0 0.0000 -1.0000 -1.0000 -1.0000 -1.0000 0.7029 1.7077 0.6467 39.0799 -8.0208 1.2829 3.0117 0.3883
Pedestrian 0.0000 0 0.0000 -1.0000 -1.0000 -1.0000 -1.0000 0.7034 1.6307 0.6626 26.2862 14.0723 0.5682 -2.9693 0.3756
Pedestrian 0.0000 0 0.0000 -1.0000 -1.0000 -1.0000 -1.0000 0.7070 1.6533 0.6819 -9.0567 -10.0542 1.2014 0.0206 0.3408
