Car 0.0000 0 0.0000 -1.0000 -1.0000 -1.0000 -1.0000 1.9217 1.5034 4.4874 35.3088 -4.6560 0.9053 3.0729 0.7303
Car 0.0000 0 0.0000 -1.0000 -1.0000 -1.0000 -1.0000 1.8459 1.4741 4.4299 -35.7734 -5.1951 -0.0430 0.0582 0.7159
Car 0.0000 0 0.0000 -1.0000 -1.0000 -1.0000 -1.0000 1.9961 1.5808 4.7003 -28.7209 -5.0844 0.2036 -3.1183 0.5860
Car 0.0000 0 0.0000 -1.0000 -1.0000 -1.0000 -1.0000 1.8960 1.6558 4.4293 40.7866 -4.9181 1.0477 -0.1131 0.5761
Car 0.0000 0 0.0000 -1.0000 -1.0000 -1.0000 -1.0000 1.9590 1.4608 4.6146 1.7920 4.2226 0.7296 0.0052 0.5756
Car 0.0000 0 0.0000 -1.0000 -1.0000 -1.0000 -1.0000 1.8825 1.4404 4.5233 8.3407 14.8975 0.7517 -1.3673 0.5749
Car 0.0000 0 0.0000 -1.0000 -1.0000 -1.0000 -1.0000 1.9855 1.6247 4.6878 -59.7083 5.0677 -0.4981 -0.0313 0.4894
Car 0.0000 0 0.0000 -1.0000 -1.0000 -1.0000 -1.0000 1.8883 1.5378 4.5415 46.3615 -4.5006 1.0253 3.0772 0.4718
Car 0.0000 0 0.0000 -1.0000 -1.0000 -1.0000 -1.0000 1.8729 1.4101 4.4903 17.0952 -4.7151 0.7037 0.0590 0.4628
Car 0.0000 0 0.0000 -1.0000 -1.0000 -1.0000 -1.0000 1.9266 1.5400 4.4699 64.9864 -4.4360 1.2450 -0.0242 0.4233
Car 0.0000 0 0.0000 -1.0000 -1.0000 -1.0000 -1.0000 1.8679 1.9409 4.2640 28.9354 -4.9396 1.0698 -3.1299 0.4231
Car 0.0000 0 0.0000 -1.0000 -1.0000 -1.0000 -1.0000 1.9035 1.4683 4.4887 22.6685 -5.1030 0.7551 -3.0892 0.3400
Car 0.0000 0 0.0000 -1.0000 -1.0000 -1.0000 -1.0000 1.8490 1.4600 4.4455 6.8553 -9.2583 0.5385 1.6207 0.3385
Truck 0.0000 0 0.0000 -1.0000 -1.0000 -1.0000 -1.0000 2.8544 3.0148 10.5034 16.0176 3.2478 1.6010 0.0206 0.7029
Tricar 0.0000 0 0.0000 -1.0000 -1.0000 -1.0000 -1.0000 1.1753 1.3467 2.9871 -29.1013 -10.9258 0.2230 -0.0184 0.3534
Cyclist 0.0000 0 0.0000 -1.0000 -1.0000 -1.0000 -1.0000 0.7596 1.5699 1.7211 -2.9784 -4.8863 0.7524 3.1267 0.6581
Cyclist 0.0000 0 0.0000 -1.0000 -1.0000 -1.0000 -1.0000 0.7702 1.5558 1.7236 23.7525 -2.3366 0.8795 -3.1023 0.6518
Cyclist 0.0000 0 0.0000 -1.0000 -1.0000 -1.0000 -1.0000 0.7467 1.5877 1.6883 -15.3957 -3.6687 0.4932 0.0381 0.4738
Cyclist 0.0000 0 0.0000 -1.0000 -1.0000 -1.0000 -1.0000 0.7226 1.4261 1.7309 4.2232 8.7650 0.7328 -1.2634 0.4227
Cyclist 0.0000 0 0.0000 -1.0000 -1.0000 -1.0000 -1.0000 0.7869 1.6033 1.7054 57.5606 -2.0344 1.1546 -3.0416 0.3991
Cyclist 0.0000 0 0.0000 -1.0000 -1.0000 -1.0000 -1.0000 0.7245 1.3562 1.7488 23.9974 9.0980 0.8014 1.7101 0.3349
Pedestrian 0.0000 0 0.0000 -1.0000 -1.0000 -1.0000 -1.0000 0.6813 1.6706 0.6411 4.3513 -4.9810 0.7987 3.0974 0.6358
Pedestrian 0.0000 0 0.0000 -1.0000 -1.0000 -1.0000 -1.0000 0.6810 1.6082 0.6174 27.1647 12.0845 0.8667 -2.9840 0.4082
Pedestrian 0.0000 0 0.0000 -1.0000 -1.0000 -1.0000 -1.0000 0.6716 1.6373 0.5774 33.8251 16.2803 1.0343 -2.4539 0.3760
Pedestrian 0.0000 0 0.0000 -1.0000 -1.0000 -1.0000 -1.0000 0.6768 1.6261 0.6006 12.8438 -12.8329 0.7570 -3.0460 0.3743
Pedestrian 0.0000 0 0.0000 -1.0000 -1.0000 -1.0000 -1.0000 0.6715 1.6531 0.5679 35.1289 16.2659 1.1565 -2.6418 0.3444
Pedestrian 0.0000 0 0.0000 -1.0000 -1.0000 -1.0000 -1.0000 0.7062 1.6340 0.6393 -53.9606 -6.6460 -0.2769 -0.0858 0.3269
Pedestrian 0.0000 0 0.0000 -1.0000 -1.0000 -1.0000 -1.0000 0.7193 1.7039 0.6964 -16.2260 8.3919 0.8142 -3.1082 0.3269
