Car 0.0000 0 0.0000 -1.0000 -1.0000 -1.0000 -1.0000 2.0165 1.4955 4.6039 -32.8817 -3.2051 0.6916 -0.0101 0.7596
Car 0.0000 0 0.0000 -1.0000 -1.0000 -1.0000 -1.0000 1.9632 1.5895 4.5109 -30.0992 6.1806 0.5768 -3.0996 0.7478
Car 0.0000 0 0.0000 -1.0000 -1.0000 -1.0000 -1.0000 2.0442 1.5093 4.5759 30.3278 -0.8097 0.7583 -0.0046 0.7415
Car 0.0000 0 0.0000 -1.0000 -1.0000 -1.0000 -1.0000 2.0248 1.5139 4.6338 -26.3127 9.7057 0.5042 -3.1361 0.6452
Car 0.0000 0 0.0000 -1.0000 -1.0000 -1.0000 -1.0000 2.1716 2.2323 4.9453 24.3930 6.5740 1.0079 -0.0332 0.6423
Car 0.0000 0 0.0000 -1.0000 -1.0000 -1.0000 -1.0000 1.9964 1.4948 4.5793 -3.0072 -3.6751 0.7774 -3.1182 0.6405
Car 0.0000 0 0.0000 -1.0000 -1.0000 -1.0000 -1.0000 1.9909 1.5493 4.6842 -76.9531 9.0811 0.1242 -0.0241 0.5450
Car 0.0000 0 0.0000 -1.0000 -1.0000 -1.0000 -1.0000 1.9618 1.4563 4.4769 37.9015 -3.9631 0.6808 3.1373 0.5378
Car 0.0000 0 0.0000 -1.0000 -1.0000 -1.0000 -1.0000 1.8842 1.5188 4.4060 60.8462 -3.1760 0.5688 3.1377 0.5116
Car 0.0000 0 0.0000 -1.0000 -1.0000 -1.0000 -1.0000 1.9791 1.4984 4.6384 -3.5570 9.6552 0.5233 0.0016 0.4479
Car 0.0000 0 0.0000 -1.0000 -1.0000 -1.0000 -1.0000 1.9213 1.5958 4.5979 46.1404 5.6827 0.5401 3.1163 0.3970
Car 0.0000 0 0.0000 -1.0000 -1.0000 -1.0000 -1.0000 1.8934 1.6457 4.4925 43.4279 -0.4826 0.7644 3.1274 0.3725
Car 0.0000 0 0.0000 -1.0000 -1.0000 -1.0000 -1.0000 1.8686 1.6355 4.5125 69.9699 -4.8108 0.6594 3.0527 0.3047
Truck 0.0000 0 0.0000 -1.0000 -1.0000 -1.0000 -1.0000 2.3178 2.2509 6.2097 50.7834 9.6111 0.7392 0.0145 0.4731
