Car 0.0000 0 0.0000 -1.0000 -1.0000 -1.0000 -1.0000 2.1274 1.8131 4.7779 -12.4387 -0.7937 0.8946 0.0901 0.8583
Car 0.0000 0 0.0000 -1.0000 -1.0000 -1.0000 -1.0000 1.9114 1.4268 4.4416 -5.1318 -3.5541 0.6806 0.0108 0.7467
Car 0.0000 0 0.0000 -1.0000 -1.0000 -1.0000 -1.0000 1.9765 1.8028 4.4785 -8.6635 3.4682 0.9101 0.6133 0.6110
Car 0.0000 0 0.0000 -1.0000 -1.0000 -1.0000 -1.0000 1.8734 1.4221 4.4880 -22.9464 -22.5336 0.6982 3.0555 0.5029
Car 0.0000 0 0.0000 -1.0000 -1.0000 -1.0000 -1.0000 1.9130 1.5277 4.5650 -31.4040 -19.4290 0.7498 -1.5656 0.4876
Car 0.0000 0 0.0000 -1.0000 -1.0000 -1.0000 -1.0000 2.0201 1.4543 4.6132 -19.1346 -3.5737 0.6991 0.0185 0.4495
Car 0.0000 0 0.0000 -1.0000 -1.0000 -1.0000 -1.0000 1.8476 1.6859 4.4592 -14.2678 10.5114 0.7118 -0.0380 0.4196
Car 0.0000 0 0.0000 -1.0000 -1.0000 -1.0000 -1.0000 1.9641 1.7827 4.7060 31.9114 31.0810 0.0119 0.0599 0.3525
Car 0.0000 0 0.0000 -1.0000 -1.0000 -1.0000 -1.0000 1.9238 1.5072 4.5474 1.7133 -28.8082 0.9666 -2.2901 0.3443
Car 0.0000 0 0.0000 -1.0000 -1.0000 -1.0000 -1.0000 1.9052 1.5428 4.5228 12.2333 11.2104 0.4479 3.1302 0.3408
Car 0.0000 0 0.0000 -1.0000 -1.0000 -1.0000 -1.0000 1.8797 1.5225 4.6209 33.5469 -18.5661 0.4517 -1.4281 0.3319
Car 0.0000 0 0.0000 -1.0000 -1.0000 -1.0000 -1.0000 1.8759 1.5223 4.4720 15.0582 -18.3785 0.4857 1.6342 0.3278
Car 0.0000 0 0.0000 -1.0000 -1.0000 -1.0000 -1.0000 1.9019 1.5966 4.5947 18.2028 -18.4804 0.4948 1.6545 0.3132
Car 0.0000 0 0.0000 -1.0000 -1.0000 -1.0000 -1.0000 1.8793 1.5099 4.5662 30.0748 -18.4400 0.4258 -1.4611 0.3122
Truck 0.0000 0 0.0000 -1.0000 -1.0000 -1.0000 -1.0000 2.7078 3.2970 6.6199 13.3276 -0.7914 1.6944 0.0495 0.5465
Truck 0.0000 0 0.0000 -1.0000 -1.0000 -1.0000 -1.0000 2.5211 2.9436 6.2597 8.0868 14.0452 1.1734 -0.0298 0.5063
Truck 0.0000 0 0.0000 -1.0000 -1.0000 -1.0000 -1.0000 2.5895 3.1929 6.3488 -40.0746 13.4909 1.3468 -0.0034 0.4164
Cyclist 0.0000 0 0.0000 -1.0000 -1.0000 -1.0000 -1.0000 0.7311 1.5193 1.7285 25.0637 -11.7858 0.4992 -0.0101 0.4519
Cyclist 0.0000 0 0.0000 -1.0000 -1.0000 -1.0000 -1.0000 0.7438 1.5386 1.7150 29.9821 -9.9859 0.5710 -0.0020 0.4485
Cyclist 0.0000 0 0.0000 -1.0000 -1.0000 -1.0000 -1.0000 0.7260 1.5502 1.6942 22.1000 -9.8314 0.6090 3.1153 0.4143
