Car 0.0000 0 0.0000 -1.0000 -1.0000 -1.0000 -1.0000 2.1149 2.0770 4.8725 32.0329 0.4614 1.3818 0.0289 0.6655
Car 0.0000 0 0.0000 -1.0000 -1.0000 -1.0000 -1.0000 1.9171 1.4326 4.5278 -39.2783 17.9508 0.3949 -1.4360 0.6484
Car 0.0000 0 0.0000 -1.0000 -1.0000 -1.0000 -1.0000 1.9452 1.5564 4.5610 -8.7968 -11.0615 0.9339 -1.4317 0.6458
Car 0.0000 0 0.0000 -1.0000 -1.0000 -1.0000 -1.0000 1.8883 1.4700 4.4987 -26.4851 -11.0098 0.8221 -1.9035 0.5722
Car 0.0000 0 0.0000 -1.0000 -1.0000 -1.0000 -1.0000 1.8779 1.4739 4.5033 -33.1477 -17.9886 0.7893 -1.3713 0.4682
Car 0.0000 0 0.0000 -1.0000 -1.0000 -1.0000 -1.0000 1.9097 1.5540 4.6177 27.4875 20.4220 1.0001 1.8033 0.4567
Car 0.0000 0 0.0000 -1.0000 -1.0000 -1.0000 -1.0000 1.9405 1.6775 4.5600 -48.1033 25.1812 0.2377 -1.4744 0.4509
Car 0.0000 0 0.0000 -1.0000 -1.0000 -1.0000 -1.0000 1.9553 1.5379 4.5728 -59.2834 2.2560 0.3162 -0.0336 0.4502
Car 0.0000 0 0.0000 -1.0000 -1.0000 -1.0000 -1.0000 1.9900 1.4794 4.5242 -42.5624 7.4446 0.4688 -2.3559 0.4446
Car 0.0000 0 0.0000 -1.0000 -1.0000 -1.0000 -1.0000 1.9239 1.5372 4.5075 60.8083 4.7687 1.3614 3.1168 0.4364
Car 0.0000 0 0.0000 -1.0000 -1.0000 -1.0000 -1.0000 1.9112 1.4923 4.5657 -13.6205 -11.1932 0.8723 -1.4094 0.4127
Car 0.0000 0 0.0000 -1.0000 -1.0000 -1.0000 -1.0000 1.8618 1.8879 4.3672 8.7760 26.3648 1.1586 -0.0447 0.3847
Car 0.0000 0 0.0000 -1.0000 -1.0000 -1.0000 -1.0000 1.9209 1.5396 4.6120 -35.4593 -18.8145 0.8405 -1.3770 0.3834
Car 0.0000 0 0.0000 -1.0000 -1.0000 -1.0000 -1.0000 1.8897 1.5035 4.5966 -10.5703 20.4601 0.6705 1.5253 0.3535
Car 0.0000 0 0.0000 -1.0000 -1.0000 -1.0000 -1.0000 1.8835 1.5021 4.5567 -10.2349 -25.1253 1.0214 -1.4940 0.3418
Car 0.0000 0 0.0000 -1.0000 -1.0000 -1.0000 -1.0000 1.8418 1.8238 4.3157 -54.8815 20.6127 0.1851 -1.9658 0.3126
Car 0.0000 0 0.0000 -1.0000 -1.0000 -1.0000 -1.0000 1.9154 1.6013 4.6082 -5.3171 20.3510 0.7637 1.5089 0.3006
Truck 0.0000 0 0.0000 -1.0000 -1.0000 -1.0000 -1.0000 2.2516 2.1234 5.8163 -64.1904 5.6912 0.5498 0.0535 0.4016
Tricar 0.0000 0 0.0000 -1.0000 -1.0000 -1.0000 -1.0000 1.3089 1.8210 3.4293 -47.3909 14.0077 0.4443 -1.5456 0.3980
Tricar 0.0000 0 0.0000 -1.0000 -1.0000 -1.0000 -1.0000 1.3463 1.7471 3.0304 -54.7180 20.5551 0.1658 -2.0537 0.3296
Cyclist 0.0000 0 0.0000 -1.0000 -1.0000 -1.0000 -1.0000 0.7940 1.4685 1.8724 -22.1338 9.3468 0.5021 3.1320 0.5915
Cyclist 0.0000 0 0.0000 -1.0000 -1.0000 -1.0000 -1.0000 0.8000 1.5559 1.8091 -13.2144 9.9868 0.6195 3.0523 0.5150
Cyclist 0.0000 0 0.0000 -1.0000 -1.0000 -1.0000 -1.0000 0.7454 1.5200 1.7475 -30.7510 -16.1004 0.8058 -1.3258 0.4612
Cyclist 0.0000 0 0.0000 -1.0000 -1.0000 -1.0000 -1.0000 0.7129 1.4533 1.7310 -49.7256 18.5816 0.1318 -1.6409 0.4037
Cyclist 0.0000 0 0.0000 -1.0000 -1.0000 -1.0000 -1.0000 0.7229 1.4606 1.7590 -29.2390 -21.3308 0.8355 1.4321 0.3738
