Car 0.0000 0 0.0000 -1.0000 -1.0000 -1.0000 -1.0000 1.9415 1.5351 4.5262 40.5639 27.1598 0.1958 -0.1090 0.6911
Car 0.0000 0 0.0000 -1.0000 -1.0000 -1.0000 -1.0000 1.9206 1.5109 4.5046 -5.3781 26.1152 0.2467 -0.0177 0.6862
Car 0.0000 0 0.0000 -1.0000 -1.0000 -1.0000 -1.0000 1.9729 1.6385 4.6452 -0.2870 22.3280 0.4163 -0.0293 0.6613
Car 0.0000 0 0.0000 -1.0000 -1.0000 -1.0000 -1.0000 1.9039 1.4840 4.4161 -16.7030 14.6603 0.5732 -3.1226 0.6443
Car 0.0000 0 0.0000 -1.0000 -1.0000 -1.0000 -1.0000 1.8269 1.5282 4.3848 6.9927 32.9515 -0.1527 -3.1065 0.4791
Car 0.0000 0 0.0000 -1.0000 -1.0000 -1.0000 -1.0000 1.8863 1.5242 4.4665 -44.3099 15.1044 0.5800 -0.0179 0.4631
Car 0.0000 0 0.0000 -1.0000 -1.0000 -1.0000 -1.0000 1.9828 1.5443 4.6649 -21.1992 22.5917 0.3722 -0.0607 0.4372
Car 0.0000 0 0.0000 -1.0000 -1.0000 -1.0000 -1.0000 1.9739 1.6621 4.7679 -31.0609 29.8914 0.3988 3.1091 0.3968
Car 0.0000 0 0.0000 -1.0000 -1.0000 -1.0000 -1.0000 1.8733 1.9003 4.4123 -37.5188 14.6747 0.7657 -3.1404 0.3615
Car 0.0000 0 0.0000 -1.0000 -1.0000 -1.0000 -1.0000 1.8946 1.4407 4.5391 -31.6832 26.4396 0.2182 -0.0651 0.3569
Car 0.0000 0 0.0000 -1.0000 -1.0000 -1.0000 -1.0000 1.8828 1.5323 4.4237 9.3005 26.1709 0.2866 -2.7322 0.3346
Truck 0.0000 0 0.0000 -1.0000 -1.0000 -1.0000 -1.0000 3.0605 3.8101 10.0821 -12.0665 22.1379 1.5350 0.0110 0.7244
Truck 0.0000 0 0.0000 -1.0000 -1.0000 -1.0000 -1.0000 2.9884 3.3052 11.2701 -30.7534 3.2650 1.5913 -3.1288 0.6777
Truck 0.0000 0 0.0000 -1.0000 -1.0000 -1.0000 -1.0000 2.8113 3.1137 11.2470 33.2985 0.3493 1.6609 0.0483 0.5828
Truck 0.0000 0 0.0000 -1.0000 -1.0000 -1.0000 -1.0000 2.7635 2.9582 8.3791 -34.5454 22.2369 1.0604 -0.0308 0.4347
Truck 0.0000 0 0.0000 -1.0000 -1.0000 -1.0000 -1.0000 2.9289 3.4240 9.2492 -54.6561 15.4156 1.7632 -3.1360 0.3368
Truck 0.0000 0 0.0000 -1.0000 -1.0000 -1.0000 -1.0000 2.6460 2.9638 7.0160 -23.0609 29.0748 0.8748 -0.1341 0.3294
Tricar 0.0000 0 0.0000 -1.0000 -1.0000 -1.0000 -1.0000 1.5529 1.8749 3.4582 -21.7825 26.1301 0.3841 3.0661 0.3626
