Car 0.0000 0 0.0000 -1.0000 -1.0000 -1.0000 -1.0000 2.0207 1.4460 4.6358 -23.8424 -2.4748 0.5978 0.1226 0.8310
Car 0.0000 0 0.0000 -1.0000 -1.0000 -1.0000 -1.0000 1.9877 1.4820 4.6371 -44.9801 6.5480 0.3073 -3.1344 0.7552
Car 0.0000 0 0.0000 -1.0000 -1.0000 -1.0000 -1.0000 2.0553 1.5020 4.6320 10.3062 -0.2768 0.8645 -3.0827 0.7391
Car 0.0000 0 0.0000 -1.0000 -1.0000 -1.0000 -1.0000 2.0291 1.5137 4.6373 -47.3982 -0.7566 0.4120 -3.1195 0.7366
Car 0.0000 0 0.0000 -1.0000 -1.0000 -1.0000 -1.0000 1.9923 1.4776 4.5098 -15.0196 -7.3311 0.6402 -3.1090 0.6928
Car 0.0000 0 0.0000 -1.0000 -1.0000 -1.0000 -1.0000 1.9493 1.5874 4.5645 -36.5280 -2.4577 0.5028 0.0986 0.6467
Car 0.0000 0 0.0000 -1.0000 -1.0000 -1.0000 -1.0000 2.0116 1.4405 4.6086 -36.8136 -7.7980 0.4215 -2.6921 0.6403
Car 0.0000 0 0.0000 -1.0000 -1.0000 -1.0000 -1.0000 1.9828 1.4634 4.5571 -0.2298 -4.3268 0.7751 3.1199 0.6246
Car 0.0000 0 0.0000 -1.0000 -1.0000 -1.0000 -1.0000 1.9625 1.8833 4.6789 43.0316 13.9601 0.8413 0.0028 0.5817
Car 0.0000 0 0.0000 -1.0000 -1.0000 -1.0000 -1.0000 1.9001 1.4309 4.5307 -32.8142 -14.6179 0.4523 -1.5766 0.5753
Car 0.0000 0 0.0000 -1.0000 -1.0000 -1.0000 -1.0000 1.9834 1.5869 4.5492 36.5635 -0.6955 1.0237 0.0089 0.5499
Car 0.0000 0 0.0000 -1.0000 -1.0000 -1.0000 -1.0000 1.9832 1.5832 4.5875 41.8961 -4.4273 1.0938 0.0764 0.5397
Car 0.0000 0 0.0000 -1.0000 -1.0000 -1.0000 -1.0000 1.9302 1.5836 4.6627 -27.4466 -27.9042 0.6906 -1.6129 0.4964
Car 0.0000 0 0.0000 -1.0000 -1.0000 -1.0000 -1.0000 1.9419 1.6587 4.6491 -28.3122 -34.6518 0.9040 1.5093 0.4605
Car 0.0000 0 0.0000 -1.0000 -1.0000 -1.0000 -1.0000 1.9267 1.6827 4.6250 -33.0660 -26.1641 0.8308 1.3936 0.4097
Car 0.0000 0 0.0000 -1.0000 -1.0000 -1.0000 -1.0000 1.9463 1.7372 4.6358 -31.1088 -41.7045 1.0389 1.1050 0.3579
Car 0.0000 0 0.0000 -1.0000 -1.0000 -1.0000 -1.0000 1.8989 1.5246 4.5997 -33.4738 -33.2553 0.7995 1.2142 0.3265
Car 0.0000 0 0.0000 -1.0000 -1.0000 -1.0000 -1.0000 1.9321 1.6993 4.6827 -27.5117 -19.8119 0.7914 -1.5872 0.3166
Truck 0.0000 0 0.0000 -1.0000 -1.0000 -1.0000 -1.0000 2.6184 2.8119 7.1495 67.8017 15.6679 1.1852 -3.1003 0.4914
Pedestrian 0.0000 0 0.0000 -1.0000 -1.0000 -1.0000 -1.0000 0.6832 1.6410 0.6155 -12.6737 -13.7355 0.8754 0.4095 0.3257
