Car 0.0000 0 0.0000 -1.0000 -1.0000 -1.0000 -1.0000 2.0090 1.7081 4.6426 -2.8813 6.9941 0.7173 -3.1292 0.8135
Car 0.0000 0 0.0000 -1.0000 -1.0000 -1.0000 -1.0000 1.9027 1.4276 4.4455 -8.5989 7.0319 0.5522 -3.1200 0.7887
Car 0.0000 0 0.0000 -1.0000 -1.0000 -1.0000 -1.0000 1.9270 1.4145 4.5472 2.9652 7.0255 0.6546 3.1310 0.7511
Car 0.0000 0 0.0000 -1.0000 -1.0000 -1.0000 -1.0000 1.9037 1.4103 4.5377 -27.0801 6.9975 0.3782 -0.0186 0.7099
Car 0.0000 0 0.0000 -1.0000 -1.0000 -1.0000 -1.0000 1.9208 1.4167 4.5180 11.0882 6.9946 0.7072 -0.0346 0.6730
Car 0.0000 0 0.0000 -1.0000 -1.0000 -1.0000 -1.0000 1.9819 1.4960 4.5310 30.7653 3.1175 0.9958 -2.9767 0.6660
Car 0.0000 0 0.0000 -1.0000 -1.0000 -1.0000 -1.0000 1.9895 1.6455 4.5961 -32.9677 7.1305 0.5118 -3.1196 0.6333
Car 0.0000 0 0.0000 -1.0000 -1.0000 -1.0000 -1.0000 1.9195 1.6296 4.5064 -45.3888 6.9545 0.4585 -3.0909 0.5122
Car 0.0000 0 0.0000 -1.0000 -1.0000 -1.0000 -1.0000 1.9298 1.4835 4.5902 -57.6925 6.8128 0.3224 -0.0289 0.4967
Car 0.0000 0 0.0000 -1.0000 -1.0000 -1.0000 -1.0000 1.8593 1.4443 4.4490 -38.8412 7.0171 0.3453 -0.0002 0.4839
Car 0.0000 0 0.0000 -1.0000 -1.0000 -1.0000 -1.0000 1.8673 1.4494 4.4179 -20.8019 7.1385 0.4469 -3.0995 0.4675
Car 0.0000 0 0.0000 -1.0000 -1.0000 -1.0000 -1.0000 1.9395 1.5507 4.6274 67.5431 2.6615 1.0844 -2.9604 0.4495
Car 0.0000 0 0.0000 -1.0000 -1.0000 -1.0000 -1.0000 1.9928 2.0117 4.6254 35.1741 -12.1679 1.4143 1.7200 0.4430
Car 0.0000 0 0.0000 -1.0000 -1.0000 -1.0000 -1.0000 1.8539 1.6516 4.4504 -14.9102 6.6158 0.6170 -3.0695 0.3860
Car 0.0000 0 0.0000 -1.0000 -1.0000 -1.0000 -1.0000 1.8792 1.6034 4.5431 50.7176 10.5100 1.0132 1.1870 0.3237
Truck 0.0000 0 0.0000 -1.0000 -1.0000 -1.0000 -1.0000 2.0239 2.0106 5.0580 35.2608 -12.3088 1.3588 1.7094 0.3189
Tricar 0.0000 0 0.0000 -1.0000 -1.0000 -1.0000 -1.0000 1.3228 1.6449 3.0559 42.2401 -3.2195 1.2218 1.3637 0.3230
Cyclist 0.0000 0 0.0000 -1.0000 -1.0000 -1.0000 -1.0000 0.7567 1.5024 1.7485 27.9920 8.0261 0.8818 0.4026 0.6086
Cyclist 0.0000 0 0.0000 -1.0000 -1.0000 -1.0000 -1.0000 0.7869 1.6106 1.7250 25.7826 -1.7454 1.0647 -3.0510 0.5334
Cyclist 0.0000 0 0.0000 -1.0000 -1.0000 -1.0000 -1.0000 0.7859 1.5646 1.7200 27.1403 -3.3498 1.0641 -3.1012 0.4832
Cyclist 0.0000 0 0.0000 -1.0000 -1.0000 -1.0000 -1.0000 0.7555 1.5388 1.7587 -14.4142 5.1498 0.5589 0.1090 0.4682
Cyclist 0.0000 0 0.0000 -1.0000 -1.0000 -1.0000 -1.0000 0.8014 1.4963 1.8535 -48.7721 4.6843 0.3424 -3.0679 0.3980
Cyclist 0.0000 0 0.0000 -1.0000 -1.0000 -1.0000 -1.0000 0.7069 1.4005 1.7014 48.0638 8.8077 0.9010 0.9727 0.3278
Pedestrian 0.0000 0 0.0000 -1.0000 -1.0000 -1.0000 -1.0000 0.7067 1.6535 0.7064 -12.0782 -8.2324 0.9416 -0.0312 0.6086
Pedestrian 0.0000 0 0.0000 -1.0000 -1.0000 -1.0000 -1.0000 0.7206 1.7124 0.6932 29.2494 -8.8591 1.3154 0.1526 0.5074
Pedestrian 0.0000 0 0.0000 -1.0000 -1.0000 -1.0000 -1.0000 0.6766 1.6111 0.6106 -15.9930 -8.6736 0.8754 -3.0985 0.3884
Pedestrian 0.0000 0 0.0000 -1.0000 -1.0000 -1.0000 -1.0000 0.6994 1.5978 0.6661 -16.7582 -7.1321 0.7929 -3.0942 0.3696
