Car 0.0000 0 0.0000 -1.0000 -1.0000 -1.0000 -1.0000 1.9538 1.5086 4.5137 -18.5261 10.1878 0.4246 -3.1251 0.7543
Car 0.0000 0 0.0000 -1.0000 -1.0000 -1.0000 -1.0000 1.9305 1.4925 4.5773 29.2518 -23.3322 1.3965 1.7238 0.5991
Car 0.0000 0 0.0000 -1.0000 -1.0000 -1.0000 -1.0000 1.9806 1.6042 4.6834 3.0656 -8.8058 0.8118 -0.0207 0.5772
Car 0.0000 0 0.0000 -1.0000 -1.0000 -1.0000 -1.0000 1.9986 1.5065 4.6510 34.8420 2.0801 1.6200 3.1045 0.5666
Car 0.0000 0 0.0000 -1.0000 -1.0000 -1.0000 -1.0000 2.2932 2.4839 5.2979 8.9002 9.8600 1.3856 -0.0190 0.5273
Car 0.0000 0 0.0000 -1.0000 -1.0000 -1.0000 -1.0000 1.9331 1.6265 4.5414 -51.3535 5.3574 -0.2155 -3.0851 0.5096
Car 0.0000 0 0.0000 -1.0000 -1.0000 -1.0000 -1.0000 1.8590 1.5555 4.3845 -7.0094 17.6848 0.4193 -3.1100 0.4526
Car 0.0000 0 0.0000 -1.0000 -1.0000 -1.0000 -1.0000 1.9736 1.5755 4.6254 -59.5969 8.2882 -0.5678 -3.1280 0.4365
Car 0.0000 0 0.0000 -1.0000 -1.0000 -1.0000 -1.0000 1.8434 1.6044 4.3824 4.7949 -12.4197 0.7720 -3.1266 0.4143
Car 0.0000 0 0.0000 -1.0000 -1.0000 -1.0000 -1.0000 1.8842 1.5202 4.5296 -6.2281 21.5048 0.1798 -1.5257 0.3646
Car 0.0000 0 0.0000 -1.0000 -1.0000 -1.0000 -1.0000 1.9133 1.4404 4.5019 -11.2773 -10.7311 0.3748 -3.0976 0.3551
Car 0.0000 0 0.0000 -1.0000 -1.0000 -1.0000 -1.0000 1.9021 1.5259 4.6131 33.7925 -29.8186 1.5375 1.7032 0.3363
Car 0.0000 0 0.0000 -1.0000 -1.0000 -1.0000 -1.0000 2.2095 2.4612 5.1175 14.8723 6.4706 1.5616 3.1065 0.3130
Car 0.0000 0 0.0000 -1.0000 -1.0000 -1.0000 -1.0000 1.9035 1.4423 4.5336 -11.8594 -8.6758 0.3404 -0.0002 0.3083
Truck 0.0000 0 0.0000 -1.0000 -1.0000 -1.0000 -1.0000 2.9291 3.1070 10.4501 9.0186 21.2441 1.2665 -1.3721 0.5208
Truck 0.0000 0 0.0000 -1.0000 -1.0000 -1.0000 -1.0000 2.1828 2.1009 5.7172 7.0826 3.0193 1.2182 3.1388 0.4982
Truck 0.0000 0 0.0000 -1.0000 -1.0000 -1.0000 -1.0000 2.2243 2.4557 5.5855 14.9935 6.7793 1.5244 0.0043 0.3028
Truck 0.0000 0 0.0000 -1.0000 -1.0000 -1.0000 -1.0000 2.4857 2.6632 7.2984 33.6275 -20.7413 2.1924 1.7999 0.3003
Cyclist 0.0000 0 0.0000 -1.0000 -1.0000 -1.0000 -1.0000 0.7679 1.4991 1.7527 20.0896 -5.5425 1.1785 0.0590 0.5829
Cyclist 0.0000 0 0.0000 -1.0000 -1.0000 -1.0000 -1.0000 0.7917 1.5830 1.8196 35.8533 -10.6939 1.4483 1.7881 0.4452
Cyclist 0.0000 0 0.0000 -1.0000 -1.0000 -1.0000 -1.0000 0.7062 1.2806 1.7471 -6.3676 -16.2507 0.4715 -1.7001 0.4187
Cyclist 0.0000 0 0.0000 -1.0000 -1.0000 -1.0000 -1.0000 0.7466 1.5393 1.7139 24.2679 -14.9291 1.2502 -0.9188 0.3865
Cyclist 0.0000 0 0.0000 -1.0000 -1.0000 -1.0000 -1.0000 0.8558 1.6486 1.8192 -46.1948 -7.5212 0.1329 -0.0308 0.3504
Cyclist 0.0000 0 0.0000 -1.0000 -1.0000 -1.0000 -1.0000 0.7117 1.2715 1.7298 -7.2232 -13.9803 0.4105 -1.7090 0.3388
Cyclist 0.0000 0 0.0000 -1.0000 -1.0000 -1.0000 -1.0000 0.6703 1.1565 1.6874 -9.0478 -15.7964 0.3846 1.4761 0.3375
