Car 0.0000 0 0.0000 -1.0000 -1.0000 -1.0000 -1.0000 2.0150 1.5316 4.6254 -10.0826 -12.1383 0.4352 -0.0255 0.8105
Car 0.0000 0 0.0000 -1.0000 -1.0000 -1.0000 -1.0000 2.0195 1.5219 4.6043 -20.0320 -15.6609 0.1901 -0.0134 0.7796
Car 0.0000 0 0.0000 -1.0000 -1.0000 -1.0000 -1.0000 2.0134 1.4677 4.6560 -33.4705 -11.9829 0.0480 -3.1379 0.7754
Car 0.0000 0 0.0000 -1.0000 -1.0000 -1.0000 -1.0000 1.9882 1.4749 4.5044 15.7738 20.0157 0.6934 -3.1122 0.7685
Car 0.0000 0 0.0000 -1.0000 -1.0000 -1.0000 -1.0000 2.0009 1.4787 4.6309 47.1036 2.8023 1.1229 0.0602 0.7368
Car 0.0000 0 0.0000 -1.0000 -1.0000 -1.0000 -1.0000 1.9659 1.4564 4.5531 48.4699 -10.1555 0.7980 0.0596 0.7236
Car 0.0000 0 0.0000 -1.0000 -1.0000 -1.0000 -1.0000 1.8932 1.4473 4.4524 -23.7546 16.7819 0.4148 3.1327 0.6825
Car 0.0000 0 0.0000 -1.0000 -1.0000 -1.0000 -1.0000 1.9884 1.7437 4.5378 5.3050 -8.7774 0.7765 -0.0114 0.6789
Car 0.0000 0 0.0000 -1.0000 -1.0000 -1.0000 -1.0000 1.9452 1.4715 4.5870 35.5136 -14.6062 0.6518 0.0421 0.6785
Car 0.0000 0 0.0000 -1.0000 -1.0000 -1.0000 -1.0000 1.9727 1.5810 4.5926 -34.7994 -8.1013 0.0790 -0.0632 0.6742
Car 0.0000 0 0.0000 -1.0000 -1.0000 -1.0000 -1.0000 1.9376 1.5011 4.5208 -39.4285 18.5191 0.2155 3.1037 0.6723
Car 0.0000 0 0.0000 -1.0000 -1.0000 -1.0000 -1.0000 1.9591 1.5104 4.5844 11.1797 -11.9656 0.5593 3.1390 0.5827
Car 0.0000 0 0.0000 -1.0000 -1.0000 -1.0000 -1.0000 1.9358 1.5142 4.5239 -42.6722 14.0973 0.1761 -0.0191 0.5709
Car 0.0000 0 0.0000 -1.0000 -1.0000 -1.0000 -1.0000 2.0194 1.8017 4.8308 18.5571 35.2103 1.4410 -3.1019 0.5602
Car 0.0000 0 0.0000 -1.0000 -1.0000 -1.0000 -1.0000 1.9670 1.5854 4.5601 65.7438 -9.7288 0.9634 0.0406 0.4814
Car 0.0000 0 0.0000 -1.0000 -1.0000 -1.0000 -1.0000 1.8174 1.7201 4.2392 7.1990 14.7967 0.7867 3.1331 0.4230
Car 0.0000 0 0.0000 -1.0000 -1.0000 -1.0000 -1.0000 1.9171 1.6871 4.5259 48.3058 33.2747 1.0528 -3.0871 0.4173
Car 0.0000 0 0.0000 -1.0000 -1.0000 -1.0000 -1.0000 2.0600 1.9589 4.9577 3.5806 34.9142 1.3032 3.1383 0.4108
Car 0.0000 0 0.0000 -1.0000 -1.0000 -1.0000 -1.0000 1.9538 1.8609 4.5722 23.5031 29.5045 1.1220 -3.1139 0.4002
Car 0.0000 0 0.0000 -1.0000 -1.0000 -1.0000 -1.0000 1.9110 1.8118 4.5587 -16.2274 28.8933 0.6937 3.1074 0.3733
Car 0.0000 0 0.0000 -1.0000 -1.0000 -1.0000 -1.0000 1.9100 1.6737 4.5531 61.8411 35.3322 1.5200 -3.0943 0.3547
Car 0.0000 0 0.0000 -1.0000 -1.0000 -1.0000 -1.0000 1.8604 1.6415 4.4631 -6.5866 16.6757 0.6597 -0.0362 0.3511
Car 0.0000 0 0.0000 -1.0000 -1.0000 -1.0000 -1.0000 1.8871 1.7264 4.4675 -12.4063 32.6567 0.7623 3.1062 0.3491
Car 0.0000 0 0.0000 -1.0000 -1.0000 -1.0000 -1.0000 1.9791 1.9235 4.7524 -3.0412 30.0932 1.0826 -0.0102 0.3482
Car 0.0000 0 0.0000 -1.0000 -1.0000 -1.0000 -1.0000 1.9725 1.6220 4.5348 -5.9986 13.3893 0.6589 3.1327 0.3296
Car 0.0000 0 0.0000 -1.0000 -1.0000 -1.0000 -1.0000 1.9672 1.6743 4.6595 59.3789 -13.4940 0.8808 0.0172 0.3281
Car 0.0000 0 0.0000 -1.0000 -1.0000 -1.0000 -1.0000 1.9492 1.7812 4.6199 37.9592 35.4233 1.1803 0.0486 0.3278
Car 0.0000 0 0.0000 -1.0000 -1.0000 -1.0000 -1.0000 1.8834 1.6439 4.4558 -28.3574 35.3839 0.6395 3.1348 0.3269
Car 0.0000 0 0.0000 -1.0000 -1.0000 -1.0000 -1.0000 1.9355 1.5372 4.6144 -58.8299 15.6384 -0.2548 -0.0648 0.3079
Truck 0.0000 0 0.0000 -1.0000 -1.0000 -1.0000 -1.0000 2.9435 3.4986 8.3476 -34.1089 21.2329 1.3906 -0.0259 0.5807
Truck 0.0000 0 0.0000 -1.0000 -1.0000 -1.0000 -1.0000 2.5107 2.7903 6.6133 48.3955 8.5131 1.7649 0.0434 0.4729
Cyclist 0.0000 0 0.0000 -1.0000 -1.0000 -1.0000 -1.0000 0.7045 1.5251 1.6795 32.9316 -19.5325 0.4934 -3.0860 0.5280
