Car 0.0000 0 0.0000 -1.0000 -1.0000 -1.0000 -1.0000 2.0101 1.7153 4.5140 4.1855 2.5782 0.8918 3.1316 0.7942
Car 0.0000 0 0.0000 -1.0000 -1.0000 -1.0000 -1.0000 2.0277 1.7491 4.6083 -8.5828 2.5963 0.8552 3.1347 0.7905
Car 0.0000 0 0.0000 -1.0000 -1.0000 -1.0000 -1.0000 2.0161 1.5004 4.6213 16.4834 -4.9993 0.9890 2.5384 0.7689
Car 0.0000 0 0.0000 -1.0000 -1.0000 -1.0000 -1.0000 1.9600 1.6024 4.4944 46.4613 -1.2010 1.0016 0.0182 0.7669
Car 0.0000 0 0.0000 -1.0000 -1.0000 -1.0000 -1.0000 1.9525 1.6726 4.5366 -2.8310 2.4729 0.8109 -0.0184 0.7083
Car 0.0000 0 0.0000 -1.0000 -1.0000 -1.0000 -1.0000 2.0398 1.4780 4.6653 58.1327 2.5922 0.7733 3.1370 0.7081
Car 0.0000 0 0.0000 -1.0000 -1.0000 -1.0000 -1.0000 1.9974 1.7091 4.6832 -46.8820 5.5050 0.6362 3.1200 0.6247
Car 0.0000 0 0.0000 -1.0000 -1.0000 -1.0000 -1.0000 2.0692 1.5972 4.6894 31.4171 5.7254 0.8928 0.0104 0.6004
Car 0.0000 0 0.0000 -1.0000 -1.0000 -1.0000 -1.0000 1.8564 1.5880 4.4681 19.8697 7.2321 0.8223 0.0268 0.5482
Car 0.0000 0 0.0000 -1.0000 -1.0000 -1.0000 -1.0000 1.9211 1.6546 4.4618 67.0902 -0.5978 0.9156 3.0705 0.5397
Car 0.0000 0 0.0000 -1.0000 -1.0000 -1.0000 -1.0000 1.8994 1.5895 4.4433 44.2397 5.4174 0.8576 3.1213 0.5136
Car 0.0000 0 0.0000 -1.0000 -1.0000 -1.0000 -1.0000 2.1086 1.8270 4.8412 -17.5578 0.0269 0.9052 3.1407 0.4413
Car 0.0000 0 0.0000 -1.0000 -1.0000 -1.0000 -1.0000 1.8507 1.5675 4.4260 -50.5012 2.1918 0.5891 -0.0159 0.3707
Car 0.0000 0 0.0000 -1.0000 -1.0000 -1.0000 -1.0000 1.8079 1.8592 4.3213 37.2222 -18.1108 1.5663 1.2626 0.3053
Tricar 0.0000 0 0.0000 -1.0000 -1.0000 -1.0000 -1.0000 1.3253 1.7462 3.1387 37.1968 -18.0419 1.5655 1.2187 0.4411
Cyclist 0.0000 0 0.0000 -1.0000 -1.0000 -1.0000 -1.0000 0.7255 1.4649 1.7023 6.6648 -7.9628 0.8795 0.0549 0.6513
Cyclist 0.0000 0 0.0000 -1.0000 -1.0000 -1.0000 -1.0000 0.6970 1.4210 1.6860 1.5313 -8.1209 0.8521 0.0025 0.5302
Cyclist 0.0000 0 0.0000 -1.0000 -1.0000 -1.0000 -1.0000 0.8015 1.5606 1.7985 -3.9648 -7.8552 0.8624 0.0382 0.5067
Cyclist 0.0000 0 0.0000 -1.0000 -1.0000 -1.0000 -1.0000 0.8012 1.5644 1.8237 20.2296 19.5810 0.3597 1.4230 0.4459
Cyclist 0.0000 0 0.0000 -1.0000 -1.0000 -1.0000 -1.0000 0.7233 1.5571 1.6858 -44.6772 -5.5465 0.6666 -0.0414 0.3864
Cyclist 0.0000 0 0.0000 -1.0000 -1.0000 -1.0000 -1.0000 0.8196 1.5573 1.8007 33.4291 -21.3340 1.4806 -1.6091 0.3781
Cyclist 0.0000 0 0.0000 -1.0000 -1.0000 -1.0000 -1.0000 0.8561 1.6718 1.7848 35.2931 -27.0119 1.4827 -1.8806 0.3757
Cyclist 0.0000 0 0.0000 -1.0000 -1.0000 -1.0000 -1.0000 0.7433 1.5647 1.7135 -7.5167 7.5937 0.6863 3.1087 0.3673
Cyclist 0.0000 0 0.0000 -1.0000 -1.0000 -1.0000 -1.0000 0.8105 1.5528 1.7750 -0.6911 -3.1034 0.9067 3.1278 0.3438
Cyclist 0.0000 0 0.0000 -1.0000 -1.0000 -1.0000 -1.0000 0.7452 1.5472 1.7338 28.4700 21.2853 0.3067 1.5682 0.3406
Cyclist 0.0000 0 0.0000 -1.0000 -1.0000 -1.0000 -1.0000 0.8046 1.6334 1.7227 32.9904 -34.7414 1.6206 2.7073 0.3349
Cyclist 0.0000 0 0.0000 -1.0000 -1.0000 -1.0000 -1.0000 0.8368 1.6146 1.7903 49.9446 10.5364 0.6613 3.0815 0.3163
Cyclist 0.0000 0 0.0000 -1.0000 -1.0000 -1.0000 -1.0000 0.7255 1.5068 1.8033 24.0190 27.5687 0.1027 -1.4073 0.3058
Cyclist 0.0000 0 0.0000 -1.0000 -1.0000 -1.0000 -1.0000 0.7052 1.3927 1.7324 25.2768 28.2253 0.0564 -1.4889 0.3040
Pedestrian 0.0000 0 0.0000 -1.0000 -1.0000 -1.0000 -1.0000 0.6831 1.6571 0.6169 33.5102 22.3270 0.3597 0.0058 0.5726
Pedestrian 0.0000 0 0.0000 -1.0000 -1.0000 -1.0000 -1.0000 0.6977 1.6392 0.6400 12.1216 18.5513 0.4419 0.5532 0.5048
Pedestrian 0.0000 0 0.0000 -1.0000 -1.0000 -1.0000 -1.0000 0.6963 1.6913 0.6267 23.8942 23.4947 0.3671 -2.0251 0.4868
Pedestrian 0.0000 0 0.0000 -1.0000 -1.0000 -1.0000 -1.0000 0.6900 1.6798 0.6210 48.5799 13.9333 0.5469 3.1008 0.4695
Pedestrian 0.0000 0 0.0000 -1.0000 -1.0000 -1.0000 -1.0000 0.6678 1.6427 0.5718 44.6366 24.1799 0.3281 -3.1006 0.4349
Pedestrian 0.0000 0 0.0000 -1.0000 -1.0000 -1.0000 -1.0000 0.7060 1.7123 0.6738 14.5096 -16.5199 1.4865 2.3097 0.4079
Pedestrian 0.0000 0 0.0000 -1.0000 -1.0000 -1.0000 -1.0000 0.6915 1.6572 0.6128 2.4187 18.3458 0.6502 0.0977 0.3771
Pedestrian 0.0000 0 0.0000 -1.0000 -1.0000 -1.0000 -1.0000 0.6870 1.6977 0.5813 45.1762 25.4037 0.3260 0.0939 0.3339
Pedestrian 0.0000 0 0.0000 -1.0000 -1.0000 -1.0000 -1.0000 0.6829 1.6540 0.6206 14.2786 19.5788 0.4898 -2.1555 0.3153
Pedestrian 0.0000 0 0.0000 -1.0000 -1.0000 -1.0000 -1.0000 0.6897 1.6397 0.6184 12.0790 19.7548 0.4123 0.6604 0.3122
Pedestrian 0.0000 0 0.0000 -1.0000 -1.0000 -1.0000 -1.0000 0.7297 1.6639 0.7167 -37.8784 -9.0424 0.8535 0.0012 0.3101
Pedestrian 0.0000 0 0.0000 -1.0000 -1.0000 -1.0000 -1.0000 0.6891 1.7071 0.6373 15.8766 -16.2572 1.4710 2.2353 0.3043
Pedestrian 0.0000 0 0.0000 -1.0000 -1.0000 -1.0000 -1.0000 0.7145 1.7333 0.6366 25.4270 23.3451 0.4197 -2.1876 0.3008
