Car 0.0000 0 0.0000 -1.0000 -1.0000 -1.0000 -1.0000 1.9217 1.5100 4.4734 -53.7435 -3.2037 1.2431 -3.1061 0.6601
Car 0.0000 0 0.0000 -1.0000 -1.0000 -1.0000 -1.0000 1.8269 1.4291 4.3755 -36.7862 12.0027 0.8577 0.0861 0.6528
Car 0.0000 0 0.0000 -1.0000 -1.0000 -1.0000 -1.0000 1.9059 1.4328 4.4445 -28.5224 12.0379 0.7721 -3.1152 0.5557
Car 0.0000 0 0.0000 -1.0000 -1.0000 -1.0000 -1.0000 1.9213 1.5112 4.5572 68.3572 34.8137 -0.1565 -3.0648 0.5357
Car 0.0000 0 0.0000 -1.0000 -1.0000 -1.0000 -1.0000 1.9579 1.5081 4.5872 -57.4656 11.5828 1.1449 -0.0050 0.4641
Car 0.0000 0 0.0000 -1.0000 -1.0000 -1.0000 -1.0000 1.9045 1.5113 4.5602 78.6218 35.8101 -0.1430 -1.1472 0.4182
Car 0.0000 0 0.0000 -1.0000 -1.0000 -1.0000 -1.0000 1.9047 1.4972 4.5328 71.6414 28.4505 0.0077 -1.8161 0.4082
Car 0.0000 0 0.0000 -1.0000 -1.0000 -1.0000 -1.0000 1.9124 1.7948 4.4773 69.1502 29.9342 0.0858 -1.6912 0.4038
Car 0.0000 0 0.0000 -1.0000 -1.0000 -1.0000 -1.0000 1.9476 1.6788 4.6543 74.7530 41.6464 -0.0197 -1.9678 0.3759
Car 0.0000 0 0.0000 -1.0000 -1.0000 -1.0000 -1.0000 1.8902 1.5135 4.5048 -63.2549 11.7435 1.1775 -3.1369 0.3686
Car 0.0000 0 0.0000 -1.0000 -1.0000 -1.0000 -1.0000 1.8964 1.6253 4.6144 -83.5729 12.1997 1.1998 -3.1273 0.3053
Cyclist 0.0000 0 0.0000 -1.0000 -1.0000 -1.0000 -1.0000 0.6933 1.2141 1.7207 -14.6315 16.2830 0.3890 1.5491 0.4324
Cyclist 0.0000 0 0.0000 -1.0000 -1.0000 -1.0000 -1.0000 0.7516 1.5427 1.7065 2.1761 23.6565 0.4523 -2.9194 0.4258
Cyclist 0.0000 0 0.0000 -1.0000 -1.0000 -1.0000 -1.0000 0.8371 1.6286 1.8516 55.4887 18.5194 0.2256 -1.7690 0.4027
Cyclist 0.0000 0 0.0000 -1.0000 -1.0000 -1.0000 -1.0000 0.7199 1.3675 1.7180 -17.4207 13.6976 0.5366 -0.4527 0.4013
Cyclist 0.0000 0 0.0000 -1.0000 -1.0000 -1.0000 -1.0000 0.6784 1.1276 1.6672 -15.5198 16.3527 0.4101 -1.5773 0.3506
Cyclist 0.0000 0 0.0000 -1.0000 -1.0000 -1.0000 -1.0000 0.6688 1.1826 1.7290 -12.8613 16.1917 0.3984 1.5078 0.3392
Cyclist 0.0000 0 0.0000 -1.0000 -1.0000 -1.0000 -1.0000 0.7144 1.3747 1.7427 6.2131 25.9502 0.2854 -1.4378 0.3075
Pedestrian 0.0000 0 0.0000 -1.0000 -1.0000 -1.0000 -1.0000 0.7003 1.6698 0.6432 4.7535 20.0663 0.5611 -3.0160 0.6201
Pedestrian 0.0000 0 0.0000 -1.0000 -1.0000 -1.0000 -1.0000 0.7292 1.7021 0.7603 6.0100 6.5186 0.8030 -2.9905 0.4819
