Car 0.0000 0 0.0000 -1.0000 -1.0000 -1.0000 -1.0000 2.0285 1.7074 4.6413 9.1605 -8.3048 0.9493 -3.1222 0.8097
Car 0.0000 0 0.0000 -1.0000 -1.0000 -1.0000 -1.0000 1.9985 1.6526 4.5759 3.2350 -8.4540 0.8973 -3.1082 0.8038
Car 0.0000 0 0.0000 -1.0000 -1.0000 -1.0000 -1.0000 2.0980 1.6798 4.8216 16.0219 3.2215 0.8318 0.0433 0.7742
Car 0.0000 0 0.0000 -1.0000 -1.0000 -1.0000 -1.0000 1.9432 1.5460 4.4867 14.7821 -8.1167 0.8822 -3.1308 0.7705
Car 0.0000 0 0.0000 -1.0000 -1.0000 -1.0000 -1.0000 2.0424 1.6842 4.7355 -16.2904 3.1991 0.6643 -3.1111 0.7680
Car 0.0000 0 0.0000 -1.0000 -1.0000 -1.0000 -1.0000 1.8632 1.4924 4.4546 -14.8857 12.5440 0.1327 -3.0836 0.6390
Car 0.0000 0 0.0000 -1.0000 -1.0000 -1.0000 -1.0000 1.9214 1.7444 4.5038 21.3970 -7.9732 0.9332 0.0894 0.6101
Car 0.0000 0 0.0000 -1.0000 -1.0000 -1.0000 -1.0000 1.9723 1.6227 4.6290 -9.3215 12.8504 0.2937 -3.0602 0.5670
Car 0.0000 0 0.0000 -1.0000 -1.0000 -1.0000 -1.0000 1.8510 1.4384 4.4093 27.1968 -7.3994 0.7322 -3.0863 0.5269
Car 0.0000 0 0.0000 -1.0000 -1.0000 -1.0000 -1.0000 1.9039 1.4948 4.4787 8.0292 13.6247 0.2559 -3.0409 0.4986
Car 0.0000 0 0.0000 -1.0000 -1.0000 -1.0000 -1.0000 1.8310 1.4626 4.3847 -27.1298 12.3171 0.0084 -2.9341 0.3938
Car 0.0000 0 0.0000 -1.0000 -1.0000 -1.0000 -1.0000 1.9121 1.5780 4.5117 33.2433 -7.8963 0.8775 -0.0034 0.3606
Car 0.0000 0 0.0000 -1.0000 -1.0000 -1.0000 -1.0000 1.9591 1.6567 4.6753 76.7635 3.5507 0.8697 -3.1076 0.3247
Truck 0.0000 0 0.0000 -1.0000 -1.0000 -1.0000 -1.0000 2.7976 3.0895 11.1948 16.3138 8.3053 1.3492 -2.9150 0.5943
Cyclist 0.0000 0 0.0000 -1.0000 -1.0000 -1.0000 -1.0000 0.7776 1.5663 1.7223 25.5867 -4.1103 0.9056 -3.1130 0.6554
Cyclist 0.0000 0 0.0000 -1.0000 -1.0000 -1.0000 -1.0000 0.7960 1.5218 1.8052 -5.6506 -6.4643 0.7535 0.0323 0.4289
Cyclist 0.0000 0 0.0000 -1.0000 -1.0000 -1.0000 -1.0000 0.7368 1.3365 1.7477 -0.6938 15.0959 0.1637 2.2124 0.4217
Cyclist 0.0000 0 0.0000 -1.0000 -1.0000 -1.0000 -1.0000 0.7804 1.5652 1.7602 17.0484 11.9695 0.3942 -3.0679 0.4064
Cyclist 0.0000 0 0.0000 -1.0000 -1.0000 -1.0000 -1.0000 0.7479 1.4392 1.7456 -5.2345 15.0935 0.1783 1.8137 0.3791
Cyclist 0.0000 0 0.0000 -1.0000 -1.0000 -1.0000 -1.0000 0.6846 1.0941 1.7409 14.5104 15.9021 0.1888 -1.7144 0.3544
Cyclist 0.0000 0 0.0000 -1.0000 -1.0000 -1.0000 -1.0000 0.7102 1.2749 1.7198 2.8193 15.4279 0.1040 -0.3153 0.3508
Cyclist 0.0000 0 0.0000 -1.0000 -1.0000 -1.0000 -1.0000 0.6509 1.1778 1.6894 -10.2832 -11.1112 0.7569 1.4794 0.3209
Pedestrian 0.0000 0 0.0000 -1.0000 -1.0000 -1.0000 -1.0000 0.6885 1.6582 0.6552 -37.5479 -14.5206 0.8679 0.0814 0.5646
