Car 0.0000 0 0.0000 -1.0000 -1.0000 -1.0000 -1.0000 2.0433 1.4560 4.6782 -10.1299 -8.0523 0.7698 0.0160 0.8576
Car 0.0000 0 0.0000 -1.0000 -1.0000 -1.0000 -1.0000 1.9983 1.5093 4.5848 -12.7927 -18.1027 0.7883 3.1414 0.8225
Car 0.0000 0 0.0000 -1.0000 -1.0000 -1.0000 -1.0000 1.9705 1.4857 4.5716 -10.8189 -12.1479 0.7837 0.0442 0.8031
Car 0.0000 0 0.0000 -1.0000 -1.0000 -1.0000 -1.0000 2.0501 1.6530 4.7563 10.4087 20.0439 0.1440 -0.0223 0.7936
Car 0.0000 0 0.0000 -1.0000 -1.0000 -1.0000 -1.0000 1.9460 1.4701 4.5114 6.5480 -17.8971 0.9253 0.0075 0.7927
Car 0.0000 0 0.0000 -1.0000 -1.0000 -1.0000 -1.0000 1.9378 1.4813 4.4869 19.5889 -7.5689 0.9620 3.1377 0.7874
Car 0.0000 0 0.0000 -1.0000 -1.0000 -1.0000 -1.0000 1.9497 1.6381 4.5484 -3.2252 -8.1061 0.9059 3.1324 0.7753
Car 0.0000 0 0.0000 -1.0000 -1.0000 -1.0000 -1.0000 2.0111 1.6969 4.5967 -10.8054 7.2420 0.4945 -3.1175 0.7644
Car 0.0000 0 0.0000 -1.0000 -1.0000 -1.0000 -1.0000 2.0377 1.6990 4.7032 -20.0517 -18.2900 0.8957 3.1323 0.7296
Car 0.0000 0 0.0000 -1.0000 -1.0000 -1.0000 -1.0000 1.9243 1.4976 4.5140 27.6918 16.0648 0.4600 2.9930 0.6653
Car 0.0000 0 0.0000 -1.0000 -1.0000 -1.0000 -1.0000 1.9410 1.5479 4.5092 -6.9499 -17.9067 0.8394 0.0144 0.6639
Car 0.0000 0 0.0000 -1.0000 -1.0000 -1.0000 -1.0000 1.9406 1.7508 4.4966 12.6954 0.1976 0.9916 0.0140 0.6433
Car 0.0000 0 0.0000 -1.0000 -1.0000 -1.0000 -1.0000 1.9428 1.4748 4.5010 6.2139 -11.0621 0.8601 0.0318 0.6042
Car 0.0000 0 0.0000 -1.0000 -1.0000 -1.0000 -1.0000 1.9822 1.4511 4.6100 -34.0094 -18.4514 0.6194 0.1159 0.5896
Car 0.0000 0 0.0000 -1.0000 -1.0000 -1.0000 -1.0000 1.9572 1.5562 4.5412 46.4510 11.8531 0.7687 3.0863 0.5884
Car 0.0000 0 0.0000 -1.0000 -1.0000 -1.0000 -1.0000 2.0113 1.5174 4.6156 38.5545 17.2819 0.5205 3.0628 0.5832
Car 0.0000 0 0.0000 -1.0000 -1.0000 -1.0000 -1.0000 1.9048 1.7831 4.4670 47.0087 21.8449 0.6253 0.0493 0.5827
Car 0.0000 0 0.0000 -1.0000 -1.0000 -1.0000 -1.0000 1.9541 1.5531 4.5851 17.9219 17.7660 0.2128 -0.0457 0.5800
Car 0.0000 0 0.0000 -1.0000 -1.0000 -1.0000 -1.0000 2.0438 1.6682 4.5797 5.3517 -7.7374 0.9960 -0.0037 0.5798
Car 0.0000 0 0.0000 -1.0000 -1.0000 -1.0000 -1.0000 1.9614 1.4885 4.5026 12.4804 -7.8426 0.9286 0.0172 0.5779
Car 0.0000 0 0.0000 -1.0000 -1.0000 -1.0000 -1.0000 1.9087 1.6167 4.4743 -1.3250 -11.2739 0.9108 0.0210 0.5739
Car 0.0000 0 0.0000 -1.0000 -1.0000 -1.0000 -1.0000 1.8943 1.6213 4.4540 -0.5572 -17.6008 0.9700 0.0252 0.5623
Car 0.0000 0 0.0000 -1.0000 -1.0000 -1.0000 -1.0000 1.9045 1.4783 4.4853 -51.8117 -12.0203 0.4362 3.1235 0.5597
Car 0.0000 0 0.0000 -1.0000 -1.0000 -1.0000 -1.0000 1.9797 1.4785 4.5306 19.1353 -0.7659 0.9312 3.1048 0.5491
Car 0.0000 0 0.0000 -1.0000 -1.0000 -1.0000 -1.0000 1.9717 1.4687 4.6016 2.3032 -21.3095 0.8676 0.0604 0.5285
Car 0.0000 0 0.0000 -1.0000 -1.0000 -1.0000 -1.0000 1.9238 1.5278 4.4932 13.0097 -11.2103 0.9384 0.0036 0.5145
Car 0.0000 0 0.0000 -1.0000 -1.0000 -1.0000 -1.0000 1.9471 1.4880 4.5517 26.4229 -7.3683 1.0503 3.0969 0.5055
Car 0.0000 0 0.0000 -1.0000 -1.0000 -1.0000 -1.0000 1.9310 1.5001 4.5340 -10.4434 -21.4294 0.7284 0.0615 0.4738
Car 0.0000 0 0.0000 -1.0000 -1.0000 -1.0000 -1.0000 1.9520 1.5336 4.5597 20.5000 -17.9201 1.1681 3.1384 0.4720
Car 0.0000 0 0.0000 -1.0000 -1.0000 -1.0000 -1.0000 1.9420 1.6151 4.5301 26.3573 -17.6448 1.2356 3.1094 0.4589
Car 0.0000 0 0.0000 -1.0000 -1.0000 -1.0000 -1.0000 1.8489 1.5549 4.3689 -37.2888 -21.6375 0.5767 0.0743 0.4396
Car 0.0000 0 0.0000 -1.0000 -1.0000 -1.0000 -1.0000 1.9255 1.5410 4.4977 -18.0720 -21.6521 0.7219 -3.1067 0.4305
Car 0.0000 0 0.0000 -1.0000 -1.0000 -1.0000 -1.0000 1.9539 1.7069 4.5937 -27.1885 -18.6208 0.7907 3.1395 0.3786
Car 0.0000 0 0.0000 -1.0000 -1.0000 -1.0000 -1.0000 1.9341 1.6306 4.5636 66.3125 6.5680 1.2145 2.7911 0.3562
Car 0.0000 0 0.0000 -1.0000 -1.0000 -1.0000 -1.0000 1.9185 1.6277 4.5217 62.2628 26.1300 1.0641 0.2494 0.3355
Car 0.0000 0 0.0000 -1.0000 -1.0000 -1.0000 -1.0000 1.8617 1.5850 4.5089 31.6803 -11.1950 1.0609 3.1355 0.3157
Car 0.0000 0 0.0000 -1.0000 -1.0000 -1.0000 -1.0000 1.9362 1.6142 4.5960 22.1944 -20.7619 1.2300 0.0033 0.3117
Car 0.0000 0 0.0000 -1.0000 -1.0000 -1.0000 -1.0000 1.9145 1.5727 4.5637 31.7263 -18.0236 1.1982 3.0707 0.3042
Car 0.0000 0 0.0000 -1.0000 -1.0000 -1.0000 -1.0000 1.9125 1.6055 4.5487 75.4017 -3.3715 1.5503 -0.1762 0.3031
Truck 0.0000 0 0.0000 -1.0000 -1.0000 -1.0000 -1.0000 2.3180 2.2735 6.0564 9.7592 8.3934 0.8018 -0.0102 0.5559
Truck 0.0000 0 0.0000 -1.0000 -1.0000 -1.0000 -1.0000 2.5252 3.0184 6.1254 24.7273 -11.0843 1.8745 -0.0059 0.4823
Truck 0.0000 0 0.0000 -1.0000 -1.0000 -1.0000 -1.0000 2.9223 3.6064 9.5954 -49.7297 2.8312 1.6513 -0.0038 0.4461
Truck 0.0000 0 0.0000 -1.0000 -1.0000 -1.0000 -1.0000 1.8041 1.9088 4.3903 -18.0540 -12.0075 0.9655 0.0085 0.3785
Cyclist 0.0000 0 0.0000 -1.0000 -1.0000 -1.0000 -1.0000 0.7710 1.5602 1.7438 22.5826 30.8017 -0.3489 0.0358 0.5128
Cyclist 0.0000 0 0.0000 -1.0000 -1.0000 -1.0000 -1.0000 0.7814 1.5781 1.7879 -31.8130 12.8902 -0.0759 -0.0590 0.4210
