Car 0.0000 0 0.0000 -1.0000 -1.0000 -1.0000 -1.0000 1.9695 1.5698 4.5168 -58.3793 -4.2506 0.1738 -0.2797 0.7639
Car 0.0000 0 0.0000 -1.0000 -1.0000 -1.0000 -1.0000 1.9437 1.4993 4.4942 39.4899 6.9859 1.1319 3.1130 0.7281
Car 0.0000 0 0.0000 -1.0000 -1.0000 -1.0000 -1.0000 2.0443 1.6734 4.7590 50.4207 -0.4813 1.5683 3.1406 0.7271
Car 0.0000 0 0.0000 -1.0000 -1.0000 -1.0000 -1.0000 1.9193 1.4979 4.5570 -41.0845 -33.3575 1.1574 -1.5495 0.6438
Car 0.0000 0 0.0000 -1.0000 -1.0000 -1.0000 -1.0000 2.1230 1.8600 4.7547 -18.5664 -0.1329 0.8507 -0.0433 0.6344
Car 0.0000 0 0.0000 -1.0000 -1.0000 -1.0000 -1.0000 1.9691 1.5771 4.6108 -45.7847 -14.7047 0.6668 -0.9602 0.4985
Car 0.0000 0 0.0000 -1.0000 -1.0000 -1.0000 -1.0000 1.9298 1.5739 4.5723 -43.5105 33.4663 -0.5002 -1.2811 0.4661
Car 0.0000 0 0.0000 -1.0000 -1.0000 -1.0000 -1.0000 1.9725 1.7111 4.6979 -41.0642 34.0232 -0.3444 -1.3315 0.4397
Cyclist 0.0000 0 0.0000 -1.0000 -1.0000 -1.0000 -1.0000 0.8071 1.5317 1.7889 -13.2785 -10.7220 0.7430 0.1930 0.5316
Pedestrian 0.0000 0 0.0000 -1.0000 -1.0000 -1.0000 -1.0000 0.7143 1.7186 0.6910 -18.1429 21.5738 0.1237 -0.6881 0.5475
Pedestrian 0.0000 0 0.0000 -1.0000 -1.0000 -1.0000 -1.0000 0.7212 1.6650 0.7196 -22.0241 23.4130 0.0011 -0.9014 0.4398
Pedestrian 0.0000 0 0.0000 -1.0000 -1.0000 -1.0000 -1.0000 0.6836 1.6548 0.5911 -40.6325 29.6987 -0.3202 -2.8561 0.4193
Pedestrian 0.0000 0 0.0000 -1.0000 -1.0000 -1.0000 -1.0000 0.7162 1.6647 0.7032 -19.7645 24.4518 0.0248 -0.8044 0.3360
