Car 0.0000 0 0.0000 -1.0000 -1.0000 -1.0000 -1.0000 2.0129 1.4308 4.5516 -33.0880 -6.7175 0.7285 3.1304 0.8444
Car 0.0000 0 0.0000 -1.0000 -1.0000 -1.0000 -1.0000 2.1115 1.7800 4.7859 -20.5952 -6.5547 0.9058 3.1193 0.8220
Car 0.0000 0 0.0000 -1.0000 -1.0000 -1.0000 -1.0000 1.9244 1.4790 4.4749 27.8205 2.9368 0.7788 0.2384 0.8055
Car 0.0000 0 0.0000 -1.0000 -1.0000 -1.0000 -1.0000 1.9975 1.5347 4.5756 -10.6628 -6.6599 0.7959 3.1166 0.7887
Car 0.0000 0 0.0000 -1.0000 -1.0000 -1.0000 -1.0000 1.9749 1.4314 4.5032 4.1422 -3.2675 0.7438 -3.1406 0.7825
Car 0.0000 0 0.0000 -1.0000 -1.0000 -1.0000 -1.0000 2.1089 1.7045 4.7847 -59.8110 -3.0644 0.8211 -3.1136 0.7789
Car 0.0000 0 0.0000 -1.0000 -1.0000 -1.0000 -1.0000 1.9838 1.5202 4.5765 53.9600 -8.3447 0.7598 0.0576 0.7669
Car 0.0000 0 0.0000 -1.0000 -1.0000 -1.0000 -1.0000 1.9469 1.4271 4.5140 -0.3337 -6.3327 0.7449 3.1189 0.7531
Car 0.0000 0 0.0000 -1.0000 -1.0000 -1.0000 -1.0000 1.9696 1.6301 4.5414 -5.0849 -3.1836 0.8581 0.0012 0.7348
Car 0.0000 0 0.0000 -1.0000 -1.0000 -1.0000 -1.0000 2.1323 1.8466 4.9071 -19.9445 0.0032 0.8958 0.0179 0.6047
Car 0.0000 0 0.0000 -1.0000 -1.0000 -1.0000 -1.0000 1.9948 1.7452 4.6178 11.1480 0.1890 0.9228 -3.1245 0.5988
Car 0.0000 0 0.0000 -1.0000 -1.0000 -1.0000 -1.0000 1.9477 1.7895 4.5678 -65.4168 12.2023 0.3467 -3.1145 0.5944
Car 0.0000 0 0.0000 -1.0000 -1.0000 -1.0000 -1.0000 1.8963 1.5367 4.4004 -27.0843 11.3298 0.3526 -3.1057 0.5560
Car 0.0000 0 0.0000 -1.0000 -1.0000 -1.0000 -1.0000 1.8791 1.7987 4.4155 -2.3273 -10.1364 0.9554 3.0989 0.5417
Car 0.0000 0 0.0000 -1.0000 -1.0000 -1.0000 -1.0000 2.0175 1.4719 4.6177 -24.6427 -9.9136 0.7493 -3.1280 0.5380
Car 0.0000 0 0.0000 -1.0000 -1.0000 -1.0000 -1.0000 1.9757 1.5632 4.6856 61.3604 -4.0749 0.7725 0.0063 0.5035
Car 0.0000 0 0.0000 -1.0000 -1.0000 -1.0000 -1.0000 1.9736 1.9681 4.5890 -12.2201 -9.8586 1.0336 0.0001 0.4938
Car 0.0000 0 0.0000 -1.0000 -1.0000 -1.0000 -1.0000 1.9565 1.6124 4.5747 81.8114 -8.3039 0.9541 3.0360 0.4585
Pedestrian 0.0000 0 0.0000 -1.0000 -1.0000 -1.0000 -1.0000 0.7134 1.6690 0.6785 8.7656 23.3565 -0.0225 -0.1078 0.5202
Pedestrian 0.0000 0 0.0000 -1.0000 -1.0000 -1.0000 -1.0000 0.7215 1.6590 0.7143 8.0667 22.5589 -0.0212 -0.0227 0.3137
