Car 0.0000 0 0.0000 -1.0000 -1.0000 -1.0000 -1.0000 1.9889 1.4440 4.5834 -10.3957 -3.3103 0.7385 0.0170 0.8249
Car 0.0000 0 0.0000 -1.0000 -1.0000 -1.0000 -1.0000 1.9783 1.4314 4.5529 -29.9099 3.0569 0.7454 3.1307 0.8215
Car 0.0000 0 0.0000 -1.0000 -1.0000 -1.0000 -1.0000 2.0513 1.4698 4.6126 14.4564 6.0079 0.7777 0.0426 0.8212
Car 0.0000 0 0.0000 -1.0000 -1.0000 -1.0000 -1.0000 2.0432 1.5910 4.6027 16.8302 2.8168 0.8667 -0.0412 0.7925
Car 0.0000 0 0.0000 -1.0000 -1.0000 -1.0000 -1.0000 2.0033 1.5215 4.6240 27.6598 7.1814 0.7585 3.0520 0.7717
Car 0.0000 0 0.0000 -1.0000 -1.0000 -1.0000 -1.0000 1.9338 1.5145 4.4920 -17.8664 -3.4747 0.7619 0.0578 0.7593
Car 0.0000 0 0.0000 -1.0000 -1.0000 -1.0000 -1.0000 1.9382 1.4824 4.5251 -25.6118 -3.4242 0.7861 -3.1194 0.7494
Car 0.0000 0 0.0000 -1.0000 -1.0000 -1.0000 -1.0000 1.9961 1.6144 4.5937 8.9698 -3.6720 0.8498 -0.0585 0.7188
Car 0.0000 0 0.0000 -1.0000 -1.0000 -1.0000 -1.0000 1.8669 1.4631 4.4046 -2.7479 2.6982 0.7310 3.1317 0.6852
Car 0.0000 0 0.0000 -1.0000 -1.0000 -1.0000 -1.0000 2.0464 1.9661 4.8137 -0.9816 -3.5488 1.0141 0.0149 0.6765
Car 0.0000 0 0.0000 -1.0000 -1.0000 -1.0000 -1.0000 1.9902 1.5046 4.5680 17.6383 -3.6908 0.7901 -0.1395 0.6696
Car 0.0000 0 0.0000 -1.0000 -1.0000 -1.0000 -1.0000 2.0811 1.8009 4.6955 5.9486 5.8802 0.9261 -0.0234 0.6521
Car 0.0000 0 0.0000 -1.0000 -1.0000 -1.0000 -1.0000 1.9246 1.6164 4.5114 29.3025 2.8864 0.9107 3.0285 0.6354
Car 0.0000 0 0.0000 -1.0000 -1.0000 -1.0000 -1.0000 1.9560 1.7223 4.5816 -35.5308 -3.1814 0.8952 0.0333 0.6048
Car 0.0000 0 0.0000 -1.0000 -1.0000 -1.0000 -1.0000 1.9347 1.7033 4.6033 48.3442 -20.1147 1.7525 1.6448 0.5882
Car 0.0000 0 0.0000 -1.0000 -1.0000 -1.0000 -1.0000 1.9132 1.5045 4.5357 -39.4354 3.4880 0.7850 -0.0871 0.5407
Car 0.0000 0 0.0000 -1.0000 -1.0000 -1.0000 -1.0000 2.4662 2.6332 5.5147 -13.8960 2.6412 1.2995 -3.1213 0.5293
Car 0.0000 0 0.0000 -1.0000 -1.0000 -1.0000 -1.0000 1.9291 1.8589 4.5408 25.8802 -4.5874 1.1081 2.9553 0.5243
Car 0.0000 0 0.0000 -1.0000 -1.0000 -1.0000 -1.0000 2.0980 1.9114 4.8670 28.3577 12.0093 0.8752 3.0884 0.5184
Car 0.0000 0 0.0000 -1.0000 -1.0000 -1.0000 -1.0000 1.9459 1.5279 4.6271 46.4850 -27.9776 1.8348 1.6308 0.5167
Car 0.0000 0 0.0000 -1.0000 -1.0000 -1.0000 -1.0000 1.9510 1.5821 4.6427 42.3298 -16.9667 1.4249 1.8730 0.4713
Car 0.0000 0 0.0000 -1.0000 -1.0000 -1.0000 -1.0000 1.9587 1.5196 4.4953 -25.2029 15.2353 0.4850 -3.1367 0.4659
Car 0.0000 0 0.0000 -1.0000 -1.0000 -1.0000 -1.0000 1.9301 1.6494 4.6048 43.3870 -8.9681 1.1350 2.1320 0.4261
Car 0.0000 0 0.0000 -1.0000 -1.0000 -1.0000 -1.0000 1.9045 1.5634 4.5121 40.4224 12.4387 0.5611 2.9267 0.4182
Car 0.0000 0 0.0000 -1.0000 -1.0000 -1.0000 -1.0000 1.9319 1.4479 4.4806 -0.4364 5.6800 0.7376 3.1174 0.3716
Car 0.0000 0 0.0000 -1.0000 -1.0000 -1.0000 -1.0000 1.9390 1.5526 4.6020 35.1081 -10.4294 1.1460 2.4427 0.3250
Truck 0.0000 0 0.0000 -1.0000 -1.0000 -1.0000 -1.0000 2.7974 3.1454 9.7829 12.7059 -0.4114 1.5921 3.0943 0.5527
Truck 0.0000 0 0.0000 -1.0000 -1.0000 -1.0000 -1.0000 2.6002 2.4249 6.9996 -21.3794 -0.0559 1.2298 0.0086 0.4467
Cyclist 0.0000 0 0.0000 -1.0000 -1.0000 -1.0000 -1.0000 0.7456 1.5464 1.7062 -55.9277 -9.3737 0.9333 0.0353 0.4536
Cyclist 0.0000 0 0.0000 -1.0000 -1.0000 -1.0000 -1.0000 0.7968 1.5969 1.7839 32.6670 41.3317 -0.0175 -1.9016 0.3425
