Car 0.0000 0 0.0000 -1.0000 -1.0000 -1.0000 -1.0000 2.1551 1.5905 4.7817 -19.4881 0.1641 0.9222 -3.1194 0.7752
Car 0.0000 0 0.0000 -1.0000 -1.0000 -1.0000 -1.0000 1.8875 1.4598 4.3350 12.8987 2.6679 0.5929 3.0630 0.7576
Car 0.0000 0 0.0000 -1.0000 -1.0000 -1.0000 -1.0000 2.0574 1.6877 4.6625 -12.7073 -1.7822 0.9022 -3.1051 0.7051
Car 0.0000 0 0.0000 -1.0000 -1.0000 -1.0000 -1.0000 1.8708 1.5040 4.4370 22.1475 2.9343 0.4377 3.1316 0.6666
Car 0.0000 0 0.0000 -1.0000 -1.0000 -1.0000 -1.0000 1.9399 1.5279 4.5433 -29.3371 0.1117 0.9426 -0.0716 0.3819
Car 0.0000 0 0.0000 -1.0000 -1.0000 -1.0000 -1.0000 1.8583 1.5487 4.4505 69.5999 2.6505 -0.4698 0.0095 0.3279
Car 0.0000 0 0.0000 -1.0000 -1.0000 -1.0000 -1.0000 1.9063 1.4977 4.6297 -3.3996 30.6651 0.0662 -2.9493 0.3129
Cyclist 0.0000 0 0.0000 -1.0000 -1.0000 -1.0000 -1.0000 0.8035 1.5791 1.7947 8.3997 9.2561 0.6010 -0.0712 0.6913
Cyclist 0.0000 0 0.0000 -1.0000 -1.0000 -1.0000 -1.0000 0.7796 1.5434 1.7550 8.1063 -3.2827 0.7489 -0.0311 0.6462
Cyclist 0.0000 0 0.0000 -1.0000 -1.0000 -1.0000 -1.0000 0.7948 1.5364 1.7831 -1.6403 10.4366 0.5172 -2.7754 0.6032
Cyclist 0.0000 0 0.0000 -1.0000 -1.0000 -1.0000 -1.0000 0.7514 1.5168 1.7194 -32.2328 9.8644 0.7558 -0.0044 0.5813
Cyclist 0.0000 0 0.0000 -1.0000 -1.0000 -1.0000 -1.0000 0.7667 1.5628 1.7288 -4.6294 -2.2555 0.8219 -0.0589 0.5807
Cyclist 0.0000 0 0.0000 -1.0000 -1.0000 -1.0000 -1.0000 0.8505 1.6040 1.8346 8.8184 -0.7801 0.7482 2.9988 0.5293
Cyclist 0.0000 0 0.0000 -1.0000 -1.0000 -1.0000 -1.0000 0.7647 1.4946 1.8190 11.3408 -12.9104 0.8035 1.4723 0.4613
Cyclist 0.0000 0 0.0000 -1.0000 -1.0000 -1.0000 -1.0000 0.7730 1.5757 1.7239 3.1285 7.2002 0.6590 -0.4384 0.4490
Cyclist 0.0000 0 0.0000 -1.0000 -1.0000 -1.0000 -1.0000 0.7598 1.5786 1.6945 23.3173 8.1916 0.3851 3.1119 0.4316
Cyclist 0.0000 0 0.0000 -1.0000 -1.0000 -1.0000 -1.0000 0.8266 1.6185 1.8239 16.9855 18.1059 0.4996 -1.8871 0.4193
Cyclist 0.0000 0 0.0000 -1.0000 -1.0000 -1.0000 -1.0000 0.7898 1.5792 1.7471 1.0513 5.2617 0.7165 -0.8751 0.4178
Cyclist 0.0000 0 0.0000 -1.0000 -1.0000 -1.0000 -1.0000 0.7632 1.5305 1.7882 2.7122 13.4461 0.4573 -1.4236 0.3942
Cyclist 0.0000 0 0.0000 -1.0000 -1.0000 -1.0000 -1.0000 0.7920 1.5597 1.7461 -45.4877 -1.6393 0.9986 -0.0847 0.3849
Cyclist 0.0000 0 0.0000 -1.0000 -1.0000 -1.0000 -1.0000 0.7805 1.6023 1.7669 51.9077 -4.0751 0.0575 0.1479 0.3671
Cyclist 0.0000 0 0.0000 -1.0000 -1.0000 -1.0000 -1.0000 0.7877 1.6243 1.7641 -0.7631 4.0482 0.7820 2.3359 0.3423
Cyclist 0.0000 0 0.0000 -1.0000 -1.0000 -1.0000 -1.0000 0.7003 1.2641 1.7279 16.0663 -30.3465 0.6914 -1.7506 0.3408
Cyclist 0.0000 0 0.0000 -1.0000 -1.0000 -1.0000 -1.0000 0.6928 1.0724 1.6983 -13.9336 12.0491 0.5177 -1.3658 0.3394
Cyclist 0.0000 0 0.0000 -1.0000 -1.0000 -1.0000 -1.0000 0.7420 1.5544 1.7910 6.3315 23.8973 0.1287 -1.4004 0.3324
Cyclist 0.0000 0 0.0000 -1.0000 -1.0000 -1.0000 -1.0000 0.8344 1.5898 1.7854 -33.8960 -3.3194 1.0185 -0.0257 0.3272
Cyclist 0.0000 0 0.0000 -1.0000 -1.0000 -1.0000 -1.0000 0.6628 1.0746 1.6530 -24.3091 13.9927 0.7101 -0.9543 0.3084
Pedestrian 0.0000 0 0.0000 -1.0000 -1.0000 -1.0000 -1.0000 0.6578 1.6312 0.5635 16.5945 12.4204 0.5566 3.0697 0.4648
Pedestrian 0.0000 0 0.0000 -1.0000 -1.0000 -1.0000 -1.0000 0.6711 1.6363 0.5849 -48.8749 14.6157 1.0624 0.0050 0.4336
Pedestrian 0.0000 0 0.0000 -1.0000 -1.0000 -1.0000 -1.0000 0.6769 1.6201 0.6003 50.4993 12.3186 0.1343 -3.1410 0.4105
Pedestrian 0.0000 0 0.0000 -1.0000 -1.0000 -1.0000 -1.0000 0.7115 1.6415 0.6644 3.2326 7.1373 0.6796 -0.4791 0.3970
Pedestrian 0.0000 0 0.0000 -1.0000 -1.0000 -1.0000 -1.0000 0.6922 1.6698 0.6084 12.6756 18.1272 0.4661 -1.9761 0.3890
Pedestrian 0.0000 0 0.0000 -1.0000 -1.0000 -1.0000 -1.0000 0.7079 1.6727 0.6465 37.5125 -5.4281 0.3624 0.0005 0.3535
Pedestrian 0.0000 0 0.0000 -1.0000 -1.0000 -1.0000 -1.0000 0.7027 1.6672 0.6386 37.0796 -6.1150 0.4028 3.1120 0.3332
Pedestrian 0.0000 0 0.0000 -1.0000 -1.0000 -1.0000 -1.0000 0.7178 1.7539 0.6503 -48.7036 -3.3337 1.2768 3.0503 0.3110
Pedestrian 0.0000 0 0.0000 -1.0000 -1.0000 -1.0000 -1.0000 0.7186 1.6441 0.6967 23.1465 10.1522 0.4142 3.1206 0.3057
