Car 0.0000 0 0.0000 -1.0000 -1.0000 -1.0000 -1.0000 2.0341 1.5309 4.6375 10.6843 3.4570 0.9354 -0.0181 0.7913
Car 0.0000 0 0.0000 -1.0000 -1.0000 -1.0000 -1.0000 1.9775 1.4650 4.5605 27.7804 2.9851 1.1264 3.1126 0.7766
Car 0.0000 0 0.0000 -1.0000 -1.0000 -1.0000 -1.0000 2.0009 1.6308 4.5774 -17.0079 8.2097 0.5908 -3.0676 0.7062
Car 0.0000 0 0.0000 -1.0000 -1.0000 -1.0000 -1.0000 1.9709 1.4708 4.5883 -17.4339 3.1356 0.5784 -3.1295 0.6377
Car 0.0000 0 0.0000 -1.0000 -1.0000 -1.0000 -1.0000 1.8861 1.5048 4.4875 -36.8456 -9.2930 0.2810 -3.1253 0.6127
Car 0.0000 0 0.0000 -1.0000 -1.0000 -1.0000 -1.0000 1.9795 1.9611 4.6097 -11.0197 11.9626 0.7323 -3.0856 0.6109
Car 0.0000 0 0.0000 -1.0000 -1.0000 -1.0000 -1.0000 1.9954 1.4437 4.5726 -36.0806 3.4159 0.3642 -3.1303 0.5873
Car 0.0000 0 0.0000 -1.0000 -1.0000 -1.0000 -1.0000 1.8961 1.6338 4.5678 -42.7531 -9.0492 0.2661 -3.1311 0.5832
Car 0.0000 0 0.0000 -1.0000 -1.0000 -1.0000 -1.0000 1.9840 1.6719 4.5262 17.5878 -0.1215 1.0930 -3.1410 0.5785
Car 0.0000 0 0.0000 -1.0000 -1.0000 -1.0000 -1.0000 2.0936 1.9028 4.8261 -14.2834 -0.1381 0.8743 -0.0067 0.4823
Car 0.0000 0 0.0000 -1.0000 -1.0000 -1.0000 -1.0000 1.9025 1.6388 4.5244 -48.9386 -9.2526 0.1817 -0.0328 0.4405
Car 0.0000 0 0.0000 -1.0000 -1.0000 -1.0000 -1.0000 1.9244 1.5579 4.5489 53.8422 3.5392 1.4327 0.0453 0.4183
Car 0.0000 0 0.0000 -1.0000 -1.0000 -1.0000 -1.0000 1.8815 1.4579 4.4563 -19.4451 -9.4214 0.4883 -3.1383 0.4137
Car 0.0000 0 0.0000 -1.0000 -1.0000 -1.0000 -1.0000 1.9421 1.6187 4.6757 -61.1962 -9.4317 0.1376 -2.9725 0.4030
Car 0.0000 0 0.0000 -1.0000 -1.0000 -1.0000 -1.0000 1.8608 1.5164 4.4187 -8.8634 24.5595 0.4359 1.5319 0.4023
Car 0.0000 0 0.0000 -1.0000 -1.0000 -1.0000 -1.0000 1.8337 1.6115 4.4495 -30.8839 -9.0120 0.4279 -3.1104 0.3992
Car 0.0000 0 0.0000 -1.0000 -1.0000 -1.0000 -1.0000 1.8677 1.4866 4.4355 -8.9595 18.9421 0.5467 -1.6711 0.3935
Car 0.0000 0 0.0000 -1.0000 -1.0000 -1.0000 -1.0000 1.9767 1.6068 4.5885 -25.0269 -9.3571 0.5413 -3.1077 0.3900
Car 0.0000 0 0.0000 -1.0000 -1.0000 -1.0000 -1.0000 1.8964 1.5083 4.5984 -54.3311 -9.1957 0.0586 -3.0910 0.3895
Car 0.0000 0 0.0000 -1.0000 -1.0000 -1.0000 -1.0000 1.8491 1.5094 4.4909 -68.1112 -9.0884 0.1778 -3.0021 0.3180
Truck 0.0000 0 0.0000 -1.0000 -1.0000 -1.0000 -1.0000 2.9032 3.2198 8.6976 -64.6604 -2.7097 1.1009 -3.0316 0.4987
Cyclist 0.0000 0 0.0000 -1.0000 -1.0000 -1.0000 -1.0000 0.7181 1.5059 1.7147 -29.9383 13.1497 0.3507 3.0984 0.6388
Cyclist 0.0000 0 0.0000 -1.0000 -1.0000 -1.0000 -1.0000 0.7228 1.5300 1.6795 -0.9112 -2.4738 0.8062 0.0025 0.3682
Cyclist 0.0000 0 0.0000 -1.0000 -1.0000 -1.0000 -1.0000 0.8506 1.6174 1.7877 19.6138 5.6162 1.1806 3.1161 0.3199
Pedestrian 0.0000 0 0.0000 -1.0000 -1.0000 -1.0000 -1.0000 0.6845 1.6674 0.6294 -12.4402 -3.1379 0.7736 3.1310 0.6367
