Car 0.0000 0 0.0000 -1.0000 -1.0000 -1.0000 -1.0000 1.9004 1.3944 4.4568 2.8045 12.4330 0.5685 3.1413 0.8296
Car 0.0000 0 0.0000 -1.0000 -1.0000 -1.0000 -1.0000 1.9287 1.4204 4.4521 8.7763 12.2631 0.6091 3.1172 0.7969
Car 0.0000 0 0.0000 -1.0000 -1.0000 -1.0000 -1.0000 1.9851 1.4512 4.5589 -17.4770 -8.7911 0.6838 -0.0407 0.7844
Car 0.0000 0 0.0000 -1.0000 -1.0000 -1.0000 -1.0000 1.9216 1.4484 4.5546 -28.2147 -10.0670 0.7180 -1.6393 0.6514
Car 0.0000 0 0.0000 -1.0000 -1.0000 -1.0000 -1.0000 1.9317 1.4258 4.5408 -15.3740 12.3666 0.5355 0.0104 0.6146
Car 0.0000 0 0.0000 -1.0000 -1.0000 -1.0000 -1.0000 1.9060 1.4397 4.5071 -11.4727 -8.8014 0.7096 -3.1397 0.5735
Car 0.0000 0 0.0000 -1.0000 -1.0000 -1.0000 -1.0000 1.9037 1.5298 4.5520 -23.9313 21.6346 0.5992 -1.6456 0.5573
Car 0.0000 0 0.0000 -1.0000 -1.0000 -1.0000 -1.0000 1.8751 1.4064 4.3751 -3.7580 12.3489 0.5603 -0.0045 0.5525
Car 0.0000 0 0.0000 -1.0000 -1.0000 -1.0000 -1.0000 1.8418 1.4296 4.3815 -51.2564 -8.8054 0.6622 -0.0164 0.5485
Car 0.0000 0 0.0000 -1.0000 -1.0000 -1.0000 -1.0000 1.9437 1.9105 4.6130 42.5512 6.8104 1.0199 3.1177 0.4998
Car 0.0000 0 0.0000 -1.0000 -1.0000 -1.0000 -1.0000 1.8920 1.4877 4.5789 29.4263 -8.6828 0.8568 3.0961 0.4966
Car 0.0000 0 0.0000 -1.0000 -1.0000 -1.0000 -1.0000 1.9544 1.6635 4.6257 -34.0033 -11.5256 0.8160 1.5417 0.4223
Car 0.0000 0 0.0000 -1.0000 -1.0000 -1.0000 -1.0000 1.8934 1.5371 4.5833 -73.3638 12.1871 0.4587 -3.0925 0.3886
Car 0.0000 0 0.0000 -1.0000 -1.0000 -1.0000 -1.0000 1.9251 1.5631 4.6271 44.4080 -8.6799 0.8612 -0.2884 0.3015
Tricar 0.0000 0 0.0000 -1.0000 -1.0000 -1.0000 -1.0000 1.1811 1.4763 2.8368 3.9859 -5.9610 0.7716 -0.0977 0.5192
Tricar 0.0000 0 0.0000 -1.0000 -1.0000 -1.0000 -1.0000 1.2644 1.5492 2.8785 -63.7046 12.3435 0.6041 -3.0981 0.3323
Tricar 0.0000 0 0.0000 -1.0000 -1.0000 -1.0000 -1.0000 1.0873 1.0861 2.6990 7.1245 -12.6383 0.9029 -0.0280 0.3150
Cyclist 0.0000 0 0.0000 -1.0000 -1.0000 -1.0000 -1.0000 0.8185 1.5611 1.8193 1.5183 6.5807 0.7042 3.1072 0.6048
Cyclist 0.0000 0 0.0000 -1.0000 -1.0000 -1.0000 -1.0000 0.6762 1.2367 1.6833 20.0596 15.8396 0.7180 -3.1245 0.4429
Cyclist 0.0000 0 0.0000 -1.0000 -1.0000 -1.0000 -1.0000 0.7635 1.4871 1.7562 30.9147 12.7094 0.6947 3.0190 0.3926
Cyclist 0.0000 0 0.0000 -1.0000 -1.0000 -1.0000 -1.0000 0.6466 1.1163 1.6842 -0.9737 -12.4660 0.8239 1.5325 0.3858
Cyclist 0.0000 0 0.0000 -1.0000 -1.0000 -1.0000 -1.0000 0.7811 1.5329 1.7931 -7.5071 10.0424 0.6467 0.0122 0.3794
Cyclist 0.0000 0 0.0000 -1.0000 -1.0000 -1.0000 -1.0000 0.6911 1.2164 1.6803 -59.6356 16.2435 0.5866 -3.1294 0.3665
Cyclist 0.0000 0 0.0000 -1.0000 -1.0000 -1.0000 -1.0000 0.7614 1.5444 1.7112 44.2683 10.2833 0.8061 0.0200 0.3662
Cyclist 0.0000 0 0.0000 -1.0000 -1.0000 -1.0000 -1.0000 0.7495 1.2138 1.7835 -6.3558 16.0816 0.6581 -2.6028 0.3638
Cyclist 0.0000 0 0.0000 -1.0000 -1.0000 -1.0000 -1.0000 0.7473 1.4380 1.7553 -35.6284 16.3419 0.7379 -3.0110 0.3529
Cyclist 0.0000 0 0.0000 -1.0000 -1.0000 -1.0000 -1.0000 0.6982 1.0732 1.7176 -2.7414 -8.5830 0.5708 1.8977 0.3371
Cyclist 0.0000 0 0.0000 -1.0000 -1.0000 -1.0000 -1.0000 0.6813 1.1699 1.6970 7.9546 16.2881 0.6284 0.0218 0.3273
