Car 0.0000 0 0.0000 -1.0000 -1.0000 -1.0000 -1.0000 2.0473 1.6516 4.7188 42.8508 23.4736 0.0534 -3.0254 0.8081
Car 0.0000 0 0.0000 -1.0000 -1.0000 -1.0000 -1.0000 2.1205 1.8706 4.7645 -37.3452 -3.0163 1.1180 -0.0033 0.7819
Car 0.0000 0 0.0000 -1.0000 -1.0000 -1.0000 -1.0000 2.0943 1.7239 4.7797 -2.2799 -2.9987 0.8853 -0.0329 0.7406
Car 0.0000 0 0.0000 -1.0000 -1.0000 -1.0000 -1.0000 1.9387 1.4683 4.5614 45.4542 29.8363 -0.1612 -2.9246 0.7331
Car 0.0000 0 0.0000 -1.0000 -1.0000 -1.0000 -1.0000 2.0921 1.8273 4.7322 -11.8506 0.0298 0.9849 -3.1227 0.6866
Car 0.0000 0 0.0000 -1.0000 -1.0000 -1.0000 -1.0000 2.0121 1.6662 4.6938 32.0751 6.3777 0.6273 -1.6292 0.6798
Car 0.0000 0 0.0000 -1.0000 -1.0000 -1.0000 -1.0000 1.9239 1.5597 4.5050 40.2878 29.5703 -0.0763 -3.0488 0.6573
Car 0.0000 0 0.0000 -1.0000 -1.0000 -1.0000 -1.0000 1.9542 1.4908 4.5959 35.8434 -16.7529 0.9007 -1.5234 0.6477
Car 0.0000 0 0.0000 -1.0000 -1.0000 -1.0000 -1.0000 1.9535 1.8513 4.5459 63.4615 8.6057 0.5516 -3.0055 0.6118
Car 0.0000 0 0.0000 -1.0000 -1.0000 -1.0000 -1.0000 1.9838 1.5495 4.4683 19.8979 -5.3597 0.8516 -0.7769 0.4767
Car 0.0000 0 0.0000 -1.0000 -1.0000 -1.0000 -1.0000 1.9113 1.5465 4.6072 -4.9920 -21.8987 1.3955 1.6315 0.4461
Car 0.0000 0 0.0000 -1.0000 -1.0000 -1.0000 -1.0000 1.9638 1.7077 4.7673 -2.6650 -21.7138 1.5658 1.5726 0.4253
Car 0.0000 0 0.0000 -1.0000 -1.0000 -1.0000 -1.0000 1.9670 1.5707 4.6902 54.8909 23.2988 -0.0733 -1.0237 0.4157
Car 0.0000 0 0.0000 -1.0000 -1.0000 -1.0000 -1.0000 1.9456 1.7803 4.7349 -8.3512 -21.9553 1.5449 1.6231 0.3885
Car 0.0000 0 0.0000 -1.0000 -1.0000 -1.0000 -1.0000 1.9080 1.6235 4.6102 -10.4750 -22.0090 1.4666 1.6224 0.3811
Car 0.0000 0 0.0000 -1.0000 -1.0000 -1.0000 -1.0000 1.9385 1.4899 4.6119 50.6817 30.7063 -0.0911 0.2253 0.3751
Car 0.0000 0 0.0000 -1.0000 -1.0000 -1.0000 -1.0000 1.9208 1.7754 4.6442 -36.7616 -22.7914 1.6856 1.5485 0.3174
Car 0.0000 0 0.0000 -1.0000 -1.0000 -1.0000 -1.0000 1.8762 1.5131 4.4953 47.5969 22.2389 -0.0224 -1.0235 0.3024
Truck 0.0000 0 0.0000 -1.0000 -1.0000 -1.0000 -1.0000 2.3811 2.2821 6.2202 59.9789 25.1192 0.2760 -0.6050 0.3511
Cyclist 0.0000 0 0.0000 -1.0000 -1.0000 -1.0000 -1.0000 0.7448 1.5295 1.7341 -50.4389 16.3764 0.5087 -0.0162 0.5752
Pedestrian 0.0000 0 0.0000 -1.0000 -1.0000 -1.0000 -1.0000 0.6966 1.6651 0.6354 48.3082 14.3060 0.1871 -2.9190 0.4566
