Car 0.0000 0 0.0000 -1.0000 -1.0000 -1.0000 -1.0000 1.9315 1.4757 4.4910 -29.0056 -4.3036 0.7231 -0.0319 0.7823
Car 0.0000 0 0.0000 -1.0000 -1.0000 -1.0000 -1.0000 1.9815 1.6148 4.5834 37.6729 5.4246 0.8345 -0.0112 0.7431
Car 0.0000 0 0.0000 -1.0000 -1.0000 -1.0000 -1.0000 2.0596 1.6587 4.6785 13.8602 6.0055 0.7910 -0.0402 0.7394
Car 0.0000 0 0.0000 -1.0000 -1.0000 -1.0000 -1.0000 1.9452 1.5844 4.6033 -17.6239 -4.8814 0.7595 -0.0573 0.7321
Car 0.0000 0 0.0000 -1.0000 -1.0000 -1.0000 -1.0000 1.9907 1.5067 4.5120 -28.1459 9.8383 0.7380 -0.2622 0.6769
Car 0.0000 0 0.0000 -1.0000 -1.0000 -1.0000 -1.0000 1.8738 1.5929 4.4451 -23.2664 -4.6045 0.7972 3.0987 0.6279
Car 0.0000 0 0.0000 -1.0000 -1.0000 -1.0000 -1.0000 1.9560 1.6841 4.4033 10.1588 -5.4733 0.8422 -0.0010 0.6257
Car 0.0000 0 0.0000 -1.0000 -1.0000 -1.0000 -1.0000 1.9081 1.4668 4.5118 33.6485 -6.2524 0.7620 -0.0002 0.6210
Car 0.0000 0 0.0000 -1.0000 -1.0000 -1.0000 -1.0000 1.9602 1.6224 4.6158 -6.5715 -13.6790 0.9386 -1.5439 0.6139
Car 0.0000 0 0.0000 -1.0000 -1.0000 -1.0000 -1.0000 2.0189 1.5091 4.6233 -55.6383 0.9282 0.7983 -0.0158 0.5958
Car 0.0000 0 0.0000 -1.0000 -1.0000 -1.0000 -1.0000 1.8920 1.4947 4.4994 -41.2023 -4.0721 0.7056 -0.0185 0.5838
Car 0.0000 0 0.0000 -1.0000 -1.0000 -1.0000 -1.0000 1.9008 1.5419 4.5608 -6.5768 -36.9061 1.3935 1.7583 0.5229
Car 0.0000 0 0.0000 -1.0000 -1.0000 -1.0000 -1.0000 1.9152 1.4778 4.5898 27.8907 5.7857 0.7370 3.1211 0.5149
Car 0.0000 0 0.0000 -1.0000 -1.0000 -1.0000 -1.0000 1.8932 1.4560 4.5085 39.5977 -6.2839 0.8023 3.1300 0.4997
Car 0.0000 0 0.0000 -1.0000 -1.0000 -1.0000 -1.0000 1.8370 1.4467 4.4107 1.5617 6.6166 0.6189 0.2651 0.4979
Car 0.0000 0 0.0000 -1.0000 -1.0000 -1.0000 -1.0000 1.9040 1.5395 4.5894 -6.3225 -20.0333 1.0238 -1.5482 0.4864
Car 0.0000 0 0.0000 -1.0000 -1.0000 -1.0000 -1.0000 1.9244 1.6283 4.5470 -13.5173 9.4739 0.7778 -0.2368 0.4846
Car 0.0000 0 0.0000 -1.0000 -1.0000 -1.0000 -1.0000 1.8998 1.4657 4.5435 -34.8776 -4.3517 0.6840 0.0537 0.4826
Car 0.0000 0 0.0000 -1.0000 -1.0000 -1.0000 -1.0000 1.8767 1.5586 4.5016 -64.2079 5.2366 0.8516 -0.0790 0.4794
Car 0.0000 0 0.0000 -1.0000 -1.0000 -1.0000 -1.0000 1.8864 1.4833 4.4970 28.1457 -6.0673 0.7490 3.1123 0.4788
Car 0.0000 0 0.0000 -1.0000 -1.0000 -1.0000 -1.0000 1.9634 1.4841 4.5817 21.2858 5.7665 0.7158 0.0098 0.4652
Car 0.0000 0 0.0000 -1.0000 -1.0000 -1.0000 -1.0000 1.9751 1.5168 4.5837 43.6808 1.7633 0.8383 3.1273 0.4560
Car 0.0000 0 0.0000 -1.0000 -1.0000 -1.0000 -1.0000 1.8515 1.4411 4.4115 -5.4954 3.3458 0.6878 0.0098 0.4453
Car 0.0000 0 0.0000 -1.0000 -1.0000 -1.0000 -1.0000 1.9216 1.6265 4.5941 -58.7451 -3.3436 0.8983 -0.0019 0.4258
Car 0.0000 0 0.0000 -1.0000 -1.0000 -1.0000 -1.0000 1.9438 1.6257 4.5674 -46.5344 -3.9174 0.8078 -3.1087 0.4088
Car 0.0000 0 0.0000 -1.0000 -1.0000 -1.0000 -1.0000 1.8351 1.6391 4.4195 -50.8969 7.3152 0.7638 3.1067 0.4013
Car 0.0000 0 0.0000 -1.0000 -1.0000 -1.0000 -1.0000 1.8790 1.6162 4.5324 -7.0757 -42.0944 1.6646 1.4798 0.3589
Car 0.0000 0 0.0000 -1.0000 -1.0000 -1.0000 -1.0000 1.8690 1.6214 4.4960 -57.6861 8.1000 0.8500 -0.0414 0.3458
Car 0.0000 0 0.0000 -1.0000 -1.0000 -1.0000 -1.0000 1.8831 1.5043 4.5489 -53.9455 -3.4893 0.7448 -0.0082 0.3426
Car 0.0000 0 0.0000 -1.0000 -1.0000 -1.0000 -1.0000 1.8536 1.4922 4.4586 20.7659 -5.9314 0.7581 -3.1109 0.3119
Car 0.0000 0 0.0000 -1.0000 -1.0000 -1.0000 -1.0000 1.8783 1.5021 4.5527 -12.7527 25.6491 1.1102 -1.5817 0.3045
Truck 0.0000 0 0.0000 -1.0000 -1.0000 -1.0000 -1.0000 2.4210 2.4100 6.4419 78.4085 4.1544 1.4797 -0.0543 0.3029
Cyclist 0.0000 0 0.0000 -1.0000 -1.0000 -1.0000 -1.0000 0.8172 1.5812 1.8119 -7.0983 -2.3445 0.7874 3.0624 0.6456
Cyclist 0.0000 0 0.0000 -1.0000 -1.0000 -1.0000 -1.0000 0.7196 1.4872 1.6868 -36.5989 -2.2129 0.7077 -3.1128 0.5682
Cyclist 0.0000 0 0.0000 -1.0000 -1.0000 -1.0000 -1.0000 0.7724 1.5322 1.7958 -32.1455 5.1781 0.6925 3.1172 0.5494
Cyclist 0.0000 0 0.0000 -1.0000 -1.0000 -1.0000 -1.0000 0.7713 1.5435 1.7271 5.3230 -3.1132 0.7785 3.1082 0.5175
Cyclist 0.0000 0 0.0000 -1.0000 -1.0000 -1.0000 -1.0000 0.7675 1.5330 1.8067 -2.8067 -28.2247 1.0859 1.4750 0.4574
Cyclist 0.0000 0 0.0000 -1.0000 -1.0000 -1.0000 -1.0000 0.7997 1.4931 1.8376 16.4266 -4.0750 0.7625 0.0162 0.4561
Cyclist 0.0000 0 0.0000 -1.0000 -1.0000 -1.0000 -1.0000 0.7368 1.2290 1.7462 -4.2628 8.4637 0.6051 -1.2682 0.4468
Cyclist 0.0000 0 0.0000 -1.0000 -1.0000 -1.0000 -1.0000 0.6939 1.2833 1.7499 0.5264 14.9299 0.6340 1.6233 0.4078
Cyclist 0.0000 0 0.0000 -1.0000 -1.0000 -1.0000 -1.0000 0.6748 1.1447 1.7003 16.5741 -12.7520 0.7938 1.7686 0.3830
Cyclist 0.0000 0 0.0000 -1.0000 -1.0000 -1.0000 -1.0000 0.7371 1.4061 1.7714 -1.4098 8.5024 0.6422 1.8661 0.3790
Cyclist 0.0000 0 0.0000 -1.0000 -1.0000 -1.0000 -1.0000 0.6912 1.2985 1.6873 -2.7582 8.1406 0.5767 0.9930 0.3501
Cyclist 0.0000 0 0.0000 -1.0000 -1.0000 -1.0000 -1.0000 0.7886 1.5504 1.7779 -71.6925 7.4952 0.8360 -0.0937 0.3286
Cyclist 0.0000 0 0.0000 -1.0000 -1.0000 -1.0000 -1.0000 0.7470 1.5127 1.7467 -0.3850 10.0614 0.7443 -1.7027 0.3119
Cyclist 0.0000 0 0.0000 -1.0000 -1.0000 -1.0000 -1.0000 0.6769 1.1921 1.6532 5.5355 8.8760 0.5558 -0.0165 0.3070
Cyclist 0.0000 0 0.0000 -1.0000 -1.0000 -1.0000 -1.0000 0.6592 1.1726 1.6377 -6.7303 8.1638 0.5820 1.8458 0.3043
Pedestrian 0.0000 0 0.0000 -1.0000 -1.0000 -1.0000 -1.0000 0.6805 1.6707 0.6129 54.1181 -2.8272 1.0774 3.0985 0.4919
Pedestrian 0.0000 0 0.0000 -1.0000 -1.0000 -1.0000 -1.0000 0.7226 1.6593 0.7019 -2.7549 -7.4700 0.8726 3.0721 0.4195
Pedestrian 0.0000 0 0.0000 -1.0000 -1.0000 -1.0000 -1.0000 0.6572 1.5661 0.5746 -4.5788 10.5885 0.7299 2.6435 0.3715
Pedestrian 0.0000 0 0.0000 -1.0000 -1.0000 -1.0000 -1.0000 0.6663 1.6039 0.5901 -20.2218 21.3775 1.1199 3.1368 0.3091
