Car 0.0000 0 0.0000 -1.0000 -1.0000 -1.0000 -1.0000 1.8243 1.6295 4.4631 -3.3192 2.8683 0.7524 0.0341 0.5891
Car 0.0000 0 0.0000 -1.0000 -1.0000 -1.0000 -1.0000 1.8980 1.6461 4.5254 -13.1319 2.9408 0.8284 3.1363 0.5666
Car 0.0000 0 0.0000 -1.0000 -1.0000 -1.0000 -1.0000 1.9381 1.5467 4.5922 24.7003 5.0137 0.4247 2.9991 0.5166
Car 0.0000 0 0.0000 -1.0000 -1.0000 -1.0000 -1.0000 1.9005 1.4653 4.4827 70.6498 -2.4606 -0.0751 2.9244 0.5042
Car 0.0000 0 0.0000 -1.0000 -1.0000 -1.0000 -1.0000 1.8731 1.5717 4.4213 -9.1143 0.2994 0.7342 -0.0184 0.4489
Car 0.0000 0 0.0000 -1.0000 -1.0000 -1.0000 -1.0000 1.9309 1.4407 4.5297 9.8019 5.7664 0.4574 -0.0059 0.4452
Car 0.0000 0 0.0000 -1.0000 -1.0000 -1.0000 -1.0000 1.8865 1.4340 4.4380 38.6331 5.4183 0.1857 -0.0125 0.4111
Car 0.0000 0 0.0000 -1.0000 -1.0000 -1.0000 -1.0000 2.0545 1.6765 4.8639 -74.6308 -0.9601 1.3164 -3.0985 0.3771
Car 0.0000 0 0.0000 -1.0000 -1.0000 -1.0000 -1.0000 1.9498 1.8580 4.5514 -18.9234 0.6134 0.9619 -0.0604 0.3376
Car 0.0000 0 0.0000 -1.0000 -1.0000 -1.0000 -1.0000 1.9082 1.4621 4.5462 -30.6728 7.5590 0.9812 3.1222 0.3346
Tricar 0.0000 0 0.0000 -1.0000 -1.0000 -1.0000 -1.0000 1.5482 1.8630 3.8033 -52.3047 6.0645 1.3892 -3.1271 0.3554
Cyclist 0.0000 0 0.0000 -1.0000 -1.0000 -1.0000 -1.0000 0.7340 1.5370 1.6934 39.1586 -2.0750 0.2878 3.0832 0.6496
Cyclist 0.0000 0 0.0000 -1.0000 -1.0000 -1.0000 -1.0000 0.7612 1.5360 1.7670 14.5512 3.0183 0.5219 3.0988 0.6416
Cyclist 0.0000 0 0.0000 -1.0000 -1.0000 -1.0000 -1.0000 0.8373 1.6076 1.7659 -22.0072 -1.6634 1.0175 3.0913 0.5769
Cyclist 0.0000 0 0.0000 -1.0000 -1.0000 -1.0000 -1.0000 0.7788 1.5220 1.7482 -43.2741 5.3847 1.1076 0.1260 0.5699
Cyclist 0.0000 0 0.0000 -1.0000 -1.0000 -1.0000 -1.0000 0.7369 1.5279 1.6975 36.4911 3.0397 0.2268 3.0572 0.5548
Cyclist 0.0000 0 0.0000 -1.0000 -1.0000 -1.0000 -1.0000 0.8050 1.6042 1.7430 -36.4625 -1.6591 1.2027 -3.1077 0.5356
Cyclist 0.0000 0 0.0000 -1.0000 -1.0000 -1.0000 -1.0000 0.7246 1.4834 1.6844 -45.3075 7.1275 1.0593 -3.0410 0.4845
Cyclist 0.0000 0 0.0000 -1.0000 -1.0000 -1.0000 -1.0000 0.7684 1.5556 1.7119 -8.7800 -1.6164 0.8230 -0.0970 0.4759
Cyclist 0.0000 0 0.0000 -1.0000 -1.0000 -1.0000 -1.0000 0.7771 1.6130 1.7120 48.0237 -0.7218 0.2121 3.0859 0.4736
Cyclist 0.0000 0 0.0000 -1.0000 -1.0000 -1.0000 -1.0000 0.7208 1.2229 1.7526 3.4246 6.5250 0.4619 1.7860 0.4379
Cyclist 0.0000 0 0.0000 -1.0000 -1.0000 -1.0000 -1.0000 0.7555 1.5638 1.7278 47.0551 1.7871 0.1953 3.0522 0.4225
Cyclist 0.0000 0 0.0000 -1.0000 -1.0000 -1.0000 -1.0000 0.7909 1.5195 1.8039 8.0961 0.2878 0.6381 0.0084 0.4036
Cyclist 0.0000 0 0.0000 -1.0000 -1.0000 -1.0000 -1.0000 0.6792 1.2098 1.6465 6.9941 -2.7468 0.6067 -2.2620 0.3753
Cyclist 0.0000 0 0.0000 -1.0000 -1.0000 -1.0000 -1.0000 0.7652 1.5220 1.7274 8.6662 -1.4591 0.7103 -0.0792 0.3397
Cyclist 0.0000 0 0.0000 -1.0000 -1.0000 -1.0000 -1.0000 0.7062 1.1365 1.7082 -16.7493 8.7149 0.5245 -1.8514 0.3380
Cyclist 0.0000 0 0.0000 -1.0000 -1.0000 -1.0000 -1.0000 0.6618 1.1478 1.6528 -0.1756 -3.4475 0.6003 2.0010 0.3294
Cyclist 0.0000 0 0.0000 -1.0000 -1.0000 -1.0000 -1.0000 0.7161 1.3997 1.7234 -6.2715 -26.9454 0.9950 1.7557 0.3206
Cyclist 0.0000 0 0.0000 -1.0000 -1.0000 -1.0000 -1.0000 0.6413 1.0119 1.6509 -6.1906 6.8725 0.4231 0.1211 0.3189
Pedestrian 0.0000 0 0.0000 -1.0000 -1.0000 -1.0000 -1.0000 0.6716 1.6416 0.6271 -29.6686 10.9076 1.1041 3.0991 0.6599
Pedestrian 0.0000 0 0.0000 -1.0000 -1.0000 -1.0000 -1.0000 0.6725 1.6454 0.6075 -21.9760 10.2479 1.0320 3.1177 0.6143
Pedestrian 0.0000 0 0.0000 -1.0000 -1.0000 -1.0000 -1.0000 0.6791 1.6854 0.5915 -14.0345 9.8988 0.7947 -3.0819 0.4627
Pedestrian 0.0000 0 0.0000 -1.0000 -1.0000 -1.0000 -1.0000 0.7186 1.6853 0.7148 11.6421 -4.9843 0.8323 -0.0181 0.4263
Pedestrian 0.0000 0 0.0000 -1.0000 -1.0000 -1.0000 -1.0000 0.7186 1.7285 0.6557 -18.3882 5.4255 0.9576 2.9535 0.3652
Pedestrian 0.0000 0 0.0000 -1.0000 -1.0000 -1.0000 -1.0000 0.7265 1.6391 0.7206 -34.8651 -4.1141 1.3722 -3.1352 0.3451
Pedestrian 0.0000 0 0.0000 -1.0000 -1.0000 -1.0000 -1.0000 0.6833 1.6239 0.5870 8.7417 -1.3535 0.7435 3.0472 0.3424
Pedestrian 0.0000 0 0.0000 -1.0000 -1.0000 -1.0000 -1.0000 0.7189 1.6885 0.6543 55.0137 -4.3754 0.1787 2.9369 0.3368
Pedestrian 0.0000 0 0.0000 -1.0000 -1.0000 -1.0000 -1.0000 0.6808 1.6245 0.5992 6.8415 -1.4600 0.7746 0.0794 0.3183
