Car 0.0000 0 0.0000 -1.0000 -1.0000 -1.0000 -1.0000 2.0177 1.6421 4.4730 17.4469 -3.5491 0.9305 -3.1025 0.7572
Car 0.0000 0 0.0000 -1.0000 -1.0000 -1.0000 -1.0000 2.0089 1.7771 4.7052 60.5627 16.2773 1.0984 0.0452 0.5465
Car 0.0000 0 0.0000 -1.0000 -1.0000 -1.0000 -1.0000 2.0980 1.8975 4.7677 10.4082 0.0493 1.0736 -3.1054 0.4699
Car 0.0000 0 0.0000 -1.0000 -1.0000 -1.0000 -1.0000 1.9464 1.6417 4.6685 69.7274 13.5260 1.2963 0.0154 0.3921
Car 0.0000 0 0.0000 -1.0000 -1.0000 -1.0000 -1.0000 1.9210 1.6759 4.5508 75.4657 16.6861 1.2006 2.9869 0.3089
Truck 0.0000 0 0.0000 -1.0000 -1.0000 -1.0000 -1.0000 2.3490 2.2336 6.2094 -5.2239 -3.3899 1.0954 0.0480 0.5534
Tricar 0.0000 0 0.0000 -1.0000 -1.0000 -1.0000 -1.0000 1.2861 1.6355 3.3389 39.7533 -13.5414 1.0810 0.0235 0.6549
Cyclist 0.0000 0 0.0000 -1.0000 -1.0000 -1.0000 -1.0000 0.8369 1.5429 1.9116 -44.6176 24.4004 -0.1346 -0.0385 0.5041
Cyclist 0.0000 0 0.0000 -1.0000 -1.0000 -1.0000 -1.0000 0.7415 1.5599 1.7002 79.5735 27.8682 0.8445 0.0286 0.3537
Cyclist 0.0000 0 0.0000 -1.0000 -1.0000 -1.0000 -1.0000 0.7577 1.5638 1.7370 0.7604 24.7171 0.1477 -3.0833 0.3454
