Car 0.0000 0 0.0000 -1.0000 -1.0000 -1.0000 -1.0000 2.0371 1.4814 4.6468 6.0457 -4.3138 0.7625 3.1321 0.7447
Car 0.0000 0 0.0000 -1.0000 -1.0000 -1.0000 -1.0000 1.9706 1.6073 4.5072 -6.1383 4.0847 0.7647 -0.0073 0.6927
Car 0.0000 0 0.0000 -1.0000 -1.0000 -1.0000 -1.0000 2.0634 1.7014 4.6232 -22.5477 -4.0160 0.9607 -0.0148 0.6662
Car 0.0000 0 0.0000 -1.0000 -1.0000 -1.0000 -1.0000 1.9829 1.5116 4.5881 -78.8170 -0.7820 1.0382 -0.0555 0.6157
Car 0.0000 0 0.0000 -1.0000 -1.0000 -1.0000 -1.0000 2.0822 1.9581 4.7825 27.5754 7.4548 0.8700 3.1114 0.6080
Car 0.0000 0 0.0000 -1.0000 -1.0000 -1.0000 -1.0000 1.9819 1.4490 4.4934 -9.4646 -3.6373 0.7505 -3.1140 0.4490
Car 0.0000 0 0.0000 -1.0000 -1.0000 -1.0000 -1.0000 1.9063 1.5420 4.6121 -72.9949 5.3861 0.9167 3.1345 0.3700
Truck 0.0000 0 0.0000 -1.0000 -1.0000 -1.0000 -1.0000 3.0049 3.3274 11.3163 -37.8360 -6.6086 1.8303 0.0334 0.7423
Truck 0.0000 0 0.0000 -1.0000 -1.0000 -1.0000 -1.0000 2.9935 3.6079 8.8356 -29.7663 7.2069 1.7205 -3.1240 0.4969
Cyclist 0.0000 0 0.0000 -1.0000 -1.0000 -1.0000 -1.0000 0.7729 1.5789 1.7148 -52.7734 -16.7408 1.1348 3.0002 0.4012
Cyclist 0.0000 0 0.0000 -1.0000 -1.0000 -1.0000 -1.0000 0.7540 1.5337 1.7060 -50.8874 -15.6503 1.0732 2.9826 0.3395
