Car 0.0000 0 0.0000 -1.0000 -1.0000 -1.0000 -1.0000 2.0188 1.4786 4.5773 33.1877 -3.3087 0.8376 0.0488 0.8631
Car 0.0000 0 0.0000 -1.0000 -1.0000 -1.0000 -1.0000 1.9869 1.4599 4.5420 -33.1556 3.5509 0.6731 -3.1300 0.7607
Car 0.0000 0 0.0000 -1.0000 -1.0000 -1.0000 -1.0000 1.9661 1.4447 4.4762 16.8797 3.0296 0.7983 -0.0159 0.7477
Car 0.0000 0 0.0000 -1.0000 -1.0000 -1.0000 -1.0000 1.9698 1.4413 4.5449 -54.3243 4.0753 0.5502 -0.0011 0.7026
Car 0.0000 0 0.0000 -1.0000 -1.0000 -1.0000 -1.0000 1.9669 1.6346 4.6036 14.6007 15.7320 0.3180 3.1342 0.6788
Car 0.0000 0 0.0000 -1.0000 -1.0000 -1.0000 -1.0000 2.0593 1.8611 4.7037 28.8899 16.2028 0.6124 -0.0051 0.6693
Car 0.0000 0 0.0000 -1.0000 -1.0000 -1.0000 -1.0000 1.9869 1.6124 4.6721 -6.5386 13.7403 0.3783 3.1124 0.6670
Car 0.0000 0 0.0000 -1.0000 -1.0000 -1.0000 -1.0000 1.9510 1.5232 4.5160 -18.6537 13.6140 0.3216 -3.1228 0.6528
Car 0.0000 0 0.0000 -1.0000 -1.0000 -1.0000 -1.0000 2.0331 1.5646 4.6444 -12.8025 0.0560 0.7928 3.1415 0.6441
Car 0.0000 0 0.0000 -1.0000 -1.0000 -1.0000 -1.0000 1.9378 1.6046 4.5123 -54.5965 11.9823 0.6141 -3.1005 0.6388
Car 0.0000 0 0.0000 -1.0000 -1.0000 -1.0000 -1.0000 1.9899 1.8545 4.6482 -41.5203 12.9508 0.5573 -0.0174 0.5885
Car 0.0000 0 0.0000 -1.0000 -1.0000 -1.0000 -1.0000 1.9881 1.4344 4.5042 -9.4577 -3.6470 0.6966 -0.0026 0.5749
Car 0.0000 0 0.0000 -1.0000 -1.0000 -1.0000 -1.0000 2.0898 1.8142 4.7123 -39.9011 -5.5482 0.8882 0.0211 0.5747
Car 0.0000 0 0.0000 -1.0000 -1.0000 -1.0000 -1.0000 1.9450 1.4918 4.5684 -72.1947 19.6614 -0.1061 -0.0688 0.5476
Car 0.0000 0 0.0000 -1.0000 -1.0000 -1.0000 -1.0000 1.9736 1.5836 4.5698 57.6732 9.2093 0.8325 -3.1251 0.4568
Car 0.0000 0 0.0000 -1.0000 -1.0000 -1.0000 -1.0000 1.9126 1.4795 4.4728 -18.9012 9.0443 0.5755 -3.1244 0.3754
Car 0.0000 0 0.0000 -1.0000 -1.0000 -1.0000 -1.0000 1.8439 1.7824 4.3009 -44.9926 16.9563 0.3813 -0.0260 0.3725
Car 0.0000 0 0.0000 -1.0000 -1.0000 -1.0000 -1.0000 1.9537 1.6429 4.5209 34.6066 9.4191 0.7459 3.1225 0.3692
Car 0.0000 0 0.0000 -1.0000 -1.0000 -1.0000 -1.0000 2.1718 2.2169 5.0704 -26.8521 17.3416 0.6288 -0.0260 0.3604
