Car 0.0000 0 0.0000 -1.0000 -1.0000 -1.0000 -1.0000 2.0172 1.5556 4.6385 37.3560 4.7452 0.8780 3.1292 0.7833
Car 0.0000 0 0.0000 -1.0000 -1.0000 -1.0000 -1.0000 1.9095 1.5594 4.4736 -29.8637 6.1748 0.6512 3.1400 0.7626
Car 0.0000 0 0.0000 -1.0000 -1.0000 -1.0000 -1.0000 1.9060 1.4640 4.5282 -23.4508 6.0761 0.6133 3.0974 0.7505
Car 0.0000 0 0.0000 -1.0000 -1.0000 -1.0000 -1.0000 1.8990 1.4687 4.4966 -36.7473 6.3460 0.5538 -0.0240 0.7078
Car 0.0000 0 0.0000 -1.0000 -1.0000 -1.0000 -1.0000 1.9902 1.5174 4.6180 -1.4747 5.4323 0.7146 3.1384 0.6919
Car 0.0000 0 0.0000 -1.0000 -1.0000 -1.0000 -1.0000 1.9984 1.5817 4.6288 16.8560 11.0860 0.6234 3.1329 0.6760
Car 0.0000 0 0.0000 -1.0000 -1.0000 -1.0000 -1.0000 1.8807 1.4570 4.4959 -3.3243 8.2784 0.5614 -3.1254 0.5936
Car 0.0000 0 0.0000 -1.0000 -1.0000 -1.0000 -1.0000 1.9369 1.6936 4.6139 -50.3784 6.7072 0.6118 -0.0273 0.5731
Car 0.0000 0 0.0000 -1.0000 -1.0000 -1.0000 -1.0000 1.9086 1.5368 4.5405 -58.1342 6.9578 0.5518 -0.0632 0.5587
Car 0.0000 0 0.0000 -1.0000 -1.0000 -1.0000 -1.0000 1.9281 1.4685 4.5368 -9.4466 9.0161 0.5923 3.0403 0.5338
Car 0.0000 0 0.0000 -1.0000 -1.0000 -1.0000 -1.0000 1.9533 1.6588 4.5330 -9.8586 5.9393 0.7510 3.0892 0.5162
Car 0.0000 0 0.0000 -1.0000 -1.0000 -1.0000 -1.0000 1.8839 1.5781 4.5103 54.0050 4.7980 0.8912 3.1366 0.5043
Car 0.0000 0 0.0000 -1.0000 -1.0000 -1.0000 -1.0000 1.9616 1.5999 4.6859 -44.0527 6.8713 0.5661 -0.0489 0.5041
Car 0.0000 0 0.0000 -1.0000 -1.0000 -1.0000 -1.0000 1.8858 1.4842 4.4511 -16.0162 8.5236 0.6112 3.0433 0.4833
Car 0.0000 0 0.0000 -1.0000 -1.0000 -1.0000 -1.0000 1.9961 1.4718 4.5982 10.0345 0.1176 0.7640 0.0433 0.4777
Car 0.0000 0 0.0000 -1.0000 -1.0000 -1.0000 -1.0000 1.8679 1.6150 4.4486 -29.4021 9.2729 0.6791 3.0923 0.3850
Car 0.0000 0 0.0000 -1.0000 -1.0000 -1.0000 -1.0000 1.8916 1.5324 4.5040 -22.6101 9.1569 0.6641 -0.0258 0.3736
Car 0.0000 0 0.0000 -1.0000 -1.0000 -1.0000 -1.0000 1.8903 1.7792 4.4753 -17.0270 6.0360 0.8485 3.0833 0.3721
Car 0.0000 0 0.0000 -1.0000 -1.0000 -1.0000 -1.0000 2.0448 1.5218 4.6717 -13.1577 0.1412 0.7426 -0.0067 0.3598
Car 0.0000 0 0.0000 -1.0000 -1.0000 -1.0000 -1.0000 1.9982 1.8419 4.6166 16.8478 -0.1481 0.9755 3.1301 0.3429
Car 0.0000 0 0.0000 -1.0000 -1.0000 -1.0000 -1.0000 1.9834 1.6903 4.7042 -36.5493 9.7689 0.7610 -0.0459 0.3210
Car 0.0000 0 0.0000 -1.0000 -1.0000 -1.0000 -1.0000 1.9002 1.6201 4.5754 -65.9202 7.1828 0.6525 -0.0348 0.3015
Truck 0.0000 0 0.0000 -1.0000 -1.0000 -1.0000 -1.0000 2.9054 3.0346 10.8470 -46.6104 12.6747 1.3771 3.0947 0.6582
Truck 0.0000 0 0.0000 -1.0000 -1.0000 -1.0000 -1.0000 2.9673 3.2368 11.7998 -0.8862 11.3719 1.5671 -0.0531 0.5340
Truck 0.0000 0 0.0000 -1.0000 -1.0000 -1.0000 -1.0000 2.9478 3.2475 11.3209 -66.2869 12.9233 1.6160 -3.1209 0.3266
Cyclist 0.0000 0 0.0000 -1.0000 -1.0000 -1.0000 -1.0000 0.7948 1.5482 1.7843 -16.1885 -10.7253 0.8806 3.1067 0.5065
Cyclist 0.0000 0 0.0000 -1.0000 -1.0000 -1.0000 -1.0000 0.8541 1.5401 1.8801 -3.0640 -10.7634 0.9031 3.1311 0.4445
Cyclist 0.0000 0 0.0000 -1.0000 -1.0000 -1.0000 -1.0000 0.7239 1.5220 1.6977 -10.9887 15.5007 0.4303 0.0278 0.4306
Cyclist 0.0000 0 0.0000 -1.0000 -1.0000 -1.0000 -1.0000 0.8952 1.6285 1.8617 -31.5720 -10.6274 0.8762 -0.0325 0.4007
Cyclist 0.0000 0 0.0000 -1.0000 -1.0000 -1.0000 -1.0000 0.7002 1.4784 1.6965 -54.1103 -10.1629 0.6464 -0.0708 0.3948
Pedestrian 0.0000 0 0.0000 -1.0000 -1.0000 -1.0000 -1.0000 0.7097 1.6792 0.6870 16.6497 19.9345 0.4781 0.0455 0.5658
Pedestrian 0.0000 0 0.0000 -1.0000 -1.0000 -1.0000 -1.0000 0.7016 1.6617 0.6359 -40.8141 21.6737 0.4106 -0.0467 0.4783
Pedestrian 0.0000 0 0.0000 -1.0000 -1.0000 -1.0000 -1.0000 0.6967 1.5851 0.6875 -11.9710 -6.6462 0.8329 -3.1224 0.3786
Pedestrian 0.0000 0 0.0000 -1.0000 -1.0000 -1.0000 -1.0000 0.7230 1.6479 0.6775 25.5595 21.2211 0.7072 3.1274 0.3744
