Car 0.0000 0 0.0000 -1.0000 -1.0000 -1.0000 -1.0000 2.0874 1.7277 4.7236 -18.0412 0.3182 0.8100 -0.0039 0.6964
Car 0.0000 0 0.0000 -1.0000 -1.0000 -1.0000 -1.0000 1.9490 1.5814 4.5764 42.9108 -0.8893 1.5713 3.1339 0.6863
Car 0.0000 0 0.0000 -1.0000 -1.0000 -1.0000 -1.0000 1.9320 1.6726 4.4483 36.0715 6.1558 1.5145 0.2611 0.6790
Car 0.0000 0 0.0000 -1.0000 -1.0000 -1.0000 -1.0000 1.9473 1.5131 4.4851 17.0557 -2.5908 1.2435 -3.0232 0.6551
Car 0.0000 0 0.0000 -1.0000 -1.0000 -1.0000 -1.0000 1.9660 1.4601 4.5450 23.5066 1.7074 1.2514 0.1313 0.6510
Car 0.0000 0 0.0000 -1.0000 -1.0000 -1.0000 -1.0000 1.9918 1.5080 4.6520 31.8101 -2.1816 1.4990 0.0685 0.5161
Car 0.0000 0 0.0000 -1.0000 -1.0000 -1.0000 -1.0000 1.9079 1.4479 4.5292 15.4740 18.3916 0.5516 -1.7208 0.4618
Car 0.0000 0 0.0000 -1.0000 -1.0000 -1.0000 -1.0000 1.8613 1.6569 4.4452 50.3806 -16.4295 1.5349 1.6856 0.3514
Car 0.0000 0 0.0000 -1.0000 -1.0000 -1.0000 -1.0000 2.0095 1.6221 4.7157 -31.1093 0.7326 0.6605 -0.0190 0.3011
Truck 0.0000 0 0.0000 -1.0000 -1.0000 -1.0000 -1.0000 3.0262 3.1895 10.7986 -46.0300 -2.1903 1.3493 -3.1220 0.5049
Cyclist 0.0000 0 0.0000 -1.0000 -1.0000 -1.0000 -1.0000 0.7313 1.5379 1.7184 -8.0748 5.5074 0.6607 0.0115 0.7354
Cyclist 0.0000 0 0.0000 -1.0000 -1.0000 -1.0000 -1.0000 0.7710 1.5608 1.7574 -12.6100 5.5457 0.6688 3.0783 0.6822
Cyclist 0.0000 0 0.0000 -1.0000 -1.0000 -1.0000 -1.0000 0.7191 1.5112 1.6858 -18.1030 5.2162 0.5991 -0.0179 0.6429
Cyclist 0.0000 0 0.0000 -1.0000 -1.0000 -1.0000 -1.0000 0.7966 1.6164 1.7303 21.4753 -6.4817 1.4087 0.1708 0.5385
Cyclist 0.0000 0 0.0000 -1.0000 -1.0000 -1.0000 -1.0000 0.7552 1.5130 1.7793 11.9011 -12.5212 1.4893 1.7345 0.5301
Cyclist 0.0000 0 0.0000 -1.0000 -1.0000 -1.0000 -1.0000 0.7241 1.4780 1.6826 6.6425 7.0695 0.6890 0.0375 0.5135
Cyclist 0.0000 0 0.0000 -1.0000 -1.0000 -1.0000 -1.0000 0.6937 1.4842 1.6470 -17.8585 6.5145 0.5788 0.0265 0.4723
Cyclist 0.0000 0 0.0000 -1.0000 -1.0000 -1.0000 -1.0000 0.8300 1.5922 1.8573 10.2345 13.8142 0.6257 -1.6038 0.4715
Cyclist 0.0000 0 0.0000 -1.0000 -1.0000 -1.0000 -1.0000 0.7625 1.6150 1.6977 36.8226 -7.3951 1.6135 3.0808 0.4324
Cyclist 0.0000 0 0.0000 -1.0000 -1.0000 -1.0000 -1.0000 0.7545 1.5177 1.7443 9.5365 16.6725 0.4771 -1.6269 0.4010
Cyclist 0.0000 0 0.0000 -1.0000 -1.0000 -1.0000 -1.0000 0.7581 1.5694 1.7061 45.4611 5.3022 1.3860 -2.7067 0.3963
Cyclist 0.0000 0 0.0000 -1.0000 -1.0000 -1.0000 -1.0000 0.7135 1.4466 1.7370 10.6039 19.9127 0.4260 -1.7042 0.3634
Cyclist 0.0000 0 0.0000 -1.0000 -1.0000 -1.0000 -1.0000 0.7559 1.5693 1.6964 -27.1591 -6.6966 0.7221 -0.0612 0.3387
Pedestrian 0.0000 0 0.0000 -1.0000 -1.0000 -1.0000 -1.0000 0.7146 1.7059 0.6865 -27.7162 -8.9299 0.9276 3.1199 0.5988
Pedestrian 0.0000 0 0.0000 -1.0000 -1.0000 -1.0000 -1.0000 0.6797 1.6363 0.6181 6.3079 4.5143 0.9274 3.1032 0.5168
Pedestrian 0.0000 0 0.0000 -1.0000 -1.0000 -1.0000 -1.0000 0.7301 1.7102 0.7569 -22.4407 -9.1169 0.9988 3.1197 0.5143
Pedestrian 0.0000 0 0.0000 -1.0000 -1.0000 -1.0000 -1.0000 0.6781 1.6871 0.5923 4.8831 -12.6264 1.5049 2.9322 0.5051
Pedestrian 0.0000 0 0.0000 -1.0000 -1.0000 -1.0000 -1.0000 0.7017 1.6727 0.6445 8.3686 2.6261 1.0098 -2.5287 0.4651
Pedestrian 0.0000 0 0.0000 -1.0000 -1.0000 -1.0000 -1.0000 0.6964 1.6338 0.6608 19.4580 -12.3408 1.5896 0.2254 0.4580
Pedestrian 0.0000 0 0.0000 -1.0000 -1.0000 -1.0000 -1.0000 0.6752 1.6173 0.6172 6.4091 2.7504 0.9244 -2.9962 0.4510
Pedestrian 0.0000 0 0.0000 -1.0000 -1.0000 -1.0000 -1.0000 0.7053 1.6420 0.6645 -2.3130 -11.8856 1.1815 0.0286 0.4318
Pedestrian 0.0000 0 0.0000 -1.0000 -1.0000 -1.0000 -1.0000 0.7069 1.6824 0.6732 5.4149 4.5054 0.9630 0.0263 0.4285
Pedestrian 0.0000 0 0.0000 -1.0000 -1.0000 -1.0000 -1.0000 0.6906 1.7115 0.6179 -12.0828 -11.8999 1.0946 0.2108 0.4178
Pedestrian 0.0000 0 0.0000 -1.0000 -1.0000 -1.0000 -1.0000 0.7036 1.6666 0.6703 28.1039 -12.1640 1.7926 3.1206 0.4118
Pedestrian 0.0000 0 0.0000 -1.0000 -1.0000 -1.0000 -1.0000 0.7066 1.6363 0.6799 -27.2351 -6.7294 0.7253 3.0886 0.3594
Pedestrian 0.0000 0 0.0000 -1.0000 -1.0000 -1.0000 -1.0000 0.6734 1.6904 0.5888 24.1472 -12.5642 1.7928 0.0254 0.3479
Pedestrian 0.0000 0 0.0000 -1.0000 -1.0000 -1.0000 -1.0000 0.6759 1.6127 0.5896 -38.9765 -9.0151 0.7100 -3.0812 0.3464
