Car 0.0000 0 0.0000 -1.0000 -1.0000 -1.0000 -1.0000 2.0455 1.5277 4.6239 18.6193 3.3710 0.7616 0.0002 0.8132
Car 0.0000 0 0.0000 -1.0000 -1.0000 -1.0000 -1.0000 2.0081 1.5793 4.6223 -17.6521 3.1384 0.8176 0.0134 0.7991
Car 0.0000 0 0.0000 -1.0000 -1.0000 -1.0000 -1.0000 1.9382 1.4590 4.4188 2.3138 3.3826 0.7057 3.1203 0.7261
Car 0.0000 0 0.0000 -1.0000 -1.0000 -1.0000 -1.0000 2.0736 1.4889 4.7007 -26.9825 -0.3338 0.7679 -3.1357 0.7062
Car 0.0000 0 0.0000 -1.0000 -1.0000 -1.0000 -1.0000 1.9896 1.7315 4.5945 8.0089 12.0879 0.6199 -3.1325 0.6651
Car 0.0000 0 0.0000 -1.0000 -1.0000 -1.0000 -1.0000 1.8692 1.5099 4.4110 -4.4421 14.9784 0.4026 -0.0320 0.6058
Car 0.0000 0 0.0000 -1.0000 -1.0000 -1.0000 -1.0000 1.9448 1.6800 4.4291 5.6533 -4.3312 0.8622 -0.0313 0.6049
Car 0.0000 0 0.0000 -1.0000 -1.0000 -1.0000 -1.0000 1.9866 1.5158 4.6210 -19.2078 12.7544 0.4835 -3.1395 0.5754
Car 0.0000 0 0.0000 -1.0000 -1.0000 -1.0000 -1.0000 1.9641 1.8787 4.5213 15.5220 8.1448 0.8724 3.1376 0.4960
Car 0.0000 0 0.0000 -1.0000 -1.0000 -1.0000 -1.0000 2.1619 2.3310 5.0442 77.5889 -0.8953 1.2762 3.0902 0.4126
Car 0.0000 0 0.0000 -1.0000 -1.0000 -1.0000 -1.0000 1.9544 1.5563 4.6040 71.7407 8.4539 0.7203 3.1359 0.3647
Car 0.0000 0 0.0000 -1.0000 -1.0000 -1.0000 -1.0000 2.0088 1.4660 4.5742 37.9205 1.9788 0.7343 3.1355 0.3450
Truck 0.0000 0 0.0000 -1.0000 -1.0000 -1.0000 -1.0000 2.9720 3.6927 10.4600 57.3681 21.9348 1.4745 -3.0748 0.3602
Truck 0.0000 0 0.0000 -1.0000 -1.0000 -1.0000 -1.0000 2.9541 3.7364 11.3204 61.4732 -10.5229 1.8467 -3.1310 0.3259
