Car 0.0000 0 0.0000 -1.0000 -1.0000 -1.0000 -1.0000 2.0522 1.4817 4.6822 -33.9290 3.1681 0.7318 0.0146 0.7974
Car 0.0000 0 0.0000 -1.0000 -1.0000 -1.0000 -1.0000 1.9646 1.4528 4.4548 26.3327 -1.7055 0.7512 -0.1291 0.7663
Car 0.0000 0 0.0000 -1.0000 -1.0000 -1.0000 -1.0000 1.9734 1.4342 4.5284 13.7060 7.1125 0.5354 3.1011 0.7336
Car 0.0000 0 0.0000 -1.0000 -1.0000 -1.0000 -1.0000 2.0038 1.5105 4.5923 37.0686 10.6789 0.7336 -2.8398 0.7310
Car 0.0000 0 0.0000 -1.0000 -1.0000 -1.0000 -1.0000 1.9138 1.4417 4.4550 -2.3593 7.3057 0.5816 3.1177 0.7142
Car 0.0000 0 0.0000 -1.0000 -1.0000 -1.0000 -1.0000 1.9189 1.4218 4.4355 -13.8521 7.2544 0.5422 -3.0677 0.7135
Car 0.0000 0 0.0000 -1.0000 -1.0000 -1.0000 -1.0000 1.9057 1.6512 4.4660 -1.4138 -4.2390 0.8221 3.0880 0.7038
Car 0.0000 0 0.0000 -1.0000 -1.0000 -1.0000 -1.0000 1.9410 1.4891 4.5188 -5.4413 3.3808 0.6992 -3.1180 0.6884
Car 0.0000 0 0.0000 -1.0000 -1.0000 -1.0000 -1.0000 1.8882 1.4300 4.4702 -17.3878 3.0565 0.6738 0.0836 0.6099
Car 0.0000 0 0.0000 -1.0000 -1.0000 -1.0000 -1.0000 1.9148 1.5845 4.4966 -43.2869 -4.3417 0.7965 0.0105 0.5706
Car 0.0000 0 0.0000 -1.0000 -1.0000 -1.0000 -1.0000 1.8877 1.4929 4.4745 -8.6639 7.5133 0.6006 -3.1381 0.5485
Car 0.0000 0 0.0000 -1.0000 -1.0000 -1.0000 -1.0000 1.8418 1.4715 4.4348 -18.2735 -4.1462 0.7884 -3.1263 0.5471
Car 0.0000 0 0.0000 -1.0000 -1.0000 -1.0000 -1.0000 1.9732 1.4625 4.6053 -7.4971 -4.0462 0.7492 -0.0004 0.4988
Car 0.0000 0 0.0000 -1.0000 -1.0000 -1.0000 -1.0000 1.8595 1.4126 4.4010 -26.2428 7.5037 0.5951 -3.0833 0.4947
Car 0.0000 0 0.0000 -1.0000 -1.0000 -1.0000 -1.0000 1.8414 1.5177 4.4501 58.7333 7.1437 0.2658 3.0498 0.4720
Car 0.0000 0 0.0000 -1.0000 -1.0000 -1.0000 -1.0000 1.8792 1.4784 4.5365 39.2624 15.7853 0.5573 -3.1328 0.4558
Car 0.0000 0 0.0000 -1.0000 -1.0000 -1.0000 -1.0000 1.9739 1.7374 4.7378 42.5404 -25.4464 1.2330 1.6743 0.4521
Car 0.0000 0 0.0000 -1.0000 -1.0000 -1.0000 -1.0000 2.0967 1.6577 4.8240 -24.6782 0.1507 0.9136 3.1344 0.4375
Car 0.0000 0 0.0000 -1.0000 -1.0000 -1.0000 -1.0000 1.8606 1.4656 4.4356 -36.4934 7.4953 0.5735 -0.0054 0.3967
Car 0.0000 0 0.0000 -1.0000 -1.0000 -1.0000 -1.0000 1.8983 1.4563 4.5164 53.2729 7.8063 0.4441 3.0332 0.3823
Car 0.0000 0 0.0000 -1.0000 -1.0000 -1.0000 -1.0000 2.1368 2.0290 4.9848 -35.0084 -0.1681 1.0497 0.0268 0.3599
Car 0.0000 0 0.0000 -1.0000 -1.0000 -1.0000 -1.0000 1.8923 1.5666 4.5524 -59.5243 2.5920 0.7138 3.1247 0.3556
Car 0.0000 0 0.0000 -1.0000 -1.0000 -1.0000 -1.0000 1.8355 1.4923 4.4197 39.4987 -12.0369 0.8247 -1.1609 0.3463
Car 0.0000 0 0.0000 -1.0000 -1.0000 -1.0000 -1.0000 1.9098 1.5056 4.5750 -49.0676 -4.3573 0.7480 0.0503 0.3355
Truck 0.0000 0 0.0000 -1.0000 -1.0000 -1.0000 -1.0000 2.7630 3.1546 8.9343 -26.5946 -4.4094 1.6202 0.0411 0.4451
Cyclist 0.0000 0 0.0000 -1.0000 -1.0000 -1.0000 -1.0000 0.6973 1.1700 1.7254 -18.0478 6.9386 0.5030 1.7239 0.4471
Cyclist 0.0000 0 0.0000 -1.0000 -1.0000 -1.0000 -1.0000 0.7150 1.2062 1.7488 7.3056 -6.0764 0.7692 -2.8477 0.3641
