Car 0.0000 0 0.0000 -1.0000 -1.0000 -1.0000 -1.0000 1.9770 1.4553 4.5434 5.2223 3.5252 0.7314 -0.0094 0.7605
Car 0.0000 0 0.0000 -1.0000 -1.0000 -1.0000 -1.0000 2.0266 1.5625 4.6424 -42.4887 3.5454 1.4239 -0.0028 0.6592
Car 0.0000 0 0.0000 -1.0000 -1.0000 -1.0000 -1.0000 1.9684 1.4063 4.5370 13.6556 3.5306 0.6866 0.0364 0.6453
Car 0.0000 0 0.0000 -1.0000 -1.0000 -1.0000 -1.0000 2.0351 1.7437 4.6489 14.0326 -3.8999 0.8774 3.1385 0.4915
Car 0.0000 0 0.0000 -1.0000 -1.0000 -1.0000 -1.0000 1.9731 1.9832 4.6081 71.9871 22.5777 -0.0102 0.1443 0.3987
Truck 0.0000 0 0.0000 -1.0000 -1.0000 -1.0000 -1.0000 2.9910 3.2883 11.5226 -7.9893 3.3929 1.7162 0.0019 0.6875
Truck 0.0000 0 0.0000 -1.0000 -1.0000 -1.0000 -1.0000 2.4898 2.4526 6.5345 77.2748 20.0081 0.3970 0.1798 0.4764
Truck 0.0000 0 0.0000 -1.0000 -1.0000 -1.0000 -1.0000 2.1635 2.1885 5.3646 -12.2203 -0.3128 1.1352 -0.0211 0.4071
Truck 0.0000 0 0.0000 -1.0000 -1.0000 -1.0000 -1.0000 2.7812 3.1127 10.7445 16.5772 -0.1660 1.6014 -3.0979 0.3773
Tricar 0.0000 0 0.0000 -1.0000 -1.0000 -1.0000 -1.0000 1.1969 1.5506 2.7479 42.8804 -7.6912 0.7422 -0.0418 0.3378
Cyclist 0.0000 0 0.0000 -1.0000 -1.0000 -1.0000 -1.0000 0.7882 1.5399 1.8098 26.3909 -11.7952 0.7686 -3.1340 0.6301
Cyclist 0.0000 0 0.0000 -1.0000 -1.0000 -1.0000 -1.0000 0.7894 1.4850 1.8291 29.8329 -10.4462 0.7315 0.0016 0.5779
Cyclist 0.0000 0 0.0000 -1.0000 -1.0000 -1.0000 -1.0000 0.7643 1.5569 1.7664 12.4447 -9.5997 0.7893 -3.1071 0.5673
Cyclist 0.0000 0 0.0000 -1.0000 -1.0000 -1.0000 -1.0000 0.7577 1.5161 1.7975 20.7442 8.5263 0.5850 1.4059 0.5197
Cyclist 0.0000 0 0.0000 -1.0000 -1.0000 -1.0000 -1.0000 0.8551 1.5676 1.8897 -15.4242 -3.7197 0.8779 3.0717 0.5129
