Car 0.0000 0 0.0000 -1.0000 -1.0000 -1.0000 -1.0000 1.9582 1.4603 4.5167 6.9377 0.8942 0.6383 -3.0022 0.7894
Car 0.0000 0 0.0000 -1.0000 -1.0000 -1.0000 -1.0000 1.9932 1.5117 4.6141 15.7618 5.2287 0.4875 0.0804 0.7832
Car 0.0000 0 0.0000 -1.0000 -1.0000 -1.0000 -1.0000 2.0651 1.7580 4.6708 -9.0701 -0.4444 0.9648 -3.0791 0.7415
Car 0.0000 0 0.0000 -1.0000 -1.0000 -1.0000 -1.0000 1.9280 1.5094 4.5554 25.7047 6.1714 0.3873 0.1095 0.7074
Car 0.0000 0 0.0000 -1.0000 -1.0000 -1.0000 -1.0000 1.9026 1.4836 4.4618 6.8524 6.5746 0.5848 -1.1854 0.7025
Car 0.0000 0 0.0000 -1.0000 -1.0000 -1.0000 -1.0000 1.8685 1.5797 4.4204 -1.0981 3.0019 0.7276 0.1788 0.5381
Car 0.0000 0 0.0000 -1.0000 -1.0000 -1.0000 -1.0000 1.9451 1.5818 4.6106 79.7570 8.4427 0.1992 0.0609 0.4773
Car 0.0000 0 0.0000 -1.0000 -1.0000 -1.0000 -1.0000 1.8601 1.6827 4.5277 -5.1628 4.7668 0.8225 0.1067 0.4549
Car 0.0000 0 0.0000 -1.0000 -1.0000 -1.0000 -1.0000 1.8417 1.7029 4.3521 32.8820 6.8936 0.4751 0.1081 0.4446
Car 0.0000 0 0.0000 -1.0000 -1.0000 -1.0000 -1.0000 1.8746 1.5384 4.4629 -15.0102 -0.4097 0.8350 0.1018 0.4347
Car 0.0000 0 0.0000 -1.0000 -1.0000 -1.0000 -1.0000 1.8212 1.6652 4.3572 38.6219 7.3092 0.3949 0.0607 0.4082
Car 0.0000 0 0.0000 -1.0000 -1.0000 -1.0000 -1.0000 1.8807 1.6868 4.4443 57.6157 9.4157 0.2259 0.2061 0.3991
Truck 0.0000 0 0.0000 -1.0000 -1.0000 -1.0000 -1.0000 2.5510 2.6843 6.7836 -34.1097 -2.8441 1.8328 0.1161 0.3218
Cyclist 0.0000 0 0.0000 -1.0000 -1.0000 -1.0000 -1.0000 0.8618 1.6156 1.8088 -9.9061 -3.3202 0.9610 0.0566 0.5135
Cyclist 0.0000 0 0.0000 -1.0000 -1.0000 -1.0000 -1.0000 0.8054 1.6249 1.7857 4.0953 16.2640 0.2980 -1.6186 0.4930
Cyclist 0.0000 0 0.0000 -1.0000 -1.0000 -1.0000 -1.0000 0.7395 1.5306 1.7183 34.9778 3.0795 0.3702 0.0430 0.4840
Cyclist 0.0000 0 0.0000 -1.0000 -1.0000 -1.0000 -1.0000 0.7802 1.6078 1.7403 44.3722 3.2609 0.3561 3.1139 0.3821
Cyclist 0.0000 0 0.0000 -1.0000 -1.0000 -1.0000 -1.0000 0.7488 1.5591 1.7359 1.4505 14.6694 0.4092 -1.9610 0.3296
Pedestrian 0.0000 0 0.0000 -1.0000 -1.0000 -1.0000 -1.0000 0.6820 1.6383 0.6415 8.4778 17.7792 0.1927 2.1106 0.4242
Pedestrian 0.0000 0 0.0000 -1.0000 -1.0000 -1.0000 -1.0000 0.6664 1.6452 0.5623 14.1272 16.2263 0.3220 2.9983 0.3590
Pedestrian 0.0000 0 0.0000 -1.0000 -1.0000 -1.0000 -1.0000 0.7130 1.6294 0.6712 7.1578 28.2891 0.1028 -1.8314 0.3329
Pedestrian 0.0000 0 0.0000 -1.0000 -1.0000 -1.0000 -1.0000 0.7032 1.6945 0.6535 28.9507 1.0949 0.6564 -3.0550 0.3141
Pedestrian 0.0000 0 0.0000 -1.0000 -1.0000 -1.0000 -1.0000 0.7165 1.6316 0.6644 1.4072 14.6037 0.4409 1.0937 0.3112
