Car 0.0000 0 0.0000 -1.0000 -1.0000 -1.0000 -1.0000 1.9482 1.4383 4.5302 -31.4226 -5.0917 0.6998 -3.1353 0.7427
Car 0.0000 0 0.0000 -1.0000 -1.0000 -1.0000 -1.0000 1.9313 1.5057 4.4956 -8.4778 3.1760 0.7292 0.0008 0.7244
Car 0.0000 0 0.0000 -1.0000 -1.0000 -1.0000 -1.0000 2.0941 2.0442 4.7803 -16.0859 6.6331 1.0124 -0.0181 0.6829
Car 0.0000 0 0.0000 -1.0000 -1.0000 -1.0000 -1.0000 1.9559 1.4716 4.6088 -24.5068 -11.1356 0.8075 -1.4148 0.6367
Car 0.0000 0 0.0000 -1.0000 -1.0000 -1.0000 -1.0000 1.9364 1.4479 4.5260 -10.1789 6.1979 0.6632 -0.0128 0.6306
Car 0.0000 0 0.0000 -1.0000 -1.0000 -1.0000 -1.0000 1.8889 1.4986 4.4740 -37.5702 5.9414 0.5862 3.1127 0.6305
Car 0.0000 0 0.0000 -1.0000 -1.0000 -1.0000 -1.0000 1.9401 1.4944 4.4438 -54.9611 -4.7748 0.6692 -3.1251 0.5893
Car 0.0000 0 0.0000 -1.0000 -1.0000 -1.0000 -1.0000 1.9758 1.5557 4.5798 -20.0677 3.7155 0.7155 -0.0140 0.5751
Car 0.0000 0 0.0000 -1.0000 -1.0000 -1.0000 -1.0000 1.8748 1.5295 4.4404 -50.1073 6.1859 0.6017 -0.0247 0.5695
Car 0.0000 0 0.0000 -1.0000 -1.0000 -1.0000 -1.0000 1.8760 1.6218 4.3687 -4.4489 5.4228 0.7910 3.1228 0.5274
Car 0.0000 0 0.0000 -1.0000 -1.0000 -1.0000 -1.0000 1.9171 1.4946 4.5242 -2.8219 3.1400 0.7230 3.1298 0.5230
Car 0.0000 0 0.0000 -1.0000 -1.0000 -1.0000 -1.0000 1.9757 1.6797 4.6138 8.0531 5.9829 0.8118 3.1323 0.5105
Car 0.0000 0 0.0000 -1.0000 -1.0000 -1.0000 -1.0000 1.9805 1.4563 4.6116 4.0310 3.0413 0.6904 3.1316 0.5078
Car 0.0000 0 0.0000 -1.0000 -1.0000 -1.0000 -1.0000 1.8968 1.4563 4.5447 -43.0900 6.1198 0.5449 3.1189 0.4931
Car 0.0000 0 0.0000 -1.0000 -1.0000 -1.0000 -1.0000 1.9626 1.5219 4.6542 1.7385 6.2511 0.7356 0.0127 0.4806
Car 0.0000 0 0.0000 -1.0000 -1.0000 -1.0000 -1.0000 1.8836 1.7540 4.4635 19.6150 -0.3023 0.9860 0.0121 0.4422
Car 0.0000 0 0.0000 -1.0000 -1.0000 -1.0000 -1.0000 1.9979 1.6513 4.6964 11.1059 3.0015 0.8465 3.1207 0.4163
Car 0.0000 0 0.0000 -1.0000 -1.0000 -1.0000 -1.0000 1.8888 1.4902 4.5375 -16.8141 -23.2074 1.2206 -1.6721 0.4060
Car 0.0000 0 0.0000 -1.0000 -1.0000 -1.0000 -1.0000 1.8709 1.6276 4.4310 31.1176 -5.5595 0.8879 0.0203 0.4035
Car 0.0000 0 0.0000 -1.0000 -1.0000 -1.0000 -1.0000 1.9896 1.4777 4.5842 -17.5323 -0.0433 0.7044 -3.1359 0.4021
Car 0.0000 0 0.0000 -1.0000 -1.0000 -1.0000 -1.0000 1.8918 1.5578 4.5196 17.7094 2.7921 0.8336 0.0258 0.3954
Car 0.0000 0 0.0000 -1.0000 -1.0000 -1.0000 -1.0000 2.0086 1.6830 4.5879 -52.9153 0.4807 0.7635 -3.1306 0.3941
Car 0.0000 0 0.0000 -1.0000 -1.0000 -1.0000 -1.0000 1.8763 1.5880 4.5409 -40.8986 -20.2484 1.0919 1.6462 0.3693
Car 0.0000 0 0.0000 -1.0000 -1.0000 -1.0000 -1.0000 1.8379 1.5066 4.4436 -24.5313 5.9059 0.5882 -3.1213 0.3683
Car 0.0000 0 0.0000 -1.0000 -1.0000 -1.0000 -1.0000 1.8641 1.5983 4.5075 -31.0326 5.9177 0.6116 3.1211 0.3674
Car 0.0000 0 0.0000 -1.0000 -1.0000 -1.0000 -1.0000 1.9173 1.6588 4.6009 -44.3611 -20.7622 1.1524 1.4974 0.3496
Car 0.0000 0 0.0000 -1.0000 -1.0000 -1.0000 -1.0000 1.9324 1.7575 4.6847 -46.4593 -20.7327 1.1878 1.4700 0.3187
Car 0.0000 0 0.0000 -1.0000 -1.0000 -1.0000 -1.0000 1.8657 1.4935 4.5187 -34.7888 0.3440 0.6483 -0.0213 0.3056
Truck 0.0000 0 0.0000 -1.0000 -1.0000 -1.0000 -1.0000 2.9097 3.0244 10.1092 -10.1658 11.9460 1.4261 -3.1366 0.6025
Tricar 0.0000 0 0.0000 -1.0000 -1.0000 -1.0000 -1.0000 1.1833 1.6063 2.7103 4.3613 -12.1201 1.0067 -0.0141 0.3791
Cyclist 0.0000 0 0.0000 -1.0000 -1.0000 -1.0000 -1.0000 0.6442 1.1629 1.6909 -2.3717 -14.6050 0.8667 1.5484 0.3979
Cyclist 0.0000 0 0.0000 -1.0000 -1.0000 -1.0000 -1.0000 0.7181 1.5296 1.7043 -1.7725 18.7480 0.3270 -0.0174 0.3880
Cyclist 0.0000 0 0.0000 -1.0000 -1.0000 -1.0000 -1.0000 0.6910 1.4521 1.6953 35.0232 16.7226 0.5761 -2.9791 0.3633
Pedestrian 0.0000 0 0.0000 -1.0000 -1.0000 -1.0000 -1.0000 0.6617 1.5941 0.5801 -6.9058 24.0479 0.3290 -0.0163 0.5412
Pedestrian 0.0000 0 0.0000 -1.0000 -1.0000 -1.0000 -1.0000 0.6884 1.6701 0.6229 16.5238 -8.1108 1.0640 3.0432 0.5031
Pedestrian 0.0000 0 0.0000 -1.0000 -1.0000 -1.0000 -1.0000 0.6758 1.6512 0.6000 14.3682 -8.5196 1.0385 3.0879 0.4582
Pedestrian 0.0000 0 0.0000 -1.0000 -1.0000 -1.0000 -1.0000 0.7118 1.6491 0.7204 4.0930 -19.4940 1.2468 2.9624 0.4472
Pedestrian 0.0000 0 0.0000 -1.0000 -1.0000 -1.0000 -1.0000 0.7205 1.7053 0.6802 1.5635 14.4168 0.5683 -0.0139 0.4224
Pedestrian 0.0000 0 0.0000 -1.0000 -1.0000 -1.0000 -1.0000 0.6956 1.6994 0.6286 12.0279 21.2781 0.5014 3.0209 0.3348
