Car 0.0000 0 0.0000 -1.0000 -1.0000 -1.0000 -1.0000 2.0395 1.5825 4.6921 20.1568 17.6827 0.3694 -3.1175 0.8086
Car 0.0000 0 0.0000 -1.0000 -1.0000 -1.0000 -1.0000 2.0206 1.7467 4.6571 1.5041 11.0562 0.7060 -0.0158 0.7491
Car 0.0000 0 0.0000 -1.0000 -1.0000 -1.0000 -1.0000 2.0234 1.7390 4.6194 -43.1463 2.6316 1.1229 0.0491 0.7365
Car 0.0000 0 0.0000 -1.0000 -1.0000 -1.0000 -1.0000 1.9309 1.4726 4.5091 -7.0701 13.9053 0.4791 0.0036 0.7296
Car 0.0000 0 0.0000 -1.0000 -1.0000 -1.0000 -1.0000 1.9327 1.4938 4.6422 -2.9136 19.5455 0.3334 0.0093 0.6950
Car 0.0000 0 0.0000 -1.0000 -1.0000 -1.0000 -1.0000 1.9861 1.5672 4.5898 34.1584 -3.0494 0.6876 3.1395 0.6915
Car 0.0000 0 0.0000 -1.0000 -1.0000 -1.0000 -1.0000 1.8895 1.4472 4.4621 -15.7279 11.0413 0.6339 3.1354 0.6624
Car 0.0000 0 0.0000 -1.0000 -1.0000 -1.0000 -1.0000 2.0046 1.9345 4.6007 19.6207 -3.1733 0.8927 0.0606 0.6336
Car 0.0000 0 0.0000 -1.0000 -1.0000 -1.0000 -1.0000 1.9420 1.8261 4.4732 -33.3235 13.7249 0.8656 0.0079 0.6220
Car 0.0000 0 0.0000 -1.0000 -1.0000 -1.0000 -1.0000 1.8721 1.4265 4.4585 -27.0134 7.1127 0.7722 -3.1102 0.6161
Car 0.0000 0 0.0000 -1.0000 -1.0000 -1.0000 -1.0000 1.9330 1.8081 4.5274 -50.0061 7.1699 1.1838 0.0426 0.5933
Car 0.0000 0 0.0000 -1.0000 -1.0000 -1.0000 -1.0000 2.1524 1.8602 4.8442 -17.2460 -0.7708 1.0033 -0.0517 0.5668
Car 0.0000 0 0.0000 -1.0000 -1.0000 -1.0000 -1.0000 1.8806 1.4897 4.4957 -34.8466 10.7014 0.7290 0.0612 0.5550
Car 0.0000 0 0.0000 -1.0000 -1.0000 -1.0000 -1.0000 1.9480 1.4577 4.5513 -26.4201 16.7796 0.5063 -0.0363 0.5479
Car 0.0000 0 0.0000 -1.0000 -1.0000 -1.0000 -1.0000 1.9041 1.5758 4.5253 -10.5768 21.9227 0.2509 -1.9080 0.5340
Car 0.0000 0 0.0000 -1.0000 -1.0000 -1.0000 -1.0000 1.9697 1.6967 4.5477 39.4560 0.1101 0.7929 -3.1343 0.5327
Car 0.0000 0 0.0000 -1.0000 -1.0000 -1.0000 -1.0000 1.8911 1.4647 4.5235 -19.8012 14.1899 0.5309 0.0329 0.5261
Car 0.0000 0 0.0000 -1.0000 -1.0000 -1.0000 -1.0000 1.9582 1.7825 4.6410 -9.7429 10.4202 0.7370 0.0141 0.5208
Car 0.0000 0 0.0000 -1.0000 -1.0000 -1.0000 -1.0000 2.0216 1.8460 4.7423 -16.9080 7.5002 0.8884 -3.1257 0.5052
Car 0.0000 0 0.0000 -1.0000 -1.0000 -1.0000 -1.0000 1.9272 1.6213 4.5077 -32.1928 7.2650 0.9037 -3.1355 0.4950
Car 0.0000 0 0.0000 -1.0000 -1.0000 -1.0000 -1.0000 1.9356 1.5409 4.5926 75.9399 -1.1061 1.1786 3.1338 0.4915
Car 0.0000 0 0.0000 -1.0000 -1.0000 -1.0000 -1.0000 1.9061 1.5148 4.4769 -41.8800 13.8754 0.7072 0.0536 0.4173
Car 0.0000 0 0.0000 -1.0000 -1.0000 -1.0000 -1.0000 1.9437 1.5785 4.5725 -50.1947 -3.4107 1.1868 0.0195 0.3920
Car 0.0000 0 0.0000 -1.0000 -1.0000 -1.0000 -1.0000 2.0295 2.0488 4.8803 19.9113 38.5863 0.1613 1.5159 0.3772
Car 0.0000 0 0.0000 -1.0000 -1.0000 -1.0000 -1.0000 1.9425 1.4950 4.5373 -34.0083 -0.2180 0.9627 -3.0504 0.3739
Car 0.0000 0 0.0000 -1.0000 -1.0000 -1.0000 -1.0000 1.9314 1.5163 4.6394 56.6395 13.8891 0.6133 3.0915 0.3593
Car 0.0000 0 0.0000 -1.0000 -1.0000 -1.0000 -1.0000 1.8951 1.4429 4.4908 -40.7827 6.9007 0.8713 -3.0772 0.3575
Car 0.0000 0 0.0000 -1.0000 -1.0000 -1.0000 -1.0000 1.9390 1.5511 4.5259 -53.3474 19.4007 0.7121 -0.1360 0.3170
Truck 0.0000 0 0.0000 -1.0000 -1.0000 -1.0000 -1.0000 2.7833 3.0588 9.9384 76.6020 15.4349 1.5944 0.0379 0.4307
Truck 0.0000 0 0.0000 -1.0000 -1.0000 -1.0000 -1.0000 2.1513 2.2249 5.6405 19.7345 38.7873 0.2205 -1.6715 0.3079
Tricar 0.0000 0 0.0000 -1.0000 -1.0000 -1.0000 -1.0000 1.3444 1.7851 3.1836 -40.5669 -11.3740 1.1374 3.1385 0.6093
Tricar 0.0000 0 0.0000 -1.0000 -1.0000 -1.0000 -1.0000 1.4409 1.7971 3.4682 20.7914 -15.1190 0.8218 1.4260 0.3473
Cyclist 0.0000 0 0.0000 -1.0000 -1.0000 -1.0000 -1.0000 0.7651 1.5196 1.7721 -31.8042 -9.1098 0.8985 -3.1326 0.6659
Cyclist 0.0000 0 0.0000 -1.0000 -1.0000 -1.0000 -1.0000 0.7937 1.5761 1.7466 -48.1187 -9.9659 1.0653 -3.0946 0.6489
Cyclist 0.0000 0 0.0000 -1.0000 -1.0000 -1.0000 -1.0000 0.7397 1.5194 1.7429 25.9322 27.0260 -0.0951 -0.0680 0.6265
Cyclist 0.0000 0 0.0000 -1.0000 -1.0000 -1.0000 -1.0000 0.7455 1.4990 1.7466 20.2391 29.3415 -0.0531 3.0329 0.4714
