Car 0.0000 0 0.0000 -1.0000 -1.0000 -1.0000 -1.0000 2.0022 1.6152 4.5423 6.7760 -5.4761 0.9152 3.0991 0.8122
Car 0.0000 0 0.0000 -1.0000 -1.0000 -1.0000 -1.0000 1.9643 1.5244 4.4670 29.0939 3.3612 0.8745 -0.1103 0.7685
Car 0.0000 0 0.0000 -1.0000 -1.0000 -1.0000 -1.0000 2.0051 1.5625 4.6164 8.2910 3.5755 0.8202 3.1219 0.7441
Car 0.0000 0 0.0000 -1.0000 -1.0000 -1.0000 -1.0000 2.0160 1.5003 4.6191 -13.1106 -3.0151 0.7050 -3.1099 0.7320
Car 0.0000 0 0.0000 -1.0000 -1.0000 -1.0000 -1.0000 1.9060 1.4866 4.4644 -21.3242 6.5300 0.4733 0.0065 0.7234
Car 0.0000 0 0.0000 -1.0000 -1.0000 -1.0000 -1.0000 1.9643 1.4890 4.6178 -39.6270 10.8691 0.2614 2.8608 0.6729
Car 0.0000 0 0.0000 -1.0000 -1.0000 -1.0000 -1.0000 2.0264 1.4757 4.6319 -12.6439 0.2439 0.6600 -3.0890 0.6466
Car 0.0000 0 0.0000 -1.0000 -1.0000 -1.0000 -1.0000 1.9502 1.7710 4.4969 18.0824 -0.4996 1.0249 3.1194 0.6385
Car 0.0000 0 0.0000 -1.0000 -1.0000 -1.0000 -1.0000 2.0347 1.6958 4.6326 -2.4389 -2.8270 0.8841 -3.1321 0.6343
Car 0.0000 0 0.0000 -1.0000 -1.0000 -1.0000 -1.0000 1.8564 1.5523 4.3755 38.9139 -3.1758 1.0481 3.1354 0.6303
Car 0.0000 0 0.0000 -1.0000 -1.0000 -1.0000 -1.0000 2.0149 1.6291 4.7089 -75.4715 -4.9081 0.1192 -2.9811 0.5957
Car 0.0000 0 0.0000 -1.0000 -1.0000 -1.0000 -1.0000 1.9150 1.4907 4.4586 32.2514 -4.0748 0.9998 3.1179 0.5578
Car 0.0000 0 0.0000 -1.0000 -1.0000 -1.0000 -1.0000 1.9541 1.4481 4.5632 21.9686 -4.0164 0.8917 0.0334 0.5509
Car 0.0000 0 0.0000 -1.0000 -1.0000 -1.0000 -1.0000 1.9151 1.4582 4.4597 11.6139 -2.9889 0.8283 3.0831 0.5420
Car 0.0000 0 0.0000 -1.0000 -1.0000 -1.0000 -1.0000 1.9870 1.7787 4.6311 17.7170 23.3700 0.8401 -0.0877 0.5189
Car 0.0000 0 0.0000 -1.0000 -1.0000 -1.0000 -1.0000 1.9311 1.4870 4.5861 5.5475 24.2639 0.6269 -0.0401 0.5073
Car 0.0000 0 0.0000 -1.0000 -1.0000 -1.0000 -1.0000 1.9662 1.6602 4.6167 46.4452 -4.9181 1.2914 3.0635 0.5062
Car 0.0000 0 0.0000 -1.0000 -1.0000 -1.0000 -1.0000 1.9411 1.4390 4.5439 11.6801 -0.2667 0.8191 3.0883 0.4614
Car 0.0000 0 0.0000 -1.0000 -1.0000 -1.0000 -1.0000 2.0498 1.9527 4.9477 -1.0971 35.3165 0.6076 2.7243 0.4435
Car 0.0000 0 0.0000 -1.0000 -1.0000 -1.0000 -1.0000 1.9551 1.5253 4.5790 -73.5740 -1.0587 0.1119 -3.0345 0.4089
Car 0.0000 0 0.0000 -1.0000 -1.0000 -1.0000 -1.0000 1.8685 1.5825 4.4238 -27.8635 3.6617 0.5416 0.0054 0.4003
Car 0.0000 0 0.0000 -1.0000 -1.0000 -1.0000 -1.0000 1.8677 1.5865 4.3607 -44.6696 17.4682 0.1603 -0.8522 0.3703
Car 0.0000 0 0.0000 -1.0000 -1.0000 -1.0000 -1.0000 1.9553 1.8492 4.7383 -8.6946 -19.6821 1.1345 1.5473 0.3327
Truck 0.0000 0 0.0000 -1.0000 -1.0000 -1.0000 -1.0000 2.8476 3.1753 11.6311 41.8390 -8.7038 1.8867 3.1274 0.4212
Truck 0.0000 0 0.0000 -1.0000 -1.0000 -1.0000 -1.0000 2.8943 3.4255 12.2384 24.4551 -7.4630 1.9617 3.0938 0.4151
Cyclist 0.0000 0 0.0000 -1.0000 -1.0000 -1.0000 -1.0000 0.7862 1.5631 1.7462 11.0900 -11.7567 0.9156 -3.1263 0.6464
Cyclist 0.0000 0 0.0000 -1.0000 -1.0000 -1.0000 -1.0000 0.7558 1.5654 1.7303 -20.5208 -11.6602 0.7062 3.1235 0.6210
Cyclist 0.0000 0 0.0000 -1.0000 -1.0000 -1.0000 -1.0000 0.7430 1.5307 1.7371 -0.7793 16.2618 0.3330 -3.1374 0.5980
Cyclist 0.0000 0 0.0000 -1.0000 -1.0000 -1.0000 -1.0000 0.7589 1.5399 1.7188 -33.7263 14.2886 0.2918 -2.9423 0.4987
Cyclist 0.0000 0 0.0000 -1.0000 -1.0000 -1.0000 -1.0000 0.7415 1.5529 1.7202 -35.2330 15.7254 0.1986 -2.9258 0.4893
Cyclist 0.0000 0 0.0000 -1.0000 -1.0000 -1.0000 -1.0000 0.7476 1.5527 1.6946 18.9095 -13.0276 0.9293 3.1253 0.4310
Cyclist 0.0000 0 0.0000 -1.0000 -1.0000 -1.0000 -1.0000 0.7577 1.5489 1.7470 -59.3317 -14.3549 0.1497 -0.0671 0.4262
Cyclist 0.0000 0 0.0000 -1.0000 -1.0000 -1.0000 -1.0000 0.7362 1.5517 1.6878 23.8933 -12.5090 0.9607 3.1394 0.3969
Cyclist 0.0000 0 0.0000 -1.0000 -1.0000 -1.0000 -1.0000 0.7575 1.5248 1.7825 -62.9266 -6.8020 0.1767 -1.8478 0.3945
Cyclist 0.0000 0 0.0000 -1.0000 -1.0000 -1.0000 -1.0000 0.7412 1.5411 1.7326 -28.1210 13.8358 0.3539 0.0576 0.3838
Cyclist 0.0000 0 0.0000 -1.0000 -1.0000 -1.0000 -1.0000 0.7219 1.4408 1.7139 -34.5156 -12.6318 0.5977 0.0297 0.3823
Cyclist 0.0000 0 0.0000 -1.0000 -1.0000 -1.0000 -1.0000 0.8076 1.5734 1.7682 29.9613 -14.2325 1.0576 0.0089 0.3595
Cyclist 0.0000 0 0.0000 -1.0000 -1.0000 -1.0000 -1.0000 0.7135 1.2372 1.7556 -32.1165 -14.8636 0.6426 0.0210 0.3402
Cyclist 0.0000 0 0.0000 -1.0000 -1.0000 -1.0000 -1.0000 0.7238 1.4326 1.7179 -7.3226 21.4699 0.2072 -1.7588 0.3157
Cyclist 0.0000 0 0.0000 -1.0000 -1.0000 -1.0000 -1.0000 0.8003 1.5461 1.7896 54.8263 12.1053 0.7880 3.0808 0.3032
Pedestrian 0.0000 0 0.0000 -1.0000 -1.0000 -1.0000 -1.0000 0.6913 1.6732 0.6320 29.2742 -19.7084 1.2760 3.0836 0.5659
Pedestrian 0.0000 0 0.0000 -1.0000 -1.0000 -1.0000 -1.0000 0.6878 1.6168 0.6328 8.2096 -16.8671 1.0803 -2.9931 0.4119
Pedestrian 0.0000 0 0.0000 -1.0000 -1.0000 -1.0000 -1.0000 0.7233 1.6974 0.7117 -9.7257 24.0992 0.4468 0.9697 0.4087
Pedestrian 0.0000 0 0.0000 -1.0000 -1.0000 -1.0000 -1.0000 0.6906 1.6611 0.6200 59.8161 12.1783 0.8451 3.0953 0.3637
Pedestrian 0.0000 0 0.0000 -1.0000 -1.0000 -1.0000 -1.0000 0.6867 1.6265 0.5955 10.1218 29.9960 0.7240 3.0293 0.3182
Pedestrian 0.0000 0 0.0000 -1.0000 -1.0000 -1.0000 -1.0000 0.7184 1.6911 0.6921 -17.3608 19.6791 0.6023 0.0666 0.3133
