Car 0.0000 0 0.0000 -1.0000 -1.0000 -1.0000 -1.0000 1.9698 1.6768 4.5168 -5.3675 7.1290 0.7981 0.0503 0.7214
Car 0.0000 0 0.0000 -1.0000 -1.0000 -1.0000 -1.0000 2.0846 1.9264 4.7939 3.2593 3.4180 0.9133 0.0616 0.7061
Car 0.0000 0 0.0000 -1.0000 -1.0000 -1.0000 -1.0000 1.9169 1.4336 4.4977 -1.3502 10.7074 0.5927 0.0044 0.7052
Car 0.0000 0 0.0000 -1.0000 -1.0000 -1.0000 -1.0000 1.9034 1.4221 4.5086 -0.8674 -7.9910 0.7188 0.0028 0.6883
Car 0.0000 0 0.0000 -1.0000 -1.0000 -1.0000 -1.0000 2.0190 1.7035 4.5619 -36.0351 -12.0639 0.9932 -3.1388 0.6402
Car 0.0000 0 0.0000 -1.0000 -1.0000 -1.0000 -1.0000 1.9860 1.5541 4.6631 24.5068 8.4612 0.7164 0.0230 0.6366
Car 0.0000 0 0.0000 -1.0000 -1.0000 -1.0000 -1.0000 2.0636 1.9548 4.7615 1.1530 7.4364 0.9122 0.0061 0.6112
Car 0.0000 0 0.0000 -1.0000 -1.0000 -1.0000 -1.0000 1.9197 1.4272 4.5166 5.5499 -8.0815 0.7024 0.0359 0.6014
Car 0.0000 0 0.0000 -1.0000 -1.0000 -1.0000 -1.0000 1.8772 1.8885 4.3914 29.3835 -7.1368 0.9189 -3.1267 0.5906
Car 0.0000 0 0.0000 -1.0000 -1.0000 -1.0000 -1.0000 1.9566 1.5354 4.5618 -7.8556 10.4905 0.7010 0.0912 0.5741
Car 0.0000 0 0.0000 -1.0000 -1.0000 -1.0000 -1.0000 1.8809 1.4840 4.4655 -10.8622 -31.2835 1.1484 1.5520 0.5741
Car 0.0000 0 0.0000 -1.0000 -1.0000 -1.0000 -1.0000 1.9256 1.5883 4.5578 2.6532 -18.5128 0.9818 -1.3480 0.5444
Car 0.0000 0 0.0000 -1.0000 -1.0000 -1.0000 -1.0000 1.8945 1.5128 4.4784 -62.5887 1.5739 0.7151 -0.0115 0.5349
Car 0.0000 0 0.0000 -1.0000 -1.0000 -1.0000 -1.0000 1.9768 1.6571 4.5701 15.5853 7.8994 0.7643 -3.0766 0.5304
Car 0.0000 0 0.0000 -1.0000 -1.0000 -1.0000 -1.0000 1.9520 1.6130 4.6452 11.7037 -17.8009 1.0480 1.7335 0.5237
Car 0.0000 0 0.0000 -1.0000 -1.0000 -1.0000 -1.0000 1.9777 1.6070 4.6847 6.3424 -17.8574 0.9849 -1.4635 0.5232
Car 0.0000 0 0.0000 -1.0000 -1.0000 -1.0000 -1.0000 2.0289 1.7425 4.7494 -63.3981 -1.6769 0.8620 -0.0429 0.5222
Car 0.0000 0 0.0000 -1.0000 -1.0000 -1.0000 -1.0000 1.8907 1.4670 4.4340 11.7226 -7.7723 0.7602 0.0305 0.5136
Car 0.0000 0 0.0000 -1.0000 -1.0000 -1.0000 -1.0000 1.9197 1.5212 4.5623 42.3305 -7.0233 0.7059 3.1389 0.5058
Car 0.0000 0 0.0000 -1.0000 -1.0000 -1.0000 -1.0000 1.8979 1.6657 4.5129 18.4495 -16.4933 1.0614 -1.1165 0.4918
Car 0.0000 0 0.0000 -1.0000 -1.0000 -1.0000 -1.0000 1.9584 1.7322 4.6690 -33.8261 -19.7533 1.0416 1.6106 0.4912
Car 0.0000 0 0.0000 -1.0000 -1.0000 -1.0000 -1.0000 1.9074 1.4362 4.5755 23.2588 -7.8707 0.7170 3.0557 0.4854
Car 0.0000 0 0.0000 -1.0000 -1.0000 -1.0000 -1.0000 1.9572 1.5806 4.6351 -13.8186 -23.1064 1.0781 -0.0257 0.4838
Car 0.0000 0 0.0000 -1.0000 -1.0000 -1.0000 -1.0000 1.9924 1.4563 4.6104 -71.2448 5.4626 0.5535 -0.0549 0.4783
Car 0.0000 0 0.0000 -1.0000 -1.0000 -1.0000 -1.0000 1.9208 1.6026 4.5968 -4.9059 -20.1586 1.0748 1.9031 0.4658
Car 0.0000 0 0.0000 -1.0000 -1.0000 -1.0000 -1.0000 1.8651 1.3890 4.4409 17.5934 -7.5478 0.6893 0.0018 0.4434
Car 0.0000 0 0.0000 -1.0000 -1.0000 -1.0000 -1.0000 1.8700 1.5012 4.5036 -17.9337 -18.7595 0.8482 1.5753 0.4419
Car 0.0000 0 0.0000 -1.0000 -1.0000 -1.0000 -1.0000 1.8696 1.5120 4.5133 -14.2608 -25.9663 1.0291 -3.1179 0.4401
Car 0.0000 0 0.0000 -1.0000 -1.0000 -1.0000 -1.0000 1.9146 1.4998 4.6490 -38.8962 -19.7589 0.8867 1.5974 0.4372
Car 0.0000 0 0.0000 -1.0000 -1.0000 -1.0000 -1.0000 1.8879 1.5325 4.5374 15.6144 -18.1101 0.9980 -1.3168 0.4174
Car 0.0000 0 0.0000 -1.0000 -1.0000 -1.0000 -1.0000 1.8883 1.4988 4.5376 -19.7934 -18.7107 0.8343 1.6164 0.4139
Car 0.0000 0 0.0000 -1.0000 -1.0000 -1.0000 -1.0000 1.9618 1.8539 4.7376 -43.2407 -19.6356 1.1644 1.5960 0.4130
Car 0.0000 0 0.0000 -1.0000 -1.0000 -1.0000 -1.0000 1.9529 1.5115 4.7041 -4.7243 42.1568 0.3370 -1.1107 0.3968
Car 0.0000 0 0.0000 -1.0000 -1.0000 -1.0000 -1.0000 1.8593 1.4680 4.4745 -1.7349 -15.6976 0.8047 -0.0344 0.3858
Car 0.0000 0 0.0000 -1.0000 -1.0000 -1.0000 -1.0000 1.9126 1.5105 4.6321 -27.3856 -19.5861 0.8249 1.6235 0.3761
Car 0.0000 0 0.0000 -1.0000 -1.0000 -1.0000 -1.0000 1.9190 1.5734 4.5478 -78.0037 1.0800 0.6128 -0.1584 0.3640
Car 0.0000 0 0.0000 -1.0000 -1.0000 -1.0000 -1.0000 1.8943 1.4482 4.5425 -71.2844 -9.8645 0.6613 -3.0926 0.3616
Car 0.0000 0 0.0000 -1.0000 -1.0000 -1.0000 -1.0000 1.9198 1.4903 4.6367 -29.5798 -19.6770 0.8225 1.5865 0.3530
Car 0.0000 0 0.0000 -1.0000 -1.0000 -1.0000 -1.0000 1.9290 1.5419 4.6620 -40.9806 -19.5970 0.9382 1.6130 0.3529
Car 0.0000 0 0.0000 -1.0000 -1.0000 -1.0000 -1.0000 1.9032 1.5532 4.6298 -46.3563 -19.8883 0.9595 1.5661 0.3481
Car 0.0000 0 0.0000 -1.0000 -1.0000 -1.0000 -1.0000 1.9931 1.5881 4.6705 -83.9586 -17.0098 0.8968 -3.1238 0.3429
Car 0.0000 0 0.0000 -1.0000 -1.0000 -1.0000 -1.0000 1.9139 1.5309 4.6727 -48.4338 -20.2728 0.9594 1.5959 0.3402
Car 0.0000 0 0.0000 -1.0000 -1.0000 -1.0000 -1.0000 1.9166 1.5065 4.6281 -23.7523 -18.9051 0.8227 -1.4854 0.3323
Car 0.0000 0 0.0000 -1.0000 -1.0000 -1.0000 -1.0000 1.9184 1.5953 4.6501 -79.8445 -20.3569 0.8694 -1.5107 0.3321
Car 0.0000 0 0.0000 -1.0000 -1.0000 -1.0000 -1.0000 1.9341 1.8647 4.5915 30.1996 11.6054 0.8148 0.0247 0.3219
Car 0.0000 0 0.0000 -1.0000 -1.0000 -1.0000 -1.0000 1.9088 1.5029 4.4888 35.5387 -7.2450 0.7677 -3.1389 0.3009
Truck 0.0000 0 0.0000 -1.0000 -1.0000 -1.0000 -1.0000 2.8120 3.0071 10.4602 22.2990 1.0133 1.5259 0.0454 0.7031
Truck 0.0000 0 0.0000 -1.0000 -1.0000 -1.0000 -1.0000 2.5480 2.8390 8.3012 37.5924 4.5330 1.4004 0.0854 0.3562
Cyclist 0.0000 0 0.0000 -1.0000 -1.0000 -1.0000 -1.0000 0.7498 1.4796 1.7613 -23.4643 23.1131 0.3812 -0.1845 0.4995
Cyclist 0.0000 0 0.0000 -1.0000 -1.0000 -1.0000 -1.0000 0.8048 1.5714 1.8051 -15.1470 -6.2141 0.8234 -3.1012 0.4766
Cyclist 0.0000 0 0.0000 -1.0000 -1.0000 -1.0000 -1.0000 0.7405 1.4738 1.7439 35.4870 -4.5707 0.7572 0.0213 0.4715
Cyclist 0.0000 0 0.0000 -1.0000 -1.0000 -1.0000 -1.0000 0.8827 1.6124 1.8787 -42.2632 21.2523 0.6277 -1.3145 0.4096
Cyclist 0.0000 0 0.0000 -1.0000 -1.0000 -1.0000 -1.0000 0.7550 1.5949 1.7075 -12.6960 19.2185 0.4871 0.2432 0.3492
Pedestrian 0.0000 0 0.0000 -1.0000 -1.0000 -1.0000 -1.0000 0.6998 1.6504 0.6628 -53.0069 24.3856 0.3627 0.7717 0.4676
Pedestrian 0.0000 0 0.0000 -1.0000 -1.0000 -1.0000 -1.0000 0.7054 1.6271 0.6611 -63.7187 -5.1269 0.8321 0.0569 0.3503
