Car 0.0000 0 0.0000 -1.0000 -1.0000 -1.0000 -1.0000 2.0069 1.7377 4.5296 -10.5893 0.2439 0.8601 -3.1345 0.7198
Car 0.0000 0 0.0000 -1.0000 -1.0000 -1.0000 -1.0000 1.9811 1.6484 4.5559 56.9879 4.3326 1.0744 3.0154 0.6955
Car 0.0000 0 0.0000 -1.0000 -1.0000 -1.0000 -1.0000 1.9953 1.6194 4.6237 74.0382 -1.0261 1.4081 3.1246 0.6547
Car 0.0000 0 0.0000 -1.0000 -1.0000 -1.0000 -1.0000 1.8992 1.5015 4.4260 61.6852 11.0854 0.8101 2.9775 0.5885
Car 0.0000 0 0.0000 -1.0000 -1.0000 -1.0000 -1.0000 1.9695 1.5175 4.5904 60.5194 7.3068 0.9321 2.9871 0.5858
Car 0.0000 0 0.0000 -1.0000 -1.0000 -1.0000 -1.0000 2.1529 2.1297 4.8910 -19.6400 0.5091 1.0821 -3.1312 0.4126
Truck 0.0000 0 0.0000 -1.0000 -1.0000 -1.0000 -1.0000 2.5978 3.0228 6.1687 41.7527 -16.6851 2.2099 1.0219 0.5062
Truck 0.0000 0 0.0000 -1.0000 -1.0000 -1.0000 -1.0000 2.5628 3.0868 6.2242 0.8181 -3.6181 1.5869 -0.0308 0.3705
Cyclist 0.0000 0 0.0000 -1.0000 -1.0000 -1.0000 -1.0000 0.7421 1.5409 1.7202 42.4723 10.3002 0.8100 0.7623 0.5749
Cyclist 0.0000 0 0.0000 -1.0000 -1.0000 -1.0000 -1.0000 0.7682 1.5986 1.7118 74.2673 -12.3758 1.3712 -3.0346 0.3126
