Car 0.0000 0 0.0000 -1.0000 -1.0000 -1.0000 -1.0000 2.0177 1.8540 4.8578 21.7227 -22.5052 1.6214 3.1245 0.5822
Car 0.0000 0 0.0000 -1.0000 -1.0000 -1.0000 -1.0000 2.0582 1.5111 4.6694 -30.9161 0.0023 0.8455 -3.1343 0.5330
Car 0.0000 0 0.0000 -1.0000 -1.0000 -1.0000 -1.0000 1.9161 1.4859 4.5126 17.1820 -14.6619 1.0082 -2.0113 0.4705
Car 0.0000 0 0.0000 -1.0000 -1.0000 -1.0000 -1.0000 1.9310 1.5777 4.6611 -2.5705 -18.1748 1.1717 1.6363 0.4393
Car 0.0000 0 0.0000 -1.0000 -1.0000 -1.0000 -1.0000 1.9411 1.6369 4.6270 25.8907 -18.5218 1.4353 1.6230 0.4379
Car 0.0000 0 0.0000 -1.0000 -1.0000 -1.0000 -1.0000 1.9280 1.5650 4.6376 -10.9976 -17.9434 1.1577 1.5812 0.3836
Car 0.0000 0 0.0000 -1.0000 -1.0000 -1.0000 -1.0000 1.8751 1.6570 4.4733 26.5476 -31.9973 1.7265 1.6240 0.3766
Car 0.0000 0 0.0000 -1.0000 -1.0000 -1.0000 -1.0000 1.8682 1.5900 4.4800 4.4143 -31.1354 1.5860 1.5934 0.3679
Car 0.0000 0 0.0000 -1.0000 -1.0000 -1.0000 -1.0000 1.8904 1.5442 4.6136 -6.3187 -18.1046 1.1031 1.6161 0.3604
Car 0.0000 0 0.0000 -1.0000 -1.0000 -1.0000 -1.0000 1.9617 1.7645 4.6806 2.3100 -17.3575 1.3049 1.6035 0.3584
Car 0.0000 0 0.0000 -1.0000 -1.0000 -1.0000 -1.0000 1.9146 1.8366 4.5869 -16.7807 -18.2212 1.3783 1.5813 0.3510
Cyclist 0.0000 0 0.0000 -1.0000 -1.0000 -1.0000 -1.0000 0.7481 1.5504 1.7226 -10.1633 -9.7822 0.7898 -0.0581 0.6250
