Car 0.0000 0 0.0000 -1.0000 -1.0000 -1.0000 -1.0000 1.9674 1.4374 4.5355 0.9704 4.9123 0.6992 3.1282 0.8273
Car 0.0000 0 0.0000 -1.0000 -1.0000 -1.0000 -1.0000 1.9876 1.5160 4.6197 -40.8367 2.5303 0.4852 -0.1123 0.7793
Car 0.0000 0 0.0000 -1.0000 -1.0000 -1.0000 -1.0000 1.9625 1.4703 4.4891 -6.4632 2.5680 0.6896 -3.1304 0.7634
Car 0.0000 0 0.0000 -1.0000 -1.0000 -1.0000 -1.0000 2.0147 1.8471 4.5733 7.4223 2.5091 0.9311 -3.1351 0.6483
Car 0.0000 0 0.0000 -1.0000 -1.0000 -1.0000 -1.0000 1.9411 1.5089 4.5877 12.0364 10.5069 0.6167 3.1246 0.6332
Car 0.0000 0 0.0000 -1.0000 -1.0000 -1.0000 -1.0000 2.0093 1.5091 4.5771 18.8464 -0.0281 0.8648 -3.0949 0.4401
Car 0.0000 0 0.0000 -1.0000 -1.0000 -1.0000 -1.0000 1.9729 1.8701 4.7266 56.1947 4.8922 1.2607 0.0913 0.3867
Car 0.0000 0 0.0000 -1.0000 -1.0000 -1.0000 -1.0000 1.9796 1.4999 4.5986 -64.9572 11.4103 0.1556 -0.0510 0.3714
Car 0.0000 0 0.0000 -1.0000 -1.0000 -1.0000 -1.0000 1.9768 1.5076 4.6534 47.8117 7.4891 1.0403 0.0446 0.3449
Car 0.0000 0 0.0000 -1.0000 -1.0000 -1.0000 -1.0000 1.9093 1.6459 4.5514 59.8017 8.1670 1.1700 -2.9986 0.3106
Truck 0.0000 0 0.0000 -1.0000 -1.0000 -1.0000 -1.0000 2.9628 3.2007 11.0187 -14.1984 10.7825 1.3317 -0.0049 0.7312
Truck 0.0000 0 0.0000 -1.0000 -1.0000 -1.0000 -1.0000 3.0355 3.3143 11.2270 -72.9890 15.8421 0.7683 -0.1387 0.5334
Truck 0.0000 0 0.0000 -1.0000 -1.0000 -1.0000 -1.0000 2.8174 3.1915 8.9384 -42.5243 -4.3235 1.4975 -0.0581 0.3753
Cyclist 0.0000 0 0.0000 -1.0000 -1.0000 -1.0000 -1.0000 0.7840 1.5340 1.7992 -29.0889 -9.3536 0.5720 3.1244 0.6476
Cyclist 0.0000 0 0.0000 -1.0000 -1.0000 -1.0000 -1.0000 0.7546 1.4660 1.7952 -8.8486 17.5356 0.2013 0.0094 0.5644
Cyclist 0.0000 0 0.0000 -1.0000 -1.0000 -1.0000 -1.0000 0.7604 1.5427 1.7257 15.0914 6.8913 0.7391 0.0526 0.4730
Cyclist 0.0000 0 0.0000 -1.0000 -1.0000 -1.0000 -1.0000 0.8633 1.5715 1.8426 -17.4823 -16.5663 0.9797 0.3678 0.4530
Cyclist 0.0000 0 0.0000 -1.0000 -1.0000 -1.0000 -1.0000 0.6749 1.3926 1.6471 -25.6530 -10.9757 0.5196 -0.0576 0.3884
Pedestrian 0.0000 0 0.0000 -1.0000 -1.0000 -1.0000 -1.0000 0.6853 1.5798 0.6319 -22.1733 -14.3736 0.8244 -2.8716 0.4160
Pedestrian 0.0000 0 0.0000 -1.0000 -1.0000 -1.0000 -1.0000 0.6924 1.6780 0.6295 45.4449 -12.5290 1.2427 0.0034 0.3850
