Car 0.0000 0 0.0000 -1.0000 -1.0000 -1.0000 -1.0000 1.9964 1.4674 4.5337 -29.8643 6.8831 0.5529 -0.0411 0.8469
Car 0.0000 0 0.0000 -1.0000 -1.0000 -1.0000 -1.0000 1.9741 1.4530 4.5123 14.5415 3.4135 0.7628 -3.1304 0.8061
Car 0.0000 0 0.0000 -1.0000 -1.0000 -1.0000 -1.0000 2.0349 1.4543 4.5771 -23.3120 0.2223 0.6209 -0.0183 0.7211
Car 0.0000 0 0.0000 -1.0000 -1.0000 -1.0000 -1.0000 1.9847 1.4921 4.5414 -7.3196 6.2126 0.7026 -3.1206 0.7108
Car 0.0000 0 0.0000 -1.0000 -1.0000 -1.0000 -1.0000 2.0375 1.6304 4.6427 -47.5430 4.7501 0.4761 -0.0243 0.6779
Car 0.0000 0 0.0000 -1.0000 -1.0000 -1.0000 -1.0000 1.9860 1.4912 4.5704 -53.1377 8.5819 0.2689 -0.0389 0.6045
Car 0.0000 0 0.0000 -1.0000 -1.0000 -1.0000 -1.0000 1.9365 1.5339 4.5686 -46.9747 0.9398 0.4482 -0.0056 0.4623
Car 0.0000 0 0.0000 -1.0000 -1.0000 -1.0000 -1.0000 1.9465 1.6868 4.6192 82.8896 5.3491 -0.0779 3.1404 0.3335
Car 0.0000 0 0.0000 -1.0000 -1.0000 -1.0000 -1.0000 1.8892 1.5625 4.5622 -83.3656 6.6934 -0.2635 -0.1444 0.3193
Truck 0.0000 0 0.0000 -1.0000 -1.0000 -1.0000 -1.0000 2.8103 3.0213 10.7140 32.7609 0.2997 1.4458 -3.1038 0.4265
Cyclist 0.0000 0 0.0000 -1.0000 -1.0000 -1.0000 -1.0000 0.7463 1.5531 1.7149 5.1061 -6.5357 0.7659 3.1001 0.6845
Cyclist 0.0000 0 0.0000 -1.0000 -1.0000 -1.0000 -1.0000 0.7650 1.5586 1.7323 50.1627 -4.9165 0.3398 0.0799 0.6139
Cyclist 0.0000 0 0.0000 -1.0000 -1.0000 -1.0000 -1.0000 0.9056 1.5516 1.9807 -9.8251 -7.2994 0.7665 3.1317 0.5521
