Car 0.0000 0 0.0000 -1.0000 -1.0000 -1.0000 -1.0000 2.0019 1.4810 4.6105 -18.6566 6.2178 0.6437 0.0106 0.7717
Car 0.0000 0 0.0000 -1.0000 -1.0000 -1.0000 -1.0000 2.0046 1.4393 4.5912 42.9056 -3.3912 0.8008 0.0158 0.7586
Car 0.0000 0 0.0000 -1.0000 -1.0000 -1.0000 -1.0000 2.0391 1.6633 4.6731 -0.4775 2.9562 0.8487 0.0143 0.7381
Car 0.0000 0 0.0000 -1.0000 -1.0000 -1.0000 -1.0000 2.0155 1.6103 4.6190 6.1216 2.7733 0.8267 0.0017 0.7214
Car 0.0000 0 0.0000 -1.0000 -1.0000 -1.0000 -1.0000 2.0665 1.6751 4.8144 -52.0670 6.6355 0.5370 -3.0801 0.7140
Car 0.0000 0 0.0000 -1.0000 -1.0000 -1.0000 -1.0000 2.0049 1.6871 4.6916 -29.1727 31.2536 -0.0466 -1.4944 0.6800
Car 0.0000 0 0.0000 -1.0000 -1.0000 -1.0000 -1.0000 2.0388 1.6792 4.7766 13.1045 3.1720 0.8689 0.0219 0.6561
Car 0.0000 0 0.0000 -1.0000 -1.0000 -1.0000 -1.0000 1.9620 1.4392 4.5754 -32.7433 -12.7755 0.8025 -0.9230 0.4753
Car 0.0000 0 0.0000 -1.0000 -1.0000 -1.0000 -1.0000 1.9360 1.7165 4.6394 -20.6202 -33.3924 1.2246 1.6255 0.4674
Car 0.0000 0 0.0000 -1.0000 -1.0000 -1.0000 -1.0000 1.8917 1.5938 4.4434 -33.0967 32.9928 -0.0777 -1.4124 0.4623
Car 0.0000 0 0.0000 -1.0000 -1.0000 -1.0000 -1.0000 2.0099 1.6163 4.6123 19.9393 -0.2126 0.9093 0.0038 0.4532
Car 0.0000 0 0.0000 -1.0000 -1.0000 -1.0000 -1.0000 1.9479 1.4741 4.5050 12.8909 -0.0781 0.7636 0.0045 0.4171
Car 0.0000 0 0.0000 -1.0000 -1.0000 -1.0000 -1.0000 1.8946 1.5553 4.5122 -72.3482 7.2223 0.2942 -3.1345 0.4122
Car 0.0000 0 0.0000 -1.0000 -1.0000 -1.0000 -1.0000 1.9023 1.6361 4.4852 -21.0415 -24.7136 1.1578 1.5475 0.3931
Car 0.0000 0 0.0000 -1.0000 -1.0000 -1.0000 -1.0000 2.0052 1.5321 4.7160 -67.2569 -0.4407 0.5103 -3.1115 0.3411
Truck 0.0000 0 0.0000 -1.0000 -1.0000 -1.0000 -1.0000 2.9397 3.2857 12.1363 22.4029 -5.5329 1.7645 3.1294 0.6861
Tricar 0.0000 0 0.0000 -1.0000 -1.0000 -1.0000 -1.0000 1.2424 1.7242 2.7346 -36.8487 -18.1871 1.1169 -1.1162 0.3254
Cyclist 0.0000 0 0.0000 -1.0000 -1.0000 -1.0000 -1.0000 0.7666 1.5404 1.7552 -21.8714 22.1532 0.1535 -1.2653 0.5844
Cyclist 0.0000 0 0.0000 -1.0000 -1.0000 -1.0000 -1.0000 0.7832 1.5436 1.7805 -13.7456 -16.1025 0.9261 1.7490 0.5499
Cyclist 0.0000 0 0.0000 -1.0000 -1.0000 -1.0000 -1.0000 0.7880 1.5949 1.7466 -47.4791 -8.7383 0.7259 -2.6523 0.5219
Cyclist 0.0000 0 0.0000 -1.0000 -1.0000 -1.0000 -1.0000 0.7455 1.5182 1.7245 -8.4625 14.6410 0.3866 -3.0315 0.5032
Cyclist 0.0000 0 0.0000 -1.0000 -1.0000 -1.0000 -1.0000 0.7317 1.3564 1.7827 -48.2959 -13.0565 0.6469 -0.0068 0.4991
Cyclist 0.0000 0 0.0000 -1.0000 -1.0000 -1.0000 -1.0000 0.8436 1.6411 1.8186 -19.2608 31.5143 0.1180 -1.3053 0.4953
Cyclist 0.0000 0 0.0000 -1.0000 -1.0000 -1.0000 -1.0000 0.7706 1.5121 1.7992 -34.8257 -23.3938 1.0018 1.8656 0.4870
Cyclist 0.0000 0 0.0000 -1.0000 -1.0000 -1.0000 -1.0000 0.7052 1.4545 1.6895 27.8646 -10.5180 0.9347 0.0281 0.4628
Cyclist 0.0000 0 0.0000 -1.0000 -1.0000 -1.0000 -1.0000 0.7409 1.5618 1.7326 -34.2741 17.0064 0.1385 0.0737 0.4546
Cyclist 0.0000 0 0.0000 -1.0000 -1.0000 -1.0000 -1.0000 0.6818 1.2690 1.7377 9.6572 -13.7863 0.9194 1.8210 0.4324
Cyclist 0.0000 0 0.0000 -1.0000 -1.0000 -1.0000 -1.0000 0.6968 1.2565 1.7011 1.6858 -18.0753 0.9643 2.9647 0.4273
Cyclist 0.0000 0 0.0000 -1.0000 -1.0000 -1.0000 -1.0000 0.6770 1.1916 1.7051 -0.2077 -14.0904 0.9065 1.4507 0.4242
Cyclist 0.0000 0 0.0000 -1.0000 -1.0000 -1.0000 -1.0000 0.7033 1.2190 1.7515 0.5570 -13.9374 0.9357 1.4509 0.3983
Cyclist 0.0000 0 0.0000 -1.0000 -1.0000 -1.0000 -1.0000 0.7430 1.5525 1.7088 -6.4920 17.4908 0.3957 3.1276 0.3922
Cyclist 0.0000 0 0.0000 -1.0000 -1.0000 -1.0000 -1.0000 0.7691 1.5606 1.7544 -9.8225 16.0650 0.3783 0.2000 0.3832
Cyclist 0.0000 0 0.0000 -1.0000 -1.0000 -1.0000 -1.0000 0.7244 1.4889 1.7132 -6.5168 15.0797 0.3400 0.0527 0.3703
Cyclist 0.0000 0 0.0000 -1.0000 -1.0000 -1.0000 -1.0000 0.6491 1.1052 1.6975 20.7429 -14.0668 0.9930 1.3979 0.3680
Cyclist 0.0000 0 0.0000 -1.0000 -1.0000 -1.0000 -1.0000 0.7012 1.5166 1.6905 -1.2441 14.9478 0.3567 -3.1331 0.3640
Cyclist 0.0000 0 0.0000 -1.0000 -1.0000 -1.0000 -1.0000 0.6930 1.3174 1.6843 -9.1105 19.8265 0.2036 1.2670 0.3611
Cyclist 0.0000 0 0.0000 -1.0000 -1.0000 -1.0000 -1.0000 0.6754 1.1696 1.7215 2.7052 -14.0760 0.9293 1.4726 0.3541
Cyclist 0.0000 0 0.0000 -1.0000 -1.0000 -1.0000 -1.0000 0.7542 1.5530 1.7196 43.6183 16.4936 0.2431 -3.1151 0.3477
Cyclist 0.0000 0 0.0000 -1.0000 -1.0000 -1.0000 -1.0000 0.7667 1.5443 1.7312 -14.6013 -18.2062 1.0570 -0.5315 0.3372
Cyclist 0.0000 0 0.0000 -1.0000 -1.0000 -1.0000 -1.0000 0.7360 1.4855 1.7101 -6.5787 15.9001 0.3395 0.0555 0.3358
Pedestrian 0.0000 0 0.0000 -1.0000 -1.0000 -1.0000 -1.0000 0.6763 1.6433 0.6013 -14.1410 18.3476 0.3106 -2.6917 0.6039
Pedestrian 0.0000 0 0.0000 -1.0000 -1.0000 -1.0000 -1.0000 0.6761 1.6323 0.6146 -10.4794 10.5495 0.5171 -0.0370 0.5613
Pedestrian 0.0000 0 0.0000 -1.0000 -1.0000 -1.0000 -1.0000 0.6981 1.6627 0.6386 -2.9415 21.7265 0.3427 -2.9952 0.5590
Pedestrian 0.0000 0 0.0000 -1.0000 -1.0000 -1.0000 -1.0000 0.6768 1.6683 0.6198 -14.7159 20.3048 0.3425 -2.2511 0.4785
Pedestrian 0.0000 0 0.0000 -1.0000 -1.0000 -1.0000 -1.0000 0.6872 1.6448 0.6124 -42.9942 27.2383 0.0836 0.1035 0.4426
Pedestrian 0.0000 0 0.0000 -1.0000 -1.0000 -1.0000 -1.0000 0.7027 1.6691 0.6450 -9.0877 -20.5583 1.1822 0.6547 0.4393
Pedestrian 0.0000 0 0.0000 -1.0000 -1.0000 -1.0000 -1.0000 0.6975 1.6879 0.6371 -15.6441 19.5532 0.3294 -2.4254 0.3948
Pedestrian 0.0000 0 0.0000 -1.0000 -1.0000 -1.0000 -1.0000 0.6966 1.5812 0.6576 -14.5769 -18.2208 1.0668 2.5486 0.3661
Pedestrian 0.0000 0 0.0000 -1.0000 -1.0000 -1.0000 -1.0000 0.6641 1.6198 0.5909 -6.4230 -12.7363 0.9711 -2.6166 0.3591
Pedestrian 0.0000 0 0.0000 -1.0000 -1.0000 -1.0000 -1.0000 0.7046 1.6764 0.6501 -15.8157 18.7486 0.2726 0.3131 0.3486
Pedestrian 0.0000 0 0.0000 -1.0000 -1.0000 -1.0000 -1.0000 0.6897 1.6091 0.6110 -8.3784 15.8788 0.4228 -3.0103 0.3276
Pedestrian 0.0000 0 0.0000 -1.0000 -1.0000 -1.0000 -1.0000 0.7106 1.7154 0.6525 -9.2256 -25.4606 1.4914 0.0883 0.3239
Pedestrian 0.0000 0 0.0000 -1.0000 -1.0000 -1.0000 -1.0000 0.6931 1.6787 0.6058 -12.1690 -20.0853 1.1432 -1.8083 0.3139
Pedestrian 0.0000 0 0.0000 -1.0000 -1.0000 -1.0000 -1.0000 0.7085 1.6104 0.6326 -6.4449 17.5513 0.3850 3.0985 0.3110
Pedestrian 0.0000 0 0.0000 -1.0000 -1.0000 -1.0000 -1.0000 0.6896 1.6576 0.6274 -7.8676 -12.9713 1.0184 3.0050 0.3092
