Car 0.0000 0 0.0000 -1.0000 -1.0000 -1.0000 -1.0000 1.9776 1.8198 4.6308 -25.0651 17.9927 0.5225 -3.1161 0.4818
Car 0.0000 0 0.0000 -1.0000 -1.0000 -1.0000 -1.0000 1.8929 1.5900 4.4693 -50.0239 16.6677 0.3538 -0.0183 0.4748
Car 0.0000 0 0.0000 -1.0000 -1.0000 -1.0000 -1.0000 1.9601 1.6472 4.6865 50.4500 17.6504 0.5896 -3.1020 0.3388
Truck 0.0000 0 0.0000 -1.0000 -1.0000 -1.0000 -1.0000 2.9077 2.9889 9.0031 -13.1534 14.1896 1.4716 0.0417 0.7010
Truck 0.0000 0 0.0000 -1.0000 -1.0000 -1.0000 -1.0000 2.7563 3.1130 9.0706 51.7995 3.1725 1.9888 0.0092 0.5694
Truck 0.0000 0 0.0000 -1.0000 -1.0000 -1.0000 -1.0000 2.7918 3.2459 8.1957 -75.0859 2.6865 1.5396 -3.1085 0.4948
Truck 0.0000 0 0.0000 -1.0000 -1.0000 -1.0000 -1.0000 2.8409 3.0255 11.2879 31.4860 0.1696 1.7577 -3.0649 0.4945
Tricar 0.0000 0 0.0000 -1.0000 -1.0000 -1.0000 -1.0000 1.3585 1.7448 3.4088 49.9461 -10.7546 1.1756 3.1382 0.5586
Cyclist 0.0000 0 0.0000 -1.0000 -1.0000 -1.0000 -1.0000 0.7604 1.5468 1.7391 -5.9385 4.0163 0.7809 -3.0952 0.5616
Cyclist 0.0000 0 0.0000 -1.0000 -1.0000 -1.0000 -1.0000 0.7675 1.6259 1.7204 27.8757 27.8230 0.0532 -0.0034 0.4911
Cyclist 0.0000 0 0.0000 -1.0000 -1.0000 -1.0000 -1.0000 0.8482 1.4839 1.9221 14.4526 -11.9592 0.8694 -0.0223 0.4148
Cyclist 0.0000 0 0.0000 -1.0000 -1.0000 -1.0000 -1.0000 0.7676 1.5630 1.7209 65.3609 -10.3733 1.1814 0.0021 0.3100
