Car 0.0000 0 0.0000 -1.0000 -1.0000 -1.0000 -1.0000 1.9790 1.5793 4.6219 13.6742 -2.6251 0.9314 -1.8880 0.7163
Car 0.0000 0 0.0000 -1.0000 -1.0000 -1.0000 -1.0000 1.9994 1.5424 4.6695 13.0032 3.5357 0.7852 -0.0915 0.6992
Car 0.0000 0 0.0000 -1.0000 -1.0000 -1.0000 -1.0000 1.9528 1.5142 4.5535 8.6563 -0.2476 0.7925 0.0588 0.6286
Car 0.0000 0 0.0000 -1.0000 -1.0000 -1.0000 -1.0000 1.8535 1.6255 4.3113 -29.3733 6.7572 0.6298 -0.0234 0.6146
Car 0.0000 0 0.0000 -1.0000 -1.0000 -1.0000 -1.0000 1.9429 1.4664 4.5615 33.7224 3.2313 0.7967 -3.1127 0.5985
Car 0.0000 0 0.0000 -1.0000 -1.0000 -1.0000 -1.0000 1.9808 1.8277 4.6920 23.3386 6.5280 0.9007 3.1225 0.5813
Car 0.0000 0 0.0000 -1.0000 -1.0000 -1.0000 -1.0000 1.8780 1.5124 4.4831 -21.9483 11.7839 0.3952 -3.1144 0.5784
Car 0.0000 0 0.0000 -1.0000 -1.0000 -1.0000 -1.0000 1.9325 1.5774 4.5142 -26.1958 -5.1743 0.7299 -3.1278 0.5783
Car 0.0000 0 0.0000 -1.0000 -1.0000 -1.0000 -1.0000 2.0148 1.6665 4.6839 33.1025 5.8928 0.8760 -3.0800 0.5575
Car 0.0000 0 0.0000 -1.0000 -1.0000 -1.0000 -1.0000 1.9088 1.4511 4.4588 15.0970 7.0293 0.6448 -0.1158 0.5469
Car 0.0000 0 0.0000 -1.0000 -1.0000 -1.0000 -1.0000 1.9525 1.4711 4.5760 -23.0475 6.7692 0.5379 3.1003 0.5232
Car 0.0000 0 0.0000 -1.0000 -1.0000 -1.0000 -1.0000 1.9379 1.7350 4.4635 -25.9688 3.9028 0.7057 -0.0198 0.5119
Car 0.0000 0 0.0000 -1.0000 -1.0000 -1.0000 -1.0000 1.8934 1.5126 4.5441 44.4434 5.8048 0.8043 0.0521 0.5100
Car 0.0000 0 0.0000 -1.0000 -1.0000 -1.0000 -1.0000 2.0766 1.6770 4.7484 -12.9776 -0.0725 0.8517 3.1259 0.5029
Car 0.0000 0 0.0000 -1.0000 -1.0000 -1.0000 -1.0000 1.9434 1.4505 4.5765 54.2767 -0.1811 1.1379 -3.1071 0.5020
Car 0.0000 0 0.0000 -1.0000 -1.0000 -1.0000 -1.0000 1.8640 1.5428 4.4679 -33.8770 4.1444 0.6197 -0.0141 0.4449
Car 0.0000 0 0.0000 -1.0000 -1.0000 -1.0000 -1.0000 1.8669 1.4970 4.5230 -32.9577 28.0935 0.2850 -1.4247 0.4020
Car 0.0000 0 0.0000 -1.0000 -1.0000 -1.0000 -1.0000 1.9484 1.8146 4.6274 -2.9347 27.7597 0.5042 1.5898 0.3815
Car 0.0000 0 0.0000 -1.0000 -1.0000 -1.0000 -1.0000 1.8735 1.5227 4.5245 -34.8431 -4.9120 0.6273 -3.1380 0.3799
Car 0.0000 0 0.0000 -1.0000 -1.0000 -1.0000 -1.0000 1.9242 1.7240 4.6066 13.6958 -16.7652 1.4000 -1.7388 0.3607
Car 0.0000 0 0.0000 -1.0000 -1.0000 -1.0000 -1.0000 1.9036 1.5741 4.5618 -35.6052 28.2195 0.3163 -1.4254 0.3580
Car 0.0000 0 0.0000 -1.0000 -1.0000 -1.0000 -1.0000 1.8874 1.6163 4.5662 -41.0229 4.0915 0.8813 -0.0241 0.3388
Car 0.0000 0 0.0000 -1.0000 -1.0000 -1.0000 -1.0000 1.8481 1.5024 4.4797 34.9667 11.5591 0.5902 0.0627 0.3191
Truck 0.0000 0 0.0000 -1.0000 -1.0000 -1.0000 -1.0000 2.9938 3.1292 10.7102 -9.9731 11.9305 1.2792 0.0002 0.7608
Truck 0.0000 0 0.0000 -1.0000 -1.0000 -1.0000 -1.0000 2.9878 3.3092 12.0912 -13.9203 -5.6536 1.6505 0.0020 0.5613
Cyclist 0.0000 0 0.0000 -1.0000 -1.0000 -1.0000 -1.0000 0.7524 1.4896 1.7433 7.0237 -11.7558 0.9173 -0.0061 0.6441
Cyclist 0.0000 0 0.0000 -1.0000 -1.0000 -1.0000 -1.0000 0.7733 1.5449 1.7605 20.5738 16.2076 0.3740 3.1229 0.5667
Cyclist 0.0000 0 0.0000 -1.0000 -1.0000 -1.0000 -1.0000 0.7972 1.5943 1.7942 17.0419 17.0966 0.3916 -3.1203 0.5350
Cyclist 0.0000 0 0.0000 -1.0000 -1.0000 -1.0000 -1.0000 0.7321 1.5199 1.7167 4.5829 16.8266 0.2561 0.0092 0.5140
Cyclist 0.0000 0 0.0000 -1.0000 -1.0000 -1.0000 -1.0000 0.8020 1.5273 1.7874 -1.4562 -11.7266 0.9073 -0.0404 0.3741
Cyclist 0.0000 0 0.0000 -1.0000 -1.0000 -1.0000 -1.0000 0.7183 1.4986 1.7063 7.2529 17.6734 0.1826 0.0315 0.3617
Pedestrian 0.0000 0 0.0000 -1.0000 -1.0000 -1.0000 -1.0000 0.6750 1.6126 0.6394 8.1651 8.9215 0.6181 3.1207 0.5807
Pedestrian 0.0000 0 0.0000 -1.0000 -1.0000 -1.0000 -1.0000 0.6736 1.6873 0.5991 10.6075 -14.1004 1.2272 0.4897 0.5691
Pedestrian 0.0000 0 0.0000 -1.0000 -1.0000 -1.0000 -1.0000 0.7003 1.6567 0.6467 10.1980 10.0603 0.6290 3.1321 0.5206
Pedestrian 0.0000 0 0.0000 -1.0000 -1.0000 -1.0000 -1.0000 0.6784 1.6700 0.6107 12.8905 -14.0572 1.2339 -2.5770 0.4086
Pedestrian 0.0000 0 0.0000 -1.0000 -1.0000 -1.0000 -1.0000 0.7136 1.7231 0.6547 21.8207 21.6279 0.5788 0.0497 0.4050
Pedestrian 0.0000 0 0.0000 -1.0000 -1.0000 -1.0000 -1.0000 0.6826 1.6202 0.6155 30.0087 23.6064 0.5277 0.0406 0.3835
Pedestrian 0.0000 0 0.0000 -1.0000 -1.0000 -1.0000 -1.0000 0.7113 1.6968 0.6679 21.6040 -15.0797 1.3894 3.0689 0.3722
Pedestrian 0.0000 0 0.0000 -1.0000 -1.0000 -1.0000 -1.0000 0.6847 1.6278 0.6446 7.9191 -5.3142 0.9060 3.1410 0.3654
Pedestrian 0.0000 0 0.0000 -1.0000 -1.0000 -1.0000 -1.0000 0.6833 1.6232 0.6122 -3.4616 -16.4969 1.1015 -3.1284 0.3154
