Car 0.0000 0 0.0000 -1.0000 -1.0000 -1.0000 -1.0000 1.9329 1.4908 4.4947 -14.5307 0.4954 0.7133 0.0157 0.7550
Car 0.0000 0 0.0000 -1.0000 -1.0000 -1.0000 -1.0000 1.9416 1.4793 4.6481 -1.3192 -10.5076 1.1921 -1.5850 0.6842
Car 0.0000 0 0.0000 -1.0000 -1.0000 -1.0000 -1.0000 1.9316 1.5429 4.6157 -26.6005 -10.2176 1.1694 1.6176 0.5633
Car 0.0000 0 0.0000 -1.0000 -1.0000 -1.0000 -1.0000 1.9035 1.5457 4.5757 -6.2966 -10.8938 1.2043 1.6197 0.5317
Car 0.0000 0 0.0000 -1.0000 -1.0000 -1.0000 -1.0000 1.9266 1.5089 4.6821 8.7827 -11.7474 1.2057 1.6147 0.5003
Car 0.0000 0 0.0000 -1.0000 -1.0000 -1.0000 -1.0000 1.8851 1.4880 4.5724 -21.7274 -10.5640 1.0831 1.5612 0.4999
Car 0.0000 0 0.0000 -1.0000 -1.0000 -1.0000 -1.0000 2.0627 1.9074 4.7105 -26.3150 0.7756 0.8799 -3.1410 0.4892
Car 0.0000 0 0.0000 -1.0000 -1.0000 -1.0000 -1.0000 1.9151 1.6298 4.5619 -34.7461 -9.9343 1.0873 1.5731 0.4576
Car 0.0000 0 0.0000 -1.0000 -1.0000 -1.0000 -1.0000 1.8737 1.5352 4.5574 -16.3652 -10.5761 1.1831 1.5511 0.4508
Car 0.0000 0 0.0000 -1.0000 -1.0000 -1.0000 -1.0000 1.8747 1.4976 4.5453 -19.8062 -10.7807 1.1033 1.5520 0.4225
Car 0.0000 0 0.0000 -1.0000 -1.0000 -1.0000 -1.0000 1.9568 2.0678 4.7049 -11.9273 -10.7039 1.4514 1.5320 0.3770
Car 0.0000 0 0.0000 -1.0000 -1.0000 -1.0000 -1.0000 1.9387 1.5818 4.6375 -37.2074 -10.1306 1.0363 1.5934 0.3686
Tricar 0.0000 0 0.0000 -1.0000 -1.0000 -1.0000 -1.0000 1.3372 1.6984 3.2973 41.0435 10.8712 0.9785 -3.1307 0.3749
Cyclist 0.0000 0 0.0000 -1.0000 -1.0000 -1.0000 -1.0000 0.7536 1.5457 1.7513 32.9043 1.7156 0.7755 2.8255 0.6379
Cyclist 0.0000 0 0.0000 -1.0000 -1.0000 -1.0000 -1.0000 0.7809 1.5552 1.7780 27.9636 -2.4403 0.8515 -0.0578 0.6048
Cyclist 0.0000 0 0.0000 -1.0000 -1.0000 -1.0000 -1.0000 0.7970 1.5834 1.7720 -36.8751 -1.4179 0.7169 -0.0278 0.5603
Cyclist 0.0000 0 0.0000 -1.0000 -1.0000 -1.0000 -1.0000 0.7240 1.5299 1.6970 2.9738 13.7632 0.7688 0.0555 0.4160
Cyclist 0.0000 0 0.0000 -1.0000 -1.0000 -1.0000 -1.0000 0.7703 1.6004 1.7194 40.3363 -3.7934 0.8791 2.8720 0.4098
Cyclist 0.0000 0 0.0000 -1.0000 -1.0000 -1.0000 -1.0000 0.8202 1.3850 1.8851 7.3374 13.5568 0.6819 0.1572 0.4093
Cyclist 0.0000 0 0.0000 -1.0000 -1.0000 -1.0000 -1.0000 0.7283 1.1648 1.7524 -18.8938 17.9559 0.5058 -2.1052 0.4025
Cyclist 0.0000 0 0.0000 -1.0000 -1.0000 -1.0000 -1.0000 0.7031 1.2580 1.7526 14.0818 6.7444 0.7423 1.3993 0.3762
Cyclist 0.0000 0 0.0000 -1.0000 -1.0000 -1.0000 -1.0000 0.6904 1.1056 1.6989 -23.6016 18.6340 0.4815 -3.0979 0.3669
Cyclist 0.0000 0 0.0000 -1.0000 -1.0000 -1.0000 -1.0000 0.6402 1.0966 1.6746 -18.8032 6.8464 0.5172 -1.5768 0.3400
Cyclist 0.0000 0 0.0000 -1.0000 -1.0000 -1.0000 -1.0000 0.6759 1.1362 1.6633 29.8858 5.5215 0.6496 1.1875 0.3305
Cyclist 0.0000 0 0.0000 -1.0000 -1.0000 -1.0000 -1.0000 0.6582 1.1175 1.6634 -27.3293 18.7203 0.4677 0.0678 0.3305
Cyclist 0.0000 0 0.0000 -1.0000 -1.0000 -1.0000 -1.0000 0.6592 1.1727 1.6799 -1.5413 6.9618 0.5656 1.9537 0.3135
Cyclist 0.0000 0 0.0000 -1.0000 -1.0000 -1.0000 -1.0000 0.6993 1.2367 1.6977 -54.6418 14.8555 0.5076 3.0312 0.3128
Pedestrian 0.0000 0 0.0000 -1.0000 -1.0000 -1.0000 -1.0000 0.7014 1.7061 0.6425 20.2723 9.9579 0.9427 3.1021 0.5449
Pedestrian 0.0000 0 0.0000 -1.0000 -1.0000 -1.0000 -1.0000 0.6689 1.6320 0.5938 -26.0035 11.9235 0.6695 -3.0910 0.5022
Pedestrian 0.0000 0 0.0000 -1.0000 -1.0000 -1.0000 -1.0000 0.7080 1.6438 0.6957 -10.0088 10.5245 0.7121 0.0162 0.4532
Pedestrian 0.0000 0 0.0000 -1.0000 -1.0000 -1.0000 -1.0000 0.6764 1.6453 0.5975 21.4848 8.8513 0.8607 -3.0746 0.4530
Pedestrian 0.0000 0 0.0000 -1.0000 -1.0000 -1.0000 -1.0000 0.6868 1.6081 0.6523 -6.2287 10.1832 0.7172 0.0337 0.4034
Pedestrian 0.0000 0 0.0000 -1.0000 -1.0000 -1.0000 -1.0000 0.7206 1.6946 0.6717 -35.6716 11.7615 0.7367 3.1207 0.3833
Pedestrian 0.0000 0 0.0000 -1.0000 -1.0000 -1.0000 -1.0000 0.6561 1.5952 0.5625 -31.4944 -5.1374 0.9336 -3.1115 0.3599
Pedestrian 0.0000 0 0.0000 -1.0000 -1.0000 -1.0000 -1.0000 0.6984 1.5703 0.6544 2.9347 13.8304 0.7638 -3.0761 0.3503
Pedestrian 0.0000 0 0.0000 -1.0000 -1.0000 -1.0000 -1.0000 0.6873 1.6931 0.6103 20.1398 9.1162 0.8612 -2.7755 0.3326
