Car 0.0000 0 0.0000 -1.0000 -1.0000 -1.0000 -1.0000 2.1585 1.8888 4.9307 -21.6490 3.2826 0.9496 3.1250 0.7667
Car 0.0000 0 0.0000 -1.0000 -1.0000 -1.0000 -1.0000 2.0183 1.7735 4.5156 32.9314 10.4361 1.2974 -3.0449 0.7556
Car 0.0000 0 0.0000 -1.0000 -1.0000 -1.0000 -1.0000 2.0332 1.6003 4.6562 -36.9744 4.1991 0.8657 -0.0113 0.7075
Car 0.0000 0 0.0000 -1.0000 -1.0000 -1.0000 -1.0000 2.1422 2.1889 4.9070 1.2577 9.9631 1.1779 -3.1266 0.6713
Car 0.0000 0 0.0000 -1.0000 -1.0000 -1.0000 -1.0000 1.9864 1.8801 4.5074 19.2885 3.3776 1.1065 -3.1037 0.6631
Car 0.0000 0 0.0000 -1.0000 -1.0000 -1.0000 -1.0000 1.9176 1.5069 4.5618 -22.1429 -13.9529 -0.1203 -1.5915 0.5828
Car 0.0000 0 0.0000 -1.0000 -1.0000 -1.0000 -1.0000 2.0458 1.7566 4.7217 11.6977 -0.1132 0.9410 -3.0978 0.5389
Car 0.0000 0 0.0000 -1.0000 -1.0000 -1.0000 -1.0000 1.9111 1.5164 4.5093 -15.6173 -13.8949 -0.0510 -1.5614 0.5331
Car 0.0000 0 0.0000 -1.0000 -1.0000 -1.0000 -1.0000 1.9235 1.4735 4.5764 -25.5981 -14.0869 -0.1511 -1.5888 0.4994
Car 0.0000 0 0.0000 -1.0000 -1.0000 -1.0000 -1.0000 1.8856 1.4771 4.5585 5.0030 -12.7009 0.2473 -1.5433 0.4827
Car 0.0000 0 0.0000 -1.0000 -1.0000 -1.0000 -1.0000 1.8834 1.5009 4.5052 27.4431 -13.0270 0.4613 -1.6382 0.4628
Car 0.0000 0 0.0000 -1.0000 -1.0000 -1.0000 -1.0000 1.8738 1.4961 4.4849 8.6008 -13.0457 0.3122 1.6059 0.4524
Car 0.0000 0 0.0000 -1.0000 -1.0000 -1.0000 -1.0000 1.9067 1.5527 4.5289 -18.6870 -13.8544 -0.0498 -1.5682 0.4152
Car 0.0000 0 0.0000 -1.0000 -1.0000 -1.0000 -1.0000 1.9104 1.4976 4.5199 -11.0683 -13.9021 -0.0048 -1.5726 0.4048
Car 0.0000 0 0.0000 -1.0000 -1.0000 -1.0000 -1.0000 1.8935 1.5053 4.5523 1.3959 -11.9275 0.2257 -1.6049 0.3949
Car 0.0000 0 0.0000 -1.0000 -1.0000 -1.0000 -1.0000 1.8748 1.5352 4.5089 10.6580 -13.0445 0.3074 1.6214 0.3911
Car 0.0000 0 0.0000 -1.0000 -1.0000 -1.0000 -1.0000 1.9314 1.6896 4.6447 -4.5857 29.1407 1.4839 1.4383 0.3558
Car 0.0000 0 0.0000 -1.0000 -1.0000 -1.0000 -1.0000 1.9481 1.6431 4.6002 47.3613 3.1199 1.0659 0.0925 0.3484
Car 0.0000 0 0.0000 -1.0000 -1.0000 -1.0000 -1.0000 1.9871 1.8992 4.8304 -36.9750 39.2097 1.9246 1.5589 0.3427
Car 0.0000 0 0.0000 -1.0000 -1.0000 -1.0000 -1.0000 1.8831 1.5707 4.4270 19.7871 9.3777 1.0120 -3.0539 0.3397
Car 0.0000 0 0.0000 -1.0000 -1.0000 -1.0000 -1.0000 1.8693 1.5094 4.4667 15.7864 -12.7013 0.3524 -1.4770 0.3257
Car 0.0000 0 0.0000 -1.0000 -1.0000 -1.0000 -1.0000 1.8968 1.6389 4.5326 69.9515 6.7468 1.4770 -3.0275 0.3068
Truck 0.0000 0 0.0000 -1.0000 -1.0000 -1.0000 -1.0000 2.0785 2.0265 5.3374 1.1968 3.1149 1.0421 0.0206 0.5013
Truck 0.0000 0 0.0000 -1.0000 -1.0000 -1.0000 -1.0000 1.8789 1.9002 4.7093 -13.3299 0.5480 0.9473 2.9876 0.3335
Truck 0.0000 0 0.0000 -1.0000 -1.0000 -1.0000 -1.0000 2.6700 2.9900 7.1241 23.4504 17.5553 1.9621 -2.9822 0.3180
Tricar 0.0000 0 0.0000 -1.0000 -1.0000 -1.0000 -1.0000 1.1378 1.5371 2.7870 -12.4095 -3.5079 0.7037 -1.9009 0.3273
Cyclist 0.0000 0 0.0000 -1.0000 -1.0000 -1.0000 -1.0000 0.7088 1.4955 1.6773 -4.6172 15.5618 0.9594 0.0284 0.5336
Cyclist 0.0000 0 0.0000 -1.0000 -1.0000 -1.0000 -1.0000 0.7220 1.4435 1.7138 -11.5755 16.1279 0.9170 3.1218 0.5015
Cyclist 0.0000 0 0.0000 -1.0000 -1.0000 -1.0000 -1.0000 0.7662 1.5760 1.7117 29.7766 12.2696 1.1927 0.0931 0.3027
