Car 0.0000 0 0.0000 -1.0000 -1.0000 -1.0000 -1.0000 1.9661 1.4456 4.5428 -14.8888 3.1354 0.6726 -0.0138 0.6560
Car 0.0000 0 0.0000 -1.0000 -1.0000 -1.0000 -1.0000 2.0339 1.9741 4.8488 4.1854 -24.1141 1.5168 1.5286 0.6334
Car 0.0000 0 0.0000 -1.0000 -1.0000 -1.0000 -1.0000 1.9378 1.5033 4.4974 -51.1584 -9.2980 0.8156 -3.1253 0.5772
Car 0.0000 0 0.0000 -1.0000 -1.0000 -1.0000 -1.0000 1.8721 1.4881 4.3805 16.6237 -9.7626 0.6506 -0.1340 0.5732
Car 0.0000 0 0.0000 -1.0000 -1.0000 -1.0000 -1.0000 1.8623 1.5066 4.4695 -24.1994 -9.2920 0.6502 0.0252 0.5719
Car 0.0000 0 0.0000 -1.0000 -1.0000 -1.0000 -1.0000 1.9503 1.5357 4.5712 4.0498 2.8966 0.6594 3.1208 0.5678
Car 0.0000 0 0.0000 -1.0000 -1.0000 -1.0000 -1.0000 1.9685 1.5990 4.6025 -44.1414 -9.3581 0.8499 3.1262 0.5385
Car 0.0000 0 0.0000 -1.0000 -1.0000 -1.0000 -1.0000 1.8302 1.5362 4.3689 22.3403 -9.9408 0.5806 3.0402 0.5344
Car 0.0000 0 0.0000 -1.0000 -1.0000 -1.0000 -1.0000 1.8777 1.5867 4.4404 40.6057 -9.9492 0.7209 3.1376 0.4859
Car 0.0000 0 0.0000 -1.0000 -1.0000 -1.0000 -1.0000 1.9113 1.6727 4.5515 -2.0713 -18.4933 1.0473 1.6064 0.4852
Car 0.0000 0 0.0000 -1.0000 -1.0000 -1.0000 -1.0000 2.1455 1.9436 5.1103 -31.0363 3.0868 1.0063 3.1172 0.4732
Car 0.0000 0 0.0000 -1.0000 -1.0000 -1.0000 -1.0000 1.9835 1.4761 4.6272 4.6949 -9.6928 0.7539 -0.0848 0.4455
Car 0.0000 0 0.0000 -1.0000 -1.0000 -1.0000 -1.0000 1.9198 1.5223 4.4979 -56.9441 -9.1080 0.9255 -3.1069 0.4220
Car 0.0000 0 0.0000 -1.0000 -1.0000 -1.0000 -1.0000 1.9694 1.4772 4.5965 -30.1545 0.0469 0.7723 0.0106 0.4156
Car 0.0000 0 0.0000 -1.0000 -1.0000 -1.0000 -1.0000 1.9009 1.7736 4.5789 1.1332 -34.7166 1.5005 1.5203 0.3969
Car 0.0000 0 0.0000 -1.0000 -1.0000 -1.0000 -1.0000 1.8392 1.7187 4.4174 -37.6153 -8.7868 0.8773 -0.0132 0.3935
Car 0.0000 0 0.0000 -1.0000 -1.0000 -1.0000 -1.0000 2.0121 1.6244 4.6292 -30.7134 -9.5206 0.8501 -0.0224 0.3915
Car 0.0000 0 0.0000 -1.0000 -1.0000 -1.0000 -1.0000 1.9085 1.4510 4.6424 9.9201 -9.5386 0.7440 0.0096 0.3885
Car 0.0000 0 0.0000 -1.0000 -1.0000 -1.0000 -1.0000 2.2638 2.2510 5.2797 -10.2380 -9.6044 1.1857 -0.0686 0.3463
Truck 0.0000 0 0.0000 -1.0000 -1.0000 -1.0000 -1.0000 2.8299 3.2265 11.3732 47.2590 0.2675 1.5359 -3.1157 0.3874
Cyclist 0.0000 0 0.0000 -1.0000 -1.0000 -1.0000 -1.0000 0.7698 1.6082 1.7095 15.7566 -7.2398 0.7933 3.1087 0.4561
Cyclist 0.0000 0 0.0000 -1.0000 -1.0000 -1.0000 -1.0000 0.8016 1.5602 1.8538 2.0187 6.0913 0.6084 -1.5963 0.4166
Cyclist 0.0000 0 0.0000 -1.0000 -1.0000 -1.0000 -1.0000 0.6512 1.1071 1.6282 -5.9013 -15.9688 0.8109 -0.1378 0.3124
Cyclist 0.0000 0 0.0000 -1.0000 -1.0000 -1.0000 -1.0000 0.6559 1.1069 1.6898 -17.4604 -12.1481 0.6233 -1.7119 0.3086
