Car 0.0000 0 0.0000 -1.0000 -1.0000 -1.0000 -1.0000 1.9096 1.4338 4.5002 6.2248 2.6224 0.7358 0.0162 0.7366
Car 0.0000 0 0.0000 -1.0000 -1.0000 -1.0000 -1.0000 1.9537 1.4957 4.5453 -42.7791 2.9277 0.5609 -0.0492 0.7131
Car 0.0000 0 0.0000 -1.0000 -1.0000 -1.0000 -1.0000 2.0002 1.4776 4.5965 7.1301 -3.0959 0.7586 0.0030 0.6939
Car 0.0000 0 0.0000 -1.0000 -1.0000 -1.0000 -1.0000 1.8889 1.5307 4.5331 -20.0616 3.0496 0.7082 3.0833 0.6351
Car 0.0000 0 0.0000 -1.0000 -1.0000 -1.0000 -1.0000 2.0269 1.6063 4.6944 -39.9008 -2.1201 0.7089 -0.0599 0.6202
Car 0.0000 0 0.0000 -1.0000 -1.0000 -1.0000 -1.0000 1.8429 1.5025 4.3749 0.5859 2.5117 0.7379 -0.0694 0.6071
Car 0.0000 0 0.0000 -1.0000 -1.0000 -1.0000 -1.0000 1.8784 1.4922 4.4813 -37.2121 3.2473 0.5835 -0.0698 0.5784
Car 0.0000 0 0.0000 -1.0000 -1.0000 -1.0000 -1.0000 1.8273 1.4040 4.4088 -4.2534 -2.7326 0.6485 3.0110 0.5776
Car 0.0000 0 0.0000 -1.0000 -1.0000 -1.0000 -1.0000 1.9238 1.6072 4.4094 47.3744 -1.7535 0.9768 -0.0607 0.4789
Car 0.0000 0 0.0000 -1.0000 -1.0000 -1.0000 -1.0000 1.8150 1.4393 4.4356 -5.8607 2.5702 0.6713 0.1310 0.4737
Car 0.0000 0 0.0000 -1.0000 -1.0000 -1.0000 -1.0000 1.7745 1.6515 4.3484 -31.3713 3.1101 0.7248 -0.0327 0.4567
Car 0.0000 0 0.0000 -1.0000 -1.0000 -1.0000 -1.0000 1.8512 1.4501 4.4154 13.6056 2.3111 0.7566 0.0144 0.4466
Car 0.0000 0 0.0000 -1.0000 -1.0000 -1.0000 -1.0000 1.8611 1.5171 4.4562 -54.4976 3.1789 0.5750 -3.1328 0.4334
Car 0.0000 0 0.0000 -1.0000 -1.0000 -1.0000 -1.0000 1.8029 1.4989 4.2249 -11.0692 4.6991 0.7115 -1.0889 0.3533
Car 0.0000 0 0.0000 -1.0000 -1.0000 -1.0000 -1.0000 1.9206 1.6492 4.6966 -75.3259 2.9442 0.5197 -2.7416 0.3160
Car 0.0000 0 0.0000 -1.0000 -1.0000 -1.0000 -1.0000 1.8852 1.5057 4.4583 43.4016 -3.5402 0.8922 -0.0194 0.3014
Tricar 0.0000 0 0.0000 -1.0000 -1.0000 -1.0000 -1.0000 1.2164 1.5204 2.7761 18.4924 -3.9547 0.7947 0.0663 0.4943
Tricar 0.0000 0 0.0000 -1.0000 -1.0000 -1.0000 -1.0000 1.4276 1.6639 3.3362 37.1255 -3.5529 1.0174 -3.0958 0.3359
Cyclist 0.0000 0 0.0000 -1.0000 -1.0000 -1.0000 -1.0000 0.7995 1.5620 1.7949 -19.7715 -0.2297 0.7211 -0.0422 0.6897
Cyclist 0.0000 0 0.0000 -1.0000 -1.0000 -1.0000 -1.0000 0.7911 1.5441 1.7997 -14.1568 -1.7163 0.7545 3.1236 0.5626
Cyclist 0.0000 0 0.0000 -1.0000 -1.0000 -1.0000 -1.0000 0.7158 1.2436 1.7274 -17.5676 -3.5604 0.6204 -0.0608 0.5133
Cyclist 0.0000 0 0.0000 -1.0000 -1.0000 -1.0000 -1.0000 0.7005 1.4164 1.7070 -27.3134 -3.1104 0.5794 -0.1041 0.4974
Cyclist 0.0000 0 0.0000 -1.0000 -1.0000 -1.0000 -1.0000 0.7486 1.4750 1.7331 -30.3875 9.7327 0.7592 0.0006 0.4222
Cyclist 0.0000 0 0.0000 -1.0000 -1.0000 -1.0000 -1.0000 0.7363 1.4096 1.7629 -3.5842 5.0358 0.7878 -1.6917 0.4069
Cyclist 0.0000 0 0.0000 -1.0000 -1.0000 -1.0000 -1.0000 0.6932 1.4348 1.6892 -16.9581 -4.3427 0.7041 -0.0070 0.3468
Cyclist 0.0000 0 0.0000 -1.0000 -1.0000 -1.0000 -1.0000 0.6621 1.2415 1.6394 -2.2034 12.6439 0.9411 -1.8912 0.3450
Cyclist 0.0000 0 0.0000 -1.0000 -1.0000 -1.0000 -1.0000 0.6481 1.1989 1.6457 9.8494 5.1436 0.7122 1.7711 0.3310
Cyclist 0.0000 0 0.0000 -1.0000 -1.0000 -1.0000 -1.0000 0.7168 1.5410 1.6669 38.4148 2.1304 0.9231 -0.0100 0.3119
Cyclist 0.0000 0 0.0000 -1.0000 -1.0000 -1.0000 -1.0000 0.8926 1.6091 1.8893 -33.4725 10.6202 0.9566 -0.0186 0.3044
Cyclist 0.0000 0 0.0000 -1.0000 -1.0000 -1.0000 -1.0000 0.6966 1.2577 1.6624 -1.6158 9.9120 0.8527 -0.2719 0.3035
Pedestrian 0.0000 0 0.0000 -1.0000 -1.0000 -1.0000 -1.0000 0.7175 1.6880 0.6628 6.3179 -5.4140 1.0082 3.1377 0.4405
