Car 0.0000 0 0.0000 -1.0000 -1.0000 -1.0000 -1.0000 2.0320 1.4867 4.6250 -25.6264 3.2684 0.7356 3.0971 0.8314
Car 0.0000 0 0.0000 -1.0000 -1.0000 -1.0000 -1.0000 2.0729 1.7086 4.7272 25.6047 3.0568 1.0003 0.0896 0.8258
Car 0.0000 0 0.0000 -1.0000 -1.0000 -1.0000 -1.0000 1.9503 1.4830 4.4940 -12.9669 9.8307 0.8034 -0.0082 0.7398
Car 0.0000 0 0.0000 -1.0000 -1.0000 -1.0000 -1.0000 1.9884 1.4907 4.4913 7.8898 2.2130 0.8255 -3.1145 0.7095
Car 0.0000 0 0.0000 -1.0000 -1.0000 -1.0000 -1.0000 1.9305 1.4499 4.4735 3.5829 8.7492 0.8183 3.1180 0.7086
Car 0.0000 0 0.0000 -1.0000 -1.0000 -1.0000 -1.0000 1.9246 1.5031 4.5273 -36.8884 -8.1212 0.1923 -0.0588 0.6773
Car 0.0000 0 0.0000 -1.0000 -1.0000 -1.0000 -1.0000 2.0037 1.7193 4.6668 -20.4372 6.7127 0.8857 3.1124 0.6563
Car 0.0000 0 0.0000 -1.0000 -1.0000 -1.0000 -1.0000 1.9216 1.4596 4.5719 -31.1513 -12.8695 0.0306 -1.5980 0.5580
Car 0.0000 0 0.0000 -1.0000 -1.0000 -1.0000 -1.0000 1.9270 1.6819 4.5795 14.1796 -14.1426 0.4560 -1.5235 0.5218
Car 0.0000 0 0.0000 -1.0000 -1.0000 -1.0000 -1.0000 1.8989 1.5089 4.5490 -35.1616 -12.8820 0.0640 -1.5508 0.4943
Car 0.0000 0 0.0000 -1.0000 -1.0000 -1.0000 -1.0000 1.9420 1.5033 4.5975 -2.7586 -13.5853 0.1235 1.6171 0.4404
Car 0.0000 0 0.0000 -1.0000 -1.0000 -1.0000 -1.0000 1.8847 1.6005 4.5433 16.5410 -14.0920 0.4560 -1.5316 0.4196
Car 0.0000 0 0.0000 -1.0000 -1.0000 -1.0000 -1.0000 1.9126 1.5609 4.5846 -24.0433 -11.0809 0.2025 -1.5189 0.4159
Car 0.0000 0 0.0000 -1.0000 -1.0000 -1.0000 -1.0000 1.8967 1.5156 4.5373 10.8698 -13.9157 0.2045 1.6241 0.3947
Car 0.0000 0 0.0000 -1.0000 -1.0000 -1.0000 -1.0000 1.8832 1.4979 4.4737 -17.6617 -11.2342 0.1988 -1.5134 0.3919
Car 0.0000 0 0.0000 -1.0000 -1.0000 -1.0000 -1.0000 1.8742 1.5177 4.4448 -6.6604 -13.5913 0.0611 1.6009 0.3821
Car 0.0000 0 0.0000 -1.0000 -1.0000 -1.0000 -1.0000 1.8919 1.5395 4.5350 -41.7291 -12.8722 -0.0214 -1.6121 0.3776
Car 0.0000 0 0.0000 -1.0000 -1.0000 -1.0000 -1.0000 1.8751 1.5133 4.5135 -38.7963 -12.9770 -0.0140 -1.5901 0.3709
Car 0.0000 0 0.0000 -1.0000 -1.0000 -1.0000 -1.0000 1.9237 1.6322 4.5732 -8.5241 -13.4428 0.0907 1.5795 0.3677
Car 0.0000 0 0.0000 -1.0000 -1.0000 -1.0000 -1.0000 1.8842 1.5262 4.5470 5.0464 -13.1708 0.1895 -1.5553 0.3430
Car 0.0000 0 0.0000 -1.0000 -1.0000 -1.0000 -1.0000 1.9072 1.5115 4.5593 8.4879 -13.4886 0.1786 1.5867 0.3404
Car 0.0000 0 0.0000 -1.0000 -1.0000 -1.0000 -1.0000 1.9028 1.5310 4.5632 -11.9882 -13.2813 0.1650 1.5988 0.3332
Car 0.0000 0 0.0000 -1.0000 -1.0000 -1.0000 -1.0000 1.9984 1.5814 4.7708 71.2411 -2.5344 0.8840 0.1041 0.3271
Truck 0.0000 0 0.0000 -1.0000 -1.0000 -1.0000 -1.0000 2.1810 2.1693 5.5843 -70.8526 8.6870 1.2681 2.9246 0.4051
Cyclist 0.0000 0 0.0000 -1.0000 -1.0000 -1.0000 -1.0000 0.7267 1.5464 1.6936 -13.7691 -5.9065 0.5208 3.0988 0.6123
Cyclist 0.0000 0 0.0000 -1.0000 -1.0000 -1.0000 -1.0000 0.7351 1.5525 1.6814 18.8211 16.3036 1.1753 0.0264 0.4803
