Car 0.0000 0 0.0000 -1.0000 -1.0000 -1.0000 -1.0000 1.9511 1.6858 4.5104 -2.8101 5.1392 0.8834 3.1399 0.7434
Car 0.0000 0 0.0000 -1.0000 -1.0000 -1.0000 -1.0000 2.0017 1.7113 4.6351 -1.4605 8.3009 0.8989 -0.0440 0.6628
Car 0.0000 0 0.0000 -1.0000 -1.0000 -1.0000 -1.0000 1.9637 1.4913 4.6162 40.4150 -1.4026 0.8614 -1.2739 0.6267
Car 0.0000 0 0.0000 -1.0000 -1.0000 -1.0000 -1.0000 1.9100 1.5181 4.5284 -8.8680 9.1092 0.8385 0.0170 0.6017
Car 0.0000 0 0.0000 -1.0000 -1.0000 -1.0000 -1.0000 1.9398 1.6076 4.6446 70.9546 4.6249 0.9876 0.0189 0.5834
Car 0.0000 0 0.0000 -1.0000 -1.0000 -1.0000 -1.0000 1.9450 1.5244 4.6129 38.9907 -18.9852 0.7790 -1.9095 0.5654
Car 0.0000 0 0.0000 -1.0000 -1.0000 -1.0000 -1.0000 2.0456 1.6138 4.6608 -9.4366 5.9912 0.8683 3.1364 0.4388
Car 0.0000 0 0.0000 -1.0000 -1.0000 -1.0000 -1.0000 2.0176 1.8207 4.7712 49.8971 29.1785 0.6616 2.5611 0.4235
Car 0.0000 0 0.0000 -1.0000 -1.0000 -1.0000 -1.0000 1.9327 1.4925 4.6266 39.9667 -25.1894 0.7284 -1.8602 0.3479
Car 0.0000 0 0.0000 -1.0000 -1.0000 -1.0000 -1.0000 1.9549 1.5881 4.6018 -33.2774 10.7745 0.7684 -3.1290 0.3375
Car 0.0000 0 0.0000 -1.0000 -1.0000 -1.0000 -1.0000 1.9397 1.5048 4.5482 -16.9714 5.7304 0.8220 0.0165 0.3178
Car 0.0000 0 0.0000 -1.0000 -1.0000 -1.0000 -1.0000 1.9647 2.1273 4.6107 -23.5068 5.9720 1.0799 3.1308 0.3039
Car 0.0000 0 0.0000 -1.0000 -1.0000 -1.0000 -1.0000 1.8470 1.3917 4.4314 8.4870 -2.9807 0.6625 0.0020 0.3022
Truck 0.0000 0 0.0000 -1.0000 -1.0000 -1.0000 -1.0000 2.9940 3.3090 11.4228 -35.4955 3.0891 1.7142 3.0853 0.7182
Truck 0.0000 0 0.0000 -1.0000 -1.0000 -1.0000 -1.0000 2.6956 3.2934 6.5939 -10.4296 12.1167 1.6981 -0.0415 0.5447
Truck 0.0000 0 0.0000 -1.0000 -1.0000 -1.0000 -1.0000 1.9689 2.0150 4.8602 -16.1850 8.6032 1.0863 3.1084 0.5116
Truck 0.0000 0 0.0000 -1.0000 -1.0000 -1.0000 -1.0000 2.9229 3.2169 10.8320 0.5124 11.6449 1.6809 3.0942 0.4843
Truck 0.0000 0 0.0000 -1.0000 -1.0000 -1.0000 -1.0000 2.0369 2.0445 5.4342 37.4012 8.8003 1.2255 2.0701 0.4230
Truck 0.0000 0 0.0000 -1.0000 -1.0000 -1.0000 -1.0000 1.8982 1.9770 4.6896 -23.7119 6.1917 1.0559 3.1387 0.3384
Truck 0.0000 0 0.0000 -1.0000 -1.0000 -1.0000 -1.0000 2.5115 2.5756 6.4754 -58.4984 0.5163 1.2655 -3.1353 0.3261
Cyclist 0.0000 0 0.0000 -1.0000 -1.0000 -1.0000 -1.0000 0.8171 1.5561 1.8489 9.4292 -5.9659 0.6967 -3.0565 0.5554
Pedestrian 0.0000 0 0.0000 -1.0000 -1.0000 -1.0000 -1.0000 0.7045 1.6771 0.6699 11.0422 11.9933 0.8852 -3.0980 0.5351
Pedestrian 0.0000 0 0.0000 -1.0000 -1.0000 -1.0000 -1.0000 0.6881 1.6560 0.6432 10.4955 10.1220 0.8848 0.0245 0.5051
