Car 0.0000 0 0.0000 -1.0000 -1.0000 -1.0000 -1.0000 2.0153 1.4388 4.5658 8.1399 2.8446 0.8126 0.0472 0.8468
Car 0.0000 0 0.0000 -1.0000 -1.0000 -1.0000 -1.0000 1.9786 1.5632 4.5965 14.4419 0.1955 0.8336 0.0400 0.6925
Car 0.0000 0 0.0000 -1.0000 -1.0000 -1.0000 -1.0000 1.9405 1.5471 4.6029 -61.6279 -2.6634 0.6303 3.1361 0.5372
Car 0.0000 0 0.0000 -1.0000 -1.0000 -1.0000 -1.0000 1.9451 1.8068 4.6698 77.2432 25.5843 1.4684 1.7566 0.3935
Truck 0.0000 0 0.0000 -1.0000 -1.0000 -1.0000 -1.0000 2.4664 2.4690 6.5861 18.4365 3.5357 1.3333 0.0748 0.5648
Truck 0.0000 0 0.0000 -1.0000 -1.0000 -1.0000 -1.0000 2.2216 2.1098 5.6949 -21.6420 0.2299 1.0843 0.0606 0.4874
Truck 0.0000 0 0.0000 -1.0000 -1.0000 -1.0000 -1.0000 2.9818 3.3382 12.3920 -44.6546 -3.2851 1.7133 -3.1274 0.4600
Truck 0.0000 0 0.0000 -1.0000 -1.0000 -1.0000 -1.0000 1.8858 1.9044 4.6844 -49.9133 6.9874 0.8729 0.0292 0.3272
Cyclist 0.0000 0 0.0000 -1.0000 -1.0000 -1.0000 -1.0000 0.7293 1.5505 1.6954 -27.0473 9.2902 0.7425 0.1129 0.7042
Cyclist 0.0000 0 0.0000 -1.0000 -1.0000 -1.0000 -1.0000 0.7226 1.5479 1.6579 4.7405 -3.4642 0.7807 -3.1040 0.6543
Cyclist 0.0000 0 0.0000 -1.0000 -1.0000 -1.0000 -1.0000 0.7681 1.5652 1.7222 37.9367 -1.1338 0.8665 3.0748 0.5760
Cyclist 0.0000 0 0.0000 -1.0000 -1.0000 -1.0000 -1.0000 0.7680 1.4948 1.7756 -21.8656 9.6164 0.7115 0.1195 0.4589
Cyclist 0.0000 0 0.0000 -1.0000 -1.0000 -1.0000 -1.0000 0.7402 1.5750 1.6833 22.6585 -2.4933 0.8174 -3.1087 0.4443
