Car 0.0000 0 0.0000 -1.0000 -1.0000 -1.0000 -1.0000 2.0262 1.6874 4.5892 1.2752 2.9398 0.8340 -0.0137 0.8106
Car 0.0000 0 0.0000 -1.0000 -1.0000 -1.0000 -1.0000 1.9409 1.6052 4.5802 27.2815 37.1203 -0.4008 -1.8188 0.6219
Car 0.0000 0 0.0000 -1.0000 -1.0000 -1.0000 -1.0000 2.0992 1.7376 4.7658 -11.9508 -0.1191 1.0116 -3.1215 0.5249
Car 0.0000 0 0.0000 -1.0000 -1.0000 -1.0000 -1.0000 1.9857 1.5657 4.7467 65.1060 14.0938 -0.0220 -0.0044 0.4018
Car 0.0000 0 0.0000 -1.0000 -1.0000 -1.0000 -1.0000 1.8677 1.4995 4.5115 -44.5057 2.6171 1.5103 -3.0890 0.3991
Truck 0.0000 0 0.0000 -1.0000 -1.0000 -1.0000 -1.0000 2.4788 2.6798 6.3864 -6.7357 3.0125 1.4296 0.0167 0.5655
Truck 0.0000 0 0.0000 -1.0000 -1.0000 -1.0000 -1.0000 2.3975 2.2346 6.2960 38.8220 -16.2857 0.6681 -2.5273 0.4745
Truck 0.0000 0 0.0000 -1.0000 -1.0000 -1.0000 -1.0000 2.4524 2.4333 6.4446 -20.8232 -0.4432 1.5394 -0.0083 0.4690
Cyclist 0.0000 0 0.0000 -1.0000 -1.0000 -1.0000 -1.0000 0.7294 1.4758 1.7518 25.5412 -11.2627 0.4236 -1.6892 0.4397
Pedestrian 0.0000 0 0.0000 -1.0000 -1.0000 -1.0000 -1.0000 0.6973 1.6219 0.6328 25.9426 -20.7271 0.5353 -0.4812 0.3087
