Car 0.0000 0 0.0000 -1.0000 -1.0000 -1.0000 -1.0000 2.0757 1.7546 4.7705 -6.9023 6.9660 0.8454 -0.0642 0.8204
Car 0.0000 0 0.0000 -1.0000 -1.0000 -1.0000 -1.0000 1.9494 1.5202 4.4675 -42.6293 -0.9649 1.1497 -0.5897 0.7614
Car 0.0000 0 0.0000 -1.0000 -1.0000 -1.0000 -1.0000 1.9368 1.5159 4.5440 -52.4055 -3.0184 1.1923 -0.1372 0.7090
Car 0.0000 0 0.0000 -1.0000 -1.0000 -1.0000 -1.0000 1.8289 1.4224 4.3955 -36.7791 12.0227 0.8762 0.0775 0.6307
Car 0.0000 0 0.0000 -1.0000 -1.0000 -1.0000 -1.0000 1.9554 1.5467 4.5368 -17.5319 7.5567 0.8081 -3.1413 0.5807
Car 0.0000 0 0.0000 -1.0000 -1.0000 -1.0000 -1.0000 1.9662 1.5645 4.6693 68.4069 34.7981 -0.2123 -3.0737 0.4860
Car 0.0000 0 0.0000 -1.0000 -1.0000 -1.0000 -1.0000 1.9646 1.5471 4.6392 22.5353 -9.5180 1.1643 -0.9949 0.4610
Car 0.0000 0 0.0000 -1.0000 -1.0000 -1.0000 -1.0000 1.9026 1.4746 4.4978 71.7966 28.5540 -0.0088 -1.8263 0.4462
Car 0.0000 0 0.0000 -1.0000 -1.0000 -1.0000 -1.0000 1.9226 1.4887 4.5634 -57.4978 11.5403 1.1393 -0.0145 0.4386
Car 0.0000 0 0.0000 -1.0000 -1.0000 -1.0000 -1.0000 2.0006 1.6407 4.7719 -76.7917 5.4769 1.4472 -3.1151 0.4222
Car 0.0000 0 0.0000 -1.0000 -1.0000 -1.0000 -1.0000 1.9115 1.4944 4.5033 -63.2408 11.9101 1.1778 -0.0214 0.4055
Car 0.0000 0 0.0000 -1.0000 -1.0000 -1.0000 -1.0000 1.8426 1.4264 4.4393 -28.7583 11.9862 0.8122 -3.0732 0.3903
Car 0.0000 0 0.0000 -1.0000 -1.0000 -1.0000 -1.0000 1.9462 1.6349 4.6641 74.7829 41.4720 -0.0651 -1.9873 0.3519
Car 0.0000 0 0.0000 -1.0000 -1.0000 -1.0000 -1.0000 1.9007 1.7738 4.4267 69.1277 29.8977 0.0418 -1.7122 0.3453
Car 0.0000 0 0.0000 -1.0000 -1.0000 -1.0000 -1.0000 1.9352 1.6103 4.6104 78.8749 27.1719 0.1128 -1.2644 0.3382
Car 0.0000 0 0.0000 -1.0000 -1.0000 -1.0000 -1.0000 1.9945 1.7773 4.8516 -63.9961 35.0295 1.2030 -0.4815 0.3062
Car 0.0000 0 0.0000 -1.0000 -1.0000 -1.0000 -1.0000 1.8873 1.5470 4.5827 -83.4843 12.3243 1.2346 -0.0727 0.3033
Cyclist 0.0000 0 0.0000 -1.0000 -1.0000 -1.0000 -1.0000 0.6989 1.3420 1.6917 -17.3327 13.7024 0.5522 -0.2419 0.4367
Pedestrian 0.0000 0 0.0000 -1.0000 -1.0000 -1.0000 -1.0000 0.6941 1.6954 0.6267 -0.8925 19.5794 0.6622 0.0597 0.5380
Pedestrian 0.0000 0 0.0000 -1.0000 -1.0000 -1.0000 -1.0000 0.6833 1.6549 0.6101 4.5542 20.5403 0.5234 2.7548 0.4989
Pedestrian 0.0000 0 0.0000 -1.0000 -1.0000 -1.0000 -1.0000 0.6984 1.6677 0.6367 7.1238 22.1380 0.5167 2.4922 0.4588
