Car 0.0000 0 0.0000 -1.0000 -1.0000 -1.0000 -1.0000 1.9711 1.4581 4.5313 6.2323 -2.9105 0.7700 0.0220 0.8085
Car 0.0000 0 0.0000 -1.0000 -1.0000 -1.0000 -1.0000 1.9677 1.4301 4.4879 14.1996 -3.3788 0.8040 0.0204 0.8036
Car 0.0000 0 0.0000 -1.0000 -1.0000 -1.0000 -1.0000 1.9129 1.4499 4.4122 8.9768 3.3076 0.7901 3.1160 0.7234
Car 0.0000 0 0.0000 -1.0000 -1.0000 -1.0000 -1.0000 1.9834 1.4488 4.5457 -1.5073 -3.5930 0.7292 -0.0044 0.7007
Car 0.0000 0 0.0000 -1.0000 -1.0000 -1.0000 -1.0000 1.9779 1.7295 4.5400 21.6786 3.4629 0.9782 3.1287 0.6862
Car 0.0000 0 0.0000 -1.0000 -1.0000 -1.0000 -1.0000 1.9349 1.6901 4.5030 12.8003 -6.7013 0.9131 0.0034 0.6120
Car 0.0000 0 0.0000 -1.0000 -1.0000 -1.0000 -1.0000 1.9946 1.9239 4.5713 60.0008 33.0586 0.3505 -1.3389 0.5717
Car 0.0000 0 0.0000 -1.0000 -1.0000 -1.0000 -1.0000 1.9721 1.4431 4.5494 -8.7222 -0.1609 0.6753 0.0010 0.5708
Car 0.0000 0 0.0000 -1.0000 -1.0000 -1.0000 -1.0000 2.0578 1.8686 4.7809 6.1706 -0.2078 1.0172 -3.1388 0.4340
Cyclist 0.0000 0 0.0000 -1.0000 -1.0000 -1.0000 -1.0000 0.7350 1.5433 1.7149 58.9774 24.3388 0.3424 3.0952 0.4526
Pedestrian 0.0000 0 0.0000 -1.0000 -1.0000 -1.0000 -1.0000 0.7308 1.7141 0.7306 29.6046 -18.2394 1.2069 -3.1390 0.5492
