Car 0.0000 0 0.0000 -1.0000 -1.0000 -1.0000 -1.0000 1.9875 1.5376 4.5464 10.1658 4.1449 0.6927 -3.1183 0.7493
Car 0.0000 0 0.0000 -1.0000 -1.0000 -1.0000 -1.0000 1.9807 1.4689 4.6139 8.4354 7.2530 0.6970 3.1381 0.7452
Car 0.0000 0 0.0000 -1.0000 -1.0000 -1.0000 -1.0000 1.9797 1.5980 4.5664 -15.5439 -25.9192 0.9979 -0.4949 0.7070
Car 0.0000 0 0.0000 -1.0000 -1.0000 -1.0000 -1.0000 1.9825 1.4689 4.6050 -7.9927 -9.1649 0.7260 -1.5697 0.6990
Car 0.0000 0 0.0000 -1.0000 -1.0000 -1.0000 -1.0000 2.0213 1.5195 4.5918 -0.2260 3.9465 0.7558 -3.1029 0.6134
Car 0.0000 0 0.0000 -1.0000 -1.0000 -1.0000 -1.0000 1.9353 1.4647 4.4894 41.8448 4.4327 0.6580 -0.0291 0.5186
Car 0.0000 0 0.0000 -1.0000 -1.0000 -1.0000 -1.0000 1.9281 1.5176 4.5968 -22.5929 -30.4455 1.0985 -1.5418 0.4012
Car 0.0000 0 0.0000 -1.0000 -1.0000 -1.0000 -1.0000 1.8901 1.5415 4.5707 -25.3112 -17.8012 1.0645 1.6516 0.3370
Car 0.0000 0 0.0000 -1.0000 -1.0000 -1.0000 -1.0000 1.9138 1.5101 4.6449 -25.3598 -30.9946 1.1743 1.5750 0.3236
Tricar 0.0000 0 0.0000 -1.0000 -1.0000 -1.0000 -1.0000 1.1192 1.2598 2.9203 -24.0172 8.7678 0.6038 -0.0707 0.5461
Tricar 0.0000 0 0.0000 -1.0000 -1.0000 -1.0000 -1.0000 1.1067 1.2745 2.7827 46.9161 -6.9526 0.7487 0.0924 0.4666
Cyclist 0.0000 0 0.0000 -1.0000 -1.0000 -1.0000 -1.0000 0.7131 1.5124 1.6921 -0.4482 -4.8112 0.6976 3.0935 0.6740
Cyclist 0.0000 0 0.0000 -1.0000 -1.0000 -1.0000 -1.0000 0.7556 1.5154 1.7559 12.2603 -4.4570 0.7557 -3.1396 0.5030
Cyclist 0.0000 0 0.0000 -1.0000 -1.0000 -1.0000 -1.0000 0.7305 1.4681 1.7482 -5.8202 -14.3228 0.7205 1.4534 0.4747
Cyclist 0.0000 0 0.0000 -1.0000 -1.0000 -1.0000 -1.0000 0.7295 1.5441 1.7050 37.8036 7.7337 0.6872 0.0931 0.4580
Cyclist 0.0000 0 0.0000 -1.0000 -1.0000 -1.0000 -1.0000 0.8048 1.5511 1.7670 -28.0925 8.5809 0.7944 3.1082 0.4157
Cyclist 0.0000 0 0.0000 -1.0000 -1.0000 -1.0000 -1.0000 0.7871 1.5038 1.7693 -26.8475 -3.1411 0.9075 3.0600 0.3968
Cyclist 0.0000 0 0.0000 -1.0000 -1.0000 -1.0000 -1.0000 0.6675 1.1999 1.6711 -4.0307 -32.3197 0.8240 0.1758 0.3294
Cyclist 0.0000 0 0.0000 -1.0000 -1.0000 -1.0000 -1.0000 0.7399 1.5327 1.7168 -14.9421 -29.5920 1.0031 -0.8202 0.3174
Pedestrian 0.0000 0 0.0000 -1.0000 -1.0000 -1.0000 -1.0000 0.7041 1.6643 0.6611 30.3032 8.6922 0.7690 -3.1085 0.3114
