Car 0.0000 0 0.0000 -1.0000 -1.0000 -1.0000 -1.0000 1.9969 1.7313 4.6326 57.5421 -2.7791 0.8010 3.0206 0.6696
Car 0.0000 0 0.0000 -1.0000 -1.0000 -1.0000 -1.0000 1.9797 1.5098 4.6973 -33.6479 3.2984 0.6347 3.1309 0.6378
Car 0.0000 0 0.0000 -1.0000 -1.0000 -1.0000 -1.0000 1.8587 1.5967 4.4513 -5.1688 12.5458 0.3884 -0.0278 0.6315
Car 0.0000 0 0.0000 -1.0000 -1.0000 -1.0000 -1.0000 2.0121 1.8742 4.5783 51.3671 0.3890 0.7744 3.1238 0.6177
Car 0.0000 0 0.0000 -1.0000 -1.0000 -1.0000 -1.0000 1.8442 1.5024 4.4192 -10.4206 12.4429 0.3465 -0.0218 0.5831
Car 0.0000 0 0.0000 -1.0000 -1.0000 -1.0000 -1.0000 1.9936 1.5486 4.6389 -18.2163 -0.0342 0.7054 -3.1260 0.4768
Car 0.0000 0 0.0000 -1.0000 -1.0000 -1.0000 -1.0000 1.8768 1.4300 4.5019 -38.8861 -8.9155 0.6961 -3.0825 0.4432
Car 0.0000 0 0.0000 -1.0000 -1.0000 -1.0000 -1.0000 1.9019 1.5856 4.4487 15.6560 12.5025 0.4607 -3.1268 0.4180
Car 0.0000 0 0.0000 -1.0000 -1.0000 -1.0000 -1.0000 1.9378 1.5761 4.5082 -41.6082 4.2707 0.6133 -0.0563 0.3838
Truck 0.0000 0 0.0000 -1.0000 -1.0000 -1.0000 -1.0000 2.9336 3.1596 11.1268 -15.1956 4.2356 1.4465 3.1400 0.7018
Truck 0.0000 0 0.0000 -1.0000 -1.0000 -1.0000 -1.0000 3.0477 3.6587 11.7149 -52.2701 3.9644 1.6522 -0.0177 0.4602
Cyclist 0.0000 0 0.0000 -1.0000 -1.0000 -1.0000 -1.0000 0.7399 1.4774 1.7022 -10.5773 -8.8753 0.8866 3.1332 0.5233
Cyclist 0.0000 0 0.0000 -1.0000 -1.0000 -1.0000 -1.0000 0.7658 1.5341 1.7036 -10.6199 -7.2233 0.8787 -3.1411 0.4791
Cyclist 0.0000 0 0.0000 -1.0000 -1.0000 -1.0000 -1.0000 0.6983 1.1787 1.6869 -21.2632 -13.2114 0.9663 -0.0092 0.3601
Cyclist 0.0000 0 0.0000 -1.0000 -1.0000 -1.0000 -1.0000 0.7333 1.5309 1.7161 -31.7984 -6.5834 0.6834 -3.1081 0.3452
Cyclist 0.0000 0 0.0000 -1.0000 -1.0000 -1.0000 -1.0000 0.7423 1.5345 1.7019 3.4802 10.3996 0.4424 -3.1406 0.3411
Cyclist 0.0000 0 0.0000 -1.0000 -1.0000 -1.0000 -1.0000 0.6900 1.2193 1.7165 -1.5510 14.6576 0.2215 -1.3895 0.3140
Pedestrian 0.0000 0 0.0000 -1.0000 -1.0000 -1.0000 -1.0000 0.7030 1.6617 0.6570 33.5904 6.3018 0.5195 2.7850 0.5162
Pedestrian 0.0000 0 0.0000 -1.0000 -1.0000 -1.0000 -1.0000 0.7024 1.7249 0.6078 24.1286 14.4130 0.6646 -3.1016 0.3389
Pedestrian 0.0000 0 0.0000 -1.0000 -1.0000 -1.0000 -1.0000 0.6944 1.6958 0.6259 9.2944 16.1888 0.6187 3.1319 0.3133
