Car 0.0000 0 0.0000 -1.0000 -1.0000 -1.0000 -1.0000 2.1689 2.0408 4.9296 -7.4954 3.1306 1.0412 0.0082 0.6153
Car 0.0000 0 0.0000 -1.0000 -1.0000 -1.0000 -1.0000 1.9790 1.4542 4.5777 -26.7728 3.1949 0.8002 0.0096 0.6061
Car 0.0000 0 0.0000 -1.0000 -1.0000 -1.0000 -1.0000 1.8661 1.9329 4.3252 -15.6183 -1.5311 1.0250 3.0738 0.4033
Truck 0.0000 0 0.0000 -1.0000 -1.0000 -1.0000 -1.0000 2.6921 3.0901 7.0666 -23.6120 27.0863 1.0581 -3.0455 0.4354
Truck 0.0000 0 0.0000 -1.0000 -1.0000 -1.0000 -1.0000 2.4939 2.5681 6.5068 -35.6918 -0.2416 1.4228 -3.0859 0.4060
Truck 0.0000 0 0.0000 -1.0000 -1.0000 -1.0000 -1.0000 2.4956 2.7273 6.6722 -19.5909 31.3191 0.6538 -2.1793 0.3027
Tricar 0.0000 0 0.0000 -1.0000 -1.0000 -1.0000 -1.0000 1.2193 1.7345 2.8917 -22.5343 -7.6294 0.9643 -0.1142 0.5159
Tricar 0.0000 0 0.0000 -1.0000 -1.0000 -1.0000 -1.0000 1.3642 1.7157 3.0290 -15.5033 37.1031 0.1427 -2.2861 0.3899
Cyclist 0.0000 0 0.0000 -1.0000 -1.0000 -1.0000 -1.0000 0.7591 1.4530 1.7294 -20.7535 -5.1424 0.7730 3.0588 0.4582
Cyclist 0.0000 0 0.0000 -1.0000 -1.0000 -1.0000 -1.0000 0.7112 1.5294 1.6657 24.9909 -7.2079 0.7211 3.1207 0.4157
