Car 0.0000 0 0.0000 -1.0000 -1.0000 -1.0000 -1.0000 2.1107 1.6863 4.6893 19.8121 6.6303 0.7961 -0.0316 0.8531
Car 0.0000 0 0.0000 -1.0000 -1.0000 -1.0000 -1.0000 1.9292 1.4598 4.5081 -8.8022 8.5439 0.4689 0.0141 0.7896
Car 0.0000 0 0.0000 -1.0000 -1.0000 -1.0000 -1.0000 1.9060 1.8873 4.3438 2.2004 6.1971 0.8450 -3.1203 0.5658
Car 0.0000 0 0.0000 -1.0000 -1.0000 -1.0000 -1.0000 1.9475 1.5032 4.6238 75.4709 2.5058 1.0267 -3.1258 0.5584
Car 0.0000 0 0.0000 -1.0000 -1.0000 -1.0000 -1.0000 1.9583 1.4851 4.5242 38.3928 -7.8935 0.9453 -0.0697 0.5549
Car 0.0000 0 0.0000 -1.0000 -1.0000 -1.0000 -1.0000 2.0010 1.7330 4.5426 23.1392 -7.5202 1.0086 -0.0158 0.5024
Car 0.0000 0 0.0000 -1.0000 -1.0000 -1.0000 -1.0000 2.1097 2.4976 4.8354 10.1350 9.3469 1.0175 -0.0022 0.3671
Truck 0.0000 0 0.0000 -1.0000 -1.0000 -1.0000 -1.0000 2.2505 2.2254 5.9862 42.1692 8.1735 1.0398 3.0616 0.4778
Truck 0.0000 0 0.0000 -1.0000 -1.0000 -1.0000 -1.0000 2.9330 3.4229 9.1147 30.5146 -4.0115 1.9048 3.0867 0.4695
Truck 0.0000 0 0.0000 -1.0000 -1.0000 -1.0000 -1.0000 2.8351 3.3644 9.9405 73.4580 6.5409 1.7864 -3.0838 0.4045
Truck 0.0000 0 0.0000 -1.0000 -1.0000 -1.0000 -1.0000 2.3481 2.6913 5.9023 55.9214 4.1274 1.4072 3.0446 0.3654
Truck 0.0000 0 0.0000 -1.0000 -1.0000 -1.0000 -1.0000 1.8955 1.9377 4.8355 4.1652 14.3850 0.5448 0.0032 0.3209
Tricar 0.0000 0 0.0000 -1.0000 -1.0000 -1.0000 -1.0000 1.7165 2.0182 4.0027 3.5896 14.4055 0.5443 3.1083 0.3610
Cyclist 0.0000 0 0.0000 -1.0000 -1.0000 -1.0000 -1.0000 0.7525 1.5813 1.7058 -11.1648 15.5602 0.1546 -0.0018 0.4173
Pedestrian 0.0000 0 0.0000 -1.0000 -1.0000 -1.0000 -1.0000 0.7037 1.7279 0.6215 0.7689 18.4780 0.4062 -0.0445 0.3215
