Car 0.0000 0 0.0000 -1.0000 -1.0000 -1.0000 -1.0000 1.9482 1.4345 4.5152 0.7859 5.0598 0.7035 0.0044 0.8154
Car 0.0000 0 0.0000 -1.0000 -1.0000 -1.0000 -1.0000 1.9761 1.4612 4.6175 -24.3075 2.7578 0.7218 3.1381 0.7567
Car 0.0000 0 0.0000 -1.0000 -1.0000 -1.0000 -1.0000 1.9438 1.7725 4.4896 -6.8225 5.2509 0.8540 -0.0090 0.6724
Car 0.0000 0 0.0000 -1.0000 -1.0000 -1.0000 -1.0000 1.9440 1.8802 4.5256 -19.2915 5.2294 0.9227 -0.0324 0.6665
Car 0.0000 0 0.0000 -1.0000 -1.0000 -1.0000 -1.0000 1.9595 1.5402 4.5822 7.3943 5.3919 0.7381 3.1329 0.6174
Car 0.0000 0 0.0000 -1.0000 -1.0000 -1.0000 -1.0000 1.9208 1.4652 4.5397 -2.6981 11.6225 0.5047 -3.1264 0.5822
Car 0.0000 0 0.0000 -1.0000 -1.0000 -1.0000 -1.0000 1.9051 1.4308 4.5219 -25.2457 5.4683 0.6401 -0.0042 0.5546
Car 0.0000 0 0.0000 -1.0000 -1.0000 -1.0000 -1.0000 2.0163 1.8481 4.6741 7.5308 2.5583 0.9366 3.1388 0.5190
Car 0.0000 0 0.0000 -1.0000 -1.0000 -1.0000 -1.0000 1.9392 1.8783 4.4235 16.8888 -0.2306 1.0442 0.0024 0.5190
Car 0.0000 0 0.0000 -1.0000 -1.0000 -1.0000 -1.0000 2.2321 2.3699 5.1820 34.7137 4.9015 1.2619 3.1379 0.5180
Car 0.0000 0 0.0000 -1.0000 -1.0000 -1.0000 -1.0000 1.8661 1.7400 4.3252 27.7105 5.2113 1.0139 -0.0016 0.5153
Car 0.0000 0 0.0000 -1.0000 -1.0000 -1.0000 -1.0000 1.9118 1.5580 4.4769 3.0064 11.3368 0.5999 3.1400 0.4569
Car 0.0000 0 0.0000 -1.0000 -1.0000 -1.0000 -1.0000 1.8934 1.7344 4.4042 -13.0673 5.5072 0.8337 0.0037 0.4443
Car 0.0000 0 0.0000 -1.0000 -1.0000 -1.0000 -1.0000 1.8861 1.5472 4.4952 63.6690 4.0961 0.9054 0.2549 0.4135
Car 0.0000 0 0.0000 -1.0000 -1.0000 -1.0000 -1.0000 1.9442 1.5011 4.6000 -31.7258 5.9679 0.6486 -0.0950 0.4039
Car 0.0000 0 0.0000 -1.0000 -1.0000 -1.0000 -1.0000 1.9086 1.5713 4.5589 49.8978 4.7290 0.8958 -3.1328 0.3775
Car 0.0000 0 0.0000 -1.0000 -1.0000 -1.0000 -1.0000 1.8984 1.4987 4.5702 55.7640 3.6182 0.8112 3.0319 0.3500
Car 0.0000 0 0.0000 -1.0000 -1.0000 -1.0000 -1.0000 1.8939 1.5520 4.5226 13.8573 5.1685 0.8188 3.1116 0.3461
Truck 0.0000 0 0.0000 -1.0000 -1.0000 -1.0000 -1.0000 3.0158 3.2715 11.6448 -14.2347 11.9624 1.4360 3.1025 0.7806
Truck 0.0000 0 0.0000 -1.0000 -1.0000 -1.0000 -1.0000 2.8927 3.3322 8.1665 13.1250 11.7168 1.6357 -3.1003 0.5881
Cyclist 0.0000 0 0.0000 -1.0000 -1.0000 -1.0000 -1.0000 0.7402 1.4366 1.7636 -14.0316 -11.6233 0.6525 -0.0085 0.5334
Cyclist 0.0000 0 0.0000 -1.0000 -1.0000 -1.0000 -1.0000 0.7302 1.5151 1.7142 -24.5397 -14.9367 0.7540 0.0809 0.4882
Cyclist 0.0000 0 0.0000 -1.0000 -1.0000 -1.0000 -1.0000 0.6872 1.2717 1.7033 13.1538 18.1116 0.7791 2.0166 0.4660
Cyclist 0.0000 0 0.0000 -1.0000 -1.0000 -1.0000 -1.0000 0.7737 1.5383 1.7547 -74.1608 17.4708 0.7996 0.1678 0.4122
Cyclist 0.0000 0 0.0000 -1.0000 -1.0000 -1.0000 -1.0000 0.7557 1.5139 1.7032 -77.8901 15.5988 0.8873 0.1409 0.3786
Cyclist 0.0000 0 0.0000 -1.0000 -1.0000 -1.0000 -1.0000 0.8087 1.5495 1.8230 -18.7213 -10.2473 0.6811 3.1128 0.3376
Pedestrian 0.0000 0 0.0000 -1.0000 -1.0000 -1.0000 -1.0000 0.7032 1.7061 0.6332 -6.2805 19.5256 0.9286 0.1124 0.3437
Pedestrian 0.0000 0 0.0000 -1.0000 -1.0000 -1.0000 -1.0000 0.7078 1.6681 0.6786 27.2778 -16.5767 1.1103 3.1110 0.3255
