Car 0.0000 0 0.0000 -1.0000 -1.0000 -1.0000 -1.0000 2.0456 1.4608 4.5900 -20.5704 0.3829 0.7375 -0.0458 0.7834
Car 0.0000 0 0.0000 -1.0000 -1.0000 -1.0000 -1.0000 2.0311 1.5043 4.5440 13.8798 0.2608 0.7589 -3.1318 0.7642
Car 0.0000 0 0.0000 -1.0000 -1.0000 -1.0000 -1.0000 1.9964 1.4390 4.5274 -24.9631 -2.7894 0.6919 3.1163 0.6757
Car 0.0000 0 0.0000 -1.0000 -1.0000 -1.0000 -1.0000 1.8836 1.4692 4.4284 -37.4466 1.2171 0.6433 0.0198 0.6185
Car 0.0000 0 0.0000 -1.0000 -1.0000 -1.0000 -1.0000 2.0627 1.8322 4.8878 -41.6679 -9.6518 0.9635 -0.0305 0.5241
Car 0.0000 0 0.0000 -1.0000 -1.0000 -1.0000 -1.0000 1.9086 1.4774 4.5750 -21.4661 -23.4887 1.2956 -3.1066 0.5111
Car 0.0000 0 0.0000 -1.0000 -1.0000 -1.0000 -1.0000 1.9125 1.6123 4.5610 -71.5725 0.9065 0.6664 -0.0570 0.4382
Car 0.0000 0 0.0000 -1.0000 -1.0000 -1.0000 -1.0000 1.8749 1.5915 4.3709 46.8490 -3.5283 1.0608 3.1115 0.4341
Cyclist 0.0000 0 0.0000 -1.0000 -1.0000 -1.0000 -1.0000 0.7210 1.5163 1.6807 1.3728 9.3180 0.6870 -2.5883 0.4638
Cyclist 0.0000 0 0.0000 -1.0000 -1.0000 -1.0000 -1.0000 0.7779 1.5375 1.7800 -36.2066 -7.7382 0.7385 -0.0418 0.3997
Cyclist 0.0000 0 0.0000 -1.0000 -1.0000 -1.0000 -1.0000 0.7727 1.6417 1.7264 -4.6384 7.4256 1.0217 -0.0070 0.3208
Pedestrian 0.0000 0 0.0000 -1.0000 -1.0000 -1.0000 -1.0000 0.7083 1.6488 0.6799 22.4309 -9.8730 1.0136 0.0004 0.4160
Pedestrian 0.0000 0 0.0000 -1.0000 -1.0000 -1.0000 -1.0000 0.7098 1.6039 0.6938 -14.0174 5.5042 0.7135 3.1174 0.3311
