Car 0.0000 0 0.0000 -1.0000 -1.0000 -1.0000 -1.0000 1.9986 1.4437 4.5580 8.8645 2.7177 0.7903 3.1368 0.8351
Car 0.0000 0 0.0000 -1.0000 -1.0000 -1.0000 -1.0000 2.0441 1.5042 4.5990 17.5828 0.1616 0.8745 -3.0970 0.7550
Car 0.0000 0 0.0000 -1.0000 -1.0000 -1.0000 -1.0000 1.9954 1.5089 4.5977 -26.0792 -0.4593 0.7519 0.0135 0.7523
Car 0.0000 0 0.0000 -1.0000 -1.0000 -1.0000 -1.0000 2.0372 1.7914 4.7206 40.5669 2.5552 1.1578 0.0425 0.7421
Car 0.0000 0 0.0000 -1.0000 -1.0000 -1.0000 -1.0000 1.9385 1.5564 4.6203 -76.9655 0.5151 0.5522 -0.0340 0.3885
Car 0.0000 0 0.0000 -1.0000 -1.0000 -1.0000 -1.0000 1.9460 1.5856 4.6167 49.9883 0.2831 1.2479 -3.1102 0.3430
Car 0.0000 0 0.0000 -1.0000 -1.0000 -1.0000 -1.0000 1.8317 1.7169 4.4587 50.4124 18.5901 0.9383 0.0400 0.3110
Truck 0.0000 0 0.0000 -1.0000 -1.0000 -1.0000 -1.0000 2.2172 2.1151 5.7797 -16.3237 2.1591 1.0787 0.0239 0.5348
Truck 0.0000 0 0.0000 -1.0000 -1.0000 -1.0000 -1.0000 2.3564 2.3584 6.2244 -35.1384 3.2415 1.1740 0.0191 0.5103
Truck 0.0000 0 0.0000 -1.0000 -1.0000 -1.0000 -1.0000 2.8091 3.4047 7.6451 -46.1387 -12.1727 1.3534 -0.0230 0.4415
Truck 0.0000 0 0.0000 -1.0000 -1.0000 -1.0000 -1.0000 1.9109 1.9469 4.7430 25.9545 18.5847 0.9008 0.0440 0.3720
Tricar 0.0000 0 0.0000 -1.0000 -1.0000 -1.0000 -1.0000 1.3606 1.6844 3.3404 44.1728 7.1132 1.1105 0.0099 0.5420
Tricar 0.0000 0 0.0000 -1.0000 -1.0000 -1.0000 -1.0000 1.4047 1.7043 3.2128 40.9617 18.1796 0.9480 3.1260 0.4545
Tricar 0.0000 0 0.0000 -1.0000 -1.0000 -1.0000 -1.0000 1.6182 1.8743 4.3650 25.4880 18.2341 0.8590 0.0228 0.3706
