Car 0.0000 0 0.0000 -1.0000 -1.0000 -1.0000 -1.0000 1.9081 1.4245 4.4592 -14.4528 9.7468 0.6854 3.1123 0.7398
Car 0.0000 0 0.0000 -1.0000 -1.0000 -1.0000 -1.0000 1.9569 1.4985 4.5352 7.1136 7.8425 0.6554 -3.1304 0.7376
Car 0.0000 0 0.0000 -1.0000 -1.0000 -1.0000 -1.0000 2.1063 1.8312 4.7589 -22.6029 3.6794 1.0660 -3.1299 0.6449
Car 0.0000 0 0.0000 -1.0000 -1.0000 -1.0000 -1.0000 1.9633 1.5493 4.5907 12.6321 -0.3782 0.7400 0.0065 0.6391
Car 0.0000 0 0.0000 -1.0000 -1.0000 -1.0000 -1.0000 1.9581 1.6129 4.5888 15.7353 26.9157 0.8189 -1.4460 0.5499
Car 0.0000 0 0.0000 -1.0000 -1.0000 -1.0000 -1.0000 1.9102 1.5544 4.5673 -12.9136 29.5944 1.0281 1.6029 0.5430
Car 0.0000 0 0.0000 -1.0000 -1.0000 -1.0000 -1.0000 1.9411 1.4823 4.5169 -3.6034 3.6641 0.7364 3.1259 0.5303
Car 0.0000 0 0.0000 -1.0000 -1.0000 -1.0000 -1.0000 1.9161 1.5410 4.5248 14.4806 21.3652 0.6039 -1.5407 0.4779
Car 0.0000 0 0.0000 -1.0000 -1.0000 -1.0000 -1.0000 1.9148 1.5494 4.5380 17.6320 -15.3456 0.6500 -1.6677 0.4740
Car 0.0000 0 0.0000 -1.0000 -1.0000 -1.0000 -1.0000 1.9200 1.5549 4.5653 5.9492 28.4625 0.7643 1.5053 0.4380
Car 0.0000 0 0.0000 -1.0000 -1.0000 -1.0000 -1.0000 1.9358 1.5608 4.6776 -33.4136 26.4471 1.0093 1.7323 0.4242
Car 0.0000 0 0.0000 -1.0000 -1.0000 -1.0000 -1.0000 1.8948 1.4509 4.5175 27.4709 17.4884 0.3933 -1.3910 0.4055
Car 0.0000 0 0.0000 -1.0000 -1.0000 -1.0000 -1.0000 1.9507 1.7647 4.5898 27.3112 22.7760 0.7826 1.6410 0.4045
Car 0.0000 0 0.0000 -1.0000 -1.0000 -1.0000 -1.0000 2.0716 2.0097 4.9906 -27.7466 27.9862 1.4154 1.6417 0.3911
Car 0.0000 0 0.0000 -1.0000 -1.0000 -1.0000 -1.0000 1.9381 1.7664 4.6237 -58.5149 28.4215 1.2623 1.6051 0.3871
Car 0.0000 0 0.0000 -1.0000 -1.0000 -1.0000 -1.0000 1.9571 1.8434 4.7504 -22.0361 27.8945 1.2927 1.5881 0.3636
Car 0.0000 0 0.0000 -1.0000 -1.0000 -1.0000 -1.0000 1.8862 1.5819 4.5158 33.4616 33.7056 0.9724 -2.9859 0.3616
Car 0.0000 0 0.0000 -1.0000 -1.0000 -1.0000 -1.0000 1.9268 1.5369 4.5937 9.3248 22.4137 0.6378 -0.0791 0.3321
Car 0.0000 0 0.0000 -1.0000 -1.0000 -1.0000 -1.0000 1.9887 1.6627 4.6901 -49.7517 0.2539 0.7839 0.0686 0.3299
Car 0.0000 0 0.0000 -1.0000 -1.0000 -1.0000 -1.0000 1.9144 1.6759 4.6383 33.8738 13.0786 0.3985 2.9832 0.3141
Car 0.0000 0 0.0000 -1.0000 -1.0000 -1.0000 -1.0000 1.8986 1.6032 4.5663 -55.6369 28.3308 1.1582 1.5858 0.3076
Car 0.0000 0 0.0000 -1.0000 -1.0000 -1.0000 -1.0000 1.8730 1.5355 4.4707 17.0348 33.1793 0.8235 1.3199 0.3021
Truck 0.0000 0 0.0000 -1.0000 -1.0000 -1.0000 -1.0000 3.0341 3.9737 9.4444 30.6051 2.8021 1.7634 3.1102 0.5846
Truck 0.0000 0 0.0000 -1.0000 -1.0000 -1.0000 -1.0000 2.8273 3.3963 8.1877 -73.7130 4.2578 1.8467 3.1398 0.4922
Truck 0.0000 0 0.0000 -1.0000 -1.0000 -1.0000 -1.0000 2.3515 2.2552 6.2918 -16.2705 29.1659 1.3981 1.5446 0.3379
Truck 0.0000 0 0.0000 -1.0000 -1.0000 -1.0000 -1.0000 2.6657 3.0724 8.6671 47.5378 0.5911 1.5782 3.1231 0.3015
Tricar 0.0000 0 0.0000 -1.0000 -1.0000 -1.0000 -1.0000 1.3896 1.8530 3.2968 20.8983 5.6769 0.8537 0.0058 0.4384
Cyclist 0.0000 0 0.0000 -1.0000 -1.0000 -1.0000 -1.0000 0.7837 1.5340 1.7673 -2.7212 -13.0503 0.8435 -0.6060 0.5561
Cyclist 0.0000 0 0.0000 -1.0000 -1.0000 -1.0000 -1.0000 0.7362 1.4745 1.7617 4.3852 14.5155 0.4907 -1.5569 0.4556
