Car 0.0000 0 0.0000 -1.0000 -1.0000 -1.0000 -1.0000 1.9185 1.4256 4.5265 -23.4058 6.7878 0.7091 3.0760 0.7471
Car 0.0000 0 0.0000 -1.0000 -1.0000 -1.0000 -1.0000 1.9066 1.4306 4.4569 14.5864 4.3094 0.6875 3.0541 0.7404
Car 0.0000 0 0.0000 -1.0000 -1.0000 -1.0000 -1.0000 1.8397 1.4132 4.3457 -12.4886 6.2283 0.7145 3.0569 0.7199
Car 0.0000 0 0.0000 -1.0000 -1.0000 -1.0000 -1.0000 1.8919 1.4407 4.4599 3.5474 5.0674 0.7200 -0.0571 0.6635
Car 0.0000 0 0.0000 -1.0000 -1.0000 -1.0000 -1.0000 1.9590 1.6466 4.5963 -65.9645 9.1502 0.8551 -0.0883 0.6225
Car 0.0000 0 0.0000 -1.0000 -1.0000 -1.0000 -1.0000 1.9207 1.5806 4.5313 15.7222 -8.9892 0.7880 1.6269 0.6065
Car 0.0000 0 0.0000 -1.0000 -1.0000 -1.0000 -1.0000 1.8493 1.4628 4.3528 4.3803 -4.6872 0.6977 -0.0660 0.5878
Car 0.0000 0 0.0000 -1.0000 -1.0000 -1.0000 -1.0000 1.8694 1.4588 4.5196 8.9076 4.3310 0.6688 3.0588 0.5790
Car 0.0000 0 0.0000 -1.0000 -1.0000 -1.0000 -1.0000 1.8677 1.4782 4.4756 -49.2640 -1.3487 0.6553 3.1160 0.5681
Car 0.0000 0 0.0000 -1.0000 -1.0000 -1.0000 -1.0000 1.8392 1.4445 4.3356 -35.8357 7.2975 0.6937 -3.1383 0.5392
Car 0.0000 0 0.0000 -1.0000 -1.0000 -1.0000 -1.0000 1.8911 1.5888 4.4594 48.0138 -7.1075 0.8311 -0.0097 0.5321
Car 0.0000 0 0.0000 -1.0000 -1.0000 -1.0000 -1.0000 1.8887 1.4177 4.4657 -30.6793 7.0323 0.6706 -0.0699 0.5281
Car 0.0000 0 0.0000 -1.0000 -1.0000 -1.0000 -1.0000 1.9434 1.6345 4.6338 -49.9820 8.4011 0.7594 -0.1000 0.5232
Car 0.0000 0 0.0000 -1.0000 -1.0000 -1.0000 -1.0000 1.8940 1.4601 4.5268 6.1226 -8.5274 0.7749 -1.5089 0.5174
Car 0.0000 0 0.0000 -1.0000 -1.0000 -1.0000 -1.0000 1.8890 1.4445 4.5057 34.1248 -6.4356 0.7337 1.1579 0.5065
Car 0.0000 0 0.0000 -1.0000 -1.0000 -1.0000 -1.0000 1.9068 1.5018 4.5519 -55.6691 8.4853 0.6884 -0.1087 0.3976
Car 0.0000 0 0.0000 -1.0000 -1.0000 -1.0000 -1.0000 2.1060 2.2820 4.8644 26.6762 3.5588 1.2295 -0.0967 0.3641
Car 0.0000 0 0.0000 -1.0000 -1.0000 -1.0000 -1.0000 1.8879 1.7505 4.6094 -41.1305 7.8884 0.7942 -0.0181 0.3539
Car 0.0000 0 0.0000 -1.0000 -1.0000 -1.0000 -1.0000 1.9344 1.4714 4.6169 21.1383 3.7811 0.7579 3.0626 0.3459
Car 0.0000 0 0.0000 -1.0000 -1.0000 -1.0000 -1.0000 1.8817 1.5643 4.4333 64.7266 -8.0164 0.7992 -0.1657 0.3379
Car 0.0000 0 0.0000 -1.0000 -1.0000 -1.0000 -1.0000 1.9168 1.5179 4.6019 57.6287 1.6643 0.8756 0.0252 0.3132
Truck 0.0000 0 0.0000 -1.0000 -1.0000 -1.0000 -1.0000 2.8985 3.1236 10.4795 45.8912 2.5385 1.6311 -3.1226 0.7006
Truck 0.0000 0 0.0000 -1.0000 -1.0000 -1.0000 -1.0000 2.8023 2.7709 8.9962 -33.3274 -2.6273 1.3371 3.0566 0.6258
Truck 0.0000 0 0.0000 -1.0000 -1.0000 -1.0000 -1.0000 1.9652 2.0602 4.9507 33.5523 2.6940 1.0194 3.0568 0.4170
Cyclist 0.0000 0 0.0000 -1.0000 -1.0000 -1.0000 -1.0000 0.7152 1.5213 1.6619 10.4244 -3.0419 0.7351 3.0947 0.6080
Cyclist 0.0000 0 0.0000 -1.0000 -1.0000 -1.0000 -1.0000 0.7293 1.1463 1.7577 -3.4587 -12.6669 0.6584 -0.0311 0.3686
Cyclist 0.0000 0 0.0000 -1.0000 -1.0000 -1.0000 -1.0000 0.7565 1.4911 1.7716 -45.0312 -7.2924 0.4797 0.0380 0.3620
Cyclist 0.0000 0 0.0000 -1.0000 -1.0000 -1.0000 -1.0000 0.7021 1.2005 1.7201 5.9439 -12.9847 0.6195 0.0104 0.3441
Cyclist 0.0000 0 0.0000 -1.0000 -1.0000 -1.0000 -1.0000 0.6885 1.2909 1.6960 -23.6102 -11.9789 0.7291 -1.6973 0.3348
Cyclist 0.0000 0 0.0000 -1.0000 -1.0000 -1.0000 -1.0000 0.6732 1.0613 1.6587 -20.5001 -11.9035 0.5883 0.8119 0.3261
Pedestrian 0.0000 0 0.0000 -1.0000 -1.0000 -1.0000 -1.0000 0.6812 1.6749 0.6182 10.0320 6.7581 0.8958 3.0485 0.5642
Pedestrian 0.0000 0 0.0000 -1.0000 -1.0000 -1.0000 -1.0000 0.6948 1.6194 0.6600 1.2683 -13.1441 0.8646 0.0953 0.4100
