Car 0.0000 0 0.0000 -1.0000 -1.0000 -1.0000 -1.0000 2.0057 1.4981 4.5806 -18.4694 -0.8947 0.6864 0.0368 0.8522
Car 0.0000 0 0.0000 -1.0000 -1.0000 -1.0000 -1.0000 2.0159 1.5594 4.5362 30.2060 -5.1805 0.8427 -0.0340 0.8276
Car 0.0000 0 0.0000 -1.0000 -1.0000 -1.0000 -1.0000 2.0089 1.4124 4.6104 -27.7111 2.7393 0.6058 0.0591 0.8269
Car 0.0000 0 0.0000 -1.0000 -1.0000 -1.0000 -1.0000 1.9962 1.4344 4.6012 21.6780 -0.9476 0.8088 3.0416 0.7540
Car 0.0000 0 0.0000 -1.0000 -1.0000 -1.0000 -1.0000 1.9405 1.5218 4.4620 22.0445 9.2763 0.6948 3.0369 0.7024
Car 0.0000 0 0.0000 -1.0000 -1.0000 -1.0000 -1.0000 1.8985 1.4373 4.5556 -42.9805 2.2270 0.4489 3.1219 0.6840
Car 0.0000 0 0.0000 -1.0000 -1.0000 -1.0000 -1.0000 1.9667 1.4515 4.5824 13.0568 10.5976 0.6126 2.9462 0.6837
Car 0.0000 0 0.0000 -1.0000 -1.0000 -1.0000 -1.0000 1.9025 1.5110 4.4784 -29.9750 -0.9362 0.6608 0.1003 0.6438
Car 0.0000 0 0.0000 -1.0000 -1.0000 -1.0000 -1.0000 1.9115 1.4926 4.4538 -45.2841 6.3034 0.3915 -3.1025 0.6415
Car 0.0000 0 0.0000 -1.0000 -1.0000 -1.0000 -1.0000 1.9590 1.5994 4.6699 46.4817 -6.1655 0.9285 3.0667 0.6129
Car 0.0000 0 0.0000 -1.0000 -1.0000 -1.0000 -1.0000 1.9517 1.4868 4.5521 -34.6385 2.6766 0.5060 3.1375 0.5509
Car 0.0000 0 0.0000 -1.0000 -1.0000 -1.0000 -1.0000 1.9089 1.4522 4.5393 -19.8058 -36.8033 0.5685 -1.6199 0.4950
Car 0.0000 0 0.0000 -1.0000 -1.0000 -1.0000 -1.0000 1.9422 1.7339 4.5027 29.7876 -1.5682 0.9509 3.1182 0.4757
Car 0.0000 0 0.0000 -1.0000 -1.0000 -1.0000 -1.0000 1.9770 1.5370 4.5974 74.7210 -7.8436 0.8661 2.9652 0.4705
Car 0.0000 0 0.0000 -1.0000 -1.0000 -1.0000 -1.0000 1.9444 1.4737 4.5694 6.1235 17.1306 0.4873 -0.9235 0.4660
Car 0.0000 0 0.0000 -1.0000 -1.0000 -1.0000 -1.0000 1.9779 1.5677 4.6801 54.6469 20.8207 0.7534 2.9505 0.4467
Car 0.0000 0 0.0000 -1.0000 -1.0000 -1.0000 -1.0000 1.9700 1.6523 4.6197 61.3683 -7.1948 1.0076 3.0463 0.4257
Car 0.0000 0 0.0000 -1.0000 -1.0000 -1.0000 -1.0000 1.9204 1.5087 4.5526 -67.9984 -0.2857 0.3146 -3.0458 0.3878
Car 0.0000 0 0.0000 -1.0000 -1.0000 -1.0000 -1.0000 1.9554 1.5397 4.6041 -49.3587 -1.2296 0.5038 0.0642 0.3821
Truck 0.0000 0 0.0000 -1.0000 -1.0000 -1.0000 -1.0000 2.9501 3.1196 10.6147 28.8138 4.6893 1.5940 3.0641 0.7660
Truck 0.0000 0 0.0000 -1.0000 -1.0000 -1.0000 -1.0000 3.0220 3.2479 11.5743 -46.4633 -6.7270 1.4141 3.1206 0.7617
Truck 0.0000 0 0.0000 -1.0000 -1.0000 -1.0000 -1.0000 2.9703 3.2225 10.5923 -7.8386 9.9289 1.4567 3.0453 0.7184
Truck 0.0000 0 0.0000 -1.0000 -1.0000 -1.0000 -1.0000 2.9737 3.1222 11.3441 1.9910 -6.2184 1.5465 0.0246 0.6823
Truck 0.0000 0 0.0000 -1.0000 -1.0000 -1.0000 -1.0000 2.5208 2.8610 6.5802 33.8225 9.0454 1.4320 3.1231 0.4731
Cyclist 0.0000 0 0.0000 -1.0000 -1.0000 -1.0000 -1.0000 0.7666 1.5444 1.7412 33.3023 -13.6087 0.8779 3.1385 0.5920
Cyclist 0.0000 0 0.0000 -1.0000 -1.0000 -1.0000 -1.0000 0.7841 1.5479 1.7587 -20.5215 -13.7464 0.6282 -0.3550 0.5752
Cyclist 0.0000 0 0.0000 -1.0000 -1.0000 -1.0000 -1.0000 0.7226 1.4657 1.7033 -29.0214 -11.0404 0.5235 -0.0369 0.5607
Cyclist 0.0000 0 0.0000 -1.0000 -1.0000 -1.0000 -1.0000 0.7396 1.5562 1.7104 6.0557 24.6579 0.2934 2.2534 0.5108
Cyclist 0.0000 0 0.0000 -1.0000 -1.0000 -1.0000 -1.0000 0.7825 1.5492 1.7913 -23.5977 -10.1390 0.6341 0.0416 0.5087
Cyclist 0.0000 0 0.0000 -1.0000 -1.0000 -1.0000 -1.0000 0.7605 1.4686 1.8225 12.6913 15.3389 0.4942 -3.0523 0.4818
Cyclist 0.0000 0 0.0000 -1.0000 -1.0000 -1.0000 -1.0000 0.7177 1.4302 1.7464 16.7046 16.6121 0.5410 3.0618 0.4406
Cyclist 0.0000 0 0.0000 -1.0000 -1.0000 -1.0000 -1.0000 0.7642 1.4259 1.7680 -31.0605 18.7634 0.2128 -0.0218 0.3820
Cyclist 0.0000 0 0.0000 -1.0000 -1.0000 -1.0000 -1.0000 0.7357 1.5434 1.6871 30.7411 14.1216 0.6943 3.1272 0.3815
Cyclist 0.0000 0 0.0000 -1.0000 -1.0000 -1.0000 -1.0000 0.7496 1.5232 1.6966 38.3979 -12.7369 0.8279 3.0250 0.3165
Cyclist 0.0000 0 0.0000 -1.0000 -1.0000 -1.0000 -1.0000 0.7611 1.5597 1.7053 -31.6636 20.5023 0.3791 3.0941 0.3047
Cyclist 0.0000 0 0.0000 -1.0000 -1.0000 -1.0000 -1.0000 0.6800 1.1866 1.6529 -21.6393 -15.4646 0.5109 0.6659 0.3016
Pedestrian 0.0000 0 0.0000 -1.0000 -1.0000 -1.0000 -1.0000 0.6833 1.6689 0.6223 18.3440 20.3158 0.8226 0.0124 0.5909
Pedestrian 0.0000 0 0.0000 -1.0000 -1.0000 -1.0000 -1.0000 0.6679 1.6427 0.5781 -31.6129 -16.0683 0.7732 3.0116 0.5423
Pedestrian 0.0000 0 0.0000 -1.0000 -1.0000 -1.0000 -1.0000 0.6590 1.6134 0.5764 -25.4112 -21.6632 0.8437 2.7176 0.4697
Pedestrian 0.0000 0 0.0000 -1.0000 -1.0000 -1.0000 -1.0000 0.6518 1.5589 0.5798 -31.7873 -14.4350 0.6973 3.0261 0.3333
Pedestrian 0.0000 0 0.0000 -1.0000 -1.0000 -1.0000 -1.0000 0.6944 1.6769 0.6122 52.8109 -20.1031 1.1273 3.0012 0.3129
