Car 0.0000 0 0.0000 -1.0000 -1.0000 -1.0000 -1.0000 1.9717 1.6368 4.5179 19.6012 -10.2017 0.7647 0.1111 0.6724
Car 0.0000 0 0.0000 -1.0000 -1.0000 -1.0000 -1.0000 1.9572 1.7332 4.6196 23.8253 -4.3386 0.7602 0.0036 0.6443
Car 0.0000 0 0.0000 -1.0000 -1.0000 -1.0000 -1.0000 1.9004 1.6482 4.4146 24.0158 -6.6981 0.7106 0.0866 0.6091
Car 0.0000 0 0.0000 -1.0000 -1.0000 -1.0000 -1.0000 1.9219 1.5093 4.5374 59.6167 -1.4997 0.7675 0.0135 0.6012
Car 0.0000 0 0.0000 -1.0000 -1.0000 -1.0000 -1.0000 1.9399 1.7828 4.4355 19.3077 -1.2733 0.7577 3.1035 0.5898
Car 0.0000 0 0.0000 -1.0000 -1.0000 -1.0000 -1.0000 1.9942 1.7182 4.6768 19.9777 -13.6670 0.9092 0.1145 0.4327
Car 0.0000 0 0.0000 -1.0000 -1.0000 -1.0000 -1.0000 1.9425 1.5954 4.5541 -66.6360 -13.1395 0.9932 -2.8980 0.4200
Car 0.0000 0 0.0000 -1.0000 -1.0000 -1.0000 -1.0000 1.9394 1.7016 4.5839 26.0919 -16.6626 1.1296 0.1982 0.3833
Car 0.0000 0 0.0000 -1.0000 -1.0000 -1.0000 -1.0000 1.9934 1.7211 4.7329 22.1493 -26.1434 1.2669 0.2761 0.3787
Tricar 0.0000 0 0.0000 -1.0000 -1.0000 -1.0000 -1.0000 1.2511 1.7493 2.6708 33.6736 -4.0183 0.8157 3.1192 0.4126
Cyclist 0.0000 0 0.0000 -1.0000 -1.0000 -1.0000 -1.0000 0.7234 1.5357 1.6839 -40.4130 -6.8364 0.8121 -2.9502 0.6597
Cyclist 0.0000 0 0.0000 -1.0000 -1.0000 -1.0000 -1.0000 0.7545 1.5494 1.7385 6.6173 -3.5697 0.7247 3.1220 0.6259
Cyclist 0.0000 0 0.0000 -1.0000 -1.0000 -1.0000 -1.0000 0.8137 1.5725 1.7583 -58.2456 -5.6165 0.9273 0.2632 0.5692
Cyclist 0.0000 0 0.0000 -1.0000 -1.0000 -1.0000 -1.0000 0.7404 1.4592 1.7185 -2.8307 -10.6261 1.0142 -3.0840 0.5078
Cyclist 0.0000 0 0.0000 -1.0000 -1.0000 -1.0000 -1.0000 0.7761 1.5250 1.7280 15.9198 -5.4105 0.6387 -0.0452 0.5022
Cyclist 0.0000 0 0.0000 -1.0000 -1.0000 -1.0000 -1.0000 0.7891 1.5375 1.7299 -49.8854 -3.1672 0.8309 -2.8659 0.4683
Cyclist 0.0000 0 0.0000 -1.0000 -1.0000 -1.0000 -1.0000 0.7407 1.5160 1.6837 16.7289 -3.3402 0.6393 -0.0525 0.4545
Cyclist 0.0000 0 0.0000 -1.0000 -1.0000 -1.0000 -1.0000 0.7712 1.5574 1.7080 16.2574 -6.5242 0.7167 0.0343 0.4396
Cyclist 0.0000 0 0.0000 -1.0000 -1.0000 -1.0000 -1.0000 0.6840 1.3779 1.6462 6.8079 -7.3025 0.7733 0.0864 0.4332
Cyclist 0.0000 0 0.0000 -1.0000 -1.0000 -1.0000 -1.0000 0.7667 1.5443 1.6920 11.4582 -2.5795 0.6292 3.0994 0.4214
Cyclist 0.0000 0 0.0000 -1.0000 -1.0000 -1.0000 -1.0000 0.7519 1.5442 1.7218 37.6390 0.4141 0.5293 3.0269 0.4212
Cyclist 0.0000 0 0.0000 -1.0000 -1.0000 -1.0000 -1.0000 0.8537 1.5996 1.8256 -3.7344 -3.0903 0.8619 3.1328 0.4064
Cyclist 0.0000 0 0.0000 -1.0000 -1.0000 -1.0000 -1.0000 0.7995 1.5497 1.7648 34.0596 1.4669 0.5624 2.9517 0.4010
Cyclist 0.0000 0 0.0000 -1.0000 -1.0000 -1.0000 -1.0000 0.7436 1.3802 1.7720 3.3607 18.2918 0.3299 -1.4390 0.3758
Cyclist 0.0000 0 0.0000 -1.0000 -1.0000 -1.0000 -1.0000 0.8524 1.6172 1.7655 9.2465 -5.0147 0.8031 -0.0207 0.3692
Cyclist 0.0000 0 0.0000 -1.0000 -1.0000 -1.0000 -1.0000 0.7976 1.6446 1.7418 31.9135 -0.6845 0.6740 2.9898 0.3493
Cyclist 0.0000 0 0.0000 -1.0000 -1.0000 -1.0000 -1.0000 0.7575 1.5959 1.7117 -21.9369 2.1115 0.7538 0.2481 0.3476
Cyclist 0.0000 0 0.0000 -1.0000 -1.0000 -1.0000 -1.0000 0.7634 1.6015 1.7241 10.7072 0.8093 0.7142 3.0065 0.3442
Cyclist 0.0000 0 0.0000 -1.0000 -1.0000 -1.0000 -1.0000 0.7539 1.5188 1.7236 10.8108 5.6249 0.6125 -0.1826 0.3359
Cyclist 0.0000 0 0.0000 -1.0000 -1.0000 -1.0000 -1.0000 0.7678 1.5907 1.7356 33.7280 4.1335 0.6381 3.0600 0.3200
Cyclist 0.0000 0 0.0000 -1.0000 -1.0000 -1.0000 -1.0000 0.7317 1.4470 1.7192 12.7578 6.1903 0.5412 -0.1050 0.3094
Cyclist 0.0000 0 0.0000 -1.0000 -1.0000 -1.0000 -1.0000 0.8352 1.6036 1.7861 1.6087 3.4847 0.8242 -3.0816 0.3088
Pedestrian 0.0000 0 0.0000 -1.0000 -1.0000 -1.0000 -1.0000 0.6841 1.6709 0.6411 8.2963 18.0295 0.5043 2.7247 0.6093
Pedestrian 0.0000 0 0.0000 -1.0000 -1.0000 -1.0000 -1.0000 0.6979 1.6683 0.6558 -8.7621 6.8779 0.7986 3.1371 0.5703
Pedestrian 0.0000 0 0.0000 -1.0000 -1.0000 -1.0000 -1.0000 0.6852 1.6599 0.6137 -8.8478 24.1598 0.2882 0.9373 0.5461
Pedestrian 0.0000 0 0.0000 -1.0000 -1.0000 -1.0000 -1.0000 0.7217 1.6794 0.7313 7.2797 14.4892 0.5514 -3.0300 0.5417
Pedestrian 0.0000 0 0.0000 -1.0000 -1.0000 -1.0000 -1.0000 0.6822 1.6430 0.5986 14.2031 8.1149 0.6116 -3.1152 0.5319
Pedestrian 0.0000 0 0.0000 -1.0000 -1.0000 -1.0000 -1.0000 0.7066 1.7064 0.6478 3.2922 -6.3714 1.0333 0.0360 0.5137
Pedestrian 0.0000 0 0.0000 -1.0000 -1.0000 -1.0000 -1.0000 0.6716 1.6443 0.5826 -23.5154 8.7630 0.7784 -2.5469 0.4949
Pedestrian 0.0000 0 0.0000 -1.0000 -1.0000 -1.0000 -1.0000 0.7158 1.7147 0.6839 16.6547 3.3685 0.7133 2.9924 0.4939
Pedestrian 0.0000 0 0.0000 -1.0000 -1.0000 -1.0000 -1.0000 0.6854 1.6796 0.5921 35.3944 10.7398 0.5202 0.0690 0.4802
Pedestrian 0.0000 0 0.0000 -1.0000 -1.0000 -1.0000 -1.0000 0.7002 1.6884 0.6416 -18.3144 -10.1803 1.1606 0.1630 0.4690
Pedestrian 0.0000 0 0.0000 -1.0000 -1.0000 -1.0000 -1.0000 0.6810 1.6208 0.6368 2.3600 -10.0737 1.1527 0.0184 0.4531
Pedestrian 0.0000 0 0.0000 -1.0000 -1.0000 -1.0000 -1.0000 0.6991 1.6120 0.6712 10.6524 0.7673 0.7195 3.0693 0.4449
Pedestrian 0.0000 0 0.0000 -1.0000 -1.0000 -1.0000 -1.0000 0.7188 1.6717 0.7028 -0.5874 14.9592 0.5793 -3.0427 0.4440
Pedestrian 0.0000 0 0.0000 -1.0000 -1.0000 -1.0000 -1.0000 0.7048 1.6965 0.6586 -13.7935 8.5099 0.7388 3.1200 0.4438
Pedestrian 0.0000 0 0.0000 -1.0000 -1.0000 -1.0000 -1.0000 0.7236 1.6529 0.7004 -9.1660 20.6448 0.3766 0.9580 0.4309
Pedestrian 0.0000 0 0.0000 -1.0000 -1.0000 -1.0000 -1.0000 0.7015 1.6926 0.6390 -10.0199 26.1033 0.3497 0.8860 0.4175
Pedestrian 0.0000 0 0.0000 -1.0000 -1.0000 -1.0000 -1.0000 0.6895 1.6421 0.6112 8.7809 -8.3235 0.9499 0.0933 0.4084
Pedestrian 0.0000 0 0.0000 -1.0000 -1.0000 -1.0000 -1.0000 0.6870 1.6016 0.6435 -7.0667 -8.2736 1.0214 0.0943 0.4058
Pedestrian 0.0000 0 0.0000 -1.0000 -1.0000 -1.0000 -1.0000 0.7214 1.6903 0.6731 38.7620 23.3170 0.1224 -3.0533 0.3886
Pedestrian 0.0000 0 0.0000 -1.0000 -1.0000 -1.0000 -1.0000 0.6727 1.6169 0.5902 31.5233 2.6586 0.6142 3.0484 0.3757
Pedestrian 0.0000 0 0.0000 -1.0000 -1.0000 -1.0000 -1.0000 0.6815 1.6240 0.5952 3.2684 22.4034 0.2610 0.5798 0.3698
Pedestrian 0.0000 0 0.0000 -1.0000 -1.0000 -1.0000 -1.0000 0.6886 1.6603 0.6067 10.2354 -8.8475 0.9058 0.1121 0.3553
Pedestrian 0.0000 0 0.0000 -1.0000 -1.0000 -1.0000 -1.0000 0.6644 1.5826 0.5810 14.4127 4.7638 0.6065 2.9912 0.3454
Pedestrian 0.0000 0 0.0000 -1.0000 -1.0000 -1.0000 -1.0000 0.6891 1.6183 0.6038 16.2816 -6.6131 0.7210 -3.1246 0.3406
Pedestrian 0.0000 0 0.0000 -1.0000 -1.0000 -1.0000 -1.0000 0.6769 1.5910 0.5956 -4.7462 -8.8267 1.0328 -3.0660 0.3392
Pedestrian 0.0000 0 0.0000 -1.0000 -1.0000 -1.0000 -1.0000 0.7110 1.6890 0.6475 29.3094 8.2162 0.5747 3.0635 0.3384
Pedestrian 0.0000 0 0.0000 -1.0000 -1.0000 -1.0000 -1.0000 0.7075 1.6954 0.6327 35.8181 11.8643 0.5024 -2.9667 0.3308
Pedestrian 0.0000 0 0.0000 -1.0000 -1.0000 -1.0000 -1.0000 0.7244 1.6994 0.7021 -6.1851 7.1707 0.8225 -3.1280 0.3286
Pedestrian 0.0000 0 0.0000 -1.0000 -1.0000 -1.0000 -1.0000 0.7250 1.7038 0.7005 -13.0635 8.1039 0.7498 3.1258 0.3218
Pedestrian 0.0000 0 0.0000 -1.0000 -1.0000 -1.0000 -1.0000 0.7001 1.6870 0.6271 5.1148 -10.9437 1.2014 0.0264 0.3187
Pedestrian 0.0000 0 0.0000 -1.0000 -1.0000 -1.0000 -1.0000 0.7253 1.6937 0.6951 31.8481 -0.6516 0.6770 2.9859 0.3144
Pedestrian 0.0000 0 0.0000 -1.0000 -1.0000 -1.0000 -1.0000 0.7496 1.6213 0.7320 -21.8758 2.1282 0.7325 0.2509 0.3003
