Car 0.0000 0 0.0000 -1.0000 -1.0000 -1.0000 -1.0000 1.8780 1.4555 4.4767 -44.1807 6.5779 0.4508 -0.0229 0.6236
Car 0.0000 0 0.0000 -1.0000 -1.0000 -1.0000 -1.0000 1.9630 1.6099 4.6202 -38.3705 6.9181 0.5654 -0.0311 0.6099
Car 0.0000 0 0.0000 -1.0000 -1.0000 -1.0000 -1.0000 1.9254 1.5485 4.5947 29.5040 -10.4830 1.1114 1.6745 0.5225
Car 0.0000 0 0.0000 -1.0000 -1.0000 -1.0000 -1.0000 2.0147 1.8008 4.6183 -7.5106 -6.8472 0.9846 -0.0550 0.5056
Car 0.0000 0 0.0000 -1.0000 -1.0000 -1.0000 -1.0000 1.9231 1.5561 4.5631 -3.2907 -8.0191 0.9300 -1.3786 0.4722
Car 0.0000 0 0.0000 -1.0000 -1.0000 -1.0000 -1.0000 1.8945 1.5078 4.4695 -49.3168 7.2275 0.4793 -3.1317 0.4476
Car 0.0000 0 0.0000 -1.0000 -1.0000 -1.0000 -1.0000 1.8763 1.5113 4.5607 12.2696 -10.1167 1.0580 1.5774 0.4449
Car 0.0000 0 0.0000 -1.0000 -1.0000 -1.0000 -1.0000 1.9011 1.6412 4.4842 -31.7715 -7.2016 0.7951 -1.3958 0.4336
Car 0.0000 0 0.0000 -1.0000 -1.0000 -1.0000 -1.0000 1.9337 1.5027 4.5638 -55.5753 6.7835 0.4471 -0.0096 0.4095
Car 0.0000 0 0.0000 -1.0000 -1.0000 -1.0000 -1.0000 1.9152 1.5512 4.6280 -29.2673 -17.3377 1.1364 1.3624 0.3579
Car 0.0000 0 0.0000 -1.0000 -1.0000 -1.0000 -1.0000 1.8917 1.5194 4.5696 -31.6073 -16.7577 0.9302 1.3428 0.3530
Car 0.0000 0 0.0000 -1.0000 -1.0000 -1.0000 -1.0000 1.9115 1.5702 4.6111 35.0308 -10.2417 1.1502 -1.4832 0.3488
Car 0.0000 0 0.0000 -1.0000 -1.0000 -1.0000 -1.0000 1.9409 1.8316 4.5991 4.4343 -9.6111 1.1826 1.5027 0.3393
Car 0.0000 0 0.0000 -1.0000 -1.0000 -1.0000 -1.0000 1.8920 1.4944 4.5377 8.4506 -9.3844 0.9994 1.5788 0.3314
Car 0.0000 0 0.0000 -1.0000 -1.0000 -1.0000 -1.0000 1.9242 1.5432 4.6513 23.5598 -10.0567 1.1451 -1.5706 0.3226
Tricar 0.0000 0 0.0000 -1.0000 -1.0000 -1.0000 -1.0000 1.1901 1.4706 3.0422 -11.6836 4.6867 0.6230 -0.0231 0.6392
Tricar 0.0000 0 0.0000 -1.0000 -1.0000 -1.0000 -1.0000 1.0236 1.4484 2.5518 9.3764 4.4858 0.6811 3.0858 0.3899
Cyclist 0.0000 0 0.0000 -1.0000 -1.0000 -1.0000 -1.0000 0.7802 1.5200 1.7679 34.9318 -2.8971 0.9237 3.1210 0.6847
Cyclist 0.0000 0 0.0000 -1.0000 -1.0000 -1.0000 -1.0000 0.7702 1.5653 1.7422 1.2457 -6.6875 0.9352 -2.1377 0.5984
Cyclist 0.0000 0 0.0000 -1.0000 -1.0000 -1.0000 -1.0000 0.7701 1.5304 1.7652 19.8434 -3.3091 0.8888 -3.0510 0.5266
Cyclist 0.0000 0 0.0000 -1.0000 -1.0000 -1.0000 -1.0000 0.8703 1.6550 1.7945 0.8830 -13.0459 1.1741 2.5335 0.4264
Pedestrian 0.0000 0 0.0000 -1.0000 -1.0000 -1.0000 -1.0000 0.6986 1.6307 0.6725 25.4197 -3.0229 0.9515 0.0033 0.4334
