Car 0.0000 0 0.0000 -1.0000 -1.0000 -1.0000 -1.0000 1.9794 1.4230 4.5101 14.2476 -3.2957 0.7936 0.0416 0.8288
Car 0.0000 0 0.0000 -1.0000 -1.0000 -1.0000 -1.0000 1.9680 1.4953 4.5212 5.0136 -3.0041 0.7961 -3.1116 0.7869
Car 0.0000 0 0.0000 -1.0000 -1.0000 -1.0000 -1.0000 1.9544 1.4462 4.5252 -11.8144 -3.6289 0.6690 3.1415 0.7483
Car 0.0000 0 0.0000 -1.0000 -1.0000 -1.0000 -1.0000 1.8930 1.4622 4.4985 -45.4656 2.6752 0.4798 0.0090 0.5997
Car 0.0000 0 0.0000 -1.0000 -1.0000 -1.0000 -1.0000 1.9247 1.6946 4.4823 12.8064 -6.7406 0.9095 0.0160 0.5842
Car 0.0000 0 0.0000 -1.0000 -1.0000 -1.0000 -1.0000 1.9435 1.5389 4.5528 57.7622 -6.6995 1.0367 2.5133 0.5001
Car 0.0000 0 0.0000 -1.0000 -1.0000 -1.0000 -1.0000 1.9323 1.5141 4.4497 -9.4315 0.0252 0.7433 -3.1146 0.4432
Car 0.0000 0 0.0000 -1.0000 -1.0000 -1.0000 -1.0000 1.9881 1.8404 4.6975 6.3454 0.0233 1.0056 -3.1098 0.4315
Car 0.0000 0 0.0000 -1.0000 -1.0000 -1.0000 -1.0000 1.9194 1.5449 4.5875 -32.7171 3.6024 0.5925 -3.1262 0.4261
Car 0.0000 0 0.0000 -1.0000 -1.0000 -1.0000 -1.0000 2.0620 1.8474 4.7353 21.0712 3.8201 1.0797 -3.1125 0.4015
Car 0.0000 0 0.0000 -1.0000 -1.0000 -1.0000 -1.0000 1.8327 1.8295 4.4082 -39.0405 3.1119 0.7505 0.0045 0.3591
Truck 0.0000 0 0.0000 -1.0000 -1.0000 -1.0000 -1.0000 3.1000 4.0671 18.3499 -8.3367 3.8027 2.0484 0.0146 0.4967
Truck 0.0000 0 0.0000 -1.0000 -1.0000 -1.0000 -1.0000 2.6521 2.6862 7.8172 -23.8572 3.2724 1.2004 -3.0788 0.4487
Truck 0.0000 0 0.0000 -1.0000 -1.0000 -1.0000 -1.0000 2.3899 2.6309 6.0104 9.1014 3.9953 1.4047 3.1218 0.3690
Cyclist 0.0000 0 0.0000 -1.0000 -1.0000 -1.0000 -1.0000 0.7569 1.5290 1.7754 -29.2996 -15.7779 0.6595 -3.1287 0.6566
Cyclist 0.0000 0 0.0000 -1.0000 -1.0000 -1.0000 -1.0000 0.7377 1.5854 1.6944 55.7625 -13.2416 0.9937 3.0877 0.4377
Pedestrian 0.0000 0 0.0000 -1.0000 -1.0000 -1.0000 -1.0000 0.6777 1.6116 0.6128 -35.4845 -23.6699 0.6971 0.0768 0.4850
