Car 0.0000 0 0.0000 -1.0000 -1.0000 -1.0000 -1.0000 1.9804 1.5674 4.6484 -11.9466 -4.5204 0.6824 -3.1287 0.8078
Car 0.0000 0 0.0000 -1.0000 -1.0000 -1.0000 -1.0000 1.9162 1.3829 4.4679 4.9507 -4.2947 0.6742 -3.1291 0.7381
Car 0.0000 0 0.0000 -1.0000 -1.0000 -1.0000 -1.0000 1.9772 1.6811 4.6329 -18.0501 -4.8777 0.7254 -0.0008 0.7279
Car 0.0000 0 0.0000 -1.0000 -1.0000 -1.0000 -1.0000 1.9250 1.5293 4.4713 52.7185 5.3607 1.0937 -0.0217 0.7161
Car 0.0000 0 0.0000 -1.0000 -1.0000 -1.0000 -1.0000 2.0121 1.5668 4.5811 34.7839 6.0536 0.9376 -3.0608 0.7077
Car 0.0000 0 0.0000 -1.0000 -1.0000 -1.0000 -1.0000 1.9445 1.5623 4.5668 62.5380 -4.3655 1.1165 3.1373 0.6486
Car 0.0000 0 0.0000 -1.0000 -1.0000 -1.0000 -1.0000 1.9192 1.4298 4.5444 -2.2071 4.6971 0.7118 -0.0190 0.6449
Car 0.0000 0 0.0000 -1.0000 -1.0000 -1.0000 -1.0000 1.9160 1.4606 4.5153 -45.1234 4.8894 0.4749 -0.0054 0.6274
Car 0.0000 0 0.0000 -1.0000 -1.0000 -1.0000 -1.0000 1.9097 1.5166 4.4710 -50.9800 4.5535 0.4478 -3.1396 0.6202
Car 0.0000 0 0.0000 -1.0000 -1.0000 -1.0000 -1.0000 2.0396 1.7391 4.6092 30.2456 -3.9680 1.0332 -0.0420 0.6197
Car 0.0000 0 0.0000 -1.0000 -1.0000 -1.0000 -1.0000 1.8891 1.4785 4.4562 -55.7545 -4.7474 0.3785 -0.0284 0.5889
Car 0.0000 0 0.0000 -1.0000 -1.0000 -1.0000 -1.0000 1.8971 1.4393 4.4394 4.0795 5.0831 0.7182 -3.1286 0.5281
Car 0.0000 0 0.0000 -1.0000 -1.0000 -1.0000 -1.0000 2.0794 2.0036 4.9117 -25.8970 4.7060 0.9090 0.0134 0.5248
Car 0.0000 0 0.0000 -1.0000 -1.0000 -1.0000 -1.0000 2.1652 2.1206 5.0241 -33.1469 4.9303 0.9552 -0.0019 0.4582
Car 0.0000 0 0.0000 -1.0000 -1.0000 -1.0000 -1.0000 1.9139 1.4871 4.5427 -56.7131 4.7199 0.3878 -0.0006 0.4492
Car 0.0000 0 0.0000 -1.0000 -1.0000 -1.0000 -1.0000 1.8486 1.6048 4.4372 -72.9892 5.0662 0.3113 -0.0462 0.4458
Car 0.0000 0 0.0000 -1.0000 -1.0000 -1.0000 -1.0000 1.9001 1.4641 4.4411 -25.6180 -4.6899 0.5533 -2.6784 0.3886
Car 0.0000 0 0.0000 -1.0000 -1.0000 -1.0000 -1.0000 1.7206 1.5213 4.0419 21.8942 5.5739 0.9377 -3.1016 0.3476
Truck 0.0000 0 0.0000 -1.0000 -1.0000 -1.0000 -1.0000 2.9554 3.2551 9.1978 -14.6551 4.9266 1.5629 0.0115 0.7232
Tricar 0.0000 0 0.0000 -1.0000 -1.0000 -1.0000 -1.0000 1.3742 1.6880 3.6721 10.7744 5.0418 0.8678 3.0874 0.7408
Tricar 0.0000 0 0.0000 -1.0000 -1.0000 -1.0000 -1.0000 1.1928 1.6514 3.0137 19.2925 -4.9026 0.9212 -3.1289 0.3712
Tricar 0.0000 0 0.0000 -1.0000 -1.0000 -1.0000 -1.0000 1.3029 1.7037 2.9477 -13.4309 11.8719 0.7151 -3.1339 0.3630
Cyclist 0.0000 0 0.0000 -1.0000 -1.0000 -1.0000 -1.0000 0.7271 1.5694 1.6976 -25.2396 -1.6674 0.6733 -3.1076 0.4280
Pedestrian 0.0000 0 0.0000 -1.0000 -1.0000 -1.0000 -1.0000 0.6880 1.6511 0.6201 22.0279 -4.5779 0.9017 -0.0149 0.4764
