Car 0.0000 0 0.0000 -1.0000 -1.0000 -1.0000 -1.0000 1.9382 1.6170 4.4839 -4.3718 18.5720 0.7987 -0.3764 0.7340
Car 0.0000 0 0.0000 -1.0000 -1.0000 -1.0000 -1.0000 1.9219 1.4554 4.4492 36.8800 -4.0998 0.8066 0.0001 0.6870
Car 0.0000 0 0.0000 -1.0000 -1.0000 -1.0000 -1.0000 1.9748 1.7680 4.6574 -6.6992 8.0059 0.8572 3.1197 0.6692
Car 0.0000 0 0.0000 -1.0000 -1.0000 -1.0000 -1.0000 2.0529 1.9072 4.7585 20.7829 10.6364 0.9534 3.1250 0.6151
Car 0.0000 0 0.0000 -1.0000 -1.0000 -1.0000 -1.0000 1.9865 1.5575 4.6582 -33.3894 11.1164 0.6468 -3.1331 0.5871
Car 0.0000 0 0.0000 -1.0000 -1.0000 -1.0000 -1.0000 2.1075 1.6977 4.7758 -28.8877 -0.2534 0.7716 -3.1360 0.5840
Car 0.0000 0 0.0000 -1.0000 -1.0000 -1.0000 -1.0000 1.9174 1.4926 4.4451 -62.4452 9.1504 0.6381 -3.1149 0.5590
Car 0.0000 0 0.0000 -1.0000 -1.0000 -1.0000 -1.0000 1.9191 1.5767 4.5964 17.7195 -29.5348 1.5325 1.7709 0.5064
Car 0.0000 0 0.0000 -1.0000 -1.0000 -1.0000 -1.0000 1.9759 1.9044 4.6524 9.2672 -15.1647 1.1458 1.5898 0.4833
Car 0.0000 0 0.0000 -1.0000 -1.0000 -1.0000 -1.0000 1.9029 1.5257 4.5710 -8.6560 -25.4628 1.5356 1.7428 0.4808
Car 0.0000 0 0.0000 -1.0000 -1.0000 -1.0000 -1.0000 1.9365 1.7056 4.6258 56.6075 -9.8438 0.5941 1.4838 0.4696
Car 0.0000 0 0.0000 -1.0000 -1.0000 -1.0000 -1.0000 2.0294 1.5969 4.7085 -1.8684 -5.2774 0.8239 -2.5563 0.4612
Car 0.0000 0 0.0000 -1.0000 -1.0000 -1.0000 -1.0000 1.9355 1.4989 4.6194 3.9981 -24.3550 1.2522 -1.5413 0.4597
Car 0.0000 0 0.0000 -1.0000 -1.0000 -1.0000 -1.0000 1.8844 1.4970 4.5284 -4.9659 -37.3772 1.7054 1.7397 0.4586
Car 0.0000 0 0.0000 -1.0000 -1.0000 -1.0000 -1.0000 1.8868 1.5073 4.5348 3.5188 -16.5504 0.9890 1.5693 0.4383
Car 0.0000 0 0.0000 -1.0000 -1.0000 -1.0000 -1.0000 1.9119 1.5802 4.6290 8.5454 -35.7479 1.6400 1.6833 0.4327
Car 0.0000 0 0.0000 -1.0000 -1.0000 -1.0000 -1.0000 1.9338 1.7517 4.5855 -2.0367 -19.0548 1.2548 1.5893 0.3847
Car 0.0000 0 0.0000 -1.0000 -1.0000 -1.0000 -1.0000 1.8873 1.5590 4.6100 1.3360 -37.0008 1.7214 1.6616 0.3800
Car 0.0000 0 0.0000 -1.0000 -1.0000 -1.0000 -1.0000 1.8754 1.4638 4.5417 5.1993 -35.7411 1.6048 1.6890 0.3786
Car 0.0000 0 0.0000 -1.0000 -1.0000 -1.0000 -1.0000 2.0560 1.8220 4.7284 -17.1925 11.3206 0.8434 -0.0038 0.3765
Car 0.0000 0 0.0000 -1.0000 -1.0000 -1.0000 -1.0000 1.9213 1.6269 4.6070 -2.8444 -36.8871 1.7844 1.6721 0.3601
Car 0.0000 0 0.0000 -1.0000 -1.0000 -1.0000 -1.0000 1.9375 1.5062 4.6526 9.3621 -21.3054 1.1453 1.5949 0.3268
Car 0.0000 0 0.0000 -1.0000 -1.0000 -1.0000 -1.0000 1.9272 1.6484 4.6395 75.1270 25.3876 0.9543 -1.6015 0.3206
