Car 0.0000 0 0.0000 -1.0000 -1.0000 -1.0000 -1.0000 1.9901 1.7060 4.6019 -8.4085 6.6997 0.7635 0.0684 0.7382
Car 0.0000 0 0.0000 -1.0000 -1.0000 -1.0000 -1.0000 1.9839 1.4405 4.6392 25.5965 9.7159 0.6309 0.0921 0.7266
Car 0.0000 0 0.0000 -1.0000 -1.0000 -1.0000 -1.0000 1.9639 1.6218 4.6469 -11.8371 -25.4932 1.1618 1.9552 0.5860
Car 0.0000 0 0.0000 -1.0000 -1.0000 -1.0000 -1.0000 1.9671 1.7260 4.5936 18.9190 8.8495 0.7981 0.0582 0.5558
Car 0.0000 0 0.0000 -1.0000 -1.0000 -1.0000 -1.0000 1.9041 1.4647 4.5656 -54.0459 31.6379 0.0618 -1.2065 0.4956
Car 0.0000 0 0.0000 -1.0000 -1.0000 -1.0000 -1.0000 1.9914 1.6676 4.7304 -56.9320 30.1925 0.1897 -1.1838 0.4684
Car 0.0000 0 0.0000 -1.0000 -1.0000 -1.0000 -1.0000 1.9370 1.5741 4.6900 -16.8033 -35.3827 1.2891 1.8498 0.4061
Car 0.0000 0 0.0000 -1.0000 -1.0000 -1.0000 -1.0000 1.9398 1.8432 4.5915 -1.4500 6.6869 0.8698 0.1046 0.3379
Truck 0.0000 0 0.0000 -1.0000 -1.0000 -1.0000 -1.0000 2.0958 2.0433 5.3497 8.4141 7.8339 1.0428 0.0722 0.5944
Truck 0.0000 0 0.0000 -1.0000 -1.0000 -1.0000 -1.0000 2.8520 3.3963 10.2847 63.5601 4.5619 1.8439 0.0918 0.5635
Truck 0.0000 0 0.0000 -1.0000 -1.0000 -1.0000 -1.0000 2.4736 2.4244 6.5916 8.1626 -1.7390 1.2450 -2.9773 0.4876
Truck 0.0000 0 0.0000 -1.0000 -1.0000 -1.0000 -1.0000 2.7396 2.8987 8.2814 -60.3453 38.8289 0.6955 -1.1877 0.4505
Truck 0.0000 0 0.0000 -1.0000 -1.0000 -1.0000 -1.0000 3.0444 3.6636 13.4360 -10.7339 -35.4522 2.2478 1.9720 0.4050
Truck 0.0000 0 0.0000 -1.0000 -1.0000 -1.0000 -1.0000 1.7899 1.8157 4.3860 31.2679 0.7392 0.9765 0.1286 0.3990
Truck 0.0000 0 0.0000 -1.0000 -1.0000 -1.0000 -1.0000 2.0281 2.0546 5.1524 2.8474 7.7396 0.9623 0.0633 0.3722
Truck 0.0000 0 0.0000 -1.0000 -1.0000 -1.0000 -1.0000 2.3197 2.5302 5.9366 -66.6294 -4.2902 1.1126 2.9492 0.3692
Truck 0.0000 0 0.0000 -1.0000 -1.0000 -1.0000 -1.0000 1.9377 1.9336 4.7545 13.3958 8.5233 0.9566 0.0536 0.3561
Truck 0.0000 0 0.0000 -1.0000 -1.0000 -1.0000 -1.0000 1.7807 1.8490 4.3246 38.7200 3.1242 0.9624 0.0952 0.3557
Truck 0.0000 0 0.0000 -1.0000 -1.0000 -1.0000 -1.0000 2.3959 2.5017 6.6572 -61.4731 -1.0992 1.0037 -0.1401 0.3475
Tricar 0.0000 0 0.0000 -1.0000 -1.0000 -1.0000 -1.0000 1.3565 1.7743 3.2767 -46.4291 -29.6952 1.0882 1.9745 0.4529
Cyclist 0.0000 0 0.0000 -1.0000 -1.0000 -1.0000 -1.0000 0.7601 1.5814 1.7324 -8.6476 12.9593 0.5011 -3.0879 0.6702
Cyclist 0.0000 0 0.0000 -1.0000 -1.0000 -1.0000 -1.0000 0.8255 1.5229 1.8666 -16.2756 1.4989 0.7475 2.1322 0.5844
Cyclist 0.0000 0 0.0000 -1.0000 -1.0000 -1.0000 -1.0000 0.7529 1.4764 1.7869 -4.3275 -18.2260 0.8825 1.8611 0.5156
Cyclist 0.0000 0 0.0000 -1.0000 -1.0000 -1.0000 -1.0000 0.6890 1.4516 1.7178 -5.4819 -23.7462 0.9541 1.8747 0.4383
Cyclist 0.0000 0 0.0000 -1.0000 -1.0000 -1.0000 -1.0000 0.7400 1.4808 1.7705 -52.5114 -8.9796 0.4527 -1.0958 0.4305
Cyclist 0.0000 0 0.0000 -1.0000 -1.0000 -1.0000 -1.0000 0.8115 1.5055 1.8827 -3.5470 14.8996 0.3878 0.0026 0.3884
