Car 0.0000 0 0.0000 -1.0000 -1.0000 -1.0000 -1.0000 2.0378 1.6517 4.6954 32.2453 5.2440 1.5645 3.1228 0.6224
Car 0.0000 0 0.0000 -1.0000 -1.0000 -1.0000 -1.0000 2.0339 1.4548 4.6296 -28.7647 -0.5753 0.6065 -0.0203 0.6026
Car 0.0000 0 0.0000 -1.0000 -1.0000 -1.0000 -1.0000 2.1110 1.9058 4.9243 -0.0805 4.6401 0.9653 3.1350 0.5253
Car 0.0000 0 0.0000 -1.0000 -1.0000 -1.0000 -1.0000 1.9286 1.4943 4.5671 0.3615 12.4231 0.6906 -1.2122 0.5077
Car 0.0000 0 0.0000 -1.0000 -1.0000 -1.0000 -1.0000 1.9082 1.5916 4.5368 65.5542 4.6575 1.8640 -0.3158 0.4436
Car 0.0000 0 0.0000 -1.0000 -1.0000 -1.0000 -1.0000 1.9063 1.7311 4.5824 52.2989 0.4449 1.6956 -3.1084 0.3730
Truck 0.0000 0 0.0000 -1.0000 -1.0000 -1.0000 -1.0000 2.7451 3.1068 9.1477 77.3688 -13.0030 1.8846 3.0036 0.3036
Tricar 0.0000 0 0.0000 -1.0000 -1.0000 -1.0000 -1.0000 1.3970 1.8959 3.4124 10.7863 8.9924 1.1600 3.1250 0.6937
Cyclist 0.0000 0 0.0000 -1.0000 -1.0000 -1.0000 -1.0000 0.7210 1.4742 1.7267 -15.7100 8.7734 0.5811 -3.1220 0.4842
Cyclist 0.0000 0 0.0000 -1.0000 -1.0000 -1.0000 -1.0000 0.7089 1.2638 1.6993 33.6172 -4.8436 1.2782 0.0519 0.3749
Cyclist 0.0000 0 0.0000 -1.0000 -1.0000 -1.0000 -1.0000 0.7385 1.5304 1.6867 19.2420 -4.4604 1.1264 0.0177 0.3640
Pedestrian 0.0000 0 0.0000 -1.0000 -1.0000 -1.0000 -1.0000 0.7188 1.6651 0.6958 30.0880 12.0657 1.5987 3.1304 0.3289
