Car 0.0000 0 0.0000 -1.0000 -1.0000 -1.0000 -1.0000 1.9025 1.4490 4.5207 -67.4546 -4.7087 0.6228 -3.0984 0.6680
Car 0.0000 0 0.0000 -1.0000 -1.0000 -1.0000 -1.0000 1.9012 1.5312 4.5029 -71.8227 4.7894 0.6684 -3.1106 0.5957
Car 0.0000 0 0.0000 -1.0000 -1.0000 -1.0000 -1.0000 1.8958 1.5023 4.4704 -24.3482 14.0974 0.4975 -1.5340 0.5495
Car 0.0000 0 0.0000 -1.0000 -1.0000 -1.0000 -1.0000 1.9635 1.4379 4.5377 11.4697 4.7414 0.7363 -2.0446 0.5125
Car 0.0000 0 0.0000 -1.0000 -1.0000 -1.0000 -1.0000 1.8269 1.6919 4.2715 -18.1685 4.7244 0.7655 1.5457 0.3980
Car 0.0000 0 0.0000 -1.0000 -1.0000 -1.0000 -1.0000 1.8830 1.6194 4.5415 23.7157 -12.6189 0.9215 -2.6499 0.3171
Truck 0.0000 0 0.0000 -1.0000 -1.0000 -1.0000 -1.0000 2.6862 3.0874 7.2503 52.4698 27.5029 1.1188 -3.0806 0.3402
Tricar 0.0000 0 0.0000 -1.0000 -1.0000 -1.0000 -1.0000 1.3237 1.7120 3.0857 33.3962 1.3289 0.9436 2.9233 0.6211
Tricar 0.0000 0 0.0000 -1.0000 -1.0000 -1.0000 -1.0000 1.2817 1.7048 3.1513 9.0523 8.2299 0.8078 1.2598 0.4608
Tricar 0.0000 0 0.0000 -1.0000 -1.0000 -1.0000 -1.0000 1.2784 1.6471 3.1093 -18.1325 4.8588 0.7427 1.6976 0.4509
Tricar 0.0000 0 0.0000 -1.0000 -1.0000 -1.0000 -1.0000 1.2378 1.6037 2.8786 24.3110 25.2030 0.5929 0.2253 0.3914
Tricar 0.0000 0 0.0000 -1.0000 -1.0000 -1.0000 -1.0000 1.2557 1.6545 2.9675 -31.4980 6.3068 0.6829 1.5809 0.3535
Tricar 0.0000 0 0.0000 -1.0000 -1.0000 -1.0000 -1.0000 1.2155 1.5929 2.7626 -5.0070 6.6851 0.7416 -0.4277 0.3529
Tricar 0.0000 0 0.0000 -1.0000 -1.0000 -1.0000 -1.0000 1.3290 1.6846 3.3573 -8.3461 7.9063 0.7307 1.9840 0.3227
Tricar 0.0000 0 0.0000 -1.0000 -1.0000 -1.0000 -1.0000 1.4420 1.8715 3.4587 -25.2355 5.9818 0.8444 1.5323 0.3196
Tricar 0.0000 0 0.0000 -1.0000 -1.0000 -1.0000 -1.0000 1.2526 1.7000 2.9295 12.0767 -5.6276 0.9087 -2.0834 0.3171
Tricar 0.0000 0 0.0000 -1.0000 -1.0000 -1.0000 -1.0000 1.1311 1.5854 2.4846 27.1360 17.5438 0.6484 0.2350 0.3069
Cyclist 0.0000 0 0.0000 -1.0000 -1.0000 -1.0000 -1.0000 0.7496 1.5683 1.7028 9.3843 -0.9327 0.7735 3.0953 0.6359
Cyclist 0.0000 0 0.0000 -1.0000 -1.0000 -1.0000 -1.0000 0.8346 1.5425 1.8498 11.8592 -2.2190 0.7849 -0.3173 0.5389
Cyclist 0.0000 0 0.0000 -1.0000 -1.0000 -1.0000 -1.0000 0.7518 1.4837 1.7454 -39.6098 -11.2845 0.6822 -0.1399 0.4937
Cyclist 0.0000 0 0.0000 -1.0000 -1.0000 -1.0000 -1.0000 0.7380 1.4991 1.7558 -45.3962 -4.5334 0.7471 -1.8388 0.4525
Cyclist 0.0000 0 0.0000 -1.0000 -1.0000 -1.0000 -1.0000 0.6646 1.1815 1.7066 -41.6247 -4.6305 0.5401 1.6132 0.4108
Cyclist 0.0000 0 0.0000 -1.0000 -1.0000 -1.0000 -1.0000 0.7023 1.3189 1.7369 -27.8686 -5.5627 0.6649 -1.4831 0.4030
Cyclist 0.0000 0 0.0000 -1.0000 -1.0000 -1.0000 -1.0000 0.7188 1.3993 1.7356 22.0245 27.9152 0.4545 -1.5449 0.3953
Cyclist 0.0000 0 0.0000 -1.0000 -1.0000 -1.0000 -1.0000 0.8198 1.5878 1.8001 28.3622 -3.3332 0.9548 3.1252 0.3846
Cyclist 0.0000 0 0.0000 -1.0000 -1.0000 -1.0000 -1.0000 0.6728 1.1343 1.7116 44.7621 5.0944 0.4467 1.4836 0.3724
Cyclist 0.0000 0 0.0000 -1.0000 -1.0000 -1.0000 -1.0000 0.7995 1.5235 1.8631 1.3326 8.2933 0.6740 1.3914 0.3680
Cyclist 0.0000 0 0.0000 -1.0000 -1.0000 -1.0000 -1.0000 0.7324 1.4514 1.7046 8.1709 -4.3704 0.7588 1.3026 0.3602
Cyclist 0.0000 0 0.0000 -1.0000 -1.0000 -1.0000 -1.0000 0.6906 1.1818 1.7508 -14.6085 -4.1657 0.6410 1.4417 0.3587
Cyclist 0.0000 0 0.0000 -1.0000 -1.0000 -1.0000 -1.0000 0.6809 1.3904 1.6819 -25.8418 -14.8709 0.5254 0.1247 0.3575
Cyclist 0.0000 0 0.0000 -1.0000 -1.0000 -1.0000 -1.0000 0.6621 1.1541 1.7004 -15.4768 -4.7726 0.5994 1.4077 0.3522
Cyclist 0.0000 0 0.0000 -1.0000 -1.0000 -1.0000 -1.0000 0.9170 1.5969 1.9647 27.0359 17.3411 0.6574 0.2097 0.3514
Cyclist 0.0000 0 0.0000 -1.0000 -1.0000 -1.0000 -1.0000 0.7179 1.1556 1.7408 48.1237 24.9954 0.1769 2.7592 0.3504
Cyclist 0.0000 0 0.0000 -1.0000 -1.0000 -1.0000 -1.0000 0.7313 1.5206 1.6977 24.6665 22.6769 0.5397 -3.0333 0.3455
Cyclist 0.0000 0 0.0000 -1.0000 -1.0000 -1.0000 -1.0000 0.7136 1.2356 1.7365 -13.1137 5.3853 0.4730 1.6813 0.3417
Cyclist 0.0000 0 0.0000 -1.0000 -1.0000 -1.0000 -1.0000 0.6861 1.2077 1.6899 -10.3603 5.1859 0.5070 1.8413 0.3329
Cyclist 0.0000 0 0.0000 -1.0000 -1.0000 -1.0000 -1.0000 0.9282 1.6134 1.9321 -16.5974 1.3919 0.7548 0.1526 0.3289
Cyclist 0.0000 0 0.0000 -1.0000 -1.0000 -1.0000 -1.0000 0.7641 1.5324 1.7356 17.8219 30.4178 0.4662 -1.7586 0.3236
Cyclist 0.0000 0 0.0000 -1.0000 -1.0000 -1.0000 -1.0000 0.7726 1.4521 1.7812 -6.7081 -3.6248 0.7137 -1.2717 0.3115
Pedestrian 0.0000 0 0.0000 -1.0000 -1.0000 -1.0000 -1.0000 0.6810 1.7167 0.5845 12.5073 -8.2440 1.0296 2.6983 0.5373
Pedestrian 0.0000 0 0.0000 -1.0000 -1.0000 -1.0000 -1.0000 0.6613 1.6002 0.5901 1.4236 14.6039 0.6753 -2.5480 0.5328
Pedestrian 0.0000 0 0.0000 -1.0000 -1.0000 -1.0000 -1.0000 0.6699 1.5643 0.6414 -12.0694 -4.8033 0.8075 -1.7705 0.3594
Pedestrian 0.0000 0 0.0000 -1.0000 -1.0000 -1.0000 -1.0000 0.6804 1.6452 0.6018 27.7616 -18.5871 0.8499 2.5350 0.3554
Pedestrian 0.0000 0 0.0000 -1.0000 -1.0000 -1.0000 -1.0000 0.6792 1.6430 0.5906 6.7368 24.1154 0.6621 -1.9398 0.3491
Pedestrian 0.0000 0 0.0000 -1.0000 -1.0000 -1.0000 -1.0000 0.6476 1.4729 0.5737 2.8686 14.3272 0.5690 -2.8155 0.3314
Pedestrian 0.0000 0 0.0000 -1.0000 -1.0000 -1.0000 -1.0000 0.6757 1.6418 0.6203 -10.8151 -4.4970 0.8691 -1.6685 0.3271
Pedestrian 0.0000 0 0.0000 -1.0000 -1.0000 -1.0000 -1.0000 0.6849 1.6845 0.5932 6.3938 -6.7676 0.9299 0.1014 0.3146
Pedestrian 0.0000 0 0.0000 -1.0000 -1.0000 -1.0000 -1.0000 0.6533 1.6178 0.5600 -1.1572 16.2570 0.8278 0.5838 0.3127
