Car 0.0000 0 0.0000 -1.0000 -1.0000 -1.0000 -1.0000 2.0252 1.6915 4.5553 17.4282 6.6350 0.9888 -0.0116 0.7493
Car 0.0000 0 0.0000 -1.0000 -1.0000 -1.0000 -1.0000 1.9931 1.5780 4.5986 -23.2855 6.6703 0.6018 -0.0104 0.7211
Car 0.0000 0 0.0000 -1.0000 -1.0000 -1.0000 -1.0000 1.8640 1.4058 4.4061 23.7020 6.7881 0.9393 -3.1332 0.7069
Car 0.0000 0 0.0000 -1.0000 -1.0000 -1.0000 -1.0000 2.0184 1.8487 4.7770 35.3949 6.6207 1.4342 0.0465 0.6923
Car 0.0000 0 0.0000 -1.0000 -1.0000 -1.0000 -1.0000 1.9545 1.6040 4.5892 -46.4377 6.3507 0.5204 -0.0042 0.6670
Car 0.0000 0 0.0000 -1.0000 -1.0000 -1.0000 -1.0000 1.8874 1.5489 4.4828 -34.0540 6.5841 0.4724 -0.0128 0.5581
Car 0.0000 0 0.0000 -1.0000 -1.0000 -1.0000 -1.0000 1.8220 1.8083 4.2090 29.3909 7.0585 1.2877 -3.1118 0.5400
Car 0.0000 0 0.0000 -1.0000 -1.0000 -1.0000 -1.0000 2.0111 1.7129 4.7809 -17.6364 6.6074 0.7069 3.1335 0.5100
Car 0.0000 0 0.0000 -1.0000 -1.0000 -1.0000 -1.0000 1.9048 1.5499 4.5603 -52.0214 6.2926 0.4732 -3.1368 0.5031
Car 0.0000 0 0.0000 -1.0000 -1.0000 -1.0000 -1.0000 1.8983 1.5523 4.4606 41.7441 6.6866 1.2709 -3.1377 0.5025
Car 0.0000 0 0.0000 -1.0000 -1.0000 -1.0000 -1.0000 1.8638 1.5321 4.4891 -40.5849 6.4126 0.4698 -0.0343 0.4692
Car 0.0000 0 0.0000 -1.0000 -1.0000 -1.0000 -1.0000 1.8700 1.4587 4.4722 47.3222 6.4083 1.2516 -3.1327 0.4369
Car 0.0000 0 0.0000 -1.0000 -1.0000 -1.0000 -1.0000 2.0054 1.5962 4.7100 -57.8468 6.5150 0.5074 -3.0962 0.3572
Car 0.0000 0 0.0000 -1.0000 -1.0000 -1.0000 -1.0000 1.9167 1.6920 4.5481 53.1487 6.7075 1.5120 -3.0491 0.3188
Truck 0.0000 0 0.0000 -1.0000 -1.0000 -1.0000 -1.0000 2.4810 2.3633 7.0097 -10.7925 6.6821 1.0729 -0.0019 0.4795
Cyclist 0.0000 0 0.0000 -1.0000 -1.0000 -1.0000 -1.0000 0.7965 1.4804 1.7988 33.0973 3.5069 1.2094 -3.1002 0.5842
