Car 0.0000 0 0.0000 -1.0000 -1.0000 -1.0000 -1.0000 2.0782 1.6873 4.7183 -15.7425 -1.3260 0.8859 0.3575 0.8287
Car 0.0000 0 0.0000 -1.0000 -1.0000 -1.0000 -1.0000 1.9702 1.4790 4.4859 15.6609 -1.1620 0.7589 3.0391 0.8225
Car 0.0000 0 0.0000 -1.0000 -1.0000 -1.0000 -1.0000 1.9603 1.4575 4.5488 8.9855 -4.5432 0.8585 -0.1089 0.8074
Car 0.0000 0 0.0000 -1.0000 -1.0000 -1.0000 -1.0000 2.0082 1.4977 4.6122 45.4377 -4.5583 0.9823 3.1212 0.7406
Car 0.0000 0 0.0000 -1.0000 -1.0000 -1.0000 -1.0000 1.8790 1.4272 4.4271 32.1721 4.5023 0.6322 3.0104 0.7224
Car 0.0000 0 0.0000 -1.0000 -1.0000 -1.0000 -1.0000 1.8949 1.4269 4.4776 -2.3454 6.8563 0.5132 3.1085 0.7157
Car 0.0000 0 0.0000 -1.0000 -1.0000 -1.0000 -1.0000 1.8875 1.4643 4.4445 15.1214 -4.6372 0.8666 -0.1071 0.6998
Car 0.0000 0 0.0000 -1.0000 -1.0000 -1.0000 -1.0000 1.9086 1.4135 4.4894 25.8516 6.1841 0.5831 -0.0640 0.6842
Car 0.0000 0 0.0000 -1.0000 -1.0000 -1.0000 -1.0000 1.9028 1.6145 4.4162 26.1207 -5.3843 0.9697 -0.0088 0.6590
Car 0.0000 0 0.0000 -1.0000 -1.0000 -1.0000 -1.0000 1.9446 1.4511 4.5120 -1.2263 -4.0490 0.8178 -0.0642 0.6486
Car 0.0000 0 0.0000 -1.0000 -1.0000 -1.0000 -1.0000 1.9495 1.6392 4.6027 19.8818 -10.8217 1.4779 3.0778 0.6331
Car 0.0000 0 0.0000 -1.0000 -1.0000 -1.0000 -1.0000 2.1435 1.9424 4.9267 -21.3570 -5.0119 1.0472 -2.4574 0.6170
Car 0.0000 0 0.0000 -1.0000 -1.0000 -1.0000 -1.0000 1.9949 1.8033 4.6606 14.0479 -10.6269 1.6003 -0.0165 0.6026
Car 0.0000 0 0.0000 -1.0000 -1.0000 -1.0000 -1.0000 1.8802 1.4751 4.5008 -45.3593 -0.9649 0.6728 -1.6834 0.6016
Car 0.0000 0 0.0000 -1.0000 -1.0000 -1.0000 -1.0000 1.8916 1.4766 4.4864 37.6542 1.1197 0.8244 3.0871 0.6011
Car 0.0000 0 0.0000 -1.0000 -1.0000 -1.0000 -1.0000 1.8950 1.4758 4.4350 21.1531 -5.0588 0.9037 3.0086 0.5787
Car 0.0000 0 0.0000 -1.0000 -1.0000 -1.0000 -1.0000 2.0458 1.7867 4.9215 -51.0234 -0.6763 0.9276 -1.7961 0.5589
Car 0.0000 0 0.0000 -1.0000 -1.0000 -1.0000 -1.0000 1.8449 1.4163 4.4956 20.1451 6.7337 0.5271 0.0028 0.5578
Car 0.0000 0 0.0000 -1.0000 -1.0000 -1.0000 -1.0000 1.9378 1.6129 4.5499 6.6058 15.9684 0.7154 -1.3955 0.5363
Car 0.0000 0 0.0000 -1.0000 -1.0000 -1.0000 -1.0000 1.8959 1.5024 4.5257 51.9876 -6.6471 1.0001 -0.1535 0.4907
Car 0.0000 0 0.0000 -1.0000 -1.0000 -1.0000 -1.0000 1.9140 1.5872 4.5585 -37.7062 -27.1975 1.2534 1.5573 0.4887
Car 0.0000 0 0.0000 -1.0000 -1.0000 -1.0000 -1.0000 2.0276 1.4694 4.6066 27.0190 1.9787 0.7444 -0.0678 0.4279
Car 0.0000 0 0.0000 -1.0000 -1.0000 -1.0000 -1.0000 1.9053 1.7319 4.5986 9.9876 -13.3837 1.7312 1.4497 0.4114
Car 0.0000 0 0.0000 -1.0000 -1.0000 -1.0000 -1.0000 1.8610 1.4769 4.4518 -36.5625 12.0949 0.1472 -1.6614 0.4086
Car 0.0000 0 0.0000 -1.0000 -1.0000 -1.0000 -1.0000 1.9467 1.6116 4.6195 40.9178 5.3467 0.8025 -0.0036 0.3945
Car 0.0000 0 0.0000 -1.0000 -1.0000 -1.0000 -1.0000 1.8238 1.4463 4.4110 -12.8764 10.2061 0.4413 -3.0961 0.3717
Car 0.0000 0 0.0000 -1.0000 -1.0000 -1.0000 -1.0000 1.9420 1.4998 4.5326 35.5192 -1.6782 0.8607 3.0734 0.3605
Car 0.0000 0 0.0000 -1.0000 -1.0000 -1.0000 -1.0000 1.9167 1.4335 4.5954 36.5210 -5.7612 0.9588 3.0533 0.3220
Tricar 0.0000 0 0.0000 -1.0000 -1.0000 -1.0000 -1.0000 1.1227 1.6617 2.5705 12.0228 3.6488 0.7740 3.0183 0.4869
Cyclist 0.0000 0 0.0000 -1.0000 -1.0000 -1.0000 -1.0000 0.7931 1.5919 1.7873 -17.6772 5.4015 0.6746 0.1250 0.7165
Cyclist 0.0000 0 0.0000 -1.0000 -1.0000 -1.0000 -1.0000 0.7593 1.5337 1.7756 10.0597 13.8198 0.6303 1.5770 0.4525
Cyclist 0.0000 0 0.0000 -1.0000 -1.0000 -1.0000 -1.0000 0.7671 1.6108 1.7493 8.8479 6.6471 0.6797 0.2236 0.4259
Cyclist 0.0000 0 0.0000 -1.0000 -1.0000 -1.0000 -1.0000 0.7990 1.5502 1.8022 -33.0715 5.7704 0.5373 0.0515 0.4249
Cyclist 0.0000 0 0.0000 -1.0000 -1.0000 -1.0000 -1.0000 0.7917 1.5703 1.7471 14.0188 5.2325 0.6844 3.0129 0.3522
Cyclist 0.0000 0 0.0000 -1.0000 -1.0000 -1.0000 -1.0000 1.0496 1.6337 2.0926 12.0047 3.5620 0.7801 3.0713 0.3517
Cyclist 0.0000 0 0.0000 -1.0000 -1.0000 -1.0000 -1.0000 0.6683 1.1497 1.7069 4.9906 7.8487 0.4057 1.5156 0.3448
Pedestrian 0.0000 0 0.0000 -1.0000 -1.0000 -1.0000 -1.0000 0.6774 1.6363 0.6132 -29.0916 -4.6994 0.9247 0.0002 0.4432
Pedestrian 0.0000 0 0.0000 -1.0000 -1.0000 -1.0000 -1.0000 0.7114 1.6282 0.6698 8.7644 6.6323 0.6757 -2.9588 0.3777
