Car 0.0000 0 0.0000 -1.0000 -1.0000 -1.0000 -1.0000 1.9837 1.4447 4.5872 21.9309 9.8328 0.4030 0.0059 0.7783
Car 0.0000 0 0.0000 -1.0000 -1.0000 -1.0000 -1.0000 1.9881 1.5177 4.6096 49.0252 14.9200 0.3844 3.1374 0.7288
Car 0.0000 0 0.0000 -1.0000 -1.0000 -1.0000 -1.0000 2.0382 1.7446 4.6129 -4.3876 -3.7115 0.8864 -3.1323 0.7017
Car 0.0000 0 0.0000 -1.0000 -1.0000 -1.0000 -1.0000 1.8705 1.5091 4.3065 -12.6464 -7.4577 0.7695 3.1159 0.6661
Car 0.0000 0 0.0000 -1.0000 -1.0000 -1.0000 -1.0000 1.9874 1.5795 4.5945 35.9941 6.3481 0.5482 3.1177 0.6375
Car 0.0000 0 0.0000 -1.0000 -1.0000 -1.0000 -1.0000 1.9702 1.6031 4.5592 30.2456 14.1346 0.4016 -0.0196 0.6325
Car 0.0000 0 0.0000 -1.0000 -1.0000 -1.0000 -1.0000 1.9345 1.7727 4.4182 -22.5020 6.2484 0.7161 -3.1058 0.6257
Car 0.0000 0 0.0000 -1.0000 -1.0000 -1.0000 -1.0000 2.0110 1.5404 4.6173 45.2223 -11.6704 0.7007 3.1309 0.6249
Car 0.0000 0 0.0000 -1.0000 -1.0000 -1.0000 -1.0000 1.8641 1.5591 4.5004 83.0433 -4.4720 0.6993 3.0580 0.4381
Car 0.0000 0 0.0000 -1.0000 -1.0000 -1.0000 -1.0000 2.0581 2.3450 4.8770 -31.1177 10.2987 0.9293 -0.0206 0.3388
Truck 0.0000 0 0.0000 -1.0000 -1.0000 -1.0000 -1.0000 2.2154 2.1984 5.8128 -81.1004 -16.9720 0.8921 -3.1358 0.4180
