Car 0.0000 0 0.0000 -1.0000 -1.0000 -1.0000 -1.0000 1.9523 1.4631 4.4423 8.2297 3.4278 0.8448 3.1355 0.7806
Car 0.0000 0 0.0000 -1.0000 -1.0000 -1.0000 -1.0000 1.9826 1.4507 4.5469 41.2372 7.3989 1.0066 -3.1309 0.7434
Car 0.0000 0 0.0000 -1.0000 -1.0000 -1.0000 -1.0000 2.0271 1.6840 4.6354 -52.9808 0.4450 0.2146 0.0124 0.7089
Car 0.0000 0 0.0000 -1.0000 -1.0000 -1.0000 -1.0000 1.9283 1.5655 4.5585 46.6103 -27.5938 1.7716 1.3230 0.6498
Car 0.0000 0 0.0000 -1.0000 -1.0000 -1.0000 -1.0000 2.0342 1.5832 4.6592 67.0753 4.3894 1.3120 3.0259 0.6280
Car 0.0000 0 0.0000 -1.0000 -1.0000 -1.0000 -1.0000 1.9182 1.4890 4.4961 40.7296 34.6296 0.0270 -1.6675 0.6007
Car 0.0000 0 0.0000 -1.0000 -1.0000 -1.0000 -1.0000 2.0076 2.1860 4.6530 32.0777 8.3870 1.2194 0.0111 0.4563
Car 0.0000 0 0.0000 -1.0000 -1.0000 -1.0000 -1.0000 1.9211 1.5466 4.5722 42.3197 42.1300 -0.0841 -1.9847 0.3858
Car 0.0000 0 0.0000 -1.0000 -1.0000 -1.0000 -1.0000 1.9872 1.6637 4.6427 75.0178 3.9580 1.3912 3.0922 0.3383
Truck 0.0000 0 0.0000 -1.0000 -1.0000 -1.0000 -1.0000 3.0767 3.7111 12.4515 -46.0872 10.7362 1.2587 0.0135 0.7242
Cyclist 0.0000 0 0.0000 -1.0000 -1.0000 -1.0000 -1.0000 0.8162 1.5108 1.8723 -11.9077 19.3614 0.0052 -0.0560 0.5507
