Car 0.0000 0 0.0000 -1.0000 -1.0000 -1.0000 -1.0000 1.9902 1.4836 4.5973 8.8867 -2.3624 0.8856 0.1914 0.8118
Car 0.0000 0 0.0000 -1.0000 -1.0000 -1.0000 -1.0000 1.9641 1.4168 4.5585 12.7926 -6.9761 0.9588 0.4973 0.7785
Car 0.0000 0 0.0000 -1.0000 -1.0000 -1.0000 -1.0000 2.0150 1.6297 4.6559 19.9151 8.0361 1.2195 3.0863 0.7544
Car 0.0000 0 0.0000 -1.0000 -1.0000 -1.0000 -1.0000 2.1224 1.8690 4.8207 -40.8141 -0.7284 1.0120 -2.9147 0.7544
Car 0.0000 0 0.0000 -1.0000 -1.0000 -1.0000 -1.0000 1.9616 1.4131 4.5554 -24.5628 -1.2325 0.7742 0.0591 0.7154
Car 0.0000 0 0.0000 -1.0000 -1.0000 -1.0000 -1.0000 2.0170 1.7135 4.6994 24.0666 12.0255 1.3481 3.0180 0.7032
Car 0.0000 0 0.0000 -1.0000 -1.0000 -1.0000 -1.0000 2.0023 1.4601 4.6302 11.0955 9.0755 0.9214 3.1156 0.6815
Car 0.0000 0 0.0000 -1.0000 -1.0000 -1.0000 -1.0000 1.9942 1.6699 4.5812 -8.6889 10.0611 0.7805 0.0113 0.6779
Car 0.0000 0 0.0000 -1.0000 -1.0000 -1.0000 -1.0000 1.9907 1.5365 4.6022 28.1979 -1.0522 1.5353 2.9623 0.6601
Car 0.0000 0 0.0000 -1.0000 -1.0000 -1.0000 -1.0000 1.9751 1.5235 4.5839 -32.8831 13.8210 0.6477 -2.9977 0.6572
Car 0.0000 0 0.0000 -1.0000 -1.0000 -1.0000 -1.0000 1.8754 1.5111 4.4459 -18.0430 16.1964 0.5679 0.0904 0.6474
Car 0.0000 0 0.0000 -1.0000 -1.0000 -1.0000 -1.0000 1.9808 1.6641 4.6164 -22.3430 30.1756 0.6299 -1.4922 0.6433
Car 0.0000 0 0.0000 -1.0000 -1.0000 -1.0000 -1.0000 1.9722 1.4816 4.5127 15.3632 -1.3752 1.0487 2.9618 0.6425
Car 0.0000 0 0.0000 -1.0000 -1.0000 -1.0000 -1.0000 2.0015 1.7457 4.6145 -10.8731 2.1903 0.8516 0.0627 0.6300
Car 0.0000 0 0.0000 -1.0000 -1.0000 -1.0000 -1.0000 1.9611 1.6741 4.5389 -33.9213 -2.8657 0.9717 0.1921 0.6209
Car 0.0000 0 0.0000 -1.0000 -1.0000 -1.0000 -1.0000 1.9352 1.4921 4.5037 -9.8805 15.7053 0.5557 3.1206 0.6207
Car 0.0000 0 0.0000 -1.0000 -1.0000 -1.0000 -1.0000 1.9018 1.5907 4.5013 -4.6809 -17.9484 0.8987 1.2925 0.6202
Car 0.0000 0 0.0000 -1.0000 -1.0000 -1.0000 -1.0000 1.9351 1.4234 4.5214 3.3468 -5.6300 0.7755 0.5461 0.5807
Car 0.0000 0 0.0000 -1.0000 -1.0000 -1.0000 -1.0000 1.9892 1.4153 4.6205 -23.4776 1.7601 0.8024 0.0758 0.5799
Car 0.0000 0 0.0000 -1.0000 -1.0000 -1.0000 -1.0000 2.0036 1.9117 4.6153 -6.6156 18.9770 0.7906 3.1091 0.5705
Car 0.0000 0 0.0000 -1.0000 -1.0000 -1.0000 -1.0000 1.9900 1.7812 4.6458 -6.5886 -8.3158 0.9047 0.8712 0.5485
Car 0.0000 0 0.0000 -1.0000 -1.0000 -1.0000 -1.0000 1.8957 1.4861 4.5555 -8.2907 -31.0974 0.9799 1.4925 0.5478
Car 0.0000 0 0.0000 -1.0000 -1.0000 -1.0000 -1.0000 1.9082 1.5289 4.5684 33.1084 -4.2228 1.7603 2.9780 0.5477
Car 0.0000 0 0.0000 -1.0000 -1.0000 -1.0000 -1.0000 1.9228 1.5439 4.6128 -30.3286 -31.1524 1.3563 -1.6894 0.5401
Car 0.0000 0 0.0000 -1.0000 -1.0000 -1.0000 -1.0000 1.9059 1.4444 4.5231 -3.1531 -11.6051 0.7477 -2.0502 0.5390
Car 0.0000 0 0.0000 -1.0000 -1.0000 -1.0000 -1.0000 1.9372 1.4538 4.5279 -13.6107 12.5002 0.5818 -3.1047 0.5347
Car 0.0000 0 0.0000 -1.0000 -1.0000 -1.0000 -1.0000 1.8867 1.4974 4.4766 -45.0916 -4.6593 0.7831 -3.0447 0.5337
Car 0.0000 0 0.0000 -1.0000 -1.0000 -1.0000 -1.0000 2.1177 2.2685 4.8633 7.3097 2.1056 1.2205 3.1188 0.5126
Car 0.0000 0 0.0000 -1.0000 -1.0000 -1.0000 -1.0000 1.9242 1.4972 4.5664 -2.6409 9.9285 0.7211 3.1301 0.5080
Car 0.0000 0 0.0000 -1.0000 -1.0000 -1.0000 -1.0000 1.9449 1.4789 4.4983 21.4590 1.7664 1.2646 2.9448 0.4935
Car 0.0000 0 0.0000 -1.0000 -1.0000 -1.0000 -1.0000 1.9069 1.5877 4.5541 6.5452 14.6999 0.6976 3.1194 0.4434
Car 0.0000 0 0.0000 -1.0000 -1.0000 -1.0000 -1.0000 1.9237 1.5705 4.5879 -11.6888 -30.0841 1.0245 -1.6781 0.4263
Car 0.0000 0 0.0000 -1.0000 -1.0000 -1.0000 -1.0000 2.0745 1.6041 4.7447 -30.1924 17.3630 0.6449 -3.0416 0.4174
Car 0.0000 0 0.0000 -1.0000 -1.0000 -1.0000 -1.0000 1.9610 1.6017 4.7255 29.8637 21.6383 1.0589 3.0317 0.4016
Car 0.0000 0 0.0000 -1.0000 -1.0000 -1.0000 -1.0000 1.9186 1.5846 4.5674 -56.2196 -11.6012 0.6786 -0.2638 0.4006
Car 0.0000 0 0.0000 -1.0000 -1.0000 -1.0000 -1.0000 1.8806 1.4379 4.5265 -1.2654 -18.2422 0.7233 -1.8227 0.4006
Car 0.0000 0 0.0000 -1.0000 -1.0000 -1.0000 -1.0000 1.9733 1.9901 4.7773 -22.0122 -29.4692 1.4736 1.3578 0.3803
Car 0.0000 0 0.0000 -1.0000 -1.0000 -1.0000 -1.0000 1.9426 1.7079 4.6035 4.1557 17.7761 0.7112 3.0564 0.3752
Car 0.0000 0 0.0000 -1.0000 -1.0000 -1.0000 -1.0000 1.9383 1.5731 4.6369 21.5627 20.9037 1.0381 -3.1059 0.3717
Car 0.0000 0 0.0000 -1.0000 -1.0000 -1.0000 -1.0000 1.8885 1.4276 4.5321 -10.4694 -13.1786 0.7678 -2.0325 0.3559
Car 0.0000 0 0.0000 -1.0000 -1.0000 -1.0000 -1.0000 1.8936 1.5520 4.5847 -8.4134 -37.9784 1.1257 -1.6687 0.3408
Car 0.0000 0 0.0000 -1.0000 -1.0000 -1.0000 -1.0000 1.9197 1.6725 4.4902 -0.9736 15.0739 0.7364 3.1063 0.3233
Car 0.0000 0 0.0000 -1.0000 -1.0000 -1.0000 -1.0000 2.1441 1.9459 5.0025 -65.4320 1.7242 1.0016 0.2279 0.3210
Car 0.0000 0 0.0000 -1.0000 -1.0000 -1.0000 -1.0000 1.9239 1.5056 4.5715 15.6889 10.7758 1.0965 -0.2006 0.3097
Car 0.0000 0 0.0000 -1.0000 -1.0000 -1.0000 -1.0000 1.9030 1.6943 4.5415 -46.8999 4.1323 0.8454 -3.0107 0.3082
Car 0.0000 0 0.0000 -1.0000 -1.0000 -1.0000 -1.0000 1.8983 1.6088 4.5417 -20.3556 19.3358 0.6482 -3.0441 0.3069
Car 0.0000 0 0.0000 -1.0000 -1.0000 -1.0000 -1.0000 1.9079 1.6456 4.6320 39.4557 12.7266 1.5769 2.9969 0.3062
Truck 0.0000 0 0.0000 -1.0000 -1.0000 -1.0000 -1.0000 2.3225 2.2374 6.1751 -0.3739 4.9424 1.1649 3.1374 0.5640
Truck 0.0000 0 0.0000 -1.0000 -1.0000 -1.0000 -1.0000 2.6960 2.9608 7.4746 -29.3571 -21.2104 1.7864 1.4804 0.4875
Truck 0.0000 0 0.0000 -1.0000 -1.0000 -1.0000 -1.0000 2.6000 3.1165 6.2485 -37.1929 6.2194 1.6622 -2.8249 0.4289
Truck 0.0000 0 0.0000 -1.0000 -1.0000 -1.0000 -1.0000 1.9278 2.0274 4.8523 -11.0301 5.8165 1.0583 0.0320 0.4144
Truck 0.0000 0 0.0000 -1.0000 -1.0000 -1.0000 -1.0000 2.7172 3.1268 7.2257 -44.8891 26.3181 1.2284 -2.0406 0.3949
Truck 0.0000 0 0.0000 -1.0000 -1.0000 -1.0000 -1.0000 2.4184 2.4432 6.3602 -22.3738 -31.4907 1.7178 1.4611 0.3672
Truck 0.0000 0 0.0000 -1.0000 -1.0000 -1.0000 -1.0000 3.0380 3.8610 12.0479 -18.1437 36.4521 1.9158 1.5256 0.3112
Cyclist 0.0000 0 0.0000 -1.0000 -1.0000 -1.0000 -1.0000 0.7869 1.5811 1.7443 -42.6434 -9.7486 0.9102 0.2664 0.5893
Cyclist 0.0000 0 0.0000 -1.0000 -1.0000 -1.0000 -1.0000 0.8011 1.5839 1.7619 -32.5780 -6.6917 0.9366 0.2882 0.5283
Cyclist 0.0000 0 0.0000 -1.0000 -1.0000 -1.0000 -1.0000 0.7446 1.4625 1.7478 -0.7688 -8.1016 0.7191 -0.5924 0.5031
Cyclist 0.0000 0 0.0000 -1.0000 -1.0000 -1.0000 -1.0000 0.7824 1.6057 1.7067 -36.8585 -6.1465 0.9603 -2.8364 0.4972
Cyclist 0.0000 0 0.0000 -1.0000 -1.0000 -1.0000 -1.0000 0.8163 1.4673 1.8599 12.7593 -11.9436 1.0304 -2.6439 0.4500
Cyclist 0.0000 0 0.0000 -1.0000 -1.0000 -1.0000 -1.0000 0.7655 1.5625 1.7145 -69.1379 -18.8748 0.6456 0.2512 0.4130
Cyclist 0.0000 0 0.0000 -1.0000 -1.0000 -1.0000 -1.0000 0.8257 1.5967 1.8593 5.0814 32.8085 0.3241 0.6651 0.3991
Cyclist 0.0000 0 0.0000 -1.0000 -1.0000 -1.0000 -1.0000 0.7392 1.4314 1.7284 27.3544 -9.9361 1.5318 3.0837 0.3710
Cyclist 0.0000 0 0.0000 -1.0000 -1.0000 -1.0000 -1.0000 0.7559 1.5287 1.7211 29.5513 -11.1572 1.5974 3.0640 0.3506
Pedestrian 0.0000 0 0.0000 -1.0000 -1.0000 -1.0000 -1.0000 0.6847 1.6820 0.6375 -22.0594 -6.6313 1.0406 0.0177 0.6800
Pedestrian 0.0000 0 0.0000 -1.0000 -1.0000 -1.0000 -1.0000 0.6513 1.6254 0.5609 0.8379 -14.5528 0.8763 -3.0346 0.5657
Pedestrian 0.0000 0 0.0000 -1.0000 -1.0000 -1.0000 -1.0000 0.6950 1.6528 0.6502 4.3728 -11.7966 0.8714 3.0791 0.5145
