Car 0.0000 0 0.0000 -1.0000 -1.0000 -1.0000 -1.0000 1.9788 1.4109 4.5354 22.0747 -9.0210 0.8775 0.0337 0.8156
Car 0.0000 0 0.0000 -1.0000 -1.0000 -1.0000 -1.0000 1.9938 1.4209 4.5376 24.1660 -3.1900 0.8556 -3.1320 0.7995
Car 0.0000 0 0.0000 -1.0000 -1.0000 -1.0000 -1.0000 1.9320 1.7630 4.4767 -2.9270 -9.1255 0.9593 0.0042 0.7009
Car 0.0000 0 0.0000 -1.0000 -1.0000 -1.0000 -1.0000 2.0863 1.4712 4.7346 -39.3119 -0.1682 0.7466 -3.1390 0.6923
Car 0.0000 0 0.0000 -1.0000 -1.0000 -1.0000 -1.0000 1.8940 1.4912 4.3653 35.9430 -2.8301 0.9961 3.1127 0.6501
Car 0.0000 0 0.0000 -1.0000 -1.0000 -1.0000 -1.0000 2.0065 1.9907 4.5708 18.5053 -0.2531 1.0811 -0.0017 0.6354
Car 0.0000 0 0.0000 -1.0000 -1.0000 -1.0000 -1.0000 1.9943 1.6746 4.6370 46.6394 -8.9653 1.3535 3.1117 0.6116
Car 0.0000 0 0.0000 -1.0000 -1.0000 -1.0000 -1.0000 1.9471 1.4693 4.5392 -27.8687 13.4700 0.2724 -0.0104 0.4676
Car 0.0000 0 0.0000 -1.0000 -1.0000 -1.0000 -1.0000 1.9151 1.7414 4.6049 70.2569 -33.2758 1.8385 1.5719 0.4152
Car 0.0000 0 0.0000 -1.0000 -1.0000 -1.0000 -1.0000 2.0000 2.0409 4.6679 49.5661 3.1435 1.3119 3.1049 0.3571
Car 0.0000 0 0.0000 -1.0000 -1.0000 -1.0000 -1.0000 1.9003 1.6753 4.6179 75.3786 -29.8332 1.7734 1.5824 0.3333
Truck 0.0000 0 0.0000 -1.0000 -1.0000 -1.0000 -1.0000 2.8951 3.4569 10.7774 77.7333 -16.1227 2.8567 1.6519 0.5267
Cyclist 0.0000 0 0.0000 -1.0000 -1.0000 -1.0000 -1.0000 0.8002 1.5739 1.7728 14.3349 -21.4343 1.2156 -0.1081 0.4600
