Car 0.0000 0 0.0000 -1.0000 -1.0000 -1.0000 -1.0000 2.0404 1.6111 4.7032 -29.0036 2.5570 0.8022 3.1169 0.7672
Car 0.0000 0 0.0000 -1.0000 -1.0000 -1.0000 -1.0000 1.9907 1.4460 4.5684 30.1608 12.9831 0.5841 0.0044 0.6959
Car 0.0000 0 0.0000 -1.0000 -1.0000 -1.0000 -1.0000 1.9679 1.6624 4.5748 -35.5802 14.0242 0.6748 0.0092 0.6789
Car 0.0000 0 0.0000 -1.0000 -1.0000 -1.0000 -1.0000 1.9103 1.4388 4.4279 -26.6514 10.5975 0.6552 0.0258 0.6143
Car 0.0000 0 0.0000 -1.0000 -1.0000 -1.0000 -1.0000 1.9054 1.4952 4.5131 -38.4463 -15.8157 0.6372 -1.2411 0.5715
Car 0.0000 0 0.0000 -1.0000 -1.0000 -1.0000 -1.0000 1.9495 1.5943 4.6079 -27.3314 -23.1572 0.7741 -1.8888 0.4882
Car 0.0000 0 0.0000 -1.0000 -1.0000 -1.0000 -1.0000 1.9048 1.6638 4.6179 62.1686 -33.8229 1.0118 1.5489 0.4535
Car 0.0000 0 0.0000 -1.0000 -1.0000 -1.0000 -1.0000 1.8726 1.5738 4.5441 51.0942 -33.7029 1.1376 1.5587 0.3912
Car 0.0000 0 0.0000 -1.0000 -1.0000 -1.0000 -1.0000 1.8953 1.4464 4.4443 -44.2468 -7.3916 0.6970 -0.3655 0.3559
Car 0.0000 0 0.0000 -1.0000 -1.0000 -1.0000 -1.0000 2.2512 2.3646 5.2184 -19.8224 -40.4389 1.4115 0.1443 0.3121
Car 0.0000 0 0.0000 -1.0000 -1.0000 -1.0000 -1.0000 1.9270 1.5405 4.5361 -54.8606 10.7488 0.7919 -0.0069 0.3076
Car 0.0000 0 0.0000 -1.0000 -1.0000 -1.0000 -1.0000 2.0643 1.5264 4.6873 -36.3612 0.0806 0.7569 -0.0659 0.3011
Truck 0.0000 0 0.0000 -1.0000 -1.0000 -1.0000 -1.0000 2.3119 2.2701 6.0703 -56.1826 14.3263 1.0976 -0.0183 0.5189
Truck 0.0000 0 0.0000 -1.0000 -1.0000 -1.0000 -1.0000 2.5772 2.4393 7.3980 1.1413 7.3687 1.2672 3.0854 0.4824
Truck 0.0000 0 0.0000 -1.0000 -1.0000 -1.0000 -1.0000 2.4083 2.2369 6.4677 -43.1611 28.0123 0.5449 -0.1523 0.4670
Truck 0.0000 0 0.0000 -1.0000 -1.0000 -1.0000 -1.0000 2.0760 2.1071 5.3635 9.4299 7.0140 1.0478 3.1040 0.3861
Truck 0.0000 0 0.0000 -1.0000 -1.0000 -1.0000 -1.0000 2.0032 2.0276 5.0297 -20.9677 -34.5727 0.9950 0.0601 0.3497
Truck 0.0000 0 0.0000 -1.0000 -1.0000 -1.0000 -1.0000 2.3221 2.2343 5.9943 -37.8254 29.8469 0.5321 -2.7760 0.3015
Tricar 0.0000 0 0.0000 -1.0000 -1.0000 -1.0000 -1.0000 1.4568 1.7152 3.6324 -12.0723 -34.4619 1.0053 0.1179 0.3311
Cyclist 0.0000 0 0.0000 -1.0000 -1.0000 -1.0000 -1.0000 0.7822 1.5726 1.7489 -50.7166 -10.7125 0.7176 -0.1183 0.5295
Cyclist 0.0000 0 0.0000 -1.0000 -1.0000 -1.0000 -1.0000 0.7996 1.5344 1.9105 -27.5813 23.9534 0.3314 -1.6441 0.5007
Cyclist 0.0000 0 0.0000 -1.0000 -1.0000 -1.0000 -1.0000 0.7493 1.5310 1.7650 -15.8421 26.4969 0.1999 1.5978 0.4815
Cyclist 0.0000 0 0.0000 -1.0000 -1.0000 -1.0000 -1.0000 0.7582 1.5389 1.7424 4.4163 -12.1803 0.7153 3.1217 0.4406
Cyclist 0.0000 0 0.0000 -1.0000 -1.0000 -1.0000 -1.0000 0.7713 1.5538 1.7887 -28.7929 30.3406 0.1478 -1.7555 0.4257
Cyclist 0.0000 0 0.0000 -1.0000 -1.0000 -1.0000 -1.0000 0.7643 1.5663 1.7511 -28.9228 39.1509 0.0923 -1.9575 0.4250
Cyclist 0.0000 0 0.0000 -1.0000 -1.0000 -1.0000 -1.0000 0.7422 1.5278 1.7235 -32.2237 -21.3763 0.6612 1.1721 0.4124
Cyclist 0.0000 0 0.0000 -1.0000 -1.0000 -1.0000 -1.0000 0.7336 1.4252 1.7505 -31.5013 -17.0299 0.5600 -1.8921 0.3966
Cyclist 0.0000 0 0.0000 -1.0000 -1.0000 -1.0000 -1.0000 0.7538 1.4963 1.7601 -27.6373 38.5366 -0.0042 -1.9247 0.3807
Cyclist 0.0000 0 0.0000 -1.0000 -1.0000 -1.0000 -1.0000 0.6678 1.2864 1.6864 -33.0207 -15.8423 0.5034 1.2040 0.3756
Cyclist 0.0000 0 0.0000 -1.0000 -1.0000 -1.0000 -1.0000 0.7983 1.5894 1.7799 -29.8182 36.5990 0.1093 1.0672 0.3469
