Car 0.0000 0 0.0000 -1.0000 -1.0000 -1.0000 -1.0000 2.0196 1.5273 4.6535 -7.0521 -6.8052 0.7785 0.0128 0.8270
Car 0.0000 0 0.0000 -1.0000 -1.0000 -1.0000 -1.0000 1.9919 1.5191 4.5784 -33.3486 -7.0163 0.8191 0.0184 0.8221
Car 0.0000 0 0.0000 -1.0000 -1.0000 -1.0000 -1.0000 2.0411 1.5993 4.5640 42.4773 -2.7529 0.8194 -3.1297 0.8218
Car 0.0000 0 0.0000 -1.0000 -1.0000 -1.0000 -1.0000 2.0206 1.6286 4.5905 -26.3101 -6.6735 0.8737 0.0002 0.8150
Car 0.0000 0 0.0000 -1.0000 -1.0000 -1.0000 -1.0000 2.0274 1.7418 4.5581 2.5984 -6.8069 0.9027 0.0460 0.8026
Car 0.0000 0 0.0000 -1.0000 -1.0000 -1.0000 -1.0000 2.0488 1.5110 4.7114 34.0327 14.1763 0.2439 -3.1414 0.7777
Car 0.0000 0 0.0000 -1.0000 -1.0000 -1.0000 -1.0000 2.0304 1.7372 4.6933 -13.7436 -10.3095 0.8649 -3.1336 0.6980
Car 0.0000 0 0.0000 -1.0000 -1.0000 -1.0000 -1.0000 2.1312 1.9530 4.8263 -15.0755 -6.6434 1.0252 -0.0196 0.6668
Car 0.0000 0 0.0000 -1.0000 -1.0000 -1.0000 -1.0000 1.9306 1.5454 4.4750 30.0925 -10.2427 0.7993 3.1122 0.6582
Car 0.0000 0 0.0000 -1.0000 -1.0000 -1.0000 -1.0000 1.9388 1.4880 4.5443 -50.7448 -7.1834 0.7978 0.0425 0.6569
Car 0.0000 0 0.0000 -1.0000 -1.0000 -1.0000 -1.0000 2.0581 1.9018 4.7781 7.1647 -10.0451 1.0123 -3.1282 0.6548
Car 0.0000 0 0.0000 -1.0000 -1.0000 -1.0000 -1.0000 1.9587 1.4698 4.4923 17.2705 -3.0305 0.7268 -3.1312 0.6533
Car 0.0000 0 0.0000 -1.0000 -1.0000 -1.0000 -1.0000 1.9478 1.4951 4.5855 70.1447 8.2673 0.3525 0.0461 0.6512
Car 0.0000 0 0.0000 -1.0000 -1.0000 -1.0000 -1.0000 1.9812 1.4787 4.5236 -41.8538 -6.7649 0.7833 -3.1285 0.6392
Car 0.0000 0 0.0000 -1.0000 -1.0000 -1.0000 -1.0000 1.9419 1.4836 4.5605 11.5485 -6.4605 0.7819 0.0622 0.5989
Car 0.0000 0 0.0000 -1.0000 -1.0000 -1.0000 -1.0000 1.9193 1.5372 4.5107 16.0763 -9.8244 0.8032 -3.1088 0.5625
Car 0.0000 0 0.0000 -1.0000 -1.0000 -1.0000 -1.0000 1.9739 1.4910 4.5961 -32.6138 -10.1672 0.7880 0.0723 0.5573
Car 0.0000 0 0.0000 -1.0000 -1.0000 -1.0000 -1.0000 2.0277 1.8074 4.5782 13.1656 0.0906 0.9169 -3.1293 0.5271
Car 0.0000 0 0.0000 -1.0000 -1.0000 -1.0000 -1.0000 2.0731 1.9131 4.7567 37.9772 7.4338 0.6921 -0.0345 0.5145
Car 0.0000 0 0.0000 -1.0000 -1.0000 -1.0000 -1.0000 2.0277 1.4940 4.5782 -9.5254 -0.2434 0.7506 -0.0120 0.5070
Car 0.0000 0 0.0000 -1.0000 -1.0000 -1.0000 -1.0000 2.0952 1.8924 4.9128 66.3835 15.5416 0.4101 0.1353 0.4971
Car 0.0000 0 0.0000 -1.0000 -1.0000 -1.0000 -1.0000 1.9416 1.5399 4.5916 -59.3898 -7.3500 0.7916 0.0718 0.4032
Car 0.0000 0 0.0000 -1.0000 -1.0000 -1.0000 -1.0000 1.8570 1.5605 4.5168 82.9106 -9.1926 0.4999 2.9992 0.3047
Car 0.0000 0 0.0000 -1.0000 -1.0000 -1.0000 -1.0000 1.9307 1.5374 4.5696 78.9831 4.6104 0.4573 3.0615 0.3045
Truck 0.0000 0 0.0000 -1.0000 -1.0000 -1.0000 -1.0000 2.9921 3.6345 11.9163 29.3656 -6.3479 1.8800 0.0307 0.6932
Truck 0.0000 0 0.0000 -1.0000 -1.0000 -1.0000 -1.0000 2.4518 2.2653 6.5853 -2.3533 -10.6724 1.1281 0.0374 0.5426
Truck 0.0000 0 0.0000 -1.0000 -1.0000 -1.0000 -1.0000 2.4153 2.5466 6.3045 -22.7502 -10.0171 1.3115 3.1383 0.3966
Pedestrian 0.0000 0 0.0000 -1.0000 -1.0000 -1.0000 -1.0000 0.7609 1.6960 0.7278 0.9613 28.9827 -0.0293 0.4983 0.3214
