Car 0.0000 0 0.0000 -1.0000 -1.0000 -1.0000 -1.0000 2.0416 1.4811 4.6798 4.7450 8.6856 0.7191 -3.1147 0.8147
Car 0.0000 0 0.0000 -1.0000 -1.0000 -1.0000 -1.0000 2.0330 1.4856 4.5971 -30.1261 0.8950 0.7020 -0.0538 0.8007
Car 0.0000 0 0.0000 -1.0000 -1.0000 -1.0000 -1.0000 1.9988 1.4427 4.5256 29.2271 0.5766 0.7825 -3.0844 0.7500
Car 0.0000 0 0.0000 -1.0000 -1.0000 -1.0000 -1.0000 1.9862 1.8357 4.5213 29.8506 8.8655 1.0047 -3.1196 0.7077
Car 0.0000 0 0.0000 -1.0000 -1.0000 -1.0000 -1.0000 1.9940 1.5525 4.6237 -56.6831 -0.4378 0.5356 -0.1457 0.6740
Car 0.0000 0 0.0000 -1.0000 -1.0000 -1.0000 -1.0000 2.0306 1.7087 4.6305 -6.6915 -3.8433 0.8214 -3.1391 0.5022
Car 0.0000 0 0.0000 -1.0000 -1.0000 -1.0000 -1.0000 1.9979 1.4787 4.5708 -4.1689 5.7867 0.7214 -0.0045 0.4603
Car 0.0000 0 0.0000 -1.0000 -1.0000 -1.0000 -1.0000 1.8986 1.5058 4.5340 -52.8836 3.0510 0.5290 -0.1621 0.4499
Car 0.0000 0 0.0000 -1.0000 -1.0000 -1.0000 -1.0000 1.9615 1.5535 4.6240 74.8072 10.0218 0.7916 -2.9556 0.4238
Car 0.0000 0 0.0000 -1.0000 -1.0000 -1.0000 -1.0000 1.9178 1.5064 4.5548 -70.0626 4.9488 0.4471 -0.1803 0.3791
Car 0.0000 0 0.0000 -1.0000 -1.0000 -1.0000 -1.0000 1.8524 1.6301 4.4213 68.0291 0.5988 0.7780 0.1776 0.3581
Car 0.0000 0 0.0000 -1.0000 -1.0000 -1.0000 -1.0000 1.9855 1.5880 4.7042 55.6185 11.1257 0.9627 -3.0602 0.3127
Truck 0.0000 0 0.0000 -1.0000 -1.0000 -1.0000 -1.0000 3.0037 3.5942 9.6648 -72.7775 1.3260 1.5581 -0.1753 0.5612
Truck 0.0000 0 0.0000 -1.0000 -1.0000 -1.0000 -1.0000 3.0637 4.0827 16.4490 14.4233 -4.2490 1.9482 0.0045 0.5202
Truck 0.0000 0 0.0000 -1.0000 -1.0000 -1.0000 -1.0000 2.2617 2.1497 5.8722 -19.1707 -1.5421 1.0360 3.1164 0.4949
