Car 0.0000 0 0.0000 -1.0000 -1.0000 -1.0000 -1.0000 1.9908 1.4306 4.6010 -29.5607 -0.5484 0.5663 -0.0168 0.7977
Car 0.0000 0 0.0000 -1.0000 -1.0000 -1.0000 -1.0000 1.9279 1.5543 4.4226 -11.8880 -1.0393 0.7953 -0.0163 0.7233
Car 0.0000 0 0.0000 -1.0000 -1.0000 -1.0000 -1.0000 1.9171 1.4622 4.4301 11.1210 -0.6050 0.8376 3.1237 0.7046
Car 0.0000 0 0.0000 -1.0000 -1.0000 -1.0000 -1.0000 2.1046 1.7797 4.8490 -41.2995 3.1881 0.6286 0.0129 0.6867
Car 0.0000 0 0.0000 -1.0000 -1.0000 -1.0000 -1.0000 1.9885 1.6023 4.6821 -37.7865 -0.4098 0.6385 -3.1021 0.5476
Car 0.0000 0 0.0000 -1.0000 -1.0000 -1.0000 -1.0000 1.9025 1.6708 4.4865 57.8707 -0.2844 0.9494 2.9755 0.4195
Car 0.0000 0 0.0000 -1.0000 -1.0000 -1.0000 -1.0000 1.9330 1.6795 4.5433 -19.7042 -9.4836 0.9440 -0.0253 0.4131
Car 0.0000 0 0.0000 -1.0000 -1.0000 -1.0000 -1.0000 1.9651 1.5136 4.6091 30.8255 -0.3786 0.7952 -0.0007 0.4039
Car 0.0000 0 0.0000 -1.0000 -1.0000 -1.0000 -1.0000 1.9254 1.5169 4.5529 -51.8629 0.9549 0.4328 -0.0133 0.3868
Car 0.0000 0 0.0000 -1.0000 -1.0000 -1.0000 -1.0000 1.9279 1.6733 4.6513 81.2836 2.7006 0.8858 0.0106 0.3485
Car 0.0000 0 0.0000 -1.0000 -1.0000 -1.0000 -1.0000 1.8839 1.5194 4.4643 17.4025 -9.3322 0.9123 -0.0016 0.3342
Car 0.0000 0 0.0000 -1.0000 -1.0000 -1.0000 -1.0000 1.8567 1.6077 4.5378 -37.0664 12.2475 0.3272 -3.1309 0.3189
Car 0.0000 0 0.0000 -1.0000 -1.0000 -1.0000 -1.0000 1.8736 1.4355 4.4745 -2.4754 -9.3832 0.8759 -0.0197 0.3158
Car 0.0000 0 0.0000 -1.0000 -1.0000 -1.0000 -1.0000 1.8966 1.6095 4.5725 23.1702 -9.1910 0.9867 -0.0458 0.3134
Car 0.0000 0 0.0000 -1.0000 -1.0000 -1.0000 -1.0000 1.8787 1.5563 4.4947 -27.0872 -11.9328 0.9137 1.4324 0.3075
Tricar 0.0000 0 0.0000 -1.0000 -1.0000 -1.0000 -1.0000 1.2903 1.7621 3.0022 -49.9441 -7.7777 0.7743 -0.0167 0.4661
Cyclist 0.0000 0 0.0000 -1.0000 -1.0000 -1.0000 -1.0000 0.7060 1.5082 1.6620 -5.2438 10.5373 0.4463 -3.1191 0.4197
Cyclist 0.0000 0 0.0000 -1.0000 -1.0000 -1.0000 -1.0000 0.6997 1.5076 1.6663 -13.7287 -7.2538 0.8198 3.1106 0.4143
Cyclist 0.0000 0 0.0000 -1.0000 -1.0000 -1.0000 -1.0000 0.7505 1.4332 1.7855 -26.5724 14.5178 0.2165 -1.1729 0.3960
Cyclist 0.0000 0 0.0000 -1.0000 -1.0000 -1.0000 -1.0000 0.7331 1.5022 1.7615 -12.3974 9.1309 0.4456 -0.0138 0.3914
Cyclist 0.0000 0 0.0000 -1.0000 -1.0000 -1.0000 -1.0000 0.7673 1.5490 1.7141 23.3289 -6.7401 0.9457 0.0304 0.3575
Cyclist 0.0000 0 0.0000 -1.0000 -1.0000 -1.0000 -1.0000 0.9296 1.6343 1.9199 16.8984 9.2249 0.8358 -3.1361 0.3459
Cyclist 0.0000 0 0.0000 -1.0000 -1.0000 -1.0000 -1.0000 0.6608 1.1619 1.7221 -6.2404 -11.9284 0.9024 1.6729 0.3382
Pedestrian 0.0000 0 0.0000 -1.0000 -1.0000 -1.0000 -1.0000 0.6862 1.6801 0.6221 3.3418 16.1722 0.7088 0.0055 0.4956
Pedestrian 0.0000 0 0.0000 -1.0000 -1.0000 -1.0000 -1.0000 0.7164 1.7393 0.6680 10.8519 16.7220 0.8057 -3.0793 0.4804
Pedestrian 0.0000 0 0.0000 -1.0000 -1.0000 -1.0000 -1.0000 0.6960 1.6293 0.6580 -2.2799 15.9421 0.4920 0.0285 0.4495
Pedestrian 0.0000 0 0.0000 -1.0000 -1.0000 -1.0000 -1.0000 0.6763 1.6534 0.5856 6.6204 -14.3275 1.3429 2.8250 0.4420
Pedestrian 0.0000 0 0.0000 -1.0000 -1.0000 -1.0000 -1.0000 0.6905 1.6653 0.6092 -6.2143 16.7259 0.5243 3.1270 0.4125
Pedestrian 0.0000 0 0.0000 -1.0000 -1.0000 -1.0000 -1.0000 0.6933 1.6607 0.6317 -3.0707 18.6611 0.5107 3.1331 0.3080
