Car 0.0000 0 0.0000 -1.0000 -1.0000 -1.0000 -1.0000 2.0404 1.7355 4.7155 -11.1951 -8.6077 0.9057 -1.5774 0.7551
Car 0.0000 0 0.0000 -1.0000 -1.0000 -1.0000 -1.0000 1.9794 1.6726 4.4911 21.5380 7.1711 0.8356 -0.0548 0.7318
Car 0.0000 0 0.0000 -1.0000 -1.0000 -1.0000 -1.0000 1.9512 1.5222 4.6179 3.2700 -9.2852 0.7793 1.5857 0.7100
Car 0.0000 0 0.0000 -1.0000 -1.0000 -1.0000 -1.0000 1.9108 1.4394 4.5629 -14.3967 -8.4475 0.7610 1.6100 0.6801
Car 0.0000 0 0.0000 -1.0000 -1.0000 -1.0000 -1.0000 1.9248 1.4365 4.5761 -6.2859 -8.5383 0.7274 1.6396 0.6780
Car 0.0000 0 0.0000 -1.0000 -1.0000 -1.0000 -1.0000 1.9443 1.4600 4.5975 -0.4717 -14.5280 0.9348 -1.5296 0.6725
Car 0.0000 0 0.0000 -1.0000 -1.0000 -1.0000 -1.0000 1.9475 1.4831 4.5869 9.0398 -9.2375 0.7915 -1.5447 0.6530
Car 0.0000 0 0.0000 -1.0000 -1.0000 -1.0000 -1.0000 1.9135 1.6311 4.5603 -17.7054 -8.9605 0.8476 1.5702 0.6403
Car 0.0000 0 0.0000 -1.0000 -1.0000 -1.0000 -1.0000 1.9618 1.8736 4.6168 -11.1395 -14.2421 1.1438 1.6208 0.5654
Car 0.0000 0 0.0000 -1.0000 -1.0000 -1.0000 -1.0000 1.9114 1.5161 4.5608 -23.4534 -8.9815 0.7690 1.6103 0.5559
Car 0.0000 0 0.0000 -1.0000 -1.0000 -1.0000 -1.0000 1.9158 1.4226 4.5713 -0.6149 -8.8575 0.6944 1.5941 0.5410
Car 0.0000 0 0.0000 -1.0000 -1.0000 -1.0000 -1.0000 1.9208 1.5364 4.5722 14.9752 -8.1298 0.8190 1.6844 0.5318
Car 0.0000 0 0.0000 -1.0000 -1.0000 -1.0000 -1.0000 1.9229 1.4381 4.5590 -3.0637 -8.6095 0.7072 1.6393 0.5300
Car 0.0000 0 0.0000 -1.0000 -1.0000 -1.0000 -1.0000 1.9026 1.4866 4.5361 -27.4874 -9.1966 0.7531 1.5704 0.4993
Car 0.0000 0 0.0000 -1.0000 -1.0000 -1.0000 -1.0000 1.9409 1.6573 4.6039 12.8247 -14.9373 1.0343 -1.4644 0.4854
Car 0.0000 0 0.0000 -1.0000 -1.0000 -1.0000 -1.0000 1.9209 1.4836 4.5715 -7.3928 -14.8457 0.9345 1.5914 0.4597
Car 0.0000 0 0.0000 -1.0000 -1.0000 -1.0000 -1.0000 1.9449 1.6317 4.6326 27.7023 -2.0112 0.8367 3.0193 0.4473
Car 0.0000 0 0.0000 -1.0000 -1.0000 -1.0000 -1.0000 1.8980 1.5836 4.5716 22.0010 -8.7064 0.8285 1.5563 0.4444
Car 0.0000 0 0.0000 -1.0000 -1.0000 -1.0000 -1.0000 1.8953 1.4718 4.5468 6.4785 -9.2133 0.7829 1.6495 0.4377
Car 0.0000 0 0.0000 -1.0000 -1.0000 -1.0000 -1.0000 1.9280 1.5377 4.6318 16.4744 -13.9592 0.9658 1.6853 0.4350
Car 0.0000 0 0.0000 -1.0000 -1.0000 -1.0000 -1.0000 1.9367 1.6294 4.5283 6.1341 -15.3274 1.1381 1.6110 0.4217
Car 0.0000 0 0.0000 -1.0000 -1.0000 -1.0000 -1.0000 1.8886 1.5040 4.5575 -14.5485 -14.0797 0.9301 1.6092 0.4169
Car 0.0000 0 0.0000 -1.0000 -1.0000 -1.0000 -1.0000 1.9430 1.6069 4.6518 19.9596 -8.1670 0.8339 1.5757 0.4160
Car 0.0000 0 0.0000 -1.0000 -1.0000 -1.0000 -1.0000 1.9012 1.4575 4.5241 -36.5452 -9.8270 0.7854 -1.5862 0.3923
Car 0.0000 0 0.0000 -1.0000 -1.0000 -1.0000 -1.0000 1.8542 1.5165 4.5454 23.9311 -8.7960 0.7912 1.6025 0.3861
Car 0.0000 0 0.0000 -1.0000 -1.0000 -1.0000 -1.0000 1.8789 1.5434 4.5845 25.8892 -8.8784 0.8223 1.5587 0.3772
Car 0.0000 0 0.0000 -1.0000 -1.0000 -1.0000 -1.0000 1.9503 1.5320 4.6530 68.1487 6.2337 1.1252 0.7070 0.3704
Car 0.0000 0 0.0000 -1.0000 -1.0000 -1.0000 -1.0000 1.9389 1.5427 4.6785 21.9805 -14.5871 1.0416 1.6374 0.3591
Car 0.0000 0 0.0000 -1.0000 -1.0000 -1.0000 -1.0000 1.8844 1.6721 4.5529 -65.6598 31.3331 0.8068 -0.3935 0.3567
Car 0.0000 0 0.0000 -1.0000 -1.0000 -1.0000 -1.0000 1.9174 1.6239 4.5831 19.8613 -14.4304 1.0846 1.6451 0.3301
Car 0.0000 0 0.0000 -1.0000 -1.0000 -1.0000 -1.0000 1.8959 1.5594 4.5821 69.2548 15.9079 1.0992 0.9569 0.3188
Car 0.0000 0 0.0000 -1.0000 -1.0000 -1.0000 -1.0000 1.9295 1.6513 4.6087 -27.6732 -20.0932 1.3708 -3.1181 0.3159
