Car 0.0000 0 0.0000 -1.0000 -1.0000 -1.0000 -1.0000 1.9475 1.4575 4.5476 -14.4676 -0.6393 0.5807 3.0596 0.7699
Car 0.0000 0 0.0000 -1.0000 -1.0000 -1.0000 -1.0000 1.9752 1.6044 4.6612 -44.6077 4.5963 0.2795 -3.1291 0.7312
Car 0.0000 0 0.0000 -1.0000 -1.0000 -1.0000 -1.0000 1.9649 1.5366 4.6098 40.3281 6.2963 0.8076 3.1323 0.6930
Car 0.0000 0 0.0000 -1.0000 -1.0000 -1.0000 -1.0000 1.9826 1.4353 4.5784 31.7589 7.3584 0.7686 2.6710 0.6905
Car 0.0000 0 0.0000 -1.0000 -1.0000 -1.0000 -1.0000 1.9539 1.5749 4.5738 -40.5733 2.0330 0.3407 -3.1152 0.6714
Car 0.0000 0 0.0000 -1.0000 -1.0000 -1.0000 -1.0000 1.8596 1.5473 4.3568 -7.0946 3.4832 0.7067 0.0121 0.6171
Car 0.0000 0 0.0000 -1.0000 -1.0000 -1.0000 -1.0000 1.8845 1.4800 4.4619 26.3327 -14.2785 1.0277 1.5225 0.5689
Car 0.0000 0 0.0000 -1.0000 -1.0000 -1.0000 -1.0000 1.9287 1.4144 4.4408 5.2561 2.7489 0.8126 -3.1221 0.5286
Car 0.0000 0 0.0000 -1.0000 -1.0000 -1.0000 -1.0000 1.8846 1.5474 4.4719 35.9317 27.7799 0.7555 1.6571 0.4720
Car 0.0000 0 0.0000 -1.0000 -1.0000 -1.0000 -1.0000 1.9242 1.5007 4.6286 34.9031 39.5319 0.7014 -1.4091 0.4430
Car 0.0000 0 0.0000 -1.0000 -1.0000 -1.0000 -1.0000 1.9328 1.8270 4.5651 56.2828 6.4680 0.8654 -2.9964 0.4258
Car 0.0000 0 0.0000 -1.0000 -1.0000 -1.0000 -1.0000 1.9620 1.7252 4.5971 21.1459 -5.7343 1.1876 -1.1451 0.4083
Car 0.0000 0 0.0000 -1.0000 -1.0000 -1.0000 -1.0000 1.9002 1.4709 4.5875 52.0686 15.2119 0.7916 0.0811 0.4071
Car 0.0000 0 0.0000 -1.0000 -1.0000 -1.0000 -1.0000 1.9185 1.5122 4.5537 -23.2400 -0.0276 0.5663 -3.0837 0.3803
Car 0.0000 0 0.0000 -1.0000 -1.0000 -1.0000 -1.0000 1.9755 1.5100 4.6785 47.8831 5.4140 0.7444 0.0355 0.3750
Car 0.0000 0 0.0000 -1.0000 -1.0000 -1.0000 -1.0000 1.9192 1.6380 4.6121 81.4203 6.9351 1.1411 0.0913 0.3521
Car 0.0000 0 0.0000 -1.0000 -1.0000 -1.0000 -1.0000 1.9266 1.7071 4.5213 35.3208 34.5292 0.8337 1.6499 0.3419
Car 0.0000 0 0.0000 -1.0000 -1.0000 -1.0000 -1.0000 1.8961 1.4832 4.5179 -8.7713 -41.1680 0.8309 -2.0176 0.3223
Tricar 0.0000 0 0.0000 -1.0000 -1.0000 -1.0000 -1.0000 1.4391 1.7785 3.1240 64.0200 4.2367 0.8505 0.2138 0.3564
Cyclist 0.0000 0 0.0000 -1.0000 -1.0000 -1.0000 -1.0000 0.8491 1.6136 1.8321 13.0414 0.3448 0.9787 -2.9333 0.6405
Cyclist 0.0000 0 0.0000 -1.0000 -1.0000 -1.0000 -1.0000 0.8283 1.5298 1.7985 15.9716 -4.1909 1.0191 -2.9221 0.6301
Cyclist 0.0000 0 0.0000 -1.0000 -1.0000 -1.0000 -1.0000 0.7876 1.5386 1.7676 1.0116 6.4666 0.6862 -3.0360 0.6094
Cyclist 0.0000 0 0.0000 -1.0000 -1.0000 -1.0000 -1.0000 0.7906 1.5246 1.7778 6.4766 6.6279 0.8240 -3.0196 0.6057
Cyclist 0.0000 0 0.0000 -1.0000 -1.0000 -1.0000 -1.0000 0.8187 1.5085 1.8267 10.7022 -6.3922 0.9282 0.3526 0.5117
Cyclist 0.0000 0 0.0000 -1.0000 -1.0000 -1.0000 -1.0000 0.8470 1.5504 1.8809 -2.3141 4.9638 0.7267 0.0037 0.5085
Cyclist 0.0000 0 0.0000 -1.0000 -1.0000 -1.0000 -1.0000 0.7670 1.5716 1.7485 23.2482 5.6357 0.9171 3.1164 0.4971
Cyclist 0.0000 0 0.0000 -1.0000 -1.0000 -1.0000 -1.0000 0.7733 1.5800 1.7448 19.7733 0.0750 0.9781 -3.0445 0.4897
Cyclist 0.0000 0 0.0000 -1.0000 -1.0000 -1.0000 -1.0000 0.8054 1.6047 1.7774 11.9904 9.5897 0.9978 -2.9892 0.4891
Cyclist 0.0000 0 0.0000 -1.0000 -1.0000 -1.0000 -1.0000 0.7519 1.5412 1.7298 -11.3450 -3.3669 0.6473 -0.0239 0.4868
Cyclist 0.0000 0 0.0000 -1.0000 -1.0000 -1.0000 -1.0000 0.7494 1.5201 1.7358 6.0215 -2.4250 0.8776 -3.0199 0.4838
Cyclist 0.0000 0 0.0000 -1.0000 -1.0000 -1.0000 -1.0000 0.7769 1.5338 1.7814 -2.9319 13.6904 0.5764 -1.3313 0.4755
Cyclist 0.0000 0 0.0000 -1.0000 -1.0000 -1.0000 -1.0000 0.7977 1.5485 1.7467 6.2158 8.5602 0.8618 -2.9784 0.4754
Cyclist 0.0000 0 0.0000 -1.0000 -1.0000 -1.0000 -1.0000 0.7404 1.5679 1.7175 -22.7070 7.1270 0.6561 -3.1270 0.4500
Cyclist 0.0000 0 0.0000 -1.0000 -1.0000 -1.0000 -1.0000 0.7705 1.5979 1.7019 20.9151 7.8700 0.9664 -3.0221 0.4104
Cyclist 0.0000 0 0.0000 -1.0000 -1.0000 -1.0000 -1.0000 0.8352 1.5154 1.8390 17.2935 -7.3027 1.1079 -0.2179 0.4099
Cyclist 0.0000 0 0.0000 -1.0000 -1.0000 -1.0000 -1.0000 0.8747 1.5847 1.8247 16.1959 -1.1414 1.0157 0.2557 0.3898
Cyclist 0.0000 0 0.0000 -1.0000 -1.0000 -1.0000 -1.0000 0.9468 1.7226 1.8798 0.8114 -3.0692 0.9838 -3.1020 0.3777
Cyclist 0.0000 0 0.0000 -1.0000 -1.0000 -1.0000 -1.0000 0.7175 1.5207 1.6889 -3.4947 -2.4298 0.7636 -3.0907 0.3649
Cyclist 0.0000 0 0.0000 -1.0000 -1.0000 -1.0000 -1.0000 0.7281 1.5067 1.7425 -66.3998 -1.6633 0.1312 0.0616 0.3407
Cyclist 0.0000 0 0.0000 -1.0000 -1.0000 -1.0000 -1.0000 0.7416 1.5125 1.7238 -7.3578 11.7233 0.5747 -1.2154 0.3342
Cyclist 0.0000 0 0.0000 -1.0000 -1.0000 -1.0000 -1.0000 0.7295 1.5878 1.7075 -42.8861 -4.6504 0.5059 -0.0445 0.3242
Pedestrian 0.0000 0 0.0000 -1.0000 -1.0000 -1.0000 -1.0000 0.7053 1.6544 0.6706 24.3323 11.8485 0.9312 -2.9183 0.5270
Pedestrian 0.0000 0 0.0000 -1.0000 -1.0000 -1.0000 -1.0000 0.7278 1.6612 0.7625 -9.0800 33.9530 0.5980 -1.6524 0.3986
Pedestrian 0.0000 0 0.0000 -1.0000 -1.0000 -1.0000 -1.0000 0.7071 1.7756 0.6170 31.8584 19.9260 1.0464 -2.1627 0.3303
Pedestrian 0.0000 0 0.0000 -1.0000 -1.0000 -1.0000 -1.0000 0.7251 1.6269 0.7104 -42.8210 -4.5968 0.5095 -0.0168 0.3177
