Car 0.0000 0 0.0000 -1.0000 -1.0000 -1.0000 -1.0000 2.0322 1.4926 4.6177 -12.8079 -1.3654 0.5633 -3.0078 0.8233
Car 0.0000 0 0.0000 -1.0000 -1.0000 -1.0000 -1.0000 1.9697 1.4620 4.5009 35.0632 0.8639 1.1095 -3.0660 0.7864
Car 0.0000 0 0.0000 -1.0000 -1.0000 -1.0000 -1.0000 2.0852 1.7191 4.7210 -10.6711 4.0645 0.7967 -2.8199 0.7841
Car 0.0000 0 0.0000 -1.0000 -1.0000 -1.0000 -1.0000 1.9080 1.4932 4.3766 20.6515 -0.6749 0.8649 0.1693 0.7394
Car 0.0000 0 0.0000 -1.0000 -1.0000 -1.0000 -1.0000 1.9347 1.4632 4.5580 -16.9558 31.2618 0.7232 -1.3875 0.6749
Car 0.0000 0 0.0000 -1.0000 -1.0000 -1.0000 -1.0000 1.9124 1.4761 4.5516 1.2747 -30.2057 0.3578 -1.3327 0.5879
Car 0.0000 0 0.0000 -1.0000 -1.0000 -1.0000 -1.0000 1.9552 1.5046 4.6827 6.4433 -17.6145 0.6305 -1.3792 0.5383
Car 0.0000 0 0.0000 -1.0000 -1.0000 -1.0000 -1.0000 1.9236 1.4864 4.6204 3.3462 -18.3909 0.5553 -1.4061 0.5121
Car 0.0000 0 0.0000 -1.0000 -1.0000 -1.0000 -1.0000 1.9891 1.6918 4.7315 12.1757 -22.6465 0.7426 1.8136 0.5054
Car 0.0000 0 0.0000 -1.0000 -1.0000 -1.0000 -1.0000 1.9279 1.4932 4.6063 -14.7257 22.3366 0.6941 -1.4244 0.4806
Car 0.0000 0 0.0000 -1.0000 -1.0000 -1.0000 -1.0000 2.1139 2.1458 4.9341 -6.4779 -19.2945 0.6430 -1.1432 0.4613
Car 0.0000 0 0.0000 -1.0000 -1.0000 -1.0000 -1.0000 1.9330 1.5837 4.5785 -18.8571 24.5246 0.6618 -1.4255 0.4607
Car 0.0000 0 0.0000 -1.0000 -1.0000 -1.0000 -1.0000 1.9489 1.5105 4.6545 9.7315 -15.4732 0.6776 -1.3987 0.4526
Car 0.0000 0 0.0000 -1.0000 -1.0000 -1.0000 -1.0000 1.8975 1.5962 4.5188 -18.9193 39.5204 0.8858 -1.2473 0.4232
Car 0.0000 0 0.0000 -1.0000 -1.0000 -1.0000 -1.0000 1.9312 1.5471 4.6724 8.7798 -25.1155 0.5755 -1.2780 0.4199
Car 0.0000 0 0.0000 -1.0000 -1.0000 -1.0000 -1.0000 1.9390 1.5789 4.6151 6.4153 -41.8464 0.3925 -1.1063 0.3988
Car 0.0000 0 0.0000 -1.0000 -1.0000 -1.0000 -1.0000 1.8376 1.4928 4.3023 -36.1956 4.6476 0.1585 -3.0028 0.3924
Car 0.0000 0 0.0000 -1.0000 -1.0000 -1.0000 -1.0000 1.9909 1.7554 4.7695 -31.1428 -40.5236 0.0046 -1.7993 0.3733
Car 0.0000 0 0.0000 -1.0000 -1.0000 -1.0000 -1.0000 1.9063 1.5178 4.5539 -54.1486 2.3196 -0.0918 -3.0558 0.3442
Car 0.0000 0 0.0000 -1.0000 -1.0000 -1.0000 -1.0000 1.9167 1.6107 4.6035 -35.4595 -15.2097 0.2564 -1.3059 0.3424
Car 0.0000 0 0.0000 -1.0000 -1.0000 -1.0000 -1.0000 1.8496 1.5233 4.4053 7.2421 15.0065 0.9016 2.4948 0.3145
Car 0.0000 0 0.0000 -1.0000 -1.0000 -1.0000 -1.0000 1.9552 1.9025 4.6205 -1.6801 32.9340 1.1594 1.8061 0.3086
Car 0.0000 0 0.0000 -1.0000 -1.0000 -1.0000 -1.0000 1.8970 1.5275 4.5928 -20.5021 -41.8081 0.0060 -1.3120 0.3083
Truck 0.0000 0 0.0000 -1.0000 -1.0000 -1.0000 -1.0000 3.0951 3.8825 13.7731 10.8766 -35.5146 1.7920 1.8171 0.5174
Truck 0.0000 0 0.0000 -1.0000 -1.0000 -1.0000 -1.0000 2.5599 2.6992 7.1645 4.8105 -26.3465 1.0074 -1.3471 0.4088
Truck 0.0000 0 0.0000 -1.0000 -1.0000 -1.0000 -1.0000 2.4119 2.3571 6.2736 -69.1509 -0.0409 -0.3471 -2.9908 0.3028
Cyclist 0.0000 0 0.0000 -1.0000 -1.0000 -1.0000 -1.0000 0.7380 1.5279 1.7397 5.2712 -4.1734 0.7232 -2.9486 0.7223
Cyclist 0.0000 0 0.0000 -1.0000 -1.0000 -1.0000 -1.0000 0.8142 1.5678 1.8129 3.9066 14.3298 0.8847 2.4360 0.6296
Cyclist 0.0000 0 0.0000 -1.0000 -1.0000 -1.0000 -1.0000 0.7587 1.5091 1.8246 -24.2436 20.3489 0.3854 -1.5630 0.5318
Cyclist 0.0000 0 0.0000 -1.0000 -1.0000 -1.0000 -1.0000 0.7705 1.5783 1.6881 42.8218 -0.3691 1.2445 -3.1392 0.4740
Cyclist 0.0000 0 0.0000 -1.0000 -1.0000 -1.0000 -1.0000 0.7156 1.5196 1.6987 -23.5279 -4.2319 0.2057 -0.0939 0.4722
Cyclist 0.0000 0 0.0000 -1.0000 -1.0000 -1.0000 -1.0000 0.7326 1.5144 1.7445 -56.2611 -10.0581 -0.3384 0.1424 0.4190
Cyclist 0.0000 0 0.0000 -1.0000 -1.0000 -1.0000 -1.0000 0.7460 1.4562 1.7232 42.9066 10.2186 1.3338 0.0335 0.3948
Cyclist 0.0000 0 0.0000 -1.0000 -1.0000 -1.0000 -1.0000 0.7662 1.5415 1.7214 44.9692 -12.8086 1.2992 2.3716 0.3875
Cyclist 0.0000 0 0.0000 -1.0000 -1.0000 -1.0000 -1.0000 0.7603 1.5542 1.7404 23.1458 -22.4451 0.9140 1.4822 0.3866
Cyclist 0.0000 0 0.0000 -1.0000 -1.0000 -1.0000 -1.0000 0.8085 1.4286 1.8625 -25.1887 -6.2014 0.1311 -0.1350 0.3792
Cyclist 0.0000 0 0.0000 -1.0000 -1.0000 -1.0000 -1.0000 0.7781 1.5054 1.7862 -59.8985 3.5851 -0.2324 0.0757 0.3629
Cyclist 0.0000 0 0.0000 -1.0000 -1.0000 -1.0000 -1.0000 0.7267 1.5477 1.6628 32.5120 9.7278 1.1880 -3.1225 0.3609
Cyclist 0.0000 0 0.0000 -1.0000 -1.0000 -1.0000 -1.0000 0.7248 1.4588 1.7486 18.6854 -20.8360 0.6795 1.5267 0.3182
Cyclist 0.0000 0 0.0000 -1.0000 -1.0000 -1.0000 -1.0000 0.7549 1.5543 1.7000 42.7795 -2.3227 1.2346 -3.1030 0.3075
Pedestrian 0.0000 0 0.0000 -1.0000 -1.0000 -1.0000 -1.0000 0.7006 1.6719 0.6600 -17.9798 -10.6711 0.3647 -0.3911 0.5904
Pedestrian 0.0000 0 0.0000 -1.0000 -1.0000 -1.0000 -1.0000 0.7049 1.6750 0.6571 -51.9470 10.4764 0.3057 -2.9963 0.4345
