Car 0.0000 0 0.0000 -1.0000 -1.0000 -1.0000 -1.0000 1.9190 1.4570 4.4645 -6.4861 2.7272 0.7060 0.0375 0.7727
Car 0.0000 0 0.0000 -1.0000 -1.0000 -1.0000 -1.0000 1.9917 1.6380 4.5504 -50.9153 -8.4477 0.9520 -3.1414 0.7363
Car 0.0000 0 0.0000 -1.0000 -1.0000 -1.0000 -1.0000 1.9790 1.5909 4.6164 -31.7470 3.0683 0.8421 3.1411 0.6975
Car 0.0000 0 0.0000 -1.0000 -1.0000 -1.0000 -1.0000 1.8902 1.4579 4.4477 -16.7316 -8.4577 0.7911 -0.0047 0.6595
Car 0.0000 0 0.0000 -1.0000 -1.0000 -1.0000 -1.0000 1.9206 1.5504 4.4716 -14.0041 5.3135 0.7132 3.1344 0.6590
Car 0.0000 0 0.0000 -1.0000 -1.0000 -1.0000 -1.0000 1.9572 1.5661 4.5315 7.8414 3.2588 0.6792 -0.0000 0.6267
Car 0.0000 0 0.0000 -1.0000 -1.0000 -1.0000 -1.0000 1.9080 1.7176 4.5157 54.1022 4.7873 0.4354 0.0453 0.6046
Car 0.0000 0 0.0000 -1.0000 -1.0000 -1.0000 -1.0000 1.8893 1.4970 4.5492 -40.3857 12.7629 0.4454 -3.1329 0.5847
Car 0.0000 0 0.0000 -1.0000 -1.0000 -1.0000 -1.0000 1.9082 1.7403 4.4524 42.4141 2.8850 0.5546 3.1214 0.5757
Car 0.0000 0 0.0000 -1.0000 -1.0000 -1.0000 -1.0000 1.8328 1.4400 4.4062 16.5300 4.7000 0.4878 -0.0221 0.5177
Car 0.0000 0 0.0000 -1.0000 -1.0000 -1.0000 -1.0000 1.9662 1.5538 4.6445 54.3731 -0.4119 0.4389 -0.0235 0.5164
Car 0.0000 0 0.0000 -1.0000 -1.0000 -1.0000 -1.0000 2.1570 1.8686 4.8489 -17.0353 -0.3447 0.9693 -0.0650 0.5029
Car 0.0000 0 0.0000 -1.0000 -1.0000 -1.0000 -1.0000 1.8600 1.4472 4.4386 -46.6832 12.4811 0.3278 -0.0166 0.4861
Car 0.0000 0 0.0000 -1.0000 -1.0000 -1.0000 -1.0000 1.9119 1.4310 4.5396 30.1178 13.1093 0.1703 -3.1304 0.4664
Car 0.0000 0 0.0000 -1.0000 -1.0000 -1.0000 -1.0000 2.0071 1.4945 4.6563 15.9676 0.0943 0.6983 -3.0993 0.4182
Car 0.0000 0 0.0000 -1.0000 -1.0000 -1.0000 -1.0000 2.0160 1.6449 4.7551 71.0884 1.9601 0.3243 -3.1353 0.4145
Car 0.0000 0 0.0000 -1.0000 -1.0000 -1.0000 -1.0000 1.9240 1.4855 4.5616 35.6389 12.8682 0.1885 3.1371 0.3237
Truck 0.0000 0 0.0000 -1.0000 -1.0000 -1.0000 -1.0000 2.9293 3.2536 10.8810 65.3426 5.0465 1.1838 -3.0727 0.5994
Cyclist 0.0000 0 0.0000 -1.0000 -1.0000 -1.0000 -1.0000 0.7883 1.5569 1.7638 -27.7700 -6.7334 0.7982 0.0197 0.6908
Cyclist 0.0000 0 0.0000 -1.0000 -1.0000 -1.0000 -1.0000 0.7590 1.4908 1.7117 27.6555 -9.1279 0.7100 0.0327 0.5972
Cyclist 0.0000 0 0.0000 -1.0000 -1.0000 -1.0000 -1.0000 0.7419 1.5853 1.6985 22.2294 9.8400 0.3632 3.1246 0.5516
Cyclist 0.0000 0 0.0000 -1.0000 -1.0000 -1.0000 -1.0000 0.7647 1.6055 1.7145 42.2475 -7.4759 0.6790 3.1088 0.5278
Cyclist 0.0000 0 0.0000 -1.0000 -1.0000 -1.0000 -1.0000 0.8893 1.5840 1.9015 -11.3278 -6.8377 0.8649 -0.0399 0.5220
Cyclist 0.0000 0 0.0000 -1.0000 -1.0000 -1.0000 -1.0000 0.7469 1.5620 1.6899 -2.6004 13.5598 0.3750 -3.1200 0.4787
Cyclist 0.0000 0 0.0000 -1.0000 -1.0000 -1.0000 -1.0000 0.6622 1.2128 1.6689 -4.5248 -5.3486 0.7571 -3.0839 0.4734
Cyclist 0.0000 0 0.0000 -1.0000 -1.0000 -1.0000 -1.0000 0.6992 1.4842 1.6812 -12.4682 9.7578 0.5602 0.0718 0.4542
Cyclist 0.0000 0 0.0000 -1.0000 -1.0000 -1.0000 -1.0000 0.7678 1.5290 1.7545 26.5306 -7.3909 0.7431 -3.1216 0.4340
Cyclist 0.0000 0 0.0000 -1.0000 -1.0000 -1.0000 -1.0000 0.6744 1.2066 1.7112 0.9541 14.8667 0.2429 -0.0956 0.3755
Cyclist 0.0000 0 0.0000 -1.0000 -1.0000 -1.0000 -1.0000 0.7249 1.4236 1.7357 23.8251 15.6319 0.2614 -1.8052 0.3593
Cyclist 0.0000 0 0.0000 -1.0000 -1.0000 -1.0000 -1.0000 0.6962 1.4818 1.6823 3.3254 8.8144 0.5044 -0.0291 0.3574
Cyclist 0.0000 0 0.0000 -1.0000 -1.0000 -1.0000 -1.0000 0.7723 1.5936 1.7077 28.3226 10.2007 0.3307 0.0057 0.3472
Cyclist 0.0000 0 0.0000 -1.0000 -1.0000 -1.0000 -1.0000 0.6775 1.1582 1.7051 7.2948 15.6793 0.1730 1.4768 0.3433
Cyclist 0.0000 0 0.0000 -1.0000 -1.0000 -1.0000 -1.0000 0.7574 1.5812 1.7202 14.6242 11.1881 0.4457 0.0292 0.3199
Cyclist 0.0000 0 0.0000 -1.0000 -1.0000 -1.0000 -1.0000 0.6969 1.1760 1.6536 -25.9384 15.3818 0.3037 1.2873 0.3097
Cyclist 0.0000 0 0.0000 -1.0000 -1.0000 -1.0000 -1.0000 0.7130 1.4939 1.7045 5.1460 -4.7385 0.8384 -0.0726 0.3028
Pedestrian 0.0000 0 0.0000 -1.0000 -1.0000 -1.0000 -1.0000 0.6730 1.6260 0.6244 10.9179 -3.0939 0.8952 0.0192 0.5948
Pedestrian 0.0000 0 0.0000 -1.0000 -1.0000 -1.0000 -1.0000 0.6777 1.6014 0.6435 10.0906 -8.2711 0.8983 3.1097 0.5209
Pedestrian 0.0000 0 0.0000 -1.0000 -1.0000 -1.0000 -1.0000 0.6917 1.6828 0.6584 -42.6696 -14.6427 1.4197 0.0514 0.4965
Pedestrian 0.0000 0 0.0000 -1.0000 -1.0000 -1.0000 -1.0000 0.6720 1.6087 0.5937 -12.2799 16.3791 0.3866 0.0008 0.4962
Pedestrian 0.0000 0 0.0000 -1.0000 -1.0000 -1.0000 -1.0000 0.6723 1.6048 0.6095 -4.6708 16.3992 0.4647 3.0311 0.4821
Pedestrian 0.0000 0 0.0000 -1.0000 -1.0000 -1.0000 -1.0000 0.6866 1.6529 0.6234 -8.7166 16.7321 0.4712 3.1143 0.4636
Pedestrian 0.0000 0 0.0000 -1.0000 -1.0000 -1.0000 -1.0000 0.7074 1.6459 0.6798 -21.3516 17.7377 0.5242 3.1265 0.4424
Pedestrian 0.0000 0 0.0000 -1.0000 -1.0000 -1.0000 -1.0000 0.6649 1.6035 0.5783 -31.1787 17.8024 0.5632 -3.1098 0.4000
Pedestrian 0.0000 0 0.0000 -1.0000 -1.0000 -1.0000 -1.0000 0.6725 1.5681 0.5976 5.0340 -4.7334 0.8766 3.1210 0.3869
Pedestrian 0.0000 0 0.0000 -1.0000 -1.0000 -1.0000 -1.0000 0.6832 1.6233 0.6213 -10.5589 16.7795 0.4247 3.1175 0.3718
Pedestrian 0.0000 0 0.0000 -1.0000 -1.0000 -1.0000 -1.0000 0.7135 1.7064 0.6564 -52.6795 -12.7416 1.2449 0.0510 0.3601
Pedestrian 0.0000 0 0.0000 -1.0000 -1.0000 -1.0000 -1.0000 0.6900 1.6759 0.6392 -27.3466 -10.0284 1.1677 3.1408 0.3584
Pedestrian 0.0000 0 0.0000 -1.0000 -1.0000 -1.0000 -1.0000 0.6831 1.6560 0.6144 -6.5521 15.9198 0.4981 3.1128 0.3333
Pedestrian 0.0000 0 0.0000 -1.0000 -1.0000 -1.0000 -1.0000 0.7128 1.6657 0.6627 -14.2800 16.8993 0.4284 0.0077 0.3276
Pedestrian 0.0000 0 0.0000 -1.0000 -1.0000 -1.0000 -1.0000 0.6956 1.6305 0.6580 1.7822 -4.7674 0.9371 0.6150 0.3255
Pedestrian 0.0000 0 0.0000 -1.0000 -1.0000 -1.0000 -1.0000 0.6649 1.6060 0.5619 10.6591 17.9606 0.3658 -3.0904 0.3171
