Car 0.0000 0 0.0000 -1.0000 -1.0000 -1.0000 -1.0000 2.0290 1.5852 4.6700 -48.3255 -7.2767 0.7920 3.1266 0.8117
Car 0.0000 0 0.0000 -1.0000 -1.0000 -1.0000 -1.0000 1.9798 1.7092 4.5201 26.0811 -4.9645 0.9379 0.0979 0.7935
Car 0.0000 0 0.0000 -1.0000 -1.0000 -1.0000 -1.0000 2.0435 1.5723 4.7369 -25.0978 4.1481 0.7623 -0.0099 0.5900
Car 0.0000 0 0.0000 -1.0000 -1.0000 -1.0000 -1.0000 1.9418 1.5893 4.5317 66.5517 -4.3900 0.8278 3.1281 0.4971
Car 0.0000 0 0.0000 -1.0000 -1.0000 -1.0000 -1.0000 2.0184 1.4681 4.6476 37.0185 3.9940 0.7433 -3.1371 0.4822
Car 0.0000 0 0.0000 -1.0000 -1.0000 -1.0000 -1.0000 1.9242 1.5122 4.6232 48.7881 36.8927 -0.1673 1.5893 0.4239
Car 0.0000 0 0.0000 -1.0000 -1.0000 -1.0000 -1.0000 1.9306 1.5470 4.6074 58.2135 36.7780 0.1451 -1.8638 0.4162
Car 0.0000 0 0.0000 -1.0000 -1.0000 -1.0000 -1.0000 1.9048 1.5186 4.6048 -42.9081 -33.6777 0.9360 1.5425 0.3915
Car 0.0000 0 0.0000 -1.0000 -1.0000 -1.0000 -1.0000 1.8888 1.6312 4.5355 -34.7491 -33.9632 0.9760 1.6063 0.3834
Car 0.0000 0 0.0000 -1.0000 -1.0000 -1.0000 -1.0000 1.8855 1.5296 4.5462 -37.3369 -33.6414 0.9096 1.5600 0.3828
Car 0.0000 0 0.0000 -1.0000 -1.0000 -1.0000 -1.0000 1.8883 1.5014 4.5753 -40.7978 -33.7863 0.9008 1.5653 0.3723
Car 0.0000 0 0.0000 -1.0000 -1.0000 -1.0000 -1.0000 1.9093 1.9940 4.5252 -10.5879 -33.1212 1.0580 1.6388 0.3217
Car 0.0000 0 0.0000 -1.0000 -1.0000 -1.0000 -1.0000 1.8911 1.5873 4.5787 54.5674 37.4375 0.0067 1.5426 0.3090
Truck 0.0000 0 0.0000 -1.0000 -1.0000 -1.0000 -1.0000 2.8504 3.3612 7.8829 0.6746 -3.6371 1.7098 -3.1368 0.4607
Truck 0.0000 0 0.0000 -1.0000 -1.0000 -1.0000 -1.0000 1.9583 1.9292 4.9586 -37.2719 8.3800 0.8125 0.0266 0.4289
Truck 0.0000 0 0.0000 -1.0000 -1.0000 -1.0000 -1.0000 3.0530 3.9973 16.1816 23.9632 7.3972 1.9729 3.1100 0.3546
Cyclist 0.0000 0 0.0000 -1.0000 -1.0000 -1.0000 -1.0000 0.7148 1.5219 1.6958 -41.8276 21.8807 0.1505 -2.8740 0.5401
Cyclist 0.0000 0 0.0000 -1.0000 -1.0000 -1.0000 -1.0000 0.7525 1.5640 1.6978 8.9819 20.4587 0.3138 3.0862 0.4789
Cyclist 0.0000 0 0.0000 -1.0000 -1.0000 -1.0000 -1.0000 0.7211 1.3346 1.7311 -33.9746 34.7215 -0.0735 -0.0718 0.4002
Cyclist 0.0000 0 0.0000 -1.0000 -1.0000 -1.0000 -1.0000 0.7553 1.5567 1.7115 9.3334 22.3941 0.2864 -3.1402 0.3506
Cyclist 0.0000 0 0.0000 -1.0000 -1.0000 -1.0000 -1.0000 0.7444 1.5413 1.7209 -71.5076 20.8135 0.3772 -0.0702 0.3262
