Car 0.0000 0 0.0000 -1.0000 -1.0000 -1.0000 -1.0000 2.0370 1.6327 4.7114 5.4396 2.7568 0.8151 -0.0650 0.7204
Car 0.0000 0 0.0000 -1.0000 -1.0000 -1.0000 -1.0000 2.0049 1.5684 4.7051 -56.4947 -1.4826 0.1967 -0.0906 0.6863
Car 0.0000 0 0.0000 -1.0000 -1.0000 -1.0000 -1.0000 2.0037 1.4642 4.5543 -17.6464 0.1589 0.6474 -3.1304 0.6586
Car 0.0000 0 0.0000 -1.0000 -1.0000 -1.0000 -1.0000 1.9702 1.4472 4.4818 34.3563 1.2443 0.9057 -0.0276 0.6297
Car 0.0000 0 0.0000 -1.0000 -1.0000 -1.0000 -1.0000 1.9668 1.6852 4.6098 -36.8123 0.7857 0.5125 -3.1214 0.5366
Car 0.0000 0 0.0000 -1.0000 -1.0000 -1.0000 -1.0000 2.0172 1.5158 4.6085 36.4669 6.0145 0.8958 -0.0205 0.5196
Car 0.0000 0 0.0000 -1.0000 -1.0000 -1.0000 -1.0000 1.9186 1.4970 4.5877 54.4172 -1.7301 1.0692 0.1921 0.4909
Car 0.0000 0 0.0000 -1.0000 -1.0000 -1.0000 -1.0000 1.8884 1.4645 4.4666 -3.3418 7.2702 0.6796 -3.0956 0.4270
Car 0.0000 0 0.0000 -1.0000 -1.0000 -1.0000 -1.0000 1.8769 1.6243 4.4911 51.8422 5.3099 1.0413 -3.0826 0.3957
Car 0.0000 0 0.0000 -1.0000 -1.0000 -1.0000 -1.0000 1.8595 1.5987 4.4374 -68.6201 5.1590 0.0249 -3.0930 0.3848
Tricar 0.0000 0 0.0000 -1.0000 -1.0000 -1.0000 -1.0000 1.2877 1.8089 2.6324 13.9878 4.8836 0.9259 -0.0344 0.3012
Cyclist 0.0000 0 0.0000 -1.0000 -1.0000 -1.0000 -1.0000 0.8419 1.5544 1.8574 20.4498 3.0410 0.8431 3.1081 0.5782
Cyclist 0.0000 0 0.0000 -1.0000 -1.0000 -1.0000 -1.0000 0.7349 1.5909 1.6747 -29.2278 -2.1245 0.5077 -0.0712 0.5142
Cyclist 0.0000 0 0.0000 -1.0000 -1.0000 -1.0000 -1.0000 0.7605 1.4996 1.7573 -4.6746 4.5554 0.6626 3.0735 0.5011
Cyclist 0.0000 0 0.0000 -1.0000 -1.0000 -1.0000 -1.0000 0.7697 1.5432 1.7333 23.5230 -0.4662 0.8760 0.0311 0.4570
Cyclist 0.0000 0 0.0000 -1.0000 -1.0000 -1.0000 -1.0000 0.8040 1.5501 1.7504 27.0868 4.6128 0.8642 -0.0609 0.4277
Cyclist 0.0000 0 0.0000 -1.0000 -1.0000 -1.0000 -1.0000 0.7717 1.5498 1.7292 27.7869 3.5132 0.9016 -0.0430 0.4263
Cyclist 0.0000 0 0.0000 -1.0000 -1.0000 -1.0000 -1.0000 0.6711 1.1200 1.6833 8.1417 -2.7028 0.6981 1.5006 0.4203
Cyclist 0.0000 0 0.0000 -1.0000 -1.0000 -1.0000 -1.0000 0.6860 1.1763 1.6702 26.4342 -3.0889 0.8236 2.0853 0.4058
Cyclist 0.0000 0 0.0000 -1.0000 -1.0000 -1.0000 -1.0000 0.6866 1.1609 1.6768 30.1902 6.2855 0.7031 1.9637 0.4043
Pedestrian 0.0000 0 0.0000 -1.0000 -1.0000 -1.0000 -1.0000 0.7028 1.6761 0.6812 -26.1768 6.5307 0.5306 0.0290 0.6085
Pedestrian 0.0000 0 0.0000 -1.0000 -1.0000 -1.0000 -1.0000 0.6927 1.6701 0.6505 -22.2800 -3.1579 0.6612 3.1059 0.5706
Pedestrian 0.0000 0 0.0000 -1.0000 -1.0000 -1.0000 -1.0000 0.6913 1.6300 0.6674 6.5231 -6.0343 1.0097 2.9379 0.5582
Pedestrian 0.0000 0 0.0000 -1.0000 -1.0000 -1.0000 -1.0000 0.6578 1.6274 0.5826 17.8178 8.9011 0.9033 3.0762 0.5530
Pedestrian 0.0000 0 0.0000 -1.0000 -1.0000 -1.0000 -1.0000 0.6957 1.6286 0.6741 15.6930 -0.8397 0.9199 0.0312 0.4594
Pedestrian 0.0000 0 0.0000 -1.0000 -1.0000 -1.0000 -1.0000 0.6671 1.6518 0.5881 11.9555 10.0430 0.7493 2.9672 0.3890
Pedestrian 0.0000 0 0.0000 -1.0000 -1.0000 -1.0000 -1.0000 0.6993 1.6811 0.6553 30.3131 -4.4373 1.1879 2.8179 0.3593
Pedestrian 0.0000 0 0.0000 -1.0000 -1.0000 -1.0000 -1.0000 0.6724 1.6527 0.5951 30.9385 -3.1819 1.1669 0.0065 0.3307
Pedestrian 0.0000 0 0.0000 -1.0000 -1.0000 -1.0000 -1.0000 0.6971 1.6067 0.6402 23.5732 -0.5070 0.9096 -3.1263 0.3029
