Car 0.0000 0 0.0000 -1.0000 -1.0000 -1.0000 -1.0000 2.0101 1.4580 4.5962 10.5319 2.9301 0.7507 0.5670 0.7812
Car 0.0000 0 0.0000 -1.0000 -1.0000 -1.0000 -1.0000 2.0833 1.6808 4.7150 -12.7916 -20.2500 0.8621 -2.4309 0.6827
Car 0.0000 0 0.0000 -1.0000 -1.0000 -1.0000 -1.0000 2.0853 1.6911 4.6825 -33.1402 16.8484 0.8564 -0.6685 0.6655
Car 0.0000 0 0.0000 -1.0000 -1.0000 -1.0000 -1.0000 1.9574 1.6938 4.6498 42.4285 -8.0001 0.2530 2.7679 0.6410
Car 0.0000 0 0.0000 -1.0000 -1.0000 -1.0000 -1.0000 1.9554 1.7996 4.4603 -13.5806 18.8055 0.7756 -0.2197 0.6255
Car 0.0000 0 0.0000 -1.0000 -1.0000 -1.0000 -1.0000 2.0003 1.7072 4.7135 22.4192 19.3974 0.8323 -1.9971 0.5925
Car 0.0000 0 0.0000 -1.0000 -1.0000 -1.0000 -1.0000 1.9204 1.4295 4.5088 43.4139 -11.7111 0.1004 2.7387 0.5750
Car 0.0000 0 0.0000 -1.0000 -1.0000 -1.0000 -1.0000 2.0384 1.5432 4.6287 -13.5339 1.8773 0.7726 -0.5203 0.5324
Car 0.0000 0 0.0000 -1.0000 -1.0000 -1.0000 -1.0000 1.9288 1.5149 4.6012 16.4899 39.0005 0.8018 1.2438 0.5297
Car 0.0000 0 0.0000 -1.0000 -1.0000 -1.0000 -1.0000 1.9540 1.4501 4.5552 -22.8342 8.2284 0.7235 2.4787 0.5168
Car 0.0000 0 0.0000 -1.0000 -1.0000 -1.0000 -1.0000 1.9509 1.4427 4.5638 -1.7199 -25.3966 0.7856 -2.1988 0.4897
Car 0.0000 0 0.0000 -1.0000 -1.0000 -1.0000 -1.0000 1.9231 1.5413 4.6149 43.4729 -40.7642 -0.0610 -1.8675 0.4301
Car 0.0000 0 0.0000 -1.0000 -1.0000 -1.0000 -1.0000 1.9416 1.6711 4.6980 62.1034 24.3277 0.4227 1.3556 0.3857
Car 0.0000 0 0.0000 -1.0000 -1.0000 -1.0000 -1.0000 1.9105 1.6430 4.6053 27.3459 35.6165 0.8011 1.3461 0.3397
Car 0.0000 0 0.0000 -1.0000 -1.0000 -1.0000 -1.0000 1.8769 1.4532 4.5002 5.1145 30.7560 0.5965 -1.9334 0.3045
Truck 0.0000 0 0.0000 -1.0000 -1.0000 -1.0000 -1.0000 2.7630 2.8488 8.5996 65.6947 8.6274 1.3447 1.1714 0.6001
Truck 0.0000 0 0.0000 -1.0000 -1.0000 -1.0000 -1.0000 2.4517 2.4543 6.7295 21.5000 36.9305 1.2971 1.2461 0.4925
Tricar 0.0000 0 0.0000 -1.0000 -1.0000 -1.0000 -1.0000 1.2672 1.7890 2.9635 16.0418 -8.5889 0.7795 3.0033 0.6820
Tricar 0.0000 0 0.0000 -1.0000 -1.0000 -1.0000 -1.0000 1.1278 1.6097 2.6386 -11.3474 29.7077 0.5509 3.0591 0.5174
Tricar 0.0000 0 0.0000 -1.0000 -1.0000 -1.0000 -1.0000 1.2395 1.6808 2.9424 -1.1177 30.2329 0.7431 1.2727 0.3605
Cyclist 0.0000 0 0.0000 -1.0000 -1.0000 -1.0000 -1.0000 0.8114 1.5680 1.8142 -1.6626 -11.3510 0.8539 2.8084 0.5791
Cyclist 0.0000 0 0.0000 -1.0000 -1.0000 -1.0000 -1.0000 0.7526 1.5479 1.7133 -13.9505 -10.7402 0.7097 -0.0280 0.5585
Cyclist 0.0000 0 0.0000 -1.0000 -1.0000 -1.0000 -1.0000 0.7697 1.4749 1.7917 30.2432 -0.7393 0.2998 2.5755 0.5473
Cyclist 0.0000 0 0.0000 -1.0000 -1.0000 -1.0000 -1.0000 0.8139 1.5340 1.8146 -27.5942 -5.0259 0.6574 -0.6172 0.4954
Cyclist 0.0000 0 0.0000 -1.0000 -1.0000 -1.0000 -1.0000 0.7542 1.5714 1.7383 48.9060 -29.0889 -0.1438 2.8697 0.4115
Cyclist 0.0000 0 0.0000 -1.0000 -1.0000 -1.0000 -1.0000 1.0233 1.6047 2.0865 -11.2496 29.6863 0.5700 -0.1130 0.3319
Pedestrian 0.0000 0 0.0000 -1.0000 -1.0000 -1.0000 -1.0000 0.6999 1.6835 0.6548 25.2537 -27.3507 0.4507 -0.5321 0.4423
