Car 0.0000 0 0.0000 -1.0000 -1.0000 -1.0000 -1.0000 1.9835 1.4712 4.6175 3.4508 35.2275 0.3509 0.0114 0.8075
Car 0.0000 0 0.0000 -1.0000 -1.0000 -1.0000 -1.0000 1.9533 1.4359 4.4895 -38.8066 -6.5715 0.6869 -3.0957 0.7770
Car 0.0000 0 0.0000 -1.0000 -1.0000 -1.0000 -1.0000 1.9925 1.6216 4.6452 11.0299 -31.2315 1.2191 -0.0932 0.7337
Car 0.0000 0 0.0000 -1.0000 -1.0000 -1.0000 -1.0000 1.9798 1.6075 4.6163 -40.6434 14.2375 0.4709 -3.1230 0.7121
Car 0.0000 0 0.0000 -1.0000 -1.0000 -1.0000 -1.0000 1.9540 1.5150 4.5885 -7.1771 25.9252 0.4266 -1.6490 0.7056
Car 0.0000 0 0.0000 -1.0000 -1.0000 -1.0000 -1.0000 2.0671 1.7391 4.6174 -24.0880 -9.1085 0.9483 -2.9242 0.7039
Car 0.0000 0 0.0000 -1.0000 -1.0000 -1.0000 -1.0000 2.0291 1.5736 4.6118 -41.5007 -10.3391 0.8771 -2.6726 0.6825
Car 0.0000 0 0.0000 -1.0000 -1.0000 -1.0000 -1.0000 1.8819 1.4510 4.3967 -21.2641 14.7426 0.4002 -0.0196 0.6787
Car 0.0000 0 0.0000 -1.0000 -1.0000 -1.0000 -1.0000 1.9687 1.6041 4.5197 11.6204 -17.9628 1.0026 3.1200 0.6765
Car 0.0000 0 0.0000 -1.0000 -1.0000 -1.0000 -1.0000 1.9567 1.4684 4.6024 8.8136 28.8132 0.3879 0.0751 0.6515
Car 0.0000 0 0.0000 -1.0000 -1.0000 -1.0000 -1.0000 1.9424 1.4685 4.5883 42.8182 23.5207 0.6995 -1.6429 0.6270
Car 0.0000 0 0.0000 -1.0000 -1.0000 -1.0000 -1.0000 1.9352 1.4665 4.5888 -58.2110 -2.0784 0.5256 -0.1357 0.6173
Car 0.0000 0 0.0000 -1.0000 -1.0000 -1.0000 -1.0000 1.9147 1.4607 4.6013 -34.4914 14.1503 0.3747 3.1332 0.5740
Car 0.0000 0 0.0000 -1.0000 -1.0000 -1.0000 -1.0000 1.9343 1.4640 4.5359 9.1103 33.0716 0.3434 0.0187 0.5683
Car 0.0000 0 0.0000 -1.0000 -1.0000 -1.0000 -1.0000 1.9507 1.4492 4.4931 11.7109 -22.4010 0.9355 -0.1029 0.4873
Car 0.0000 0 0.0000 -1.0000 -1.0000 -1.0000 -1.0000 1.9005 1.4084 4.5380 9.4033 26.1871 0.3911 0.0658 0.4709
Car 0.0000 0 0.0000 -1.0000 -1.0000 -1.0000 -1.0000 1.9319 1.6470 4.6564 43.3422 -19.5986 1.2113 1.6713 0.4505
Car 0.0000 0 0.0000 -1.0000 -1.0000 -1.0000 -1.0000 1.9251 1.4693 4.5565 19.1549 -14.7867 0.9033 -1.8132 0.4242
Car 0.0000 0 0.0000 -1.0000 -1.0000 -1.0000 -1.0000 1.8634 1.4789 4.4950 12.8689 20.5722 0.5198 -1.3661 0.4187
Car 0.0000 0 0.0000 -1.0000 -1.0000 -1.0000 -1.0000 1.9456 1.4884 4.5663 -30.7099 6.4464 0.5421 -3.1390 0.4135
Car 0.0000 0 0.0000 -1.0000 -1.0000 -1.0000 -1.0000 1.8738 1.6036 4.4137 -53.2870 14.1653 0.4354 -3.0805 0.4080
Car 0.0000 0 0.0000 -1.0000 -1.0000 -1.0000 -1.0000 1.9202 1.5887 4.6057 9.6464 41.3736 0.3555 -2.9986 0.3868
Car 0.0000 0 0.0000 -1.0000 -1.0000 -1.0000 -1.0000 1.9645 1.4562 4.5821 9.4080 35.8490 0.2973 0.0450 0.3561
Car 0.0000 0 0.0000 -1.0000 -1.0000 -1.0000 -1.0000 1.8755 1.7293 4.5032 21.4486 41.4665 0.5212 0.2161 0.3380
Car 0.0000 0 0.0000 -1.0000 -1.0000 -1.0000 -1.0000 1.8743 1.4733 4.5329 22.1397 -33.8199 0.9859 1.8481 0.3277
Car 0.0000 0 0.0000 -1.0000 -1.0000 -1.0000 -1.0000 1.9714 1.6833 4.6672 77.8165 -4.2973 1.6053 -0.2261 0.3245
Car 0.0000 0 0.0000 -1.0000 -1.0000 -1.0000 -1.0000 1.8497 1.5624 4.4582 -24.4308 25.5124 0.3728 -1.3903 0.3078
Truck 0.0000 0 0.0000 -1.0000 -1.0000 -1.0000 -1.0000 2.8600 3.0241 10.7069 10.9963 2.8044 1.5568 0.0252 0.7347
Cyclist 0.0000 0 0.0000 -1.0000 -1.0000 -1.0000 -1.0000 0.7749 1.5718 1.7117 -3.1899 -4.2160 0.7907 -3.1301 0.6502
Cyclist 0.0000 0 0.0000 -1.0000 -1.0000 -1.0000 -1.0000 0.7720 1.5397 1.7536 -2.4442 -6.1258 0.7652 0.0759 0.5584
Cyclist 0.0000 0 0.0000 -1.0000 -1.0000 -1.0000 -1.0000 0.8120 1.5339 1.8346 4.5302 13.1996 0.6087 3.1022 0.4775
Cyclist 0.0000 0 0.0000 -1.0000 -1.0000 -1.0000 -1.0000 0.7139 1.5297 1.6844 11.2106 15.6160 0.5838 -3.0300 0.4653
Cyclist 0.0000 0 0.0000 -1.0000 -1.0000 -1.0000 -1.0000 0.7501 1.2492 1.7757 -4.1619 -17.3300 0.8401 0.0731 0.4038
Cyclist 0.0000 0 0.0000 -1.0000 -1.0000 -1.0000 -1.0000 0.6455 1.1230 1.6847 4.3086 -26.0200 0.9626 -1.8796 0.3952
Cyclist 0.0000 0 0.0000 -1.0000 -1.0000 -1.0000 -1.0000 0.7833 1.5631 1.7456 -56.9755 -6.0225 0.6405 -0.0383 0.3238
Pedestrian 0.0000 0 0.0000 -1.0000 -1.0000 -1.0000 -1.0000 0.7050 1.6464 0.6562 28.1901 -12.2450 1.0019 -0.3289 0.4639
