Car 0.0000 0 0.0000 -1.0000 -1.0000 -1.0000 -1.0000 2.0832 1.6625 4.7340 -45.4219 -2.1759 0.7394 -0.0383 0.7037
Car 0.0000 0 0.0000 -1.0000 -1.0000 -1.0000 -1.0000 1.9711 1.4614 4.5178 -7.9528 -0.2989 0.7092 0.0029 0.6311
Car 0.0000 0 0.0000 -1.0000 -1.0000 -1.0000 -1.0000 1.9566 1.4800 4.5786 -1.4937 -2.9717 0.8071 -3.1082 0.6024
Car 0.0000 0 0.0000 -1.0000 -1.0000 -1.0000 -1.0000 1.9398 1.7677 4.5187 -8.4192 -35.9355 0.5555 -3.1311 0.4307
Car 0.0000 0 0.0000 -1.0000 -1.0000 -1.0000 -1.0000 2.0984 2.1251 4.9409 54.8383 7.3099 0.9459 3.0951 0.4191
Car 0.0000 0 0.0000 -1.0000 -1.0000 -1.0000 -1.0000 1.8752 1.6285 4.4987 -27.3783 -35.8052 0.5356 0.0120 0.3940
Car 0.0000 0 0.0000 -1.0000 -1.0000 -1.0000 -1.0000 1.9667 1.4963 4.5724 55.8343 10.2473 0.4988 -0.0152 0.3515
Car 0.0000 0 0.0000 -1.0000 -1.0000 -1.0000 -1.0000 1.8578 1.5827 4.4603 27.8399 -36.9197 0.6876 3.1080 0.3202
Truck 0.0000 0 0.0000 -1.0000 -1.0000 -1.0000 -1.0000 2.9688 3.2244 10.8816 -31.5561 -6.5504 1.5789 3.1160 0.7633
Truck 0.0000 0 0.0000 -1.0000 -1.0000 -1.0000 -1.0000 2.9360 3.2192 12.1260 57.5434 13.6228 1.3298 -3.1148 0.4612
