Car 0.0000 0 0.0000 -1.0000 -1.0000 -1.0000 -1.0000 2.0938 1.6956 4.6668 23.9694 -7.1792 0.8422 -0.1345 0.8265
Car 0.0000 0 0.0000 -1.0000 -1.0000 -1.0000 -1.0000 1.9016 1.4191 4.4658 -26.2068 10.6606 0.5419 -0.2183 0.7199
Car 0.0000 0 0.0000 -1.0000 -1.0000 -1.0000 -1.0000 1.9501 1.4675 4.5507 45.1395 -16.7042 0.6256 -0.2426 0.7076
Car 0.0000 0 0.0000 -1.0000 -1.0000 -1.0000 -1.0000 1.8698 1.4839 4.5307 -53.7574 16.4366 0.5553 2.8469 0.5314
Car 0.0000 0 0.0000 -1.0000 -1.0000 -1.0000 -1.0000 2.0771 1.6848 4.8275 -15.0507 1.8821 0.8063 -0.2319 0.5040
Car 0.0000 0 0.0000 -1.0000 -1.0000 -1.0000 -1.0000 1.9384 1.8761 4.5896 24.6845 -13.5474 1.0016 -0.3261 0.4996
Car 0.0000 0 0.0000 -1.0000 -1.0000 -1.0000 -1.0000 1.8618 1.5470 4.5134 -60.2792 17.7134 0.5960 2.8557 0.4958
Car 0.0000 0 0.0000 -1.0000 -1.0000 -1.0000 -1.0000 1.9531 1.5839 4.6107 -47.4722 15.2644 0.6402 2.8825 0.4548
Car 0.0000 0 0.0000 -1.0000 -1.0000 -1.0000 -1.0000 1.9506 1.6518 4.7047 21.1407 12.5997 0.6691 -0.1755 0.3779
Car 0.0000 0 0.0000 -1.0000 -1.0000 -1.0000 -1.0000 1.8961 1.5303 4.4912 12.1420 -25.1011 1.3417 -0.2593 0.3769
Car 0.0000 0 0.0000 -1.0000 -1.0000 -1.0000 -1.0000 1.9342 1.5335 4.6239 44.5336 -10.8060 0.6530 2.8711 0.3549
Car 0.0000 0 0.0000 -1.0000 -1.0000 -1.0000 -1.0000 1.9391 1.9586 4.5202 -0.1979 -10.7936 1.2198 -1.1431 0.3510
Car 0.0000 0 0.0000 -1.0000 -1.0000 -1.0000 -1.0000 1.8676 1.4872 4.5156 15.1820 -15.4955 1.0530 -1.1295 0.3496
Car 0.0000 0 0.0000 -1.0000 -1.0000 -1.0000 -1.0000 1.9989 1.8613 4.8404 -15.3462 8.1579 0.7633 2.9551 0.3118
Car 0.0000 0 0.0000 -1.0000 -1.0000 -1.0000 -1.0000 1.8690 1.5298 4.4543 20.9564 33.7281 0.1264 -1.7023 0.3099
Truck 0.0000 0 0.0000 -1.0000 -1.0000 -1.0000 -1.0000 2.1870 2.1648 5.8335 15.5256 -2.6950 1.1093 0.0516 0.4762
Truck 0.0000 0 0.0000 -1.0000 -1.0000 -1.0000 -1.0000 1.9893 2.0398 5.1288 -27.6152 4.5452 0.9948 2.9662 0.3989
Truck 0.0000 0 0.0000 -1.0000 -1.0000 -1.0000 -1.0000 1.8834 1.8848 4.7333 7.2216 -12.5235 1.3037 1.2798 0.3180
Tricar 0.0000 0 0.0000 -1.0000 -1.0000 -1.0000 -1.0000 1.1451 1.2181 2.8874 22.4829 18.0097 0.3235 0.0563 0.4920
Tricar 0.0000 0 0.0000 -1.0000 -1.0000 -1.0000 -1.0000 1.5022 1.9107 3.7448 7.2887 -12.9892 1.2301 1.3295 0.3104
Tricar 0.0000 0 0.0000 -1.0000 -1.0000 -1.0000 -1.0000 1.3657 1.7301 2.9900 -35.3578 3.9044 0.8898 -0.2130 0.3086
Cyclist 0.0000 0 0.0000 -1.0000 -1.0000 -1.0000 -1.0000 0.8101 1.6113 1.7660 5.1168 6.4683 0.7081 -2.4979 0.6511
Cyclist 0.0000 0 0.0000 -1.0000 -1.0000 -1.0000 -1.0000 0.8414 1.5967 1.7805 -23.4012 1.5476 0.7761 -0.2077 0.4958
Cyclist 0.0000 0 0.0000 -1.0000 -1.0000 -1.0000 -1.0000 0.7078 1.2942 1.6827 -13.9497 10.3583 0.4379 2.9048 0.4468
Cyclist 0.0000 0 0.0000 -1.0000 -1.0000 -1.0000 -1.0000 0.7361 1.3664 1.7771 -5.2563 -5.2497 0.7287 -0.4039 0.3927
Cyclist 0.0000 0 0.0000 -1.0000 -1.0000 -1.0000 -1.0000 0.7477 1.5093 1.7233 2.7964 9.9651 0.6288 0.6912 0.3651
Cyclist 0.0000 0 0.0000 -1.0000 -1.0000 -1.0000 -1.0000 0.6714 1.1435 1.7306 -40.9474 13.9268 0.4607 1.3983 0.3582
Cyclist 0.0000 0 0.0000 -1.0000 -1.0000 -1.0000 -1.0000 0.8227 1.5456 1.8679 5.9797 -25.6099 1.3078 1.3921 0.3540
Cyclist 0.0000 0 0.0000 -1.0000 -1.0000 -1.0000 -1.0000 0.8657 1.6044 1.9120 7.1882 18.3973 0.5953 -1.7101 0.3167
Cyclist 0.0000 0 0.0000 -1.0000 -1.0000 -1.0000 -1.0000 0.6925 1.1146 1.6983 33.7509 -15.6144 0.5235 -0.5097 0.3110
Cyclist 0.0000 0 0.0000 -1.0000 -1.0000 -1.0000 -1.0000 0.7318 1.2902 1.8078 24.6005 33.4972 0.0082 -1.7225 0.3062
Cyclist 0.0000 0 0.0000 -1.0000 -1.0000 -1.0000 -1.0000 0.7018 1.4788 1.6859 29.4299 -14.3699 0.7100 -0.3147 0.3056
Cyclist 0.0000 0 0.0000 -1.0000 -1.0000 -1.0000 -1.0000 0.7191 1.3211 1.7168 -29.3180 13.9945 0.5252 -0.2201 0.3042
Pedestrian 0.0000 0 0.0000 -1.0000 -1.0000 -1.0000 -1.0000 0.6723 1.6550 0.6011 17.6687 -12.0290 1.0144 2.9476 0.5438
Pedestrian 0.0000 0 0.0000 -1.0000 -1.0000 -1.0000 -1.0000 0.6749 1.6512 0.6278 -8.1671 -9.0590 1.1949 1.2625 0.3507
Pedestrian 0.0000 0 0.0000 -1.0000 -1.0000 -1.0000 -1.0000 0.6929 1.6462 0.6094 4.7017 12.8138 0.7348 0.9053 0.3393
