Car 0.0000 0 0.0000 -1.0000 -1.0000 -1.0000 -1.0000 1.9411 1.4667 4.4584 11.8446 -9.1260 0.7581 0.0505 0.7566
Car 0.0000 0 0.0000 -1.0000 -1.0000 -1.0000 -1.0000 2.0539 1.4844 4.6509 -38.8153 0.1963 0.6683 -3.1270 0.7443
Car 0.0000 0 0.0000 -1.0000 -1.0000 -1.0000 -1.0000 1.9201 1.4588 4.4652 22.1596 -9.1396 0.8111 0.0351 0.7298
Car 0.0000 0 0.0000 -1.0000 -1.0000 -1.0000 -1.0000 1.8960 1.5869 4.4155 -21.3867 -9.0671 0.7271 -3.0911 0.6375
Car 0.0000 0 0.0000 -1.0000 -1.0000 -1.0000 -1.0000 2.0396 1.7472 4.6576 41.5006 0.2311 0.9167 -3.1261 0.5541
Car 0.0000 0 0.0000 -1.0000 -1.0000 -1.0000 -1.0000 1.9697 1.5271 4.5990 -27.0071 -9.2450 0.7080 -3.0724 0.5469
Car 0.0000 0 0.0000 -1.0000 -1.0000 -1.0000 -1.0000 1.9467 1.7814 4.4563 68.4682 2.6166 0.8896 3.1061 0.5106
Car 0.0000 0 0.0000 -1.0000 -1.0000 -1.0000 -1.0000 1.9025 1.6065 4.5371 -16.1896 -9.3980 0.7302 -2.9873 0.5056
Car 0.0000 0 0.0000 -1.0000 -1.0000 -1.0000 -1.0000 1.8626 1.4416 4.4040 0.6254 -9.1028 0.7476 -3.1391 0.4994
Car 0.0000 0 0.0000 -1.0000 -1.0000 -1.0000 -1.0000 1.8701 1.6474 4.3794 -58.7549 -8.7756 0.7943 0.0136 0.4812
Car 0.0000 0 0.0000 -1.0000 -1.0000 -1.0000 -1.0000 1.8973 1.4381 4.4059 -4.9572 -9.0764 0.7105 -3.1001 0.4633
Car 0.0000 0 0.0000 -1.0000 -1.0000 -1.0000 -1.0000 1.8856 1.5294 4.5022 52.6883 12.4524 0.3378 3.1297 0.4572
Car 0.0000 0 0.0000 -1.0000 -1.0000 -1.0000 -1.0000 1.8865 1.5389 4.4720 68.3125 12.1587 0.4415 0.0040 0.4215
Truck 0.0000 0 0.0000 -1.0000 -1.0000 -1.0000 -1.0000 2.9090 3.3766 10.7759 4.5481 4.4909 1.6819 0.0168 0.7353
Cyclist 0.0000 0 0.0000 -1.0000 -1.0000 -1.0000 -1.0000 0.7322 1.5379 1.6973 -25.6718 -6.6447 0.6905 -3.1366 0.5722
Cyclist 0.0000 0 0.0000 -1.0000 -1.0000 -1.0000 -1.0000 0.7423 1.5425 1.6791 -8.3990 -6.9087 0.7702 -3.1172 0.4672
Cyclist 0.0000 0 0.0000 -1.0000 -1.0000 -1.0000 -1.0000 0.7556 1.5140 1.7344 0.1143 -6.7679 0.7986 3.1281 0.4645
Cyclist 0.0000 0 0.0000 -1.0000 -1.0000 -1.0000 -1.0000 0.7059 1.5149 1.6637 -5.1442 10.7017 0.4428 0.0097 0.4193
Cyclist 0.0000 0 0.0000 -1.0000 -1.0000 -1.0000 -1.0000 0.7693 1.5705 1.7461 -61.8431 -6.7084 0.7268 -0.0326 0.3980
Cyclist 0.0000 0 0.0000 -1.0000 -1.0000 -1.0000 -1.0000 0.6608 1.2214 1.6694 1.0995 17.9736 0.3612 0.2153 0.3757
Cyclist 0.0000 0 0.0000 -1.0000 -1.0000 -1.0000 -1.0000 0.6535 1.1747 1.6157 4.7437 -15.4790 0.9605 0.7648 0.3687
Cyclist 0.0000 0 0.0000 -1.0000 -1.0000 -1.0000 -1.0000 0.6466 1.1483 1.6647 -6.6867 17.7066 0.3352 0.0022 0.3538
Cyclist 0.0000 0 0.0000 -1.0000 -1.0000 -1.0000 -1.0000 0.7379 1.5559 1.6831 -49.5067 -6.8745 0.6082 0.0313 0.3511
Cyclist 0.0000 0 0.0000 -1.0000 -1.0000 -1.0000 -1.0000 0.7009 1.1129 1.7160 -0.3795 14.5653 0.2426 -1.4160 0.3221
Pedestrian 0.0000 0 0.0000 -1.0000 -1.0000 -1.0000 -1.0000 0.6939 1.6676 0.6458 -4.1293 -11.9463 1.0941 0.0808 0.4935
Pedestrian 0.0000 0 0.0000 -1.0000 -1.0000 -1.0000 -1.0000 0.6867 1.6691 0.6361 -21.4405 16.4546 0.5116 -1.5557 0.3821
Pedestrian 0.0000 0 0.0000 -1.0000 -1.0000 -1.0000 -1.0000 0.6934 1.6321 0.6323 -42.8478 16.1991 0.4442 -0.0312 0.3561
Pedestrian 0.0000 0 0.0000 -1.0000 -1.0000 -1.0000 -1.0000 0.6958 1.7433 0.6156 -23.4018 16.7857 0.6445 -1.7358 0.3191
