Car 0.0000 0 0.0000 -1.0000 -1.0000 -1.0000 -1.0000 1.9704 1.4684 4.5058 -18.3667 0.3547 0.5794 -0.0002 0.8054
Car 0.0000 0 0.0000 -1.0000 -1.0000 -1.0000 -1.0000 1.9515 1.4991 4.6184 -4.8839 -10.4139 1.0036 -1.4720 0.7006
Car 0.0000 0 0.0000 -1.0000 -1.0000 -1.0000 -1.0000 1.9955 1.4918 4.6458 41.5706 -2.8810 1.3985 0.0488 0.6676
Car 0.0000 0 0.0000 -1.0000 -1.0000 -1.0000 -1.0000 1.9602 1.6476 4.7007 54.2794 -6.8832 1.5615 1.7596 0.5457
Car 0.0000 0 0.0000 -1.0000 -1.0000 -1.0000 -1.0000 1.9278 1.4942 4.6481 -8.3362 -10.0520 0.8927 -1.5205 0.5010
Car 0.0000 0 0.0000 -1.0000 -1.0000 -1.0000 -1.0000 1.9451 1.4849 4.5800 -15.8851 -10.2250 0.7949 -0.0429 0.4935
Car 0.0000 0 0.0000 -1.0000 -1.0000 -1.0000 -1.0000 2.0110 1.7202 4.6265 15.8038 -0.1499 1.0872 -3.1315 0.4891
Car 0.0000 0 0.0000 -1.0000 -1.0000 -1.0000 -1.0000 1.9420 1.6750 4.5835 14.9417 12.1061 0.6397 3.1246 0.4360
Car 0.0000 0 0.0000 -1.0000 -1.0000 -1.0000 -1.0000 1.9637 1.4422 4.5778 -15.5130 -7.5605 0.7525 3.1363 0.3851
Car 0.0000 0 0.0000 -1.0000 -1.0000 -1.0000 -1.0000 1.8513 1.5726 4.4785 -18.2993 14.1575 0.1392 3.1177 0.3170
Truck 0.0000 0 0.0000 -1.0000 -1.0000 -1.0000 -1.0000 2.6861 2.7534 7.9299 -47.9888 0.6985 1.1124 -0.0009 0.5447
Truck 0.0000 0 0.0000 -1.0000 -1.0000 -1.0000 -1.0000 1.9164 1.9446 4.8177 26.3077 1.1772 1.3699 3.0827 0.3589
Tricar 0.0000 0 0.0000 -1.0000 -1.0000 -1.0000 -1.0000 1.4409 1.8636 3.6034 -26.0496 -2.2566 0.7861 -0.1185 0.5686
Tricar 0.0000 0 0.0000 -1.0000 -1.0000 -1.0000 -1.0000 1.4308 1.8146 3.7785 9.6142 1.6742 1.0796 3.1037 0.4485
Tricar 0.0000 0 0.0000 -1.0000 -1.0000 -1.0000 -1.0000 1.3959 1.9403 3.2375 2.4545 -6.4388 1.2482 1.5910 0.4173
Cyclist 0.0000 0 0.0000 -1.0000 -1.0000 -1.0000 -1.0000 0.9025 1.5889 1.9182 11.7328 19.3231 0.6208 0.1021 0.3112
Cyclist 0.0000 0 0.0000 -1.0000 -1.0000 -1.0000 -1.0000 0.7538 1.5827 1.7130 -1.1524 15.7235 0.3878 0.0441 0.3008
