Car 0.0000 0 0.0000 -1.0000 -1.0000 -1.0000 -1.0000 1.9541 1.5273 4.5634 -39.6190 0.4093 0.6589 -3.1213 0.7483
Car 0.0000 0 0.0000 -1.0000 -1.0000 -1.0000 -1.0000 1.9610 1.5480 4.5520 0.7912 3.3938 0.7719 3.1087 0.7440
Car 0.0000 0 0.0000 -1.0000 -1.0000 -1.0000 -1.0000 2.2701 2.4677 5.1405 -10.7485 6.6513 1.1951 -0.0781 0.6910
Car 0.0000 0 0.0000 -1.0000 -1.0000 -1.0000 -1.0000 1.9524 1.6188 4.5561 -50.1848 7.0247 0.7490 -0.0066 0.6594
Car 0.0000 0 0.0000 -1.0000 -1.0000 -1.0000 -1.0000 1.8684 1.4651 4.4341 -32.9623 8.9221 0.6864 -3.1313 0.6321
Car 0.0000 0 0.0000 -1.0000 -1.0000 -1.0000 -1.0000 2.0758 2.0882 4.7667 -30.8261 -4.9811 0.9181 -3.1219 0.6245
Car 0.0000 0 0.0000 -1.0000 -1.0000 -1.0000 -1.0000 1.8645 1.4652 4.4376 -54.5298 -4.7123 0.5323 -3.0921 0.5805
Car 0.0000 0 0.0000 -1.0000 -1.0000 -1.0000 -1.0000 2.0796 1.9170 4.7557 -37.3240 -5.0252 0.8256 -3.1056 0.5617
Car 0.0000 0 0.0000 -1.0000 -1.0000 -1.0000 -1.0000 1.9758 1.4593 4.6543 -17.3844 3.5216 0.6896 3.1081 0.5250
Car 0.0000 0 0.0000 -1.0000 -1.0000 -1.0000 -1.0000 1.8733 1.5166 4.4942 -48.5438 -4.9164 0.5170 -3.0855 0.4853
Car 0.0000 0 0.0000 -1.0000 -1.0000 -1.0000 -1.0000 1.8918 1.7588 4.3828 5.0707 14.9837 0.6318 -1.3567 0.4152
Car 0.0000 0 0.0000 -1.0000 -1.0000 -1.0000 -1.0000 1.8360 1.4803 4.3359 -24.5262 -5.1551 0.5558 -0.0885 0.4081
Car 0.0000 0 0.0000 -1.0000 -1.0000 -1.0000 -1.0000 1.9779 1.4511 4.6200 -39.2094 3.9444 0.6409 3.1369 0.4065
Car 0.0000 0 0.0000 -1.0000 -1.0000 -1.0000 -1.0000 1.8275 1.4678 4.4031 -60.0064 -4.5246 0.5176 -3.1155 0.3751
Car 0.0000 0 0.0000 -1.0000 -1.0000 -1.0000 -1.0000 1.9091 1.6159 4.6582 -67.3676 6.5979 0.7776 -0.1666 0.3600
Truck 0.0000 0 0.0000 -1.0000 -1.0000 -1.0000 -1.0000 2.7976 3.0295 9.1101 77.9219 18.3351 1.7928 0.0441 0.3136
Cyclist 0.0000 0 0.0000 -1.0000 -1.0000 -1.0000 -1.0000 0.7362 1.5207 1.7224 -18.1788 -4.2897 0.6264 2.9682 0.6736
Cyclist 0.0000 0 0.0000 -1.0000 -1.0000 -1.0000 -1.0000 0.7450 1.5385 1.7034 -27.3926 -2.7239 0.6723 0.0019 0.5664
Cyclist 0.0000 0 0.0000 -1.0000 -1.0000 -1.0000 -1.0000 0.8134 1.6122 1.7831 -49.9152 -2.9491 0.6350 -0.0022 0.5592
Cyclist 0.0000 0 0.0000 -1.0000 -1.0000 -1.0000 -1.0000 0.7371 1.5392 1.7104 -75.2192 -2.3456 0.5218 -0.1661 0.4808
Cyclist 0.0000 0 0.0000 -1.0000 -1.0000 -1.0000 -1.0000 0.7395 1.5347 1.7544 40.3370 -4.1679 -0.3731 -0.0143 0.4541
Cyclist 0.0000 0 0.0000 -1.0000 -1.0000 -1.0000 -1.0000 0.7709 1.5634 1.7469 49.0454 -2.4150 -0.6152 3.0715 0.4483
Cyclist 0.0000 0 0.0000 -1.0000 -1.0000 -1.0000 -1.0000 0.7679 1.5620 1.7605 45.0256 4.1779 -0.4912 3.0911 0.4215
Cyclist 0.0000 0 0.0000 -1.0000 -1.0000 -1.0000 -1.0000 0.7663 1.5797 1.7279 46.5804 5.8215 -0.4106 3.0763 0.3915
Cyclist 0.0000 0 0.0000 -1.0000 -1.0000 -1.0000 -1.0000 0.8656 1.5468 1.9183 27.1554 -2.5776 0.0775 0.1353 0.3850
Cyclist 0.0000 0 0.0000 -1.0000 -1.0000 -1.0000 -1.0000 0.8054 1.5610 1.7708 -1.7388 -3.1391 0.7831 3.0498 0.3834
Cyclist 0.0000 0 0.0000 -1.0000 -1.0000 -1.0000 -1.0000 0.7955 1.5634 1.7701 53.2709 4.1034 -0.5131 -3.0808 0.3755
Cyclist 0.0000 0 0.0000 -1.0000 -1.0000 -1.0000 -1.0000 0.6745 1.1941 1.6775 -12.7466 -12.3383 0.4148 1.9324 0.3703
Cyclist 0.0000 0 0.0000 -1.0000 -1.0000 -1.0000 -1.0000 0.6732 1.3358 1.6787 -24.1596 -7.9284 0.5298 1.0786 0.3248
Cyclist 0.0000 0 0.0000 -1.0000 -1.0000 -1.0000 -1.0000 0.7587 1.2776 1.7926 36.4818 8.5542 -0.2022 -1.2991 0.3061
Cyclist 0.0000 0 0.0000 -1.0000 -1.0000 -1.0000 -1.0000 0.6402 1.0866 1.6285 -21.5584 -6.7642 0.4377 -1.9565 0.3034
Cyclist 0.0000 0 0.0000 -1.0000 -1.0000 -1.0000 -1.0000 0.6381 1.0339 1.6177 -21.6458 -12.5613 0.3533 2.1239 0.3018
Pedestrian 0.0000 0 0.0000 -1.0000 -1.0000 -1.0000 -1.0000 0.6866 1.6912 0.6286 8.1638 14.3749 0.5729 2.0385 0.4140
Pedestrian 0.0000 0 0.0000 -1.0000 -1.0000 -1.0000 -1.0000 0.7300 1.6593 0.7160 36.4897 -5.3128 -0.2001 -3.1171 0.3143
Pedestrian 0.0000 0 0.0000 -1.0000 -1.0000 -1.0000 -1.0000 0.7261 1.7034 0.7056 1.4358 9.3097 0.9492 0.0180 0.3017
