Car 0.0000 0 0.0000 -1.0000 -1.0000 -1.0000 -1.0000 1.9483 1.4510 4.4942 6.3120 -2.7314 0.7302 0.0563 0.7966
Car 0.0000 0 0.0000 -1.0000 -1.0000 -1.0000 -1.0000 1.9633 1.4767 4.5043 7.1725 3.2337 0.7639 0.0134 0.7936
Car 0.0000 0 0.0000 -1.0000 -1.0000 -1.0000 -1.0000 2.0470 1.5465 4.7548 10.9773 15.8847 0.2574 -3.1355 0.7460
Car 0.0000 0 0.0000 -1.0000 -1.0000 -1.0000 -1.0000 1.9881 1.4769 4.5023 40.4565 -3.5920 0.7291 0.0285 0.7271
Car 0.0000 0 0.0000 -1.0000 -1.0000 -1.0000 -1.0000 2.0725 1.8448 4.7209 -41.2884 -4.1267 0.9516 0.0143 0.6999
Car 0.0000 0 0.0000 -1.0000 -1.0000 -1.0000 -1.0000 1.9584 1.7578 4.5647 -14.4611 11.8390 0.5409 3.1416 0.6085
Car 0.0000 0 0.0000 -1.0000 -1.0000 -1.0000 -1.0000 1.9277 1.5804 4.4917 48.1244 15.6797 0.2924 -0.0055 0.5534
Car 0.0000 0 0.0000 -1.0000 -1.0000 -1.0000 -1.0000 1.9821 1.4828 4.6095 -62.4948 3.6226 0.7244 -3.1238 0.5247
Car 0.0000 0 0.0000 -1.0000 -1.0000 -1.0000 -1.0000 1.9630 1.5120 4.4861 -13.2017 0.2017 0.7836 -3.1303 0.5236
Car 0.0000 0 0.0000 -1.0000 -1.0000 -1.0000 -1.0000 1.8839 1.9739 4.4052 -10.0495 16.3392 0.4973 -0.0255 0.5093
Car 0.0000 0 0.0000 -1.0000 -1.0000 -1.0000 -1.0000 1.9272 1.5946 4.5847 -78.9526 13.9212 0.5426 -0.0370 0.4600
Car 0.0000 0 0.0000 -1.0000 -1.0000 -1.0000 -1.0000 2.0857 2.1257 4.8830 67.0765 11.9519 0.8105 3.1273 0.4251
Car 0.0000 0 0.0000 -1.0000 -1.0000 -1.0000 -1.0000 1.9530 1.5012 4.6515 -70.8085 16.4062 0.2274 -3.1298 0.4181
Car 0.0000 0 0.0000 -1.0000 -1.0000 -1.0000 -1.0000 1.8603 1.5718 4.3451 -47.4243 14.1625 0.3818 -3.1107 0.4081
Car 0.0000 0 0.0000 -1.0000 -1.0000 -1.0000 -1.0000 1.9671 1.4923 4.5605 -46.8414 9.6535 0.5723 -3.1335 0.3122
Car 0.0000 0 0.0000 -1.0000 -1.0000 -1.0000 -1.0000 1.9822 1.5756 4.7764 -66.2058 9.1504 0.7818 0.0389 0.3022
