Car 0.0000 0 0.0000 -1.0000 -1.0000 -1.0000 -1.0000 1.9254 1.4920 4.4609 -14.2314 10.3736 0.5584 3.1311 0.7424
Car 0.0000 0 0.0000 -1.0000 -1.0000 -1.0000 -1.0000 1.9945 1.5202 4.6059 3.4468 4.6970 0.6776 3.1268 0.7228
Car 0.0000 0 0.0000 -1.0000 -1.0000 -1.0000 -1.0000 2.0634 1.7502 4.7270 14.6386 4.4382 0.7946 -0.0168 0.7035
Car 0.0000 0 0.0000 -1.0000 -1.0000 -1.0000 -1.0000 1.9306 1.4716 4.4810 -9.7800 4.7409 0.6838 3.1185 0.6696
Car 0.0000 0 0.0000 -1.0000 -1.0000 -1.0000 -1.0000 2.0200 1.5625 4.6517 -36.6363 -5.5025 1.1033 -3.0885 0.5428
Car 0.0000 0 0.0000 -1.0000 -1.0000 -1.0000 -1.0000 1.9933 1.6606 4.5586 -24.4974 4.4011 0.8796 -3.0850 0.5373
Car 0.0000 0 0.0000 -1.0000 -1.0000 -1.0000 -1.0000 1.9234 1.4781 4.5105 24.4787 4.6232 0.5732 -0.0067 0.4841
Car 0.0000 0 0.0000 -1.0000 -1.0000 -1.0000 -1.0000 1.9116 1.6626 4.4877 -54.9527 -6.1475 0.9637 -3.0771 0.4621
Car 0.0000 0 0.0000 -1.0000 -1.0000 -1.0000 -1.0000 1.9411 1.5406 4.5795 33.2071 4.7815 0.6268 0.0025 0.4450
Car 0.0000 0 0.0000 -1.0000 -1.0000 -1.0000 -1.0000 1.9296 1.5415 4.5604 28.8612 10.5836 0.3484 3.1388 0.4414
Car 0.0000 0 0.0000 -1.0000 -1.0000 -1.0000 -1.0000 1.9764 1.5271 4.6654 -40.5789 0.3956 0.9811 -3.1366 0.4298
Car 0.0000 0 0.0000 -1.0000 -1.0000 -1.0000 -1.0000 2.0491 1.5315 4.6411 -26.8766 0.0019 0.9077 -3.1281 0.4285
Car 0.0000 0 0.0000 -1.0000 -1.0000 -1.0000 -1.0000 1.8679 1.5060 4.3306 -49.2390 5.0495 0.9258 -3.0848 0.4284
Car 0.0000 0 0.0000 -1.0000 -1.0000 -1.0000 -1.0000 1.9298 1.5471 4.5031 5.5854 10.7607 0.4678 -0.0142 0.4074
Car 0.0000 0 0.0000 -1.0000 -1.0000 -1.0000 -1.0000 1.7960 1.6803 4.2709 8.5932 -10.2404 1.0158 -0.0155 0.3862
Car 0.0000 0 0.0000 -1.0000 -1.0000 -1.0000 -1.0000 1.8624 1.4957 4.4237 -43.3834 -5.5915 0.9444 -3.0962 0.3719
Car 0.0000 0 0.0000 -1.0000 -1.0000 -1.0000 -1.0000 1.8186 1.6202 4.3707 71.5649 14.7146 0.4218 0.2515 0.3327
Truck 0.0000 0 0.0000 -1.0000 -1.0000 -1.0000 -1.0000 2.9133 3.2669 12.5133 -47.9527 10.3848 1.6994 -0.0006 0.5889
Cyclist 0.0000 0 0.0000 -1.0000 -1.0000 -1.0000 -1.0000 0.7380 1.5003 1.7029 14.5289 -11.7691 0.8452 -3.1124 0.6364
Cyclist 0.0000 0 0.0000 -1.0000 -1.0000 -1.0000 -1.0000 0.7405 1.4826 1.7481 33.4849 16.2517 0.1764 3.0933 0.5998
Cyclist 0.0000 0 0.0000 -1.0000 -1.0000 -1.0000 -1.0000 0.7445 1.5532 1.6982 29.0804 -11.1121 0.8014 3.1349 0.5704
Cyclist 0.0000 0 0.0000 -1.0000 -1.0000 -1.0000 -1.0000 0.7580 1.5584 1.7102 20.0980 -9.7516 0.9188 -3.1034 0.5356
Cyclist 0.0000 0 0.0000 -1.0000 -1.0000 -1.0000 -1.0000 0.8382 1.5556 1.8331 -9.0569 -12.2557 1.0070 -0.0266 0.4964
Cyclist 0.0000 0 0.0000 -1.0000 -1.0000 -1.0000 -1.0000 0.7619 1.5246 1.7897 -23.0081 23.5438 0.2030 -1.6597 0.4892
Cyclist 0.0000 0 0.0000 -1.0000 -1.0000 -1.0000 -1.0000 0.8771 1.6526 1.8211 -32.2642 -13.2795 1.2387 -0.0996 0.4740
Cyclist 0.0000 0 0.0000 -1.0000 -1.0000 -1.0000 -1.0000 0.7431 1.4845 1.7086 32.9309 -10.9540 0.7672 -0.0069 0.3703
Cyclist 0.0000 0 0.0000 -1.0000 -1.0000 -1.0000 -1.0000 0.6806 1.1469 1.7326 -24.1427 29.7357 0.0004 -1.6692 0.3442
Cyclist 0.0000 0 0.0000 -1.0000 -1.0000 -1.0000 -1.0000 0.7678 1.5866 1.7221 70.0303 -16.9533 0.6576 2.7661 0.3320
Cyclist 0.0000 0 0.0000 -1.0000 -1.0000 -1.0000 -1.0000 0.7838 1.5110 1.7383 15.5148 -14.1184 1.0213 -0.1277 0.3214
Cyclist 0.0000 0 0.0000 -1.0000 -1.0000 -1.0000 -1.0000 0.7303 1.5668 1.7086 -46.5192 16.2333 0.6085 -0.0542 0.3124
Pedestrian 0.0000 0 0.0000 -1.0000 -1.0000 -1.0000 -1.0000 0.6981 1.6832 0.6552 8.8347 -16.7506 1.2525 0.0012 0.5450
Pedestrian 0.0000 0 0.0000 -1.0000 -1.0000 -1.0000 -1.0000 0.7297 1.6869 0.7138 4.5093 21.5062 0.4225 0.0290 0.5248
Pedestrian 0.0000 0 0.0000 -1.0000 -1.0000 -1.0000 -1.0000 0.7009 1.6368 0.6393 -20.2262 22.3934 0.3132 0.9093 0.4683
Pedestrian 0.0000 0 0.0000 -1.0000 -1.0000 -1.0000 -1.0000 0.7020 1.6524 0.6576 -27.8801 -29.0930 1.4336 1.3644 0.4223
Pedestrian 0.0000 0 0.0000 -1.0000 -1.0000 -1.0000 -1.0000 0.7050 1.7123 0.6405 -37.4526 -16.6980 1.4675 0.5151 0.3927
Pedestrian 0.0000 0 0.0000 -1.0000 -1.0000 -1.0000 -1.0000 0.7146 1.7202 0.6529 19.7734 -17.5802 1.3023 3.0780 0.3777
Pedestrian 0.0000 0 0.0000 -1.0000 -1.0000 -1.0000 -1.0000 0.7209 1.6662 0.7195 0.2217 -16.3071 1.2498 3.1382 0.3695
Pedestrian 0.0000 0 0.0000 -1.0000 -1.0000 -1.0000 -1.0000 0.6874 1.6506 0.6420 -51.2162 21.6244 0.6338 0.0164 0.3286
Pedestrian 0.0000 0 0.0000 -1.0000 -1.0000 -1.0000 -1.0000 0.7163 1.7146 0.6778 -50.9307 -17.8129 1.6210 0.0664 0.3251
Pedestrian 0.0000 0 0.0000 -1.0000 -1.0000 -1.0000 -1.0000 0.6916 1.6522 0.6092 -56.3578 19.9744 0.6314 -0.0242 0.3227
Pedestrian 0.0000 0 0.0000 -1.0000 -1.0000 -1.0000 -1.0000 0.7274 1.6829 0.7045 -15.5563 22.4719 0.3875 -3.0124 0.3107
Pedestrian 0.0000 0 0.0000 -1.0000 -1.0000 -1.0000 -1.0000 0.7100 1.6866 0.6402 -44.5125 19.9080 0.6785 -3.1345 0.3003
