Car 0.0000 0 0.0000 -1.0000 -1.0000 -1.0000 -1.0000 2.0094 1.5125 4.6299 8.2147 10.4642 0.5762 -0.0157 0.8146
Car 0.0000 0 0.0000 -1.0000 -1.0000 -1.0000 -1.0000 2.0096 1.4433 4.6454 -12.2991 2.4284 0.8448 0.1530 0.8093
Car 0.0000 0 0.0000 -1.0000 -1.0000 -1.0000 -1.0000 2.0296 1.5871 4.7654 14.1539 10.0848 0.4081 3.1099 0.7890
Car 0.0000 0 0.0000 -1.0000 -1.0000 -1.0000 -1.0000 2.0035 1.5934 4.6209 -24.0053 -6.7688 1.0741 0.5189 0.7710
Car 0.0000 0 0.0000 -1.0000 -1.0000 -1.0000 -1.0000 1.9786 1.5750 4.5084 8.7140 -0.4612 0.6966 -0.0039 0.7679
Car 0.0000 0 0.0000 -1.0000 -1.0000 -1.0000 -1.0000 1.9107 1.4570 4.4843 -3.0342 3.2643 0.7226 0.0362 0.7587
Car 0.0000 0 0.0000 -1.0000 -1.0000 -1.0000 -1.0000 1.9899 1.5731 4.5990 -13.8893 9.2279 0.9713 0.1603 0.7560
Car 0.0000 0 0.0000 -1.0000 -1.0000 -1.0000 -1.0000 1.9685 1.5745 4.7072 21.7484 10.2245 0.1670 3.1289 0.7112
Car 0.0000 0 0.0000 -1.0000 -1.0000 -1.0000 -1.0000 1.9403 1.5849 4.4504 -21.6255 17.7757 1.0046 -2.7681 0.7105
Car 0.0000 0 0.0000 -1.0000 -1.0000 -1.0000 -1.0000 1.9800 1.4827 4.6004 -31.5250 10.3983 1.3581 -2.9972 0.6852
Car 0.0000 0 0.0000 -1.0000 -1.0000 -1.0000 -1.0000 1.9637 1.6070 4.6472 -44.5361 4.9395 1.9635 -2.8010 0.6807
Car 0.0000 0 0.0000 -1.0000 -1.0000 -1.0000 -1.0000 1.9877 1.5123 4.5702 -21.9655 8.7137 1.0813 -2.9489 0.6757
Car 0.0000 0 0.0000 -1.0000 -1.0000 -1.0000 -1.0000 2.1278 1.8397 4.8016 -19.0213 -1.0793 1.1002 0.2906 0.6380
Car 0.0000 0 0.0000 -1.0000 -1.0000 -1.0000 -1.0000 1.9115 1.4904 4.4721 -26.0087 -3.4863 1.0764 -2.7302 0.6260
Car 0.0000 0 0.0000 -1.0000 -1.0000 -1.0000 -1.0000 1.9182 1.7553 4.4716 -7.2883 9.8327 0.9457 -3.1041 0.6234
Car 0.0000 0 0.0000 -1.0000 -1.0000 -1.0000 -1.0000 1.9408 1.5708 4.6501 -37.0754 -33.5801 1.6171 1.7198 0.6035
Car 0.0000 0 0.0000 -1.0000 -1.0000 -1.0000 -1.0000 1.9650 1.5453 4.6275 5.4379 13.7959 0.7030 3.1401 0.5684
Car 0.0000 0 0.0000 -1.0000 -1.0000 -1.0000 -1.0000 1.8856 1.5660 4.4228 -21.3671 3.2807 1.1087 -2.9085 0.5503
Car 0.0000 0 0.0000 -1.0000 -1.0000 -1.0000 -1.0000 1.9833 1.5868 4.6547 -0.1859 10.2403 0.7602 0.0069 0.5404
Car 0.0000 0 0.0000 -1.0000 -1.0000 -1.0000 -1.0000 1.9725 1.6513 4.5511 19.0219 2.4709 0.4480 3.0917 0.5354
Car 0.0000 0 0.0000 -1.0000 -1.0000 -1.0000 -1.0000 1.9232 1.4538 4.5122 -13.1756 -2.3085 0.8099 0.3815 0.5270
Car 0.0000 0 0.0000 -1.0000 -1.0000 -1.0000 -1.0000 1.9642 1.4976 4.5653 -28.6612 0.6940 1.1990 -2.8393 0.5210
Car 0.0000 0 0.0000 -1.0000 -1.0000 -1.0000 -1.0000 1.8967 1.4901 4.5029 -23.6570 11.1213 1.1059 -2.9803 0.5168
Car 0.0000 0 0.0000 -1.0000 -1.0000 -1.0000 -1.0000 1.9229 1.5932 4.5501 -34.4845 6.7171 1.6437 -2.9131 0.5118
Car 0.0000 0 0.0000 -1.0000 -1.0000 -1.0000 -1.0000 1.9443 1.5919 4.5791 -30.8453 -15.1619 1.4350 1.2710 0.5110
Car 0.0000 0 0.0000 -1.0000 -1.0000 -1.0000 -1.0000 1.9323 1.6684 4.4802 -31.4505 -7.0345 1.2246 0.6105 0.4941
Car 0.0000 0 0.0000 -1.0000 -1.0000 -1.0000 -1.0000 1.9045 1.5135 4.5181 -7.1393 13.9115 0.7952 3.1400 0.4889
Car 0.0000 0 0.0000 -1.0000 -1.0000 -1.0000 -1.0000 1.8975 1.5232 4.5374 -3.5492 24.3233 0.4957 3.1199 0.4751
Car 0.0000 0 0.0000 -1.0000 -1.0000 -1.0000 -1.0000 1.8927 1.5599 4.4334 16.5553 13.7560 0.3267 3.1195 0.4532
Car 0.0000 0 0.0000 -1.0000 -1.0000 -1.0000 -1.0000 1.8858 1.5888 4.5263 24.0312 13.5473 0.1415 0.0487 0.4095
Car 0.0000 0 0.0000 -1.0000 -1.0000 -1.0000 -1.0000 1.9730 1.7056 4.8606 -40.7455 -35.1415 1.8545 1.7028 0.3621
Car 0.0000 0 0.0000 -1.0000 -1.0000 -1.0000 -1.0000 1.8912 1.4835 4.5586 -40.4183 -19.9951 1.9568 1.5085 0.3569
Car 0.0000 0 0.0000 -1.0000 -1.0000 -1.0000 -1.0000 1.9040 1.5009 4.5131 38.9583 -0.3627 -0.3890 3.1120 0.3518
Car 0.0000 0 0.0000 -1.0000 -1.0000 -1.0000 -1.0000 2.1154 1.8957 5.0815 -38.5723 -2.2216 1.8429 0.2636 0.3497
Car 0.0000 0 0.0000 -1.0000 -1.0000 -1.0000 -1.0000 1.9284 1.5333 4.7072 -40.4154 9.9250 1.7416 -3.0060 0.3161
Truck 0.0000 0 0.0000 -1.0000 -1.0000 -1.0000 -1.0000 3.0809 4.1447 16.6857 6.5695 17.8735 2.0252 3.1132 0.6600
Truck 0.0000 0 0.0000 -1.0000 -1.0000 -1.0000 -1.0000 2.4433 2.6010 6.6938 -41.2197 -26.4575 2.3821 1.7666 0.3179
Tricar 0.0000 0 0.0000 -1.0000 -1.0000 -1.0000 -1.0000 1.3480 1.7903 2.8608 -18.2293 24.2505 0.9001 0.1260 0.5512
Tricar 0.0000 0 0.0000 -1.0000 -1.0000 -1.0000 -1.0000 1.2732 1.6063 2.8236 3.4421 28.9823 0.9045 3.1168 0.4547
Cyclist 0.0000 0 0.0000 -1.0000 -1.0000 -1.0000 -1.0000 0.7327 1.5365 1.7181 2.4988 -7.9310 0.6550 3.1104 0.7098
Cyclist 0.0000 0 0.0000 -1.0000 -1.0000 -1.0000 -1.0000 0.7450 1.5197 1.7481 12.6167 -8.4944 0.4577 3.1189 0.6863
Cyclist 0.0000 0 0.0000 -1.0000 -1.0000 -1.0000 -1.0000 0.7155 1.4933 1.6846 -15.8906 -11.2415 0.7818 -2.4983 0.5498
Cyclist 0.0000 0 0.0000 -1.0000 -1.0000 -1.0000 -1.0000 0.8189 1.5647 1.8422 19.6911 -6.5414 0.2712 3.1163 0.5271
Cyclist 0.0000 0 0.0000 -1.0000 -1.0000 -1.0000 -1.0000 0.6929 1.4178 1.6790 -8.8963 -5.3150 0.7262 2.8315 0.4359
Cyclist 0.0000 0 0.0000 -1.0000 -1.0000 -1.0000 -1.0000 0.6715 1.4407 1.6565 -6.2900 -5.5678 0.6937 -0.1933 0.3329
Pedestrian 0.0000 0 0.0000 -1.0000 -1.0000 -1.0000 -1.0000 0.6801 1.5761 0.6383 -24.2859 -12.1821 1.0274 0.7466 0.4310
Pedestrian 0.0000 0 0.0000 -1.0000 -1.0000 -1.0000 -1.0000 0.6831 1.6264 0.6124 -27.4228 -16.8042 1.1860 1.0859 0.3731
