Car 0.0000 0 0.0000 -1.0000 -1.0000 -1.0000 -1.0000 2.0037 1.6121 4.5780 -9.0754 -3.2158 0.8687 -3.1407 0.7534
Car 0.0000 0 0.0000 -1.0000 -1.0000 -1.0000 -1.0000 1.9748 1.4918 4.6376 -0.6880 -2.9405 0.8113 0.0069 0.7234
Car 0.0000 0 0.0000 -1.0000 -1.0000 -1.0000 -1.0000 1.9524 1.6256 4.5395 33.4600 22.6955 0.5517 -1.4229 0.6814
Car 0.0000 0 0.0000 -1.0000 -1.0000 -1.0000 -1.0000 2.0359 1.9382 4.8068 35.3539 -29.2326 1.0664 1.2463 0.5856
Car 0.0000 0 0.0000 -1.0000 -1.0000 -1.0000 -1.0000 1.9234 1.6038 4.5911 -18.5772 -31.7762 0.6568 1.6136 0.4879
Car 0.0000 0 0.0000 -1.0000 -1.0000 -1.0000 -1.0000 2.1271 2.2904 4.9601 42.3502 -16.5887 1.3221 -3.0349 0.4392
Car 0.0000 0 0.0000 -1.0000 -1.0000 -1.0000 -1.0000 1.8967 1.5159 4.5225 0.4910 -32.1400 0.8913 -1.6428 0.4235
Car 0.0000 0 0.0000 -1.0000 -1.0000 -1.0000 -1.0000 1.9058 1.5386 4.5804 -29.8819 -31.6909 0.5696 1.5529 0.4135
Car 0.0000 0 0.0000 -1.0000 -1.0000 -1.0000 -1.0000 1.9310 1.4608 4.5760 28.7689 -19.0626 0.7559 -1.7092 0.4112
Car 0.0000 0 0.0000 -1.0000 -1.0000 -1.0000 -1.0000 1.8622 1.9382 4.3268 61.5675 8.5248 1.1120 3.1078 0.3965
Car 0.0000 0 0.0000 -1.0000 -1.0000 -1.0000 -1.0000 1.8116 1.8114 4.1938 20.1142 -33.4138 0.9247 1.3432 0.3925
Car 0.0000 0 0.0000 -1.0000 -1.0000 -1.0000 -1.0000 1.8847 1.6018 4.5281 -10.3921 -32.0177 0.7971 1.6036 0.3893
Car 0.0000 0 0.0000 -1.0000 -1.0000 -1.0000 -1.0000 1.8036 1.4636 4.3600 51.1972 19.6010 0.5214 2.9300 0.3693
Car 0.0000 0 0.0000 -1.0000 -1.0000 -1.0000 -1.0000 1.9051 1.6226 4.5979 -21.8898 -32.0909 0.6090 1.6190 0.3592
Car 0.0000 0 0.0000 -1.0000 -1.0000 -1.0000 -1.0000 1.9073 1.5628 4.6195 -27.5297 -32.0838 0.5640 1.5559 0.3572
Car 0.0000 0 0.0000 -1.0000 -1.0000 -1.0000 -1.0000 1.9190 1.5371 4.5991 -4.7285 -31.8200 0.8242 1.6287 0.3474
Car 0.0000 0 0.0000 -1.0000 -1.0000 -1.0000 -1.0000 1.8858 1.5305 4.5637 -2.5784 -31.8482 0.8262 1.6135 0.3435
Car 0.0000 0 0.0000 -1.0000 -1.0000 -1.0000 -1.0000 1.8871 1.5516 4.5667 -41.0348 -31.9824 0.6812 1.5290 0.3430
Car 0.0000 0 0.0000 -1.0000 -1.0000 -1.0000 -1.0000 1.9004 1.5962 4.5695 -24.0363 -32.0907 0.6138 1.5827 0.3386
Car 0.0000 0 0.0000 -1.0000 -1.0000 -1.0000 -1.0000 1.9053 1.5658 4.6140 -33.1752 -32.1034 0.5818 1.5741 0.3361
Truck 0.0000 0 0.0000 -1.0000 -1.0000 -1.0000 -1.0000 2.9638 3.3948 10.8011 -13.8407 0.4526 1.7069 -3.1363 0.5193
Tricar 0.0000 0 0.0000 -1.0000 -1.0000 -1.0000 -1.0000 1.3289 1.7398 3.2673 20.1080 -33.3062 0.8983 1.3061 0.6039
Tricar 0.0000 0 0.0000 -1.0000 -1.0000 -1.0000 -1.0000 1.3818 1.7681 3.2372 47.8807 25.2496 0.5441 2.7856 0.4283
Cyclist 0.0000 0 0.0000 -1.0000 -1.0000 -1.0000 -1.0000 0.7925 1.5318 1.7734 41.3254 -11.9692 0.9552 2.5082 0.5144
Cyclist 0.0000 0 0.0000 -1.0000 -1.0000 -1.0000 -1.0000 0.7939 1.5083 1.8747 21.7684 -22.2090 0.7585 1.3600 0.4752
Pedestrian 0.0000 0 0.0000 -1.0000 -1.0000 -1.0000 -1.0000 0.7136 1.6957 0.6433 28.1773 39.0714 0.2391 0.9748 0.3049
