Car 0.0000 0 0.0000 -1.0000 -1.0000 -1.0000 -1.0000 1.9614 1.5241 4.5468 25.2173 3.2407 0.8377 0.0238 0.7826
Car 0.0000 0 0.0000 -1.0000 -1.0000 -1.0000 -1.0000 1.9637 1.7635 4.4729 17.6948 3.1452 0.9665 0.0017 0.7487
Car 0.0000 0 0.0000 -1.0000 -1.0000 -1.0000 -1.0000 2.0401 1.7388 4.7108 53.0450 12.6509 0.8302 0.0268 0.6708
Car 0.0000 0 0.0000 -1.0000 -1.0000 -1.0000 -1.0000 1.9827 1.5385 4.5827 17.4040 -0.7892 0.8496 0.0428 0.6631
Car 0.0000 0 0.0000 -1.0000 -1.0000 -1.0000 -1.0000 1.9786 1.4327 4.5241 27.2081 -4.0025 0.8974 -3.1223 0.5888
Car 0.0000 0 0.0000 -1.0000 -1.0000 -1.0000 -1.0000 2.0767 1.8007 4.6887 -9.3274 0.3869 0.9282 -3.1365 0.5206
Car 0.0000 0 0.0000 -1.0000 -1.0000 -1.0000 -1.0000 2.0447 1.5095 4.6310 10.0750 -0.0146 0.8247 0.0303 0.4413
Car 0.0000 0 0.0000 -1.0000 -1.0000 -1.0000 -1.0000 1.8688 1.5122 4.4427 24.2601 -0.2595 0.8430 0.0369 0.3701
Truck 0.0000 0 0.0000 -1.0000 -1.0000 -1.0000 -1.0000 2.4473 2.6930 6.1709 67.8575 13.0598 1.4854 0.0235 0.3927
Truck 0.0000 0 0.0000 -1.0000 -1.0000 -1.0000 -1.0000 2.3324 2.6449 5.8411 70.5869 6.2281 1.5263 0.0279 0.3862
Truck 0.0000 0 0.0000 -1.0000 -1.0000 -1.0000 -1.0000 2.5523 2.7067 6.7784 -16.7473 0.3111 1.3523 0.0172 0.3301
Tricar 0.0000 0 0.0000 -1.0000 -1.0000 -1.0000 -1.0000 1.2100 1.6362 2.8682 44.7776 19.3331 0.6460 3.0477 0.5689
Cyclist 0.0000 0 0.0000 -1.0000 -1.0000 -1.0000 -1.0000 0.7640 1.5233 1.7587 -34.2375 -12.3358 0.5605 3.0926 0.6063
Cyclist 0.0000 0 0.0000 -1.0000 -1.0000 -1.0000 -1.0000 0.8251 1.5954 1.8144 1.3904 -10.9401 0.7502 -3.1197 0.5281
Cyclist 0.0000 0 0.0000 -1.0000 -1.0000 -1.0000 -1.0000 0.7590 1.5906 1.7355 45.2560 -14.5534 1.2465 1.2732 0.4660
Cyclist 0.0000 0 0.0000 -1.0000 -1.0000 -1.0000 -1.0000 0.7883 1.5448 1.8150 57.4500 19.4195 0.3690 3.0264 0.4044
Pedestrian 0.0000 0 0.0000 -1.0000 -1.0000 -1.0000 -1.0000 0.7023 1.6412 0.6428 42.8005 29.1422 0.3528 0.4307 0.3848
