Car 0.0000 0 0.0000 -1.0000 -1.0000 -1.0000 -1.0000 1.9803 1.6186 4.4918 3.5500 3.1432 0.8510 0.0120 0.7060
Car 0.0000 0 0.0000 -1.0000 -1.0000 -1.0000 -1.0000 1.9341 1.5441 4.5551 22.4068 -26.2113 0.4789 -1.5878 0.6705
Car 0.0000 0 0.0000 -1.0000 -1.0000 -1.0000 -1.0000 1.9678 1.5788 4.5766 43.5501 3.2915 0.8808 0.0038 0.6124
Car 0.0000 0 0.0000 -1.0000 -1.0000 -1.0000 -1.0000 1.8867 1.5262 4.4604 -32.9528 -25.9474 0.6235 -1.5122 0.5011
Car 0.0000 0 0.0000 -1.0000 -1.0000 -1.0000 -1.0000 1.9224 1.4957 4.6359 -22.3920 -27.0353 0.5739 -1.6166 0.4599
Car 0.0000 0 0.0000 -1.0000 -1.0000 -1.0000 -1.0000 1.9978 1.8724 4.7098 -45.9593 3.4930 1.0582 3.0912 0.4139
Car 0.0000 0 0.0000 -1.0000 -1.0000 -1.0000 -1.0000 1.9012 1.7637 4.5400 -2.9896 -25.8783 0.6217 1.6259 0.3943
Car 0.0000 0 0.0000 -1.0000 -1.0000 -1.0000 -1.0000 1.8607 1.6531 4.4327 -28.0109 -27.3276 0.6366 1.5220 0.3754
Car 0.0000 0 0.0000 -1.0000 -1.0000 -1.0000 -1.0000 1.9294 1.7079 4.6337 -17.3824 -26.4626 0.6759 1.5418 0.3740
Car 0.0000 0 0.0000 -1.0000 -1.0000 -1.0000 -1.0000 1.8907 1.5861 4.5297 -4.8676 -25.5163 0.4838 1.6123 0.3693
Car 0.0000 0 0.0000 -1.0000 -1.0000 -1.0000 -1.0000 1.9608 1.4954 4.6000 6.5645 10.0188 0.7952 0.0103 0.3676
Car 0.0000 0 0.0000 -1.0000 -1.0000 -1.0000 -1.0000 1.9083 1.5472 4.6077 2.7856 -25.7528 0.5088 -1.5318 0.3318
Car 0.0000 0 0.0000 -1.0000 -1.0000 -1.0000 -1.0000 1.9852 2.0459 4.6715 0.3921 6.7190 1.0888 3.1376 0.3118
Truck 0.0000 0 0.0000 -1.0000 -1.0000 -1.0000 -1.0000 2.8795 3.3575 10.2153 67.4831 6.3443 1.7666 0.0118 0.6412
Truck 0.0000 0 0.0000 -1.0000 -1.0000 -1.0000 -1.0000 3.0305 3.6028 11.9638 -31.4185 -0.4693 1.8344 0.0084 0.6334
Truck 0.0000 0 0.0000 -1.0000 -1.0000 -1.0000 -1.0000 1.9343 1.9954 4.8897 22.9307 6.7951 1.0490 0.0130 0.4433
Truck 0.0000 0 0.0000 -1.0000 -1.0000 -1.0000 -1.0000 2.4971 2.6567 6.5023 -23.7862 3.6801 1.4181 -3.1050 0.4328
Truck 0.0000 0 0.0000 -1.0000 -1.0000 -1.0000 -1.0000 1.8980 1.9714 4.8551 0.6932 6.7243 1.0616 -0.0117 0.3514
Cyclist 0.0000 0 0.0000 -1.0000 -1.0000 -1.0000 -1.0000 0.8767 1.5502 1.9377 -31.8472 -10.5247 0.6301 -0.0270 0.4656
Cyclist 0.0000 0 0.0000 -1.0000 -1.0000 -1.0000 -1.0000 0.7330 1.5630 1.7130 -35.0992 26.4257 0.5286 0.0442 0.3186
