Car 0.0000 0 0.0000 -1.0000 -1.0000 -1.0000 -1.0000 1.9350 1.4465 4.5027 -6.3376 6.3434 0.6894 3.0648 0.7403
Car 0.0000 0 0.0000 -1.0000 -1.0000 -1.0000 -1.0000 1.9767 1.5897 4.5744 -40.7294 7.9818 0.7012 3.0342 0.7257
Car 0.0000 0 0.0000 -1.0000 -1.0000 -1.0000 -1.0000 1.9334 1.4212 4.4691 -3.3845 3.3012 0.6784 3.0608 0.7155
Car 0.0000 0 0.0000 -1.0000 -1.0000 -1.0000 -1.0000 2.0006 1.4607 4.6077 -37.9838 4.3190 0.6350 3.0075 0.7135
Car 0.0000 0 0.0000 -1.0000 -1.0000 -1.0000 -1.0000 1.9483 1.4839 4.5447 20.2238 5.3992 0.5734 0.4667 0.6542
Car 0.0000 0 0.0000 -1.0000 -1.0000 -1.0000 -1.0000 1.9389 1.4401 4.5775 5.4757 2.5844 0.6967 3.0644 0.6535
Car 0.0000 0 0.0000 -1.0000 -1.0000 -1.0000 -1.0000 1.9167 1.6145 4.4895 44.9837 -4.1577 0.7288 3.0476 0.6178
Car 0.0000 0 0.0000 -1.0000 -1.0000 -1.0000 -1.0000 1.9537 1.4770 4.5418 10.8289 5.3569 0.6772 -3.0651 0.5304
Car 0.0000 0 0.0000 -1.0000 -1.0000 -1.0000 -1.0000 1.9709 1.6412 4.5996 -44.6885 5.5400 0.6802 3.0284 0.4499
Car 0.0000 0 0.0000 -1.0000 -1.0000 -1.0000 -1.0000 1.8977 1.4574 4.5068 -13.8073 26.8056 0.3376 -1.6396 0.3311
Car 0.0000 0 0.0000 -1.0000 -1.0000 -1.0000 -1.0000 1.9699 1.6200 4.6798 58.2378 -5.9780 0.6773 3.0622 0.3048
Truck 0.0000 0 0.0000 -1.0000 -1.0000 -1.0000 -1.0000 2.8751 3.2184 10.4294 70.1774 -7.2825 1.5376 -0.0096 0.4413
Cyclist 0.0000 0 0.0000 -1.0000 -1.0000 -1.0000 -1.0000 0.7844 1.5422 1.7908 -16.8136 -5.4323 0.7284 3.0950 0.6830
Cyclist 0.0000 0 0.0000 -1.0000 -1.0000 -1.0000 -1.0000 0.7149 1.4623 1.7005 10.8465 9.9858 0.5453 -0.0762 0.6572
Cyclist 0.0000 0 0.0000 -1.0000 -1.0000 -1.0000 -1.0000 0.7675 1.5135 1.7700 7.0499 9.9599 0.6088 3.0963 0.6557
Cyclist 0.0000 0 0.0000 -1.0000 -1.0000 -1.0000 -1.0000 0.7199 1.5382 1.6896 6.1228 -9.9800 0.6354 -0.1263 0.6304
Cyclist 0.0000 0 0.0000 -1.0000 -1.0000 -1.0000 -1.0000 0.7941 1.5395 1.8064 -43.5845 -3.4058 0.5383 -0.1619 0.6141
Cyclist 0.0000 0 0.0000 -1.0000 -1.0000 -1.0000 -1.0000 0.7403 1.5288 1.7295 2.5773 9.0212 0.6499 3.0680 0.5940
Cyclist 0.0000 0 0.0000 -1.0000 -1.0000 -1.0000 -1.0000 0.7948 1.5442 1.7926 28.3391 -11.1632 0.6428 3.0746 0.5890
Cyclist 0.0000 0 0.0000 -1.0000 -1.0000 -1.0000 -1.0000 0.7552 1.5305 1.7465 -0.8527 10.7058 0.6605 3.0526 0.5317
Cyclist 0.0000 0 0.0000 -1.0000 -1.0000 -1.0000 -1.0000 0.7414 1.5270 1.7159 -5.0668 11.0343 0.6625 3.0273 0.5063
Cyclist 0.0000 0 0.0000 -1.0000 -1.0000 -1.0000 -1.0000 0.7335 1.5422 1.6814 -9.1144 12.5898 0.6330 3.0153 0.4566
Cyclist 0.0000 0 0.0000 -1.0000 -1.0000 -1.0000 -1.0000 0.7352 1.4753 1.7247 -32.5950 -5.3045 0.5050 -0.1335 0.4245
Cyclist 0.0000 0 0.0000 -1.0000 -1.0000 -1.0000 -1.0000 0.7280 1.5265 1.7277 -56.6118 15.6535 0.4084 -0.0757 0.4067
Cyclist 0.0000 0 0.0000 -1.0000 -1.0000 -1.0000 -1.0000 0.7904 1.5715 1.7632 26.1036 8.7906 0.5465 3.1306 0.4007
Cyclist 0.0000 0 0.0000 -1.0000 -1.0000 -1.0000 -1.0000 0.7676 1.6390 1.7071 13.7732 -1.5858 0.7629 -2.6181 0.3645
Cyclist 0.0000 0 0.0000 -1.0000 -1.0000 -1.0000 -1.0000 0.7486 1.5199 1.7846 -26.5733 -32.7316 0.2812 -1.6300 0.3484
Cyclist 0.0000 0 0.0000 -1.0000 -1.0000 -1.0000 -1.0000 0.7553 1.4411 1.7925 -25.9523 -10.5215 0.4318 -1.3470 0.3357
Cyclist 0.0000 0 0.0000 -1.0000 -1.0000 -1.0000 -1.0000 0.6948 1.2272 1.6579 35.2654 -15.4879 0.5163 -0.0971 0.3339
Cyclist 0.0000 0 0.0000 -1.0000 -1.0000 -1.0000 -1.0000 0.7006 1.3580 1.7309 -10.9087 23.7032 0.3691 1.3964 0.3298
Cyclist 0.0000 0 0.0000 -1.0000 -1.0000 -1.0000 -1.0000 0.7701 1.5785 1.7196 48.0644 -19.8392 0.7510 -0.1275 0.3255
Pedestrian 0.0000 0 0.0000 -1.0000 -1.0000 -1.0000 -1.0000 0.6791 1.6593 0.6180 22.0997 12.8642 0.6527 3.1280 0.5961
Pedestrian 0.0000 0 0.0000 -1.0000 -1.0000 -1.0000 -1.0000 0.6875 1.6365 0.6644 -15.6202 17.9373 0.5533 -0.5317 0.5105
Pedestrian 0.0000 0 0.0000 -1.0000 -1.0000 -1.0000 -1.0000 0.6957 1.6453 0.6588 -14.2637 19.5955 0.5035 2.5397 0.4894
Pedestrian 0.0000 0 0.0000 -1.0000 -1.0000 -1.0000 -1.0000 0.6894 1.6659 0.6312 -17.7228 -18.4274 0.5541 0.4475 0.4850
Pedestrian 0.0000 0 0.0000 -1.0000 -1.0000 -1.0000 -1.0000 0.6752 1.6569 0.6009 -45.0818 22.3955 0.7498 3.0195 0.4386
Pedestrian 0.0000 0 0.0000 -1.0000 -1.0000 -1.0000 -1.0000 0.6774 1.6711 0.6060 -18.2253 -22.1120 0.5980 0.8785 0.4314
Pedestrian 0.0000 0 0.0000 -1.0000 -1.0000 -1.0000 -1.0000 0.6890 1.5749 0.6681 -8.9796 -8.4063 0.6330 3.1181 0.4222
Pedestrian 0.0000 0 0.0000 -1.0000 -1.0000 -1.0000 -1.0000 0.6790 1.6542 0.6051 30.1539 -16.2351 0.8366 2.9939 0.4202
Pedestrian 0.0000 0 0.0000 -1.0000 -1.0000 -1.0000 -1.0000 0.6626 1.5925 0.5907 -45.1657 23.7257 0.7486 3.0315 0.3801
Pedestrian 0.0000 0 0.0000 -1.0000 -1.0000 -1.0000 -1.0000 0.6821 1.6414 0.6257 -14.9135 21.4664 0.5246 3.0511 0.3434
Pedestrian 0.0000 0 0.0000 -1.0000 -1.0000 -1.0000 -1.0000 0.6863 1.6191 0.6287 10.6841 -16.4099 0.4306 -1.7619 0.3322
Pedestrian 0.0000 0 0.0000 -1.0000 -1.0000 -1.0000 -1.0000 0.6968 1.6812 0.6624 -28.2293 -9.0470 0.6274 1.2490 0.3018
