Car 0.0000 0 0.0000 -1.0000 -1.0000 -1.0000 -1.0000 2.0459 1.5404 4.6581 -48.8831 -3.2152 0.8645 -3.1294 0.7619
Car 0.0000 0 0.0000 -1.0000 -1.0000 -1.0000 -1.0000 1.9673 1.4835 4.5619 43.2591 -0.3759 0.8835 -0.0010 0.7031
Car 0.0000 0 0.0000 -1.0000 -1.0000 -1.0000 -1.0000 2.0139 1.5869 4.5867 -9.7311 -2.9029 0.8246 -0.0172 0.7018
Car 0.0000 0 0.0000 -1.0000 -1.0000 -1.0000 -1.0000 1.9476 1.6684 4.5919 13.7069 -14.9249 0.9887 1.5964 0.6212
Car 0.0000 0 0.0000 -1.0000 -1.0000 -1.0000 -1.0000 1.9052 1.5436 4.5846 -27.2584 -14.7686 0.9739 1.5062 0.4871
Car 0.0000 0 0.0000 -1.0000 -1.0000 -1.0000 -1.0000 1.8939 1.4925 4.5564 -23.9198 -14.6204 0.9282 1.5587 0.4773
Car 0.0000 0 0.0000 -1.0000 -1.0000 -1.0000 -1.0000 1.9006 1.5216 4.5698 -21.3356 -14.8229 0.9378 1.6232 0.4156
Car 0.0000 0 0.0000 -1.0000 -1.0000 -1.0000 -1.0000 1.8531 1.4769 4.4548 17.4606 -14.4715 0.7937 1.6326 0.4010
Truck 0.0000 0 0.0000 -1.0000 -1.0000 -1.0000 -1.0000 2.1079 2.0625 5.3708 30.6421 -3.2040 1.0153 0.0015 0.4690
Cyclist 0.0000 0 0.0000 -1.0000 -1.0000 -1.0000 -1.0000 0.7122 1.4526 1.7107 12.5644 -10.3543 0.7093 -0.0639 0.5078
