Car 0.0000 0 0.0000 -1.0000 -1.0000 -1.0000 -1.0000 2.1281 1.6667 4.8354 -21.5629 2.7792 0.8576 -3.1232 0.7924
Car 0.0000 0 0.0000 -1.0000 -1.0000 -1.0000 -1.0000 1.9523 1.4565 4.4968 -16.6642 7.1395 0.7114 0.0165 0.7673
Car 0.0000 0 0.0000 -1.0000 -1.0000 -1.0000 -1.0000 1.9779 1.4618 4.5369 -47.9881 3.0628 0.7208 -0.0091 0.6895
Car 0.0000 0 0.0000 -1.0000 -1.0000 -1.0000 -1.0000 1.8886 1.5023 4.4135 36.9511 9.8707 0.4154 0.0031 0.6382
Car 0.0000 0 0.0000 -1.0000 -1.0000 -1.0000 -1.0000 1.9436 1.7949 4.5249 -21.1730 10.4502 0.8415 -3.1399 0.5358
Car 0.0000 0 0.0000 -1.0000 -1.0000 -1.0000 -1.0000 2.0575 1.5927 4.7090 -51.7050 0.1874 0.7589 -3.1229 0.4382
Truck 0.0000 0 0.0000 -1.0000 -1.0000 -1.0000 -1.0000 2.8412 3.0701 10.6761 26.1435 -0.4265 1.5719 -0.0111 0.6064
Truck 0.0000 0 0.0000 -1.0000 -1.0000 -1.0000 -1.0000 2.3319 2.3676 5.9571 -75.3055 0.2007 1.3500 0.0583 0.3814
Tricar 0.0000 0 0.0000 -1.0000 -1.0000 -1.0000 -1.0000 1.0356 1.4723 2.5427 9.1232 13.9248 0.3863 -0.0020 0.3465
Cyclist 0.0000 0 0.0000 -1.0000 -1.0000 -1.0000 -1.0000 0.7461 1.5692 1.6878 -27.9041 -3.0203 0.8812 3.1393 0.6225
Cyclist 0.0000 0 0.0000 -1.0000 -1.0000 -1.0000 -1.0000 0.8457 1.5852 1.8573 -46.4673 17.5171 0.6996 0.0783 0.5119
Cyclist 0.0000 0 0.0000 -1.0000 -1.0000 -1.0000 -1.0000 0.7270 1.5388 1.6724 -42.5430 -2.5400 0.7847 -3.1075 0.4948
Cyclist 0.0000 0 0.0000 -1.0000 -1.0000 -1.0000 -1.0000 0.6923 1.2656 1.6972 -30.8091 -8.5783 0.9594 -0.0544 0.4611
Cyclist 0.0000 0 0.0000 -1.0000 -1.0000 -1.0000 -1.0000 0.7894 1.5803 1.7027 -2.8201 -4.3106 0.7919 -3.1083 0.4119
Cyclist 0.0000 0 0.0000 -1.0000 -1.0000 -1.0000 -1.0000 0.7436 1.4912 1.7413 -50.4154 -3.4457 0.7541 0.0681 0.4090
Cyclist 0.0000 0 0.0000 -1.0000 -1.0000 -1.0000 -1.0000 0.7733 1.5391 1.7318 -65.2513 -8.3954 0.6003 -0.1303 0.3989
Cyclist 0.0000 0 0.0000 -1.0000 -1.0000 -1.0000 -1.0000 0.7274 1.5249 1.6860 -43.1136 -4.1358 0.8447 0.0582 0.3156
