Car 0.0000 0 0.0000 -1.0000 -1.0000 -1.0000 -1.0000 1.9311 1.5056 4.5158 -20.3798 -3.1108 0.7486 0.0036 0.7393
Car 0.0000 0 0.0000 -1.0000 -1.0000 -1.0000 -1.0000 2.0570 1.7236 4.7182 -5.3667 -3.0633 0.8522 3.1265 0.7294
Car 0.0000 0 0.0000 -1.0000 -1.0000 -1.0000 -1.0000 1.8665 1.7827 4.2613 -10.7608 10.6981 0.7786 3.1331 0.5818
Car 0.0000 0 0.0000 -1.0000 -1.0000 -1.0000 -1.0000 2.0298 1.7186 4.6432 -13.3453 -3.0269 0.8661 0.0155 0.5558
Car 0.0000 0 0.0000 -1.0000 -1.0000 -1.0000 -1.0000 2.0276 1.4929 4.5788 -47.6496 -5.1699 0.7985 -3.0698 0.5526
Car 0.0000 0 0.0000 -1.0000 -1.0000 -1.0000 -1.0000 2.1645 1.9589 5.0934 -1.3699 -5.9432 0.9315 0.0182 0.4912
Car 0.0000 0 0.0000 -1.0000 -1.0000 -1.0000 -1.0000 1.8894 1.6334 4.4048 -12.2502 -6.1266 0.7918 0.0421 0.4631
Car 0.0000 0 0.0000 -1.0000 -1.0000 -1.0000 -1.0000 1.8719 1.5920 4.4684 17.6624 -36.1482 0.6821 -2.1021 0.4371
Car 0.0000 0 0.0000 -1.0000 -1.0000 -1.0000 -1.0000 2.0052 1.7451 4.6668 8.7351 -3.2402 0.8392 3.1244 0.4147
Car 0.0000 0 0.0000 -1.0000 -1.0000 -1.0000 -1.0000 1.8398 1.4845 4.4046 -18.0412 -6.0635 0.6769 0.0331 0.3810
Car 0.0000 0 0.0000 -1.0000 -1.0000 -1.0000 -1.0000 1.9475 1.8407 4.6596 56.8553 34.0813 0.6884 1.3173 0.3464
Car 0.0000 0 0.0000 -1.0000 -1.0000 -1.0000 -1.0000 1.9635 1.5271 4.5901 -33.5226 -6.1621 0.6840 -3.1053 0.3327
Car 0.0000 0 0.0000 -1.0000 -1.0000 -1.0000 -1.0000 1.9149 1.5813 4.6316 -76.9465 -37.6515 0.7675 -1.5391 0.3155
Truck 0.0000 0 0.0000 -1.0000 -1.0000 -1.0000 -1.0000 2.3409 2.2374 6.1318 7.1733 -0.4760 1.1842 3.0942 0.5637
Truck 0.0000 0 0.0000 -1.0000 -1.0000 -1.0000 -1.0000 2.3198 2.3088 6.0674 31.1424 -5.9593 1.0351 0.0055 0.5431
Truck 0.0000 0 0.0000 -1.0000 -1.0000 -1.0000 -1.0000 1.9298 1.9946 4.7476 13.2254 -6.2635 0.9704 3.1221 0.4843
Cyclist 0.0000 0 0.0000 -1.0000 -1.0000 -1.0000 -1.0000 0.7256 1.5167 1.7078 35.4613 19.3933 0.3880 3.0456 0.6105
Cyclist 0.0000 0 0.0000 -1.0000 -1.0000 -1.0000 -1.0000 0.7734 1.5344 1.7793 37.5850 21.4138 0.3938 -0.0481 0.5331
Cyclist 0.0000 0 0.0000 -1.0000 -1.0000 -1.0000 -1.0000 0.7405 1.5464 1.7157 41.3105 19.3590 0.4100 0.0031 0.5291
Cyclist 0.0000 0 0.0000 -1.0000 -1.0000 -1.0000 -1.0000 0.7768 1.5217 1.8036 25.2857 -31.5881 0.5893 -2.0574 0.5290
Cyclist 0.0000 0 0.0000 -1.0000 -1.0000 -1.0000 -1.0000 0.7579 1.5614 1.7208 31.1870 -19.8748 0.5371 0.0427 0.4952
Cyclist 0.0000 0 0.0000 -1.0000 -1.0000 -1.0000 -1.0000 0.7393 1.5653 1.7082 1.6944 20.0379 0.4745 -0.0220 0.4810
Cyclist 0.0000 0 0.0000 -1.0000 -1.0000 -1.0000 -1.0000 0.7901 1.5747 1.7697 -39.5068 21.9055 0.4753 -3.1062 0.4243
Cyclist 0.0000 0 0.0000 -1.0000 -1.0000 -1.0000 -1.0000 0.8097 1.5153 1.8435 54.2644 22.5691 0.4324 2.8604 0.4073
Cyclist 0.0000 0 0.0000 -1.0000 -1.0000 -1.0000 -1.0000 0.7590 1.5494 1.7681 41.6335 25.5696 0.3877 -2.4738 0.3801
Cyclist 0.0000 0 0.0000 -1.0000 -1.0000 -1.0000 -1.0000 0.7253 1.5375 1.7147 8.5273 18.5356 0.4444 -0.0038 0.3435
