Car 0.0000 0 0.0000 -1.0000 -1.0000 -1.0000 -1.0000 1.9778 1.5393 4.5700 51.0831 -2.5139 0.8265 3.1241 0.6652
Car 0.0000 0 0.0000 -1.0000 -1.0000 -1.0000 -1.0000 1.9223 1.5107 4.6029 -23.7003 -21.9447 1.0666 -1.5714 0.5846
Car 0.0000 0 0.0000 -1.0000 -1.0000 -1.0000 -1.0000 1.9515 1.5209 4.6217 -36.1344 22.5777 0.1880 -1.4907 0.5156
Car 0.0000 0 0.0000 -1.0000 -1.0000 -1.0000 -1.0000 1.9289 1.5579 4.6366 33.1835 -20.2868 0.9779 -1.4602 0.4882
Car 0.0000 0 0.0000 -1.0000 -1.0000 -1.0000 -1.0000 1.8824 1.6106 4.4150 -14.9585 14.7891 0.3712 3.1350 0.4599
Car 0.0000 0 0.0000 -1.0000 -1.0000 -1.0000 -1.0000 2.0156 1.5405 4.6509 -30.5924 -0.3368 0.7815 0.0135 0.4458
Car 0.0000 0 0.0000 -1.0000 -1.0000 -1.0000 -1.0000 1.9250 1.5348 4.5830 -3.1890 28.2723 0.5592 -1.5875 0.4208
Car 0.0000 0 0.0000 -1.0000 -1.0000 -1.0000 -1.0000 1.8988 1.6197 4.5307 13.7851 10.6183 0.6579 3.1158 0.4132
Car 0.0000 0 0.0000 -1.0000 -1.0000 -1.0000 -1.0000 1.9062 1.5580 4.6132 -25.9533 26.3810 0.4122 1.2988 0.3475
Car 0.0000 0 0.0000 -1.0000 -1.0000 -1.0000 -1.0000 1.9577 1.5645 4.6080 62.9546 -0.2612 0.7260 0.0143 0.3470
Car 0.0000 0 0.0000 -1.0000 -1.0000 -1.0000 -1.0000 1.9094 1.5519 4.5792 -12.2860 28.2364 0.4894 -1.5480 0.3400
Car 0.0000 0 0.0000 -1.0000 -1.0000 -1.0000 -1.0000 1.9128 1.5010 4.6103 -6.1938 28.3246 0.4672 -1.6133 0.3297
Car 0.0000 0 0.0000 -1.0000 -1.0000 -1.0000 -1.0000 1.9217 1.5312 4.5962 2.8392 28.2613 0.5146 -1.4830 0.3267
Car 0.0000 0 0.0000 -1.0000 -1.0000 -1.0000 -1.0000 1.9492 1.6621 4.6456 6.0678 28.9277 0.6134 1.5994 0.3110
Truck 0.0000 0 0.0000 -1.0000 -1.0000 -1.0000 -1.0000 2.4717 2.4668 6.6074 -79.5223 -2.8163 1.3063 0.0586 0.4299
Tricar 0.0000 0 0.0000 -1.0000 -1.0000 -1.0000 -1.0000 1.2311 1.6746 2.8161 -9.1562 -3.9398 0.8543 -0.0295 0.6283
Tricar 0.0000 0 0.0000 -1.0000 -1.0000 -1.0000 -1.0000 1.2763 1.7562 2.9242 -7.5427 -9.7687 0.9627 0.0492 0.5034
Tricar 0.0000 0 0.0000 -1.0000 -1.0000 -1.0000 -1.0000 1.3241 1.8077 2.5988 27.4987 -31.5028 1.4717 -0.2360 0.3856
