Car 0.0000 0 0.0000 -1.0000 -1.0000 -1.0000 -1.0000 1.9471 1.5393 4.5597 31.3749 -24.3614 0.7346 -1.5931 0.7149
Car 0.0000 0 0.0000 -1.0000 -1.0000 -1.0000 -1.0000 1.9616 1.9305 4.4435 -0.5101 -6.1500 1.0155 -0.2451 0.6763
Car 0.0000 0 0.0000 -1.0000 -1.0000 -1.0000 -1.0000 1.9340 1.4790 4.5142 14.9019 34.9777 -0.0512 -1.5741 0.6536
Car 0.0000 0 0.0000 -1.0000 -1.0000 -1.0000 -1.0000 1.9598 1.4794 4.5943 18.2492 27.2931 0.1130 -1.4962 0.6444
Car 0.0000 0 0.0000 -1.0000 -1.0000 -1.0000 -1.0000 1.9568 1.6129 4.6125 18.4898 34.7677 0.0814 -1.6220 0.5971
Car 0.0000 0 0.0000 -1.0000 -1.0000 -1.0000 -1.0000 1.9275 1.4925 4.5485 14.7765 26.5764 0.1425 -1.4864 0.5436
Car 0.0000 0 0.0000 -1.0000 -1.0000 -1.0000 -1.0000 1.9309 1.4996 4.5869 32.5832 29.7998 -0.0230 -1.3291 0.4892
Car 0.0000 0 0.0000 -1.0000 -1.0000 -1.0000 -1.0000 1.9354 1.6163 4.6380 15.4843 41.4586 0.0958 -1.6806 0.4356
Truck 0.0000 0 0.0000 -1.0000 -1.0000 -1.0000 -1.0000 2.8688 3.0575 9.5467 16.1249 -24.7432 1.5811 1.6651 0.5984
Truck 0.0000 0 0.0000 -1.0000 -1.0000 -1.0000 -1.0000 2.4464 2.4637 6.5159 28.4633 1.1100 1.0045 0.2968 0.4985
Truck 0.0000 0 0.0000 -1.0000 -1.0000 -1.0000 -1.0000 2.1441 2.1804 5.6041 -14.2234 0.2667 1.1932 3.0676 0.4671
Truck 0.0000 0 0.0000 -1.0000 -1.0000 -1.0000 -1.0000 2.7510 3.0569 7.8390 28.2121 -35.8044 1.7780 1.7064 0.3673
Tricar 0.0000 0 0.0000 -1.0000 -1.0000 -1.0000 -1.0000 1.5137 1.8498 3.5544 36.8552 -13.8129 0.7162 0.2511 0.4896
Tricar 0.0000 0 0.0000 -1.0000 -1.0000 -1.0000 -1.0000 1.1383 1.2306 2.7486 -67.4535 12.7046 0.7831 -3.0681 0.4177
Cyclist 0.0000 0 0.0000 -1.0000 -1.0000 -1.0000 -1.0000 0.7723 1.5472 1.7843 35.1476 17.4337 0.1039 1.2767 0.5113
Cyclist 0.0000 0 0.0000 -1.0000 -1.0000 -1.0000 -1.0000 0.7456 1.5145 1.7609 7.7711 24.3566 0.1887 -1.8028 0.4643
