Car 0.0000 0 0.0000 -1.0000 -1.0000 -1.0000 -1.0000 2.0523 1.4871 4.6406 25.5572 -3.4736 0.7606 0.0362 0.8401
Car 0.0000 0 0.0000 -1.0000 -1.0000 -1.0000 -1.0000 1.9547 1.4505 4.5579 14.0169 13.2169 0.5027 -0.0105 0.6254
Car 0.0000 0 0.0000 -1.0000 -1.0000 -1.0000 -1.0000 1.9265 1.8457 4.5355 4.9951 10.2614 0.8650 3.1252 0.5550
Car 0.0000 0 0.0000 -1.0000 -1.0000 -1.0000 -1.0000 1.8583 1.4923 4.4433 -2.9103 13.5241 0.5411 3.1303 0.5314
Car 0.0000 0 0.0000 -1.0000 -1.0000 -1.0000 -1.0000 2.2241 2.2922 4.9998 14.4459 -0.2449 1.2328 -0.0252 0.5258
Car 0.0000 0 0.0000 -1.0000 -1.0000 -1.0000 -1.0000 2.0460 1.4654 4.6289 -14.7504 -0.0436 0.7531 -3.1086 0.4873
Car 0.0000 0 0.0000 -1.0000 -1.0000 -1.0000 -1.0000 1.9386 1.4157 4.5078 -17.0701 -3.9119 0.7079 -3.1168 0.4658
Car 0.0000 0 0.0000 -1.0000 -1.0000 -1.0000 -1.0000 1.8175 1.4873 4.3608 -17.8323 10.9039 0.6080 0.0001 0.4418
Car 0.0000 0 0.0000 -1.0000 -1.0000 -1.0000 -1.0000 1.9833 1.8158 4.6158 -41.8096 -0.0846 0.9136 3.1098 0.3838
Car 0.0000 0 0.0000 -1.0000 -1.0000 -1.0000 -1.0000 1.9605 1.7338 4.6386 -2.5067 -0.1580 0.8468 3.1308 0.3473
Car 0.0000 0 0.0000 -1.0000 -1.0000 -1.0000 -1.0000 1.9665 1.5333 4.5601 -32.1629 -0.1722 0.7546 3.1162 0.3328
Truck 0.0000 0 0.0000 -1.0000 -1.0000 -1.0000 -1.0000 2.3579 2.4680 6.1871 21.1614 9.9036 1.1546 -0.0095 0.4744
Truck 0.0000 0 0.0000 -1.0000 -1.0000 -1.0000 -1.0000 1.9804 1.9900 5.0496 32.4599 12.1115 0.7833 -0.0442 0.4419
Truck 0.0000 0 0.0000 -1.0000 -1.0000 -1.0000 -1.0000 2.0685 2.1949 5.3189 -1.5782 -3.5267 1.1053 -0.0343 0.3958
Truck 0.0000 0 0.0000 -1.0000 -1.0000 -1.0000 -1.0000 2.3041 2.2331 6.0768 -32.6873 -3.6852 1.1219 -3.1394 0.3936
Truck 0.0000 0 0.0000 -1.0000 -1.0000 -1.0000 -1.0000 2.5508 2.4661 7.1749 29.4379 -22.8729 1.3152 1.5576 0.3586
Cyclist 0.0000 0 0.0000 -1.0000 -1.0000 -1.0000 -1.0000 0.7783 1.5335 1.7577 19.7585 22.4546 0.3490 0.2899 0.4360
Cyclist 0.0000 0 0.0000 -1.0000 -1.0000 -1.0000 -1.0000 0.7674 1.5709 1.7723 32.2510 20.8172 0.3086 3.1209 0.4095
Cyclist 0.0000 0 0.0000 -1.0000 -1.0000 -1.0000 -1.0000 0.7660 1.5609 1.7256 21.7042 21.1154 0.3783 0.2204 0.3586
