Car 0.0000 0 0.0000 -1.0000 -1.0000 -1.0000 -1.0000 2.0465 1.7911 4.6840 -11.1988 -3.5377 0.8772 3.1016 0.6965
Car 0.0000 0 0.0000 -1.0000 -1.0000 -1.0000 -1.0000 1.9444 1.4837 4.6623 18.1733 25.7626 0.6856 -1.5004 0.6584
Car 0.0000 0 0.0000 -1.0000 -1.0000 -1.0000 -1.0000 1.9458 1.4669 4.6443 27.8788 -23.6101 0.7262 1.6268 0.6508
Car 0.0000 0 0.0000 -1.0000 -1.0000 -1.0000 -1.0000 2.0667 1.9673 4.8725 21.9504 26.1608 0.9662 1.5709 0.6401
Car 0.0000 0 0.0000 -1.0000 -1.0000 -1.0000 -1.0000 1.9623 1.5274 4.6292 15.6066 38.7539 0.5740 1.6081 0.5846
Car 0.0000 0 0.0000 -1.0000 -1.0000 -1.0000 -1.0000 1.9809 2.0065 4.5642 3.0895 -8.3349 0.9943 2.7167 0.5561
Car 0.0000 0 0.0000 -1.0000 -1.0000 -1.0000 -1.0000 1.9190 1.4854 4.5306 15.0898 26.2992 0.6825 -1.5738 0.5393
Car 0.0000 0 0.0000 -1.0000 -1.0000 -1.0000 -1.0000 2.0512 1.6994 4.7272 -11.1500 -0.0868 0.8646 3.1252 0.4185
Car 0.0000 0 0.0000 -1.0000 -1.0000 -1.0000 -1.0000 1.8821 1.5277 4.4897 27.6167 -33.1065 0.7405 1.5715 0.3627
Car 0.0000 0 0.0000 -1.0000 -1.0000 -1.0000 -1.0000 1.9173 1.5332 4.5286 15.3114 32.5203 0.6085 1.6034 0.3591
Car 0.0000 0 0.0000 -1.0000 -1.0000 -1.0000 -1.0000 1.9105 1.4881 4.5770 31.6658 -22.5268 0.6535 -1.4775 0.3389
Truck 0.0000 0 0.0000 -1.0000 -1.0000 -1.0000 -1.0000 2.4744 2.3380 6.6658 -11.1189 8.5735 1.0772 3.1139 0.5602
Truck 0.0000 0 0.0000 -1.0000 -1.0000 -1.0000 -1.0000 2.4038 2.5198 6.5401 24.0656 -26.0868 1.2776 1.5976 0.5309
Truck 0.0000 0 0.0000 -1.0000 -1.0000 -1.0000 -1.0000 2.1334 2.1111 5.5698 -22.5423 0.6695 1.1303 0.0042 0.4466
Truck 0.0000 0 0.0000 -1.0000 -1.0000 -1.0000 -1.0000 1.9480 1.9665 4.8559 39.6228 -6.1651 0.9853 3.1301 0.4434
Truck 0.0000 0 0.0000 -1.0000 -1.0000 -1.0000 -1.0000 2.6194 2.7112 7.2206 12.2980 -27.7755 1.1257 -1.2926 0.3968
Truck 0.0000 0 0.0000 -1.0000 -1.0000 -1.0000 -1.0000 3.0469 3.8222 9.4384 41.8676 14.9503 1.7323 -0.7442 0.3605
Tricar 0.0000 0 0.0000 -1.0000 -1.0000 -1.0000 -1.0000 1.3534 1.8189 3.5058 -1.6267 11.4678 0.8520 0.0278 0.5099
Tricar 0.0000 0 0.0000 -1.0000 -1.0000 -1.0000 -1.0000 1.2074 1.6065 2.9070 -9.7595 -10.3507 0.7674 -0.0909 0.4435
Tricar 0.0000 0 0.0000 -1.0000 -1.0000 -1.0000 -1.0000 1.1371 1.6786 2.5123 17.6190 9.8492 0.8954 2.9318 0.4362
Cyclist 0.0000 0 0.0000 -1.0000 -1.0000 -1.0000 -1.0000 0.7323 1.5505 1.6962 -16.1701 -7.8838 0.7304 3.1370 0.5699
Cyclist 0.0000 0 0.0000 -1.0000 -1.0000 -1.0000 -1.0000 0.7536 1.5271 1.7573 9.1970 21.4252 0.6819 1.5353 0.5218
Cyclist 0.0000 0 0.0000 -1.0000 -1.0000 -1.0000 -1.0000 0.7667 1.5376 1.8166 8.1445 27.6070 0.5914 -1.5963 0.4690
Cyclist 0.0000 0 0.0000 -1.0000 -1.0000 -1.0000 -1.0000 0.7191 1.4554 1.7537 39.2608 -25.4411 0.6186 1.3608 0.4234
Cyclist 0.0000 0 0.0000 -1.0000 -1.0000 -1.0000 -1.0000 0.7305 1.5106 1.7703 6.2039 -30.8093 0.5258 1.4930 0.3723
Cyclist 0.0000 0 0.0000 -1.0000 -1.0000 -1.0000 -1.0000 1.0859 1.6567 2.1545 17.5627 9.8867 0.9277 -0.1674 0.3285
