Car 0.0000 0 0.0000 -1.0000 -1.0000 -1.0000 -1.0000 2.0045 1.4329 4.5719 -8.8310 2.8487 0.6997 -0.0836 0.7912
Car 0.0000 0 0.0000 -1.0000 -1.0000 -1.0000 -1.0000 2.0890 1.9635 4.7233 42.3843 8.2601 1.1931 3.1064 0.7446
Car 0.0000 0 0.0000 -1.0000 -1.0000 -1.0000 -1.0000 1.9460 1.4666 4.5693 -4.1728 10.7293 0.5418 3.1119 0.7225
Car 0.0000 0 0.0000 -1.0000 -1.0000 -1.0000 -1.0000 1.9900 1.5366 4.6755 -52.5552 7.1978 0.3277 0.0278 0.7128
Car 0.0000 0 0.0000 -1.0000 -1.0000 -1.0000 -1.0000 1.9809 1.5099 4.5358 50.3804 0.4115 1.1589 3.1382 0.6847
Car 0.0000 0 0.0000 -1.0000 -1.0000 -1.0000 -1.0000 1.9619 1.4843 4.6004 67.0998 -2.3492 1.0975 0.0414 0.6436
Car 0.0000 0 0.0000 -1.0000 -1.0000 -1.0000 -1.0000 1.9836 1.5244 4.5563 47.3424 -3.5905 1.1009 3.1074 0.6004
Car 0.0000 0 0.0000 -1.0000 -1.0000 -1.0000 -1.0000 1.8859 1.4436 4.4682 -53.2187 10.6638 0.0885 3.1197 0.5728
Car 0.0000 0 0.0000 -1.0000 -1.0000 -1.0000 -1.0000 2.0003 1.9067 4.7807 -5.0316 -9.7324 1.1151 -0.0032 0.5182
Car 0.0000 0 0.0000 -1.0000 -1.0000 -1.0000 -1.0000 1.8549 1.6163 4.4967 16.4789 -9.9289 0.9106 -0.0634 0.5124
Car 0.0000 0 0.0000 -1.0000 -1.0000 -1.0000 -1.0000 1.8385 1.7218 4.4732 -0.4715 -11.9355 0.9503 -3.1213 0.4745
Car 0.0000 0 0.0000 -1.0000 -1.0000 -1.0000 -1.0000 1.9027 1.5984 4.5312 21.9435 -10.6406 0.9346 -0.1826 0.4549
Car 0.0000 0 0.0000 -1.0000 -1.0000 -1.0000 -1.0000 1.9430 1.6974 4.5982 -12.0650 -10.0795 0.9845 -3.1274 0.4391
Car 0.0000 0 0.0000 -1.0000 -1.0000 -1.0000 -1.0000 1.9544 1.7692 4.6714 -32.6257 -11.8992 0.7810 3.1121 0.3844
Car 0.0000 0 0.0000 -1.0000 -1.0000 -1.0000 -1.0000 1.8292 1.7891 4.4220 -56.3586 14.0937 0.2176 -3.1289 0.3575
Car 0.0000 0 0.0000 -1.0000 -1.0000 -1.0000 -1.0000 1.9322 1.6667 4.5856 -69.1996 -14.9829 0.5328 -3.1201 0.3069
Truck 0.0000 0 0.0000 -1.0000 -1.0000 -1.0000 -1.0000 2.5070 2.4099 6.7844 -38.6738 -1.0787 1.0105 0.0002 0.5150
Truck 0.0000 0 0.0000 -1.0000 -1.0000 -1.0000 -1.0000 2.7724 3.1251 9.5521 75.1304 -4.7756 1.9708 -0.0242 0.4716
Cyclist 0.0000 0 0.0000 -1.0000 -1.0000 -1.0000 -1.0000 0.7102 1.4107 1.6959 -33.5781 21.9715 0.0177 -3.1045 0.3150
Cyclist 0.0000 0 0.0000 -1.0000 -1.0000 -1.0000 -1.0000 0.6613 1.0617 1.6581 10.6997 -17.9012 0.5417 2.1437 0.3018
Pedestrian 0.0000 0 0.0000 -1.0000 -1.0000 -1.0000 -1.0000 0.7107 1.6700 0.6700 54.8159 -6.9585 1.1271 3.1055 0.3604
Pedestrian 0.0000 0 0.0000 -1.0000 -1.0000 -1.0000 -1.0000 0.7177 1.6727 0.6874 35.4644 19.4404 0.6499 -3.1387 0.3435
