Car 0.0000 0 0.0000 -1.0000 -1.0000 -1.0000 -1.0000 1.9719 1.4987 4.5494 14.0614 -2.6406 0.9432 -0.0060 0.7649
Car 0.0000 0 0.0000 -1.0000 -1.0000 -1.0000 -1.0000 1.9655 1.5325 4.5392 -9.0589 3.1930 0.6752 0.0548 0.7599
Car 0.0000 0 0.0000 -1.0000 -1.0000 -1.0000 -1.0000 2.1975 2.0212 4.9550 -24.1161 -2.5990 0.8691 -0.0177 0.7453
Car 0.0000 0 0.0000 -1.0000 -1.0000 -1.0000 -1.0000 2.1207 1.5272 4.8144 -29.0266 2.3055 0.5708 -3.1309 0.7416
Car 0.0000 0 0.0000 -1.0000 -1.0000 -1.0000 -1.0000 2.0371 1.5940 4.5929 15.6295 0.1832 0.9569 -3.0766 0.6356
Car 0.0000 0 0.0000 -1.0000 -1.0000 -1.0000 -1.0000 1.9440 1.5703 4.5744 38.8765 -12.2121 1.3888 1.8049 0.6320
Car 0.0000 0 0.0000 -1.0000 -1.0000 -1.0000 -1.0000 2.0242 1.5627 4.5595 19.5655 5.7314 1.0090 -2.7540 0.6041
Car 0.0000 0 0.0000 -1.0000 -1.0000 -1.0000 -1.0000 1.9332 1.4610 4.6081 25.8354 15.0477 0.9612 -1.6940 0.5732
Car 0.0000 0 0.0000 -1.0000 -1.0000 -1.0000 -1.0000 1.9391 1.5394 4.5869 35.0386 -14.9671 1.3655 1.8729 0.5294
Car 0.0000 0 0.0000 -1.0000 -1.0000 -1.0000 -1.0000 1.8595 1.5432 4.4981 -41.3061 19.7918 0.9107 -1.7086 0.3170
Truck 0.0000 0 0.0000 -1.0000 -1.0000 -1.0000 -1.0000 2.6040 2.9666 6.4468 35.8013 -3.8709 2.0452 2.0399 0.5174
Cyclist 0.0000 0 0.0000 -1.0000 -1.0000 -1.0000 -1.0000 0.7909 1.5575 1.7414 50.3155 7.3981 1.2756 -3.0691 0.5815
Cyclist 0.0000 0 0.0000 -1.0000 -1.0000 -1.0000 -1.0000 0.7373 1.5484 1.6971 17.8193 -7.8903 0.9782 -3.1135 0.5691
Cyclist 0.0000 0 0.0000 -1.0000 -1.0000 -1.0000 -1.0000 0.7501 1.5115 1.7004 48.1776 1.6865 1.2620 3.1229 0.3568
Cyclist 0.0000 0 0.0000 -1.0000 -1.0000 -1.0000 -1.0000 0.7668 1.5436 1.7708 47.3382 -11.6233 1.3869 1.7968 0.3256
Cyclist 0.0000 0 0.0000 -1.0000 -1.0000 -1.0000 -1.0000 0.6485 1.2474 1.6437 -41.3941 8.6322 0.4239 -3.1314 0.3186
Pedestrian 0.0000 0 0.0000 -1.0000 -1.0000 -1.0000 -1.0000 0.6795 1.6849 0.6278 22.3053 12.5801 1.0411 0.7709 0.5053
Pedestrian 0.0000 0 0.0000 -1.0000 -1.0000 -1.0000 -1.0000 0.7034 1.6824 0.6325 39.0733 17.7003 1.1534 0.8016 0.4173
