Car 0.0000 0 0.0000 -1.0000 -1.0000 -1.0000 -1.0000 1.9344 1.5259 4.4944 6.3096 3.4102 0.7819 3.1251 0.7482
Car 0.0000 0 0.0000 -1.0000 -1.0000 -1.0000 -1.0000 2.0263 1.7301 4.5705 13.9587 0.1972 0.9336 -3.1292 0.7099
Car 0.0000 0 0.0000 -1.0000 -1.0000 -1.0000 -1.0000 2.0301 1.5567 4.6905 -42.9349 3.7230 0.6871 -0.0375 0.6477
Car 0.0000 0 0.0000 -1.0000 -1.0000 -1.0000 -1.0000 1.9722 1.7261 4.4801 19.3583 3.6300 0.9688 0.0058 0.5897
Car 0.0000 0 0.0000 -1.0000 -1.0000 -1.0000 -1.0000 2.1393 1.8630 4.8362 -15.9558 0.0109 0.8968 -0.0249 0.4843
Car 0.0000 0 0.0000 -1.0000 -1.0000 -1.0000 -1.0000 1.9051 1.6015 4.5761 65.3753 -5.0066 1.4698 0.8654 0.4193
Car 0.0000 0 0.0000 -1.0000 -1.0000 -1.0000 -1.0000 1.9224 1.5057 4.5904 71.7272 -1.3902 1.4700 0.5033 0.3802
Car 0.0000 0 0.0000 -1.0000 -1.0000 -1.0000 -1.0000 1.9387 1.5299 4.6181 -63.6089 3.9222 0.7489 -3.1344 0.3633
Car 0.0000 0 0.0000 -1.0000 -1.0000 -1.0000 -1.0000 1.9784 1.6306 4.6794 50.2167 -0.6737 1.1752 3.1215 0.3322
Truck 0.0000 0 0.0000 -1.0000 -1.0000 -1.0000 -1.0000 2.8823 3.0454 9.0281 46.8503 3.5745 1.7446 0.0009 0.5860
Tricar 0.0000 0 0.0000 -1.0000 -1.0000 -1.0000 -1.0000 1.1811 1.6957 2.5537 -6.1307 5.4345 0.7936 3.0635 0.4450
Cyclist 0.0000 0 0.0000 -1.0000 -1.0000 -1.0000 -1.0000 0.7653 1.5502 1.7310 -32.7823 -2.0366 0.7279 -0.0652 0.4290
Cyclist 0.0000 0 0.0000 -1.0000 -1.0000 -1.0000 -1.0000 1.0656 1.6591 2.1101 -6.2884 5.3612 0.7838 3.1261 0.3102
Cyclist 0.0000 0 0.0000 -1.0000 -1.0000 -1.0000 -1.0000 0.7817 1.6008 1.7384 -23.3092 -1.6773 0.7866 -0.0397 0.3021
Pedestrian 0.0000 0 0.0000 -1.0000 -1.0000 -1.0000 -1.0000 0.6769 1.6542 0.6305 -11.0993 -3.1500 0.8822 3.0772 0.4802
Pedestrian 0.0000 0 0.0000 -1.0000 -1.0000 -1.0000 -1.0000 0.6996 1.6311 0.6564 -24.1339 -2.7713 0.8062 3.0696 0.3933
Pedestrian 0.0000 0 0.0000 -1.0000 -1.0000 -1.0000 -1.0000 0.6723 1.6330 0.5758 -37.1096 -2.5678 0.8026 3.1046 0.3858
Pedestrian 0.0000 0 0.0000 -1.0000 -1.0000 -1.0000 -1.0000 0.6925 1.5889 0.6497 -17.4858 -2.8270 0.8052 -3.1311 0.3379
