Car 0.0000 0 0.0000 -1.0000 -1.0000 -1.0000 -1.0000 1.9376 1.4363 4.4434 11.9834 -3.2863 0.7305 0.0715 0.8191
Car 0.0000 0 0.0000 -1.0000 -1.0000 -1.0000 -1.0000 2.0752 1.6785 4.6782 -14.8120 -3.3371 0.8094 -3.1379 0.8155
Car 0.0000 0 0.0000 -1.0000 -1.0000 -1.0000 -1.0000 1.9694 1.4815 4.5202 29.9134 4.9061 0.6735 -3.1361 0.7938
Car 0.0000 0 0.0000 -1.0000 -1.0000 -1.0000 -1.0000 2.0042 1.4808 4.6071 28.4661 -2.6448 0.7739 0.0144 0.7451
Truck 0.0000 0 0.0000 -1.0000 -1.0000 -1.0000 -1.0000 2.9512 3.1909 11.4108 7.8022 8.5159 1.3469 0.0215 0.7863
Truck 0.0000 0 0.0000 -1.0000 -1.0000 -1.0000 -1.0000 2.9808 3.1266 10.9211 -46.1386 -3.3026 1.4157 -3.1177 0.6732
Truck 0.0000 0 0.0000 -1.0000 -1.0000 -1.0000 -1.0000 2.6604 2.9288 7.0064 46.7921 5.1003 1.4147 -0.0142 0.5661
Tricar 0.0000 0 0.0000 -1.0000 -1.0000 -1.0000 -1.0000 1.2269 1.5941 2.6798 20.1429 -35.2158 1.2438 1.0607 0.3145
Cyclist 0.0000 0 0.0000 -1.0000 -1.0000 -1.0000 -1.0000 0.7877 1.5084 1.8049 -14.3646 -14.8225 0.7169 0.2932 0.6355
Cyclist 0.0000 0 0.0000 -1.0000 -1.0000 -1.0000 -1.0000 0.7479 1.4967 1.7694 27.6704 11.6062 0.3629 -3.0750 0.6277
Cyclist 0.0000 0 0.0000 -1.0000 -1.0000 -1.0000 -1.0000 0.7464 1.3937 1.7774 49.1453 -8.5644 0.8440 3.1223 0.4134
