Car 0.0000 0 0.0000 -1.0000 -1.0000 -1.0000 -1.0000 1.9990 1.4333 4.5935 18.1457 3.1172 0.7718 3.1339 0.8480
Car 0.0000 0 0.0000 -1.0000 -1.0000 -1.0000 -1.0000 1.8911 1.4509 4.4067 -2.7416 2.8844 0.7600 0.0025 0.7831
Car 0.0000 0 0.0000 -1.0000 -1.0000 -1.0000 -1.0000 2.0075 1.5093 4.6617 28.1111 2.7286 0.8833 3.1334 0.7613
Car 0.0000 0 0.0000 -1.0000 -1.0000 -1.0000 -1.0000 1.9960 1.4906 4.6120 -10.1231 0.7032 0.7445 0.0184 0.7495
Car 0.0000 0 0.0000 -1.0000 -1.0000 -1.0000 -1.0000 1.9638 1.4097 4.5131 -18.4418 0.2458 0.6900 -0.0091 0.7421
Car 0.0000 0 0.0000 -1.0000 -1.0000 -1.0000 -1.0000 1.8928 1.4841 4.4283 -12.2462 3.5716 0.7846 0.0131 0.7292
Car 0.0000 0 0.0000 -1.0000 -1.0000 -1.0000 -1.0000 1.9586 1.4435 4.5391 7.4437 3.3440 0.7569 3.1296 0.7263
Car 0.0000 0 0.0000 -1.0000 -1.0000 -1.0000 -1.0000 1.9622 1.6883 4.4925 6.5435 -0.5495 0.8760 -3.1287 0.7014
Car 0.0000 0 0.0000 -1.0000 -1.0000 -1.0000 -1.0000 1.9803 1.4729 4.5582 -26.4619 3.6183 0.8149 0.0067 0.6578
Car 0.0000 0 0.0000 -1.0000 -1.0000 -1.0000 -1.0000 1.9532 1.5870 4.5901 -37.2813 3.4471 0.8705 -0.0132 0.6532
Car 0.0000 0 0.0000 -1.0000 -1.0000 -1.0000 -1.0000 2.0361 1.7521 4.7137 -29.2376 -0.1855 0.9496 -0.0129 0.5713
Car 0.0000 0 0.0000 -1.0000 -1.0000 -1.0000 -1.0000 1.9073 1.5115 4.5115 21.8364 -0.2408 0.8160 -0.0048 0.4739
Car 0.0000 0 0.0000 -1.0000 -1.0000 -1.0000 -1.0000 1.9777 1.5869 4.7281 -54.2887 3.2915 1.0110 -3.0706 0.4045
Car 0.0000 0 0.0000 -1.0000 -1.0000 -1.0000 -1.0000 2.0413 2.2790 4.8560 43.4138 2.5984 1.4556 0.0180 0.3144
Truck 0.0000 0 0.0000 -1.0000 -1.0000 -1.0000 -1.0000 2.8352 3.0010 8.5362 -47.2931 0.6042 1.6600 -3.1157 0.5901
Cyclist 0.0000 0 0.0000 -1.0000 -1.0000 -1.0000 -1.0000 0.7216 1.5220 1.6857 -41.5580 -6.4513 0.8422 -0.0251 0.4659
Cyclist 0.0000 0 0.0000 -1.0000 -1.0000 -1.0000 -1.0000 0.7179 1.5359 1.6929 12.2762 24.0823 0.5870 -3.0915 0.3336
