Car 0.0000 0 0.0000 -1.0000 -1.0000 -1.0000 -1.0000 2.0667 1.5452 4.6926 19.8267 2.6062 0.7636 -3.1137 0.8194
Car 0.0000 0 0.0000 -1.0000 -1.0000 -1.0000 -1.0000 1.9821 1.4532 4.5928 7.9463 -0.3045 0.6897 -3.1266 0.5675
Car 0.0000 0 0.0000 -1.0000 -1.0000 -1.0000 -1.0000 1.9570 1.5419 4.5759 42.6317 -2.8966 0.7559 0.1797 0.5545
Car 0.0000 0 0.0000 -1.0000 -1.0000 -1.0000 -1.0000 1.8970 1.5071 4.5026 53.1593 18.5832 0.2410 0.3124 0.3729
Truck 0.0000 0 0.0000 -1.0000 -1.0000 -1.0000 -1.0000 3.0102 3.1629 11.2845 0.8606 -3.2431 1.4385 3.1340 0.7225
Truck 0.0000 0 0.0000 -1.0000 -1.0000 -1.0000 -1.0000 2.4107 2.2695 6.4478 14.4986 -3.1802 1.1460 0.0092 0.5204
Truck 0.0000 0 0.0000 -1.0000 -1.0000 -1.0000 -1.0000 2.8131 3.0312 8.3886 8.4333 5.8292 1.5133 -3.1170 0.4418
Truck 0.0000 0 0.0000 -1.0000 -1.0000 -1.0000 -1.0000 2.4037 2.4803 6.2570 25.2629 -0.2665 1.2341 0.0014 0.3889
Tricar 0.0000 0 0.0000 -1.0000 -1.0000 -1.0000 -1.0000 1.2671 1.6138 3.4225 3.9406 21.7472 0.4280 0.5139 0.6251
Tricar 0.0000 0 0.0000 -1.0000 -1.0000 -1.0000 -1.0000 1.4099 1.6763 3.2416 -60.5555 25.9434 0.5812 3.1314 0.4252
Cyclist 0.0000 0 0.0000 -1.0000 -1.0000 -1.0000 -1.0000 0.8076 1.5718 1.8166 -42.1600 26.2296 0.2690 3.1280 0.4879
