Car 0.0000 0 0.0000 -1.0000 -1.0000 -1.0000 -1.0000 1.9708 1.6322 4.5630 -41.0174 -3.2614 0.6611 3.1414 0.7561
Car 0.0000 0 0.0000 -1.0000 -1.0000 -1.0000 -1.0000 1.9339 1.6165 4.5055 -18.1727 5.2436 0.7301 -0.0061 0.7254
Car 0.0000 0 0.0000 -1.0000 -1.0000 -1.0000 -1.0000 1.9290 1.6027 4.5142 60.5561 -3.2747 1.0563 0.0694 0.6612
Car 0.0000 0 0.0000 -1.0000 -1.0000 -1.0000 -1.0000 1.8729 1.4415 4.4384 -36.7473 6.5620 0.5586 -3.0881 0.6306
Car 0.0000 0 0.0000 -1.0000 -1.0000 -1.0000 -1.0000 1.8100 1.5669 4.3142 -66.2139 -3.2660 0.4208 0.0079 0.4750
Car 0.0000 0 0.0000 -1.0000 -1.0000 -1.0000 -1.0000 1.8530 1.5004 4.4257 -9.7671 -4.1939 0.7383 -3.1245 0.4360
Car 0.0000 0 0.0000 -1.0000 -1.0000 -1.0000 -1.0000 1.9221 1.6599 4.6175 67.5147 4.8708 0.9617 3.1141 0.4213
Car 0.0000 0 0.0000 -1.0000 -1.0000 -1.0000 -1.0000 1.8679 1.4494 4.4521 0.6641 -11.8928 0.8026 -1.6141 0.4097
Car 0.0000 0 0.0000 -1.0000 -1.0000 -1.0000 -1.0000 1.8727 1.4938 4.4606 -13.9822 19.4727 0.2337 -1.5952 0.3688
Car 0.0000 0 0.0000 -1.0000 -1.0000 -1.0000 -1.0000 1.8607 1.8043 4.4774 -60.5117 6.2872 0.6549 3.0842 0.3338
Tricar 0.0000 0 0.0000 -1.0000 -1.0000 -1.0000 -1.0000 1.3578 1.7547 2.9908 -49.2161 6.2901 0.5414 -3.0977 0.3691
Pedestrian 0.0000 0 0.0000 -1.0000 -1.0000 -1.0000 -1.0000 0.6908 1.6179 0.6535 -0.4025 -7.0345 0.8538 3.1182 0.4656
