Car 0.0000 0 0.0000 -1.0000 -1.0000 -1.0000 -1.0000 1.9709 1.5006 4.5923 33.2151 -14.6986 0.5569 2.6191 0.7215
Car 0.0000 0 0.0000 -1.0000 -1.0000 -1.0000 -1.0000 2.0963 1.5656 4.7662 -39.8242 21.4217 0.8667 2.5998 0.6383
Car 0.0000 0 0.0000 -1.0000 -1.0000 -1.0000 -1.0000 1.9105 1.4449 4.4638 -29.6956 9.3771 0.7157 -0.4265 0.6336
Car 0.0000 0 0.0000 -1.0000 -1.0000 -1.0000 -1.0000 1.9639 1.4545 4.5579 -46.0072 18.5225 0.7502 -0.5768 0.6091
Car 0.0000 0 0.0000 -1.0000 -1.0000 -1.0000 -1.0000 2.0236 1.9147 4.7522 53.7569 -26.1922 0.7190 2.4646 0.5192
Car 0.0000 0 0.0000 -1.0000 -1.0000 -1.0000 -1.0000 1.9696 1.5170 4.6964 -48.2562 32.6491 0.7826 2.6125 0.4537
Car 0.0000 0 0.0000 -1.0000 -1.0000 -1.0000 -1.0000 1.9228 1.6725 4.5179 -51.1615 21.4483 0.9214 -0.4671 0.4418
Car 0.0000 0 0.0000 -1.0000 -1.0000 -1.0000 -1.0000 1.9005 1.5087 4.6136 -61.8583 40.6031 0.8516 -0.6168 0.3145
Truck 0.0000 0 0.0000 -1.0000 -1.0000 -1.0000 -1.0000 2.8764 3.1298 11.5597 2.8989 -6.2969 1.5307 2.5322 0.6523
Truck 0.0000 0 0.0000 -1.0000 -1.0000 -1.0000 -1.0000 3.0026 3.3079 10.6610 -63.6685 33.4026 1.8010 2.6401 0.6215
Truck 0.0000 0 0.0000 -1.0000 -1.0000 -1.0000 -1.0000 2.8899 3.1226 10.9669 71.1530 -33.7368 1.5467 -0.4707 0.3840
Cyclist 0.0000 0 0.0000 -1.0000 -1.0000 -1.0000 -1.0000 0.7446 1.4338 1.7489 3.2172 4.2743 0.6305 2.5908 0.5987
Cyclist 0.0000 0 0.0000 -1.0000 -1.0000 -1.0000 -1.0000 0.8166 1.5450 1.8219 -12.9182 0.1839 0.7679 -0.5342 0.5967
Cyclist 0.0000 0 0.0000 -1.0000 -1.0000 -1.0000 -1.0000 0.8865 1.6915 1.8437 -4.0817 2.8951 0.9196 -0.3698 0.5562
Cyclist 0.0000 0 0.0000 -1.0000 -1.0000 -1.0000 -1.0000 0.7718 1.5588 1.7521 -11.5111 12.4631 0.7276 2.5865 0.4697
Cyclist 0.0000 0 0.0000 -1.0000 -1.0000 -1.0000 -1.0000 0.7144 1.1960 1.6985 -12.3111 -3.5742 0.7189 1.0690 0.4496
Cyclist 0.0000 0 0.0000 -1.0000 -1.0000 -1.0000 -1.0000 0.6908 1.2054 1.7077 -21.9414 3.2043 0.6420 -1.0762 0.4419
Cyclist 0.0000 0 0.0000 -1.0000 -1.0000 -1.0000 -1.0000 0.7623 1.5408 1.7515 -5.5502 -3.7808 0.7709 -0.5330 0.4223
Cyclist 0.0000 0 0.0000 -1.0000 -1.0000 -1.0000 -1.0000 0.7062 1.2899 1.7219 6.9502 4.8801 0.6629 1.0387 0.4131
Cyclist 0.0000 0 0.0000 -1.0000 -1.0000 -1.0000 -1.0000 0.6669 1.2209 1.6531 -21.5619 -4.3014 0.6941 -2.0921 0.4125
Cyclist 0.0000 0 0.0000 -1.0000 -1.0000 -1.0000 -1.0000 0.7538 1.5146 1.7424 14.6539 0.7377 0.7167 0.7508 0.4062
Cyclist 0.0000 0 0.0000 -1.0000 -1.0000 -1.0000 -1.0000 0.8038 1.3336 1.8699 -21.6214 18.8681 0.6188 2.6875 0.3783
Cyclist 0.0000 0 0.0000 -1.0000 -1.0000 -1.0000 -1.0000 0.6888 1.2513 1.6969 -4.6142 10.8742 0.6476 -2.1574 0.3747
Cyclist 0.0000 0 0.0000 -1.0000 -1.0000 -1.0000 -1.0000 0.7182 1.1727 1.7091 -5.1579 -6.5368 0.6585 -0.4831 0.3732
Cyclist 0.0000 0 0.0000 -1.0000 -1.0000 -1.0000 -1.0000 0.7440 1.4894 1.7241 -0.3298 9.2119 0.7607 -2.2006 0.3707
Cyclist 0.0000 0 0.0000 -1.0000 -1.0000 -1.0000 -1.0000 0.6591 1.0700 1.6236 -2.9149 -9.2588 0.5944 -0.6005 0.3538
Cyclist 0.0000 0 0.0000 -1.0000 -1.0000 -1.0000 -1.0000 0.7601 1.6098 1.7071 18.9252 -14.6736 0.6341 -0.6054 0.3516
Cyclist 0.0000 0 0.0000 -1.0000 -1.0000 -1.0000 -1.0000 0.8075 1.5829 1.7751 -65.6242 40.4008 0.8553 -0.4913 0.3477
Cyclist 0.0000 0 0.0000 -1.0000 -1.0000 -1.0000 -1.0000 0.6910 1.2752 1.6688 -26.8375 4.8371 0.7519 -2.9705 0.3231
Pedestrian 0.0000 0 0.0000 -1.0000 -1.0000 -1.0000 -1.0000 0.7086 1.6733 0.6978 -22.5138 31.9429 0.8371 2.5871 0.5011
Pedestrian 0.0000 0 0.0000 -1.0000 -1.0000 -1.0000 -1.0000 0.6990 1.6367 0.6366 17.8789 1.4285 0.7864 -0.3774 0.4613
Pedestrian 0.0000 0 0.0000 -1.0000 -1.0000 -1.0000 -1.0000 0.6940 1.6866 0.6235 -46.4399 14.5960 1.0002 -0.4227 0.4350
Pedestrian 0.0000 0 0.0000 -1.0000 -1.0000 -1.0000 -1.0000 0.7139 1.6781 0.6985 -26.3514 26.3675 0.8398 2.5132 0.3893
Pedestrian 0.0000 0 0.0000 -1.0000 -1.0000 -1.0000 -1.0000 0.6996 1.7077 0.6272 -43.5034 35.6103 0.9063 -0.5930 0.3537
Pedestrian 0.0000 0 0.0000 -1.0000 -1.0000 -1.0000 -1.0000 0.6932 1.6518 0.6047 25.8861 -2.7974 0.6894 2.8930 0.3289
