Car 0.0000 0 0.0000 -1.0000 -1.0000 -1.0000 -1.0000 1.9461 1.4256 4.4906 -15.9738 2.7601 0.7535 0.0256 0.8209
Car 0.0000 0 0.0000 -1.0000 -1.0000 -1.0000 -1.0000 2.0441 1.6513 4.5763 28.9866 6.4210 0.9513 -0.0573 0.8149
Car 0.0000 0 0.0000 -1.0000 -1.0000 -1.0000 -1.0000 2.0461 1.5276 4.6373 25.2269 0.3064 0.8335 -0.0117 0.7318
Car 0.0000 0 0.0000 -1.0000 -1.0000 -1.0000 -1.0000 1.9089 1.4403 4.5410 20.3589 -10.7512 0.6405 -1.4647 0.6033
Car 0.0000 0 0.0000 -1.0000 -1.0000 -1.0000 -1.0000 1.9292 1.5587 4.6175 -21.4071 -10.6830 0.7657 1.6144 0.5542
Car 0.0000 0 0.0000 -1.0000 -1.0000 -1.0000 -1.0000 1.9019 1.4715 4.5215 -38.3438 20.0777 0.8254 -1.5886 0.5426
Car 0.0000 0 0.0000 -1.0000 -1.0000 -1.0000 -1.0000 1.9285 1.5330 4.5742 -61.3303 18.3591 0.7252 -1.5849 0.5167
Car 0.0000 0 0.0000 -1.0000 -1.0000 -1.0000 -1.0000 1.9142 1.4807 4.5555 -5.0146 20.7952 0.7729 -1.5594 0.4875
Car 0.0000 0 0.0000 -1.0000 -1.0000 -1.0000 -1.0000 1.8836 1.4569 4.5369 -16.2618 -10.6120 0.6154 -1.5765 0.4816
Car 0.0000 0 0.0000 -1.0000 -1.0000 -1.0000 -1.0000 1.8841 1.4615 4.5340 -13.9612 -10.6087 0.6260 -1.5571 0.4763
Car 0.0000 0 0.0000 -1.0000 -1.0000 -1.0000 -1.0000 1.9104 1.6373 4.5313 -45.6018 19.5906 0.8840 -1.4914 0.4555
Car 0.0000 0 0.0000 -1.0000 -1.0000 -1.0000 -1.0000 1.9225 1.5388 4.6354 -23.6111 -10.6344 0.7787 1.6138 0.4372
Car 0.0000 0 0.0000 -1.0000 -1.0000 -1.0000 -1.0000 1.9062 1.5395 4.6369 -29.6041 -10.7065 0.8666 1.5855 0.4109
Car 0.0000 0 0.0000 -1.0000 -1.0000 -1.0000 -1.0000 1.9105 1.5257 4.6352 -27.5202 -10.6139 0.8346 1.6093 0.4033
Car 0.0000 0 0.0000 -1.0000 -1.0000 -1.0000 -1.0000 1.9471 1.8299 4.6060 -15.0773 21.7910 1.1473 1.6629 0.3464
Car 0.0000 0 0.0000 -1.0000 -1.0000 -1.0000 -1.0000 1.9414 1.5223 4.6222 57.6830 -4.1578 0.7826 2.9261 0.3298
Car 0.0000 0 0.0000 -1.0000 -1.0000 -1.0000 -1.0000 1.9010 1.5685 4.5818 41.0613 21.9990 0.6206 1.6376 0.3221
Car 0.0000 0 0.0000 -1.0000 -1.0000 -1.0000 -1.0000 1.9254 1.5685 4.5652 51.8818 9.3169 0.9158 3.1395 0.3142
Truck 0.0000 0 0.0000 -1.0000 -1.0000 -1.0000 -1.0000 2.1877 2.1807 5.5960 -24.0430 -0.3264 1.1008 -3.1092 0.5406
Truck 0.0000 0 0.0000 -1.0000 -1.0000 -1.0000 -1.0000 2.4198 2.4257 6.3798 -0.0164 3.2316 1.3026 0.0038 0.5229
Truck 0.0000 0 0.0000 -1.0000 -1.0000 -1.0000 -1.0000 2.9243 3.3354 9.4815 -53.2237 -0.7824 1.7651 -0.0013 0.3881
Truck 0.0000 0 0.0000 -1.0000 -1.0000 -1.0000 -1.0000 2.3450 2.2296 6.1195 -41.6148 2.2383 1.1056 3.1354 0.3468
Tricar 0.0000 0 0.0000 -1.0000 -1.0000 -1.0000 -1.0000 1.4675 1.7001 3.7577 -21.6569 14.8105 0.8325 3.1013 0.5613
Tricar 0.0000 0 0.0000 -1.0000 -1.0000 -1.0000 -1.0000 1.1994 1.3968 2.9814 -3.1067 -12.3783 0.6203 -2.9363 0.3259
Cyclist 0.0000 0 0.0000 -1.0000 -1.0000 -1.0000 -1.0000 0.7390 1.5630 1.6980 -12.1721 -5.5062 0.7350 3.0956 0.5448
Cyclist 0.0000 0 0.0000 -1.0000 -1.0000 -1.0000 -1.0000 0.7355 1.5453 1.7013 0.1394 -5.4066 0.7008 -3.1245 0.4805
Cyclist 0.0000 0 0.0000 -1.0000 -1.0000 -1.0000 -1.0000 0.6515 1.1731 1.6923 11.0776 -10.5172 0.5410 1.6747 0.3112
Cyclist 0.0000 0 0.0000 -1.0000 -1.0000 -1.0000 -1.0000 0.6992 1.5249 1.6773 -39.0703 -6.2413 0.7615 0.1052 0.3024
