Car 0.0000 0 0.0000 -1.0000 -1.0000 -1.0000 -1.0000 1.9275 1.4553 4.4590 20.2966 -3.5779 0.8048 2.9536 0.7112
Car 0.0000 0 0.0000 -1.0000 -1.0000 -1.0000 -1.0000 2.0908 1.9337 4.8244 -27.3913 4.7144 0.9841 2.9970 0.7033
Car 0.0000 0 0.0000 -1.0000 -1.0000 -1.0000 -1.0000 1.9158 1.4544 4.5053 -28.0964 8.8737 0.6251 -0.1438 0.6831
Car 0.0000 0 0.0000 -1.0000 -1.0000 -1.0000 -1.0000 1.9182 1.5646 4.4594 -8.6070 2.5519 0.6769 -0.1680 0.6737
Car 0.0000 0 0.0000 -1.0000 -1.0000 -1.0000 -1.0000 1.9578 1.4663 4.5551 8.3207 3.3442 0.7120 3.0015 0.6706
Car 0.0000 0 0.0000 -1.0000 -1.0000 -1.0000 -1.0000 1.9824 1.4817 4.5455 7.0825 0.3498 0.7341 2.9955 0.6552
Car 0.0000 0 0.0000 -1.0000 -1.0000 -1.0000 -1.0000 1.9578 1.4353 4.5419 -35.0632 3.5568 0.6474 -0.0786 0.6530
Car 0.0000 0 0.0000 -1.0000 -1.0000 -1.0000 -1.0000 1.9130 1.4516 4.4321 -16.8670 0.6852 0.7437 2.8484 0.6365
Car 0.0000 0 0.0000 -1.0000 -1.0000 -1.0000 -1.0000 1.9265 1.6939 4.3995 30.0646 -4.5227 0.9727 2.9461 0.6327
Car 0.0000 0 0.0000 -1.0000 -1.0000 -1.0000 -1.0000 1.9198 1.5037 4.5209 -46.8810 5.5364 0.6250 -0.0940 0.5901
Car 0.0000 0 0.0000 -1.0000 -1.0000 -1.0000 -1.0000 1.9698 1.8521 4.5756 -34.8962 9.8567 0.8224 -0.1051 0.5834
Car 0.0000 0 0.0000 -1.0000 -1.0000 -1.0000 -1.0000 1.9004 1.5019 4.5699 -17.4903 7.1543 0.6632 3.0040 0.5155
Car 0.0000 0 0.0000 -1.0000 -1.0000 -1.0000 -1.0000 1.8834 1.5029 4.4826 -54.1103 7.1619 0.5920 -0.1441 0.5141
Car 0.0000 0 0.0000 -1.0000 -1.0000 -1.0000 -1.0000 1.8739 1.5269 4.4396 -24.0472 1.7470 0.7394 -0.0820 0.4929
Car 0.0000 0 0.0000 -1.0000 -1.0000 -1.0000 -1.0000 1.9409 1.5623 4.6708 56.0734 4.8882 0.4295 2.8832 0.4646
Car 0.0000 0 0.0000 -1.0000 -1.0000 -1.0000 -1.0000 1.8663 1.4313 4.4547 -5.3920 5.4791 0.5972 3.0179 0.4495
Car 0.0000 0 0.0000 -1.0000 -1.0000 -1.0000 -1.0000 1.8711 1.8967 4.4144 5.3328 -2.8700 0.9748 2.9697 0.4469
Car 0.0000 0 0.0000 -1.0000 -1.0000 -1.0000 -1.0000 1.9563 1.9123 4.6735 -49.0974 11.7053 1.0618 -0.0461 0.3717
Car 0.0000 0 0.0000 -1.0000 -1.0000 -1.0000 -1.0000 1.8809 1.5513 4.4562 -41.3130 10.7223 0.6898 -0.0785 0.3422
Car 0.0000 0 0.0000 -1.0000 -1.0000 -1.0000 -1.0000 1.9237 1.5585 4.5393 37.3353 -6.6057 0.9039 2.9262 0.3369
Truck 0.0000 0 0.0000 -1.0000 -1.0000 -1.0000 -1.0000 2.9246 3.2296 12.1570 18.5645 7.2470 1.4845 2.9816 0.6030
Truck 0.0000 0 0.0000 -1.0000 -1.0000 -1.0000 -1.0000 2.9177 3.1531 11.1084 -6.5939 11.3329 1.4664 -0.0997 0.4690
Cyclist 0.0000 0 0.0000 -1.0000 -1.0000 -1.0000 -1.0000 0.7415 1.5585 1.7035 11.8820 15.4834 0.4858 3.0336 0.6312
Cyclist 0.0000 0 0.0000 -1.0000 -1.0000 -1.0000 -1.0000 0.7478 1.5581 1.6980 -57.8192 -5.3160 0.7497 -0.1524 0.5987
Cyclist 0.0000 0 0.0000 -1.0000 -1.0000 -1.0000 -1.0000 0.8339 1.5267 1.8590 -0.2191 -13.1677 0.8724 3.0310 0.5052
Cyclist 0.0000 0 0.0000 -1.0000 -1.0000 -1.0000 -1.0000 0.8039 1.5002 1.8661 -11.9628 0.9654 0.7396 1.9802 0.4419
Cyclist 0.0000 0 0.0000 -1.0000 -1.0000 -1.0000 -1.0000 0.7091 1.4989 1.6964 -35.2318 21.3598 0.3613 -0.1667 0.4306
Cyclist 0.0000 0 0.0000 -1.0000 -1.0000 -1.0000 -1.0000 0.6597 1.2361 1.6708 -13.4053 -14.1798 0.8110 -1.8118 0.3653
Cyclist 0.0000 0 0.0000 -1.0000 -1.0000 -1.0000 -1.0000 0.6793 1.1165 1.6675 15.5807 21.2776 0.3908 0.8219 0.3115
Pedestrian 0.0000 0 0.0000 -1.0000 -1.0000 -1.0000 -1.0000 0.7014 1.6757 0.6711 -14.6706 -7.0156 0.9112 -0.1945 0.5531
Pedestrian 0.0000 0 0.0000 -1.0000 -1.0000 -1.0000 -1.0000 0.6872 1.6763 0.6212 14.3141 -16.2417 1.0594 -0.2923 0.5192
Pedestrian 0.0000 0 0.0000 -1.0000 -1.0000 -1.0000 -1.0000 0.7009 1.6753 0.6633 12.1083 -16.2263 1.0855 -0.1905 0.4823
Pedestrian 0.0000 0 0.0000 -1.0000 -1.0000 -1.0000 -1.0000 0.6705 1.6821 0.5944 20.6002 -21.9333 1.2252 -2.7479 0.3750
Pedestrian 0.0000 0 0.0000 -1.0000 -1.0000 -1.0000 -1.0000 0.6791 1.6869 0.6052 -22.3351 -18.4891 1.5240 3.1082 0.3095
Pedestrian 0.0000 0 0.0000 -1.0000 -1.0000 -1.0000 -1.0000 0.6775 1.5975 0.6111 14.7887 -18.3454 1.0265 2.6760 0.3058
