Car 0.0000 0 0.0000 -1.0000 -1.0000 -1.0000 -1.0000 2.0462 1.5021 4.6971 -11.8656 -6.9400 0.7605 3.1280 0.8514
Car 0.0000 0 0.0000 -1.0000 -1.0000 -1.0000 -1.0000 1.9938 1.5218 4.5600 4.0366 -6.8620 0.8062 0.0015 0.8138
Car 0.0000 0 0.0000 -1.0000 -1.0000 -1.0000 -1.0000 2.0304 1.5964 4.6096 23.4175 -3.2362 0.8860 0.0140 0.8001
Car 0.0000 0 0.0000 -1.0000 -1.0000 -1.0000 -1.0000 2.1181 1.9125 4.7548 -18.6390 -6.6693 0.9681 -0.0244 0.7978
Car 0.0000 0 0.0000 -1.0000 -1.0000 -1.0000 -1.0000 1.9853 1.4815 4.5920 -42.6728 -6.7704 0.5994 -3.1375 0.7824
Car 0.0000 0 0.0000 -1.0000 -1.0000 -1.0000 -1.0000 1.9887 1.5292 4.5400 11.1808 -3.2501 0.8269 0.0286 0.7818
Car 0.0000 0 0.0000 -1.0000 -1.0000 -1.0000 -1.0000 1.9675 1.5627 4.5596 -26.8784 -6.7802 0.7936 0.0027 0.7362
Car 0.0000 0 0.0000 -1.0000 -1.0000 -1.0000 -1.0000 1.9577 1.5154 4.5628 -33.1725 -7.1214 0.7142 0.0235 0.7251
Car 0.0000 0 0.0000 -1.0000 -1.0000 -1.0000 -1.0000 1.9532 1.5184 4.5595 18.2641 -10.1115 0.8310 0.0049 0.6834
Car 0.0000 0 0.0000 -1.0000 -1.0000 -1.0000 -1.0000 1.9269 1.4673 4.5118 11.2012 -10.2035 0.8071 3.1333 0.6772
Car 0.0000 0 0.0000 -1.0000 -1.0000 -1.0000 -1.0000 2.0363 1.8405 4.7617 -2.7119 -10.2528 0.9724 3.1410 0.6665
Car 0.0000 0 0.0000 -1.0000 -1.0000 -1.0000 -1.0000 1.9163 1.4893 4.5196 -52.6485 -7.0263 0.5985 0.0044 0.6322
Car 0.0000 0 0.0000 -1.0000 -1.0000 -1.0000 -1.0000 2.0703 1.7166 4.6764 18.7995 13.4958 0.4921 -3.0964 0.6216
Car 0.0000 0 0.0000 -1.0000 -1.0000 -1.0000 -1.0000 1.9693 1.8191 4.5251 -3.9933 -6.7862 0.9390 3.1102 0.6157
Car 0.0000 0 0.0000 -1.0000 -1.0000 -1.0000 -1.0000 1.9575 1.5511 4.5561 4.0782 -10.1677 0.8286 3.1040 0.5914
Car 0.0000 0 0.0000 -1.0000 -1.0000 -1.0000 -1.0000 2.0352 1.4783 4.6600 -19.0466 -0.2250 0.7272 -0.0096 0.5427
Car 0.0000 0 0.0000 -1.0000 -1.0000 -1.0000 -1.0000 2.0925 1.7563 4.7407 10.7841 -0.0043 0.9534 -3.1307 0.5087
Car 0.0000 0 0.0000 -1.0000 -1.0000 -1.0000 -1.0000 1.8992 1.7487 4.4585 63.6633 35.9909 -0.0500 -1.7608 0.4004
Car 0.0000 0 0.0000 -1.0000 -1.0000 -1.0000 -1.0000 2.0549 1.6018 4.7162 -78.3530 -7.2390 0.6863 -3.1239 0.3872
Car 0.0000 0 0.0000 -1.0000 -1.0000 -1.0000 -1.0000 2.0215 1.8236 4.7648 -18.7936 -10.4062 0.9367 0.0197 0.3774
Truck 0.0000 0 0.0000 -1.0000 -1.0000 -1.0000 -1.0000 2.9114 3.5117 12.7358 21.0969 -6.7484 1.8847 0.0408 0.6883
Truck 0.0000 0 0.0000 -1.0000 -1.0000 -1.0000 -1.0000 2.3172 2.2214 6.1638 -10.3441 -10.9079 1.1473 0.0277 0.5707
Truck 0.0000 0 0.0000 -1.0000 -1.0000 -1.0000 -1.0000 2.3708 2.3175 6.1217 -23.5792 -10.1540 1.1941 -0.0043 0.4118
Cyclist 0.0000 0 0.0000 -1.0000 -1.0000 -1.0000 -1.0000 0.7717 1.5772 1.7368 40.4649 18.7744 0.1463 2.2267 0.5362
Pedestrian 0.0000 0 0.0000 -1.0000 -1.0000 -1.0000 -1.0000 0.7076 1.6420 0.6645 20.1739 23.9123 -0.0734 -3.1123 0.4014
Pedestrian 0.0000 0 0.0000 -1.0000 -1.0000 -1.0000 -1.0000 0.7093 1.6217 0.6483 21.7068 23.4422 -0.0692 0.0149 0.3813
