Car 0.0000 0 0.0000 -1.0000 -1.0000 -1.0000 -1.0000 2.0191 1.5041 4.5463 10.5679 0.7012 0.8621 -0.0230 0.8149
Car 0.0000 0 0.0000 -1.0000 -1.0000 -1.0000 -1.0000 1.9641 1.4369 4.5167 -33.4895 -2.6211 0.5912 3.1285 0.7858
Car 0.0000 0 0.0000 -1.0000 -1.0000 -1.0000 -1.0000 2.0504 1.5562 4.6638 33.1172 -3.1353 1.0588 3.1170 0.7822
Car 0.0000 0 0.0000 -1.0000 -1.0000 -1.0000 -1.0000 2.0861 1.5263 4.7259 -24.8817 0.5634 0.6845 -0.0309 0.6302
Car 0.0000 0 0.0000 -1.0000 -1.0000 -1.0000 -1.0000 2.0966 1.9137 4.9385 -3.5072 -9.6944 1.0380 -0.0516 0.4990
Car 0.0000 0 0.0000 -1.0000 -1.0000 -1.0000 -1.0000 2.0312 1.6022 4.7770 -57.4987 13.9882 0.2968 -0.0490 0.4801
Car 0.0000 0 0.0000 -1.0000 -1.0000 -1.0000 -1.0000 2.0584 1.7489 4.8413 -59.8983 6.5042 0.4448 -2.1990 0.4715
Car 0.0000 0 0.0000 -1.0000 -1.0000 -1.0000 -1.0000 1.9131 1.6313 4.5648 -68.3944 10.1563 0.4812 -2.9187 0.4589
Car 0.0000 0 0.0000 -1.0000 -1.0000 -1.0000 -1.0000 1.9831 1.5533 4.7389 16.7917 -23.7895 1.5717 -0.1238 0.4205
Car 0.0000 0 0.0000 -1.0000 -1.0000 -1.0000 -1.0000 1.8720 1.6772 4.3968 38.9693 -0.7684 1.2087 1.4692 0.4054
Car 0.0000 0 0.0000 -1.0000 -1.0000 -1.0000 -1.0000 1.9497 1.5011 4.5482 -42.6427 2.0949 0.6058 -3.1365 0.3934
Car 0.0000 0 0.0000 -1.0000 -1.0000 -1.0000 -1.0000 1.9489 1.7398 4.6308 59.9189 0.2722 1.3950 3.0874 0.3832
Cyclist 0.0000 0 0.0000 -1.0000 -1.0000 -1.0000 -1.0000 0.7045 1.5247 1.6842 -21.2703 -8.1864 0.7141 -0.0245 0.4897
Pedestrian 0.0000 0 0.0000 -1.0000 -1.0000 -1.0000 -1.0000 0.6889 1.6361 0.6481 -2.5708 -4.7322 0.9001 3.1171 0.4362
