Car 0.0000 0 0.0000 -1.0000 -1.0000 -1.0000 -1.0000 2.0047 1.4814 4.5847 -9.1057 -4.1582 0.6854 -0.0174 0.7928
Car 0.0000 0 0.0000 -1.0000 -1.0000 -1.0000 -1.0000 2.0122 1.4930 4.5783 22.1302 7.8980 0.8066 -3.1237 0.7187
Car 0.0000 0 0.0000 -1.0000 -1.0000 -1.0000 -1.0000 1.8941 1.4534 4.4552 39.2788 10.8719 0.9658 0.0067 0.7079
Car 0.0000 0 0.0000 -1.0000 -1.0000 -1.0000 -1.0000 1.9716 1.6501 4.5876 13.0546 10.5270 0.7661 -0.0045 0.6745
Car 0.0000 0 0.0000 -1.0000 -1.0000 -1.0000 -1.0000 1.9615 1.4803 4.5371 53.1655 -1.1976 1.5205 -0.0705 0.6389
Car 0.0000 0 0.0000 -1.0000 -1.0000 -1.0000 -1.0000 1.9328 1.4606 4.4840 22.7507 5.0499 0.8881 0.0869 0.6294
Car 0.0000 0 0.0000 -1.0000 -1.0000 -1.0000 -1.0000 1.9332 1.4379 4.5396 -23.0840 10.7793 0.3901 3.1230 0.5624
Car 0.0000 0 0.0000 -1.0000 -1.0000 -1.0000 -1.0000 1.8897 1.5121 4.4929 -52.0541 6.4671 0.2243 -0.0284 0.5437
Car 0.0000 0 0.0000 -1.0000 -1.0000 -1.0000 -1.0000 1.9650 1.4342 4.5863 22.6220 11.2712 0.7828 0.0009 0.5305
Car 0.0000 0 0.0000 -1.0000 -1.0000 -1.0000 -1.0000 1.9649 1.5180 4.6296 -38.3402 10.4559 0.3403 -0.0403 0.5157
Car 0.0000 0 0.0000 -1.0000 -1.0000 -1.0000 -1.0000 1.9109 1.5082 4.5540 22.7867 -6.3233 1.1042 -1.2526 0.5046
Car 0.0000 0 0.0000 -1.0000 -1.0000 -1.0000 -1.0000 1.9374 1.5910 4.4563 35.2201 7.3555 1.0752 0.0276 0.4774
Car 0.0000 0 0.0000 -1.0000 -1.0000 -1.0000 -1.0000 1.9632 1.4548 4.5707 52.2927 2.3038 1.4701 -0.0324 0.4501
Car 0.0000 0 0.0000 -1.0000 -1.0000 -1.0000 -1.0000 1.9367 1.5896 4.4343 33.4401 11.2172 1.0037 0.0152 0.3801
Truck 0.0000 0 0.0000 -1.0000 -1.0000 -1.0000 -1.0000 3.0733 3.9918 11.8327 -29.9090 5.0916 1.8908 3.1271 0.6491
Truck 0.0000 0 0.0000 -1.0000 -1.0000 -1.0000 -1.0000 2.8800 3.3548 10.0953 78.7855 6.7140 2.8214 0.0573 0.3523
