Car 0.0000 0 0.0000 -1.0000 -1.0000 -1.0000 -1.0000 1.9461 1.4465 4.5234 -23.7968 2.7093 0.7221 3.1156 0.8158
Car 0.0000 0 0.0000 -1.0000 -1.0000 -1.0000 -1.0000 1.9143 1.4508 4.4206 4.8296 3.3341 0.7483 3.1040 0.8017
Car 0.0000 0 0.0000 -1.0000 -1.0000 -1.0000 -1.0000 2.0640 1.6308 4.6724 -27.2611 -3.4824 0.8166 -3.1299 0.7926
Car 0.0000 0 0.0000 -1.0000 -1.0000 -1.0000 -1.0000 1.9650 1.5539 4.5133 -14.7699 3.1536 0.7865 3.0978 0.7876
Car 0.0000 0 0.0000 -1.0000 -1.0000 -1.0000 -1.0000 1.9685 1.4466 4.5203 18.7218 3.5496 0.8730 0.0001 0.7478
Car 0.0000 0 0.0000 -1.0000 -1.0000 -1.0000 -1.0000 1.8926 1.4513 4.4156 10.3995 3.4658 0.8250 3.1282 0.6906
Car 0.0000 0 0.0000 -1.0000 -1.0000 -1.0000 -1.0000 1.9304 1.5605 4.4399 -6.2321 17.6734 0.4048 -3.1351 0.6841
Car 0.0000 0 0.0000 -1.0000 -1.0000 -1.0000 -1.0000 1.9346 1.5872 4.5478 13.0113 -3.1678 0.8750 0.0188 0.6795
Car 0.0000 0 0.0000 -1.0000 -1.0000 -1.0000 -1.0000 1.9524 1.6632 4.6039 -16.8486 18.1151 0.4853 -3.1379 0.6551
Car 0.0000 0 0.0000 -1.0000 -1.0000 -1.0000 -1.0000 1.9623 1.5269 4.5944 -1.5019 -3.2029 0.7794 3.1338 0.6450
Car 0.0000 0 0.0000 -1.0000 -1.0000 -1.0000 -1.0000 1.8956 1.6505 4.5362 2.5992 24.4240 0.3052 0.0036 0.6441
Car 0.0000 0 0.0000 -1.0000 -1.0000 -1.0000 -1.0000 1.9841 1.5205 4.6342 3.2920 13.8759 0.4162 3.1245 0.6406
Car 0.0000 0 0.0000 -1.0000 -1.0000 -1.0000 -1.0000 1.8981 1.4584 4.4470 -1.6198 3.3391 0.7079 3.1124 0.6384
Car 0.0000 0 0.0000 -1.0000 -1.0000 -1.0000 -1.0000 2.0087 1.4646 4.6325 -7.7700 3.3511 0.7319 -0.0081 0.6173
Car 0.0000 0 0.0000 -1.0000 -1.0000 -1.0000 -1.0000 2.0491 1.4971 4.6565 -39.5361 -2.2035 0.7264 -0.0412 0.6026
Car 0.0000 0 0.0000 -1.0000 -1.0000 -1.0000 -1.0000 1.8920 1.5224 4.5058 2.6146 17.9809 0.2811 0.0337 0.5922
Car 0.0000 0 0.0000 -1.0000 -1.0000 -1.0000 -1.0000 1.8796 1.8349 4.3724 -8.5056 14.3205 0.6483 -0.0256 0.5573
Car 0.0000 0 0.0000 -1.0000 -1.0000 -1.0000 -1.0000 1.9190 1.4979 4.5403 31.2072 4.3563 0.9031 -2.9834 0.5480
Car 0.0000 0 0.0000 -1.0000 -1.0000 -1.0000 -1.0000 1.9228 1.8353 4.5205 25.2851 4.9606 1.1236 0.0287 0.5450
Car 0.0000 0 0.0000 -1.0000 -1.0000 -1.0000 -1.0000 1.8847 1.6674 4.5278 10.7978 14.1524 0.6226 0.0092 0.5306
Car 0.0000 0 0.0000 -1.0000 -1.0000 -1.0000 -1.0000 1.9911 1.4965 4.5640 -39.9166 2.1902 0.7448 -0.0009 0.4903
Car 0.0000 0 0.0000 -1.0000 -1.0000 -1.0000 -1.0000 1.9282 1.4798 4.5999 -38.7092 14.6321 0.4313 -0.0022 0.4815
Car 0.0000 0 0.0000 -1.0000 -1.0000 -1.0000 -1.0000 2.0030 1.4976 4.6383 -19.1159 -0.0177 0.7396 3.1277 0.4720
Car 0.0000 0 0.0000 -1.0000 -1.0000 -1.0000 -1.0000 1.9185 1.5342 4.5495 -22.6598 21.3796 0.2836 -3.1183 0.4681
Car 0.0000 0 0.0000 -1.0000 -1.0000 -1.0000 -1.0000 1.8772 1.6655 4.4110 6.8328 21.1871 0.3604 3.1276 0.4487
Car 0.0000 0 0.0000 -1.0000 -1.0000 -1.0000 -1.0000 1.9135 1.4899 4.4944 -2.3919 20.9529 0.2581 0.0191 0.4487
Car 0.0000 0 0.0000 -1.0000 -1.0000 -1.0000 -1.0000 1.9821 1.7691 4.5857 -34.5944 3.9750 0.9264 -0.0097 0.4291
Car 0.0000 0 0.0000 -1.0000 -1.0000 -1.0000 -1.0000 1.9534 1.5345 4.5948 -32.1919 15.0110 0.5344 0.0087 0.4205
Car 0.0000 0 0.0000 -1.0000 -1.0000 -1.0000 -1.0000 1.8982 1.6392 4.5954 11.0098 17.6431 0.4441 0.0769 0.3769
Car 0.0000 0 0.0000 -1.0000 -1.0000 -1.0000 -1.0000 1.9071 1.6990 4.6436 -44.5705 21.6303 0.6819 -3.0887 0.3494
Car 0.0000 0 0.0000 -1.0000 -1.0000 -1.0000 -1.0000 1.8532 1.7122 4.4150 6.2780 -3.5552 0.8949 3.1263 0.3429
Car 0.0000 0 0.0000 -1.0000 -1.0000 -1.0000 -1.0000 1.8686 1.6500 4.4762 20.5768 -3.3687 0.9758 3.1364 0.3422
Truck 0.0000 0 0.0000 -1.0000 -1.0000 -1.0000 -1.0000 2.0347 2.0088 5.0928 6.2855 -0.7602 1.1135 0.0067 0.5092
Truck 0.0000 0 0.0000 -1.0000 -1.0000 -1.0000 -1.0000 2.4105 2.4705 6.4526 13.9098 0.1475 1.3705 -0.0100 0.4255
Cyclist 0.0000 0 0.0000 -1.0000 -1.0000 -1.0000 -1.0000 0.7425 1.5222 1.7099 -11.3863 -4.5117 0.7273 0.0405 0.3914
