Car 0.0000 0 0.0000 -1.0000 -1.0000 -1.0000 -1.0000 2.0346 1.4886 4.6657 -11.9328 -6.9129 0.7434 3.1200 0.8490
Car 0.0000 0 0.0000 -1.0000 -1.0000 -1.0000 -1.0000 1.9747 1.4364 4.5309 16.7600 -3.0709 0.7848 0.0289 0.8091
Car 0.0000 0 0.0000 -1.0000 -1.0000 -1.0000 -1.0000 2.1205 1.9219 4.7498 -18.6160 -6.5947 0.9633 -0.0216 0.8021
Car 0.0000 0 0.0000 -1.0000 -1.0000 -1.0000 -1.0000 1.9740 1.4879 4.5404 -41.6559 -6.7259 0.6109 -3.1370 0.7533
Car 0.0000 0 0.0000 -1.0000 -1.0000 -1.0000 -1.0000 1.9611 1.5125 4.5619 -33.1731 -7.1370 0.7191 0.0069 0.7302
Car 0.0000 0 0.0000 -1.0000 -1.0000 -1.0000 -1.0000 1.9641 1.5673 4.5539 -26.8876 -6.7743 0.8013 3.1404 0.7297
Car 0.0000 0 0.0000 -1.0000 -1.0000 -1.0000 -1.0000 1.9339 1.7898 4.4667 -3.4453 -6.6128 0.9267 3.1261 0.7011
Car 0.0000 0 0.0000 -1.0000 -1.0000 -1.0000 -1.0000 1.9197 1.4649 4.5015 -50.4495 -7.0554 0.6055 0.0314 0.6776
Car 0.0000 0 0.0000 -1.0000 -1.0000 -1.0000 -1.0000 1.9397 1.5359 4.5316 18.1916 -10.1401 0.8006 0.0079 0.6721
Car 0.0000 0 0.0000 -1.0000 -1.0000 -1.0000 -1.0000 1.9892 1.5322 4.5737 23.1717 -3.2815 0.8568 0.0115 0.6552
Car 0.0000 0 0.0000 -1.0000 -1.0000 -1.0000 -1.0000 1.9648 1.4588 4.5880 5.5766 -6.6339 0.8222 3.1366 0.6543
Car 0.0000 0 0.0000 -1.0000 -1.0000 -1.0000 -1.0000 2.0638 1.8536 4.8104 -2.8700 -10.3301 0.9950 0.0223 0.6285
Car 0.0000 0 0.0000 -1.0000 -1.0000 -1.0000 -1.0000 1.9645 1.5103 4.5604 4.0200 -10.2367 0.8199 0.0139 0.6171
Car 0.0000 0 0.0000 -1.0000 -1.0000 -1.0000 -1.0000 1.9900 1.5302 4.5875 -67.0564 -7.2872 0.5747 -3.1334 0.5911
Car 0.0000 0 0.0000 -1.0000 -1.0000 -1.0000 -1.0000 2.0048 1.8076 4.6981 67.2623 10.0833 0.5399 -1.2519 0.5678
Car 0.0000 0 0.0000 -1.0000 -1.0000 -1.0000 -1.0000 1.9070 1.5180 4.4992 11.1370 -10.2474 0.7921 0.0319 0.5138
Car 0.0000 0 0.0000 -1.0000 -1.0000 -1.0000 -1.0000 1.9688 1.4784 4.5358 48.7164 23.5744 0.0418 -2.2982 0.4888
Car 0.0000 0 0.0000 -1.0000 -1.0000 -1.0000 -1.0000 1.9923 1.4645 4.5663 -9.4725 -0.1490 0.7258 3.1214 0.4505
Car 0.0000 0 0.0000 -1.0000 -1.0000 -1.0000 -1.0000 2.0951 1.7953 4.7730 10.7249 -0.0163 0.9534 -3.1246 0.4431
Car 0.0000 0 0.0000 -1.0000 -1.0000 -1.0000 -1.0000 2.0448 1.8685 4.8355 -18.7559 -10.4743 0.9373 0.0153 0.3458
Truck 0.0000 0 0.0000 -1.0000 -1.0000 -1.0000 -1.0000 2.9480 3.5448 12.2857 20.6468 -6.7409 1.8502 0.0451 0.7232
Truck 0.0000 0 0.0000 -1.0000 -1.0000 -1.0000 -1.0000 2.3235 2.2233 6.2104 -10.3644 -10.8980 1.1366 0.0163 0.5619
Truck 0.0000 0 0.0000 -1.0000 -1.0000 -1.0000 -1.0000 2.3773 2.3311 6.1379 -23.4460 -10.1445 1.1937 -0.0013 0.4180
Cyclist 0.0000 0 0.0000 -1.0000 -1.0000 -1.0000 -1.0000 0.7689 1.6119 1.7106 45.2137 -2.9356 0.9384 2.5691 0.5014
Pedestrian 0.0000 0 0.0000 -1.0000 -1.0000 -1.0000 -1.0000 0.7246 1.6985 0.6603 -27.3620 39.1498 0.1601 -0.5512 0.4249
