Car 0.0000 0 0.0000 -1.0000 -1.0000 -1.0000 -1.0000 2.0618 1.4903 4.6543 -10.9601 -3.0127 0.8204 0.1186 0.8681
Car 0.0000 0 0.0000 -1.0000 -1.0000 -1.0000 -1.0000 1.9628 1.4674 4.5904 29.7894 8.5093 0.4059 0.3947 0.8142
Car 0.0000 0 0.0000 -1.0000 -1.0000 -1.0000 -1.0000 1.9194 1.4804 4.4573 5.9535 4.6711 0.6441 0.2417 0.7456
Car 0.0000 0 0.0000 -1.0000 -1.0000 -1.0000 -1.0000 1.8861 1.5103 4.4272 -39.1584 -6.7465 1.1379 0.2340 0.7184
Car 0.0000 0 0.0000 -1.0000 -1.0000 -1.0000 -1.0000 1.9633 1.5682 4.5296 -58.0524 -12.0176 1.2663 -2.8585 0.7073
Car 0.0000 0 0.0000 -1.0000 -1.0000 -1.0000 -1.0000 2.0289 1.5610 4.7108 41.1643 25.3791 -0.0672 -2.8272 0.6937
Car 0.0000 0 0.0000 -1.0000 -1.0000 -1.0000 -1.0000 2.0440 1.8740 4.8331 -25.5743 3.3259 1.0629 0.2541 0.6808
Car 0.0000 0 0.0000 -1.0000 -1.0000 -1.0000 -1.0000 1.9384 1.4585 4.4933 -20.2949 -5.2070 0.8943 0.1525 0.6678
Car 0.0000 0 0.0000 -1.0000 -1.0000 -1.0000 -1.0000 2.0015 1.5109 4.6642 -42.5621 -1.2405 1.0252 -2.9793 0.6501
Car 0.0000 0 0.0000 -1.0000 -1.0000 -1.0000 -1.0000 1.9661 1.6275 4.6025 35.1438 12.1580 0.4524 0.4058 0.6373
Car 0.0000 0 0.0000 -1.0000 -1.0000 -1.0000 -1.0000 2.0684 1.4931 4.6705 -17.2545 -1.3446 0.8552 -2.9387 0.6162
Car 0.0000 0 0.0000 -1.0000 -1.0000 -1.0000 -1.0000 1.9324 1.4422 4.5382 13.4841 -23.7420 0.8814 2.1100 0.5812
Car 0.0000 0 0.0000 -1.0000 -1.0000 -1.0000 -1.0000 1.9422 1.4579 4.5905 5.5859 -18.0730 0.7578 -1.0470 0.5656
Car 0.0000 0 0.0000 -1.0000 -1.0000 -1.0000 -1.0000 1.9844 1.7322 4.5603 11.7036 5.9400 0.7461 0.2154 0.5620
Car 0.0000 0 0.0000 -1.0000 -1.0000 -1.0000 -1.0000 2.0534 1.7001 4.6100 -28.8837 -3.6695 1.1034 -2.8785 0.5507
Car 0.0000 0 0.0000 -1.0000 -1.0000 -1.0000 -1.0000 2.0251 1.6134 4.5982 -0.1164 2.7279 0.7883 -2.9247 0.5409
Car 0.0000 0 0.0000 -1.0000 -1.0000 -1.0000 -1.0000 1.9696 1.6622 4.5568 -3.7173 7.5342 0.7495 -2.8503 0.5361
Car 0.0000 0 0.0000 -1.0000 -1.0000 -1.0000 -1.0000 1.9281 1.4679 4.5434 10.6593 -17.2089 0.8572 -1.1242 0.5073
Car 0.0000 0 0.0000 -1.0000 -1.0000 -1.0000 -1.0000 2.0558 1.7785 4.8127 3.9252 12.9053 0.6201 -2.8600 0.5036
Car 0.0000 0 0.0000 -1.0000 -1.0000 -1.0000 -1.0000 1.8949 1.4865 4.4436 23.7100 9.3247 0.4927 -2.8063 0.4892
Car 0.0000 0 0.0000 -1.0000 -1.0000 -1.0000 -1.0000 1.9091 1.5557 4.4877 -46.2028 -4.6103 1.0793 -2.8698 0.4810
Car 0.0000 0 0.0000 -1.0000 -1.0000 -1.0000 -1.0000 1.9717 1.9090 4.5837 17.0120 -29.7866 1.2214 2.0657 0.4334
Car 0.0000 0 0.0000 -1.0000 -1.0000 -1.0000 -1.0000 1.8425 1.4640 4.4001 -28.9352 -7.4882 1.0125 0.2353 0.4112
Car 0.0000 0 0.0000 -1.0000 -1.0000 -1.0000 -1.0000 2.0472 1.9554 4.8114 -57.1129 -5.2138 1.3405 -2.8475 0.3973
Car 0.0000 0 0.0000 -1.0000 -1.0000 -1.0000 -1.0000 1.8782 1.4690 4.4822 -42.8460 -10.9603 1.1773 0.3309 0.3813
Car 0.0000 0 0.0000 -1.0000 -1.0000 -1.0000 -1.0000 1.9011 1.6057 4.5689 39.2872 14.7639 0.5041 0.3519 0.3435
Car 0.0000 0 0.0000 -1.0000 -1.0000 -1.0000 -1.0000 1.9549 1.5641 4.5248 23.4265 -41.3118 0.9919 -0.7537 0.3362
Car 0.0000 0 0.0000 -1.0000 -1.0000 -1.0000 -1.0000 1.8760 1.5786 4.3894 18.0497 7.2264 0.6176 0.2990 0.3032
Truck 0.0000 0 0.0000 -1.0000 -1.0000 -1.0000 -1.0000 2.8208 3.0697 9.1076 18.3268 2.7898 1.4622 0.2800 0.6922
Truck 0.0000 0 0.0000 -1.0000 -1.0000 -1.0000 -1.0000 2.9844 3.2303 11.2886 34.2063 16.5972 1.2050 -2.7969 0.6693
Truck 0.0000 0 0.0000 -1.0000 -1.0000 -1.0000 -1.0000 2.8744 2.9973 9.1509 48.8216 17.8572 1.6404 0.3285 0.5551
Cyclist 0.0000 0 0.0000 -1.0000 -1.0000 -1.0000 -1.0000 0.7305 1.5247 1.7167 -18.4899 12.9951 0.4659 -2.8137 0.7096
Cyclist 0.0000 0 0.0000 -1.0000 -1.0000 -1.0000 -1.0000 0.8200 1.5318 1.8057 9.9485 -3.1069 0.7666 0.2596 0.5663
Cyclist 0.0000 0 0.0000 -1.0000 -1.0000 -1.0000 -1.0000 0.8175 1.5550 1.8057 -18.9621 -10.3234 0.9537 0.0876 0.5438
Cyclist 0.0000 0 0.0000 -1.0000 -1.0000 -1.0000 -1.0000 0.7169 1.4565 1.7007 -23.5728 -15.0458 1.0176 -2.9621 0.3787
Cyclist 0.0000 0 0.0000 -1.0000 -1.0000 -1.0000 -1.0000 0.8303 1.4871 1.8257 18.6653 -11.6281 0.8631 1.9874 0.3786
Pedestrian 0.0000 0 0.0000 -1.0000 -1.0000 -1.0000 -1.0000 0.6913 1.6647 0.6236 38.9512 31.9008 0.0064 -2.8187 0.3930
Pedestrian 0.0000 0 0.0000 -1.0000 -1.0000 -1.0000 -1.0000 0.7272 1.7057 0.7049 18.7215 23.7527 0.1472 -2.7672 0.3849
