Car 0.0000 0 0.0000 -1.0000 -1.0000 -1.0000 -1.0000 2.0227 1.4463 4.6083 35.1981 -0.4351 0.7649 -0.0150 0.7738
Car 0.0000 0 0.0000 -1.0000 -1.0000 -1.0000 -1.0000 2.0255 1.4428 4.6001 -14.1838 3.5979 0.7452 -0.0393 0.7651
Car 0.0000 0 0.0000 -1.0000 -1.0000 -1.0000 -1.0000 1.9218 1.4354 4.4442 13.3248 -4.1745 0.7537 0.0096 0.5256
Car 0.0000 0 0.0000 -1.0000 -1.0000 -1.0000 -1.0000 1.9896 1.5666 4.5957 -81.8297 2.5508 0.7800 -3.1169 0.5234
Car 0.0000 0 0.0000 -1.0000 -1.0000 -1.0000 -1.0000 1.9530 1.4439 4.4852 2.4365 -5.9195 0.7082 -0.6277 0.5093
Car 0.0000 0 0.0000 -1.0000 -1.0000 -1.0000 -1.0000 1.9219 1.5265 4.5570 5.4347 -22.9117 0.6671 1.6007 0.4356
Car 0.0000 0 0.0000 -1.0000 -1.0000 -1.0000 -1.0000 1.9744 1.5787 4.6175 -24.1653 23.1968 0.4442 -0.0094 0.4271
Car 0.0000 0 0.0000 -1.0000 -1.0000 -1.0000 -1.0000 1.8886 1.4588 4.5476 5.9661 -16.7968 0.7444 -1.5521 0.3630
Car 0.0000 0 0.0000 -1.0000 -1.0000 -1.0000 -1.0000 1.8611 1.4238 4.3861 8.9874 -6.4411 0.6582 0.1578 0.3525
Car 0.0000 0 0.0000 -1.0000 -1.0000 -1.0000 -1.0000 1.9955 1.6666 4.6758 69.8281 -0.2697 0.9422 0.0148 0.3094
Truck 0.0000 0 0.0000 -1.0000 -1.0000 -1.0000 -1.0000 2.9612 3.2434 11.6311 13.0891 12.7413 1.4755 0.0030 0.7788
Truck 0.0000 0 0.0000 -1.0000 -1.0000 -1.0000 -1.0000 2.9548 3.1557 11.1548 -70.9669 18.2092 1.3234 -0.0414 0.5411
Truck 0.0000 0 0.0000 -1.0000 -1.0000 -1.0000 -1.0000 2.4195 2.4233 6.4064 -53.6324 3.4072 1.3116 -3.0740 0.5022
Cyclist 0.0000 0 0.0000 -1.0000 -1.0000 -1.0000 -1.0000 0.7147 1.5084 1.6824 -10.5361 -9.4346 0.7520 0.0119 0.4703
Cyclist 0.0000 0 0.0000 -1.0000 -1.0000 -1.0000 -1.0000 0.6985 1.4854 1.6781 -47.2773 -7.8553 0.6972 3.1204 0.4233
Cyclist 0.0000 0 0.0000 -1.0000 -1.0000 -1.0000 -1.0000 0.7360 1.5063 1.7345 -1.5630 20.5027 0.3085 -0.0029 0.3820
Cyclist 0.0000 0 0.0000 -1.0000 -1.0000 -1.0000 -1.0000 0.7661 1.5518 1.7329 -27.0388 -9.2969 0.7825 0.0749 0.3528
