Car 0.0000 0 0.0000 -1.0000 -1.0000 -1.0000 -1.0000 2.0147 1.4644 4.5997 18.0135 2.8243 1.0496 0.0390 0.7764
Car 0.0000 0 0.0000 -1.0000 -1.0000 -1.0000 -1.0000 2.2772 2.1530 5.2920 -37.5618 2.8688 0.7100 -3.0501 0.5199
Car 0.0000 0 0.0000 -1.0000 -1.0000 -1.0000 -1.0000 1.9645 1.4343 4.5761 15.3872 -0.3599 1.0255 -3.1213 0.4307
Truck 0.0000 0 0.0000 -1.0000 -1.0000 -1.0000 -1.0000 3.0190 3.1503 11.6684 -47.1502 -5.3495 1.0824 -3.0793 0.5930
Truck 0.0000 0 0.0000 -1.0000 -1.0000 -1.0000 -1.0000 2.1954 2.1802 5.7238 -20.7412 -0.5986 0.9597 -3.0565 0.5014
Truck 0.0000 0 0.0000 -1.0000 -1.0000 -1.0000 -1.0000 2.5716 2.6722 8.0531 30.1330 3.4242 1.8901 0.0591 0.3665
Tricar 0.0000 0 0.0000 -1.0000 -1.0000 -1.0000 -1.0000 1.4867 1.8407 4.1517 -20.4077 7.5347 0.6329 0.0439 0.4701
Cyclist 0.0000 0 0.0000 -1.0000 -1.0000 -1.0000 -1.0000 0.8172 1.5666 1.8094 -0.3721 10.3175 0.6224 -2.9284 0.6484
Cyclist 0.0000 0 0.0000 -1.0000 -1.0000 -1.0000 -1.0000 0.7140 1.5382 1.6693 8.1292 -3.5256 0.9011 -3.0773 0.6429
Cyclist 0.0000 0 0.0000 -1.0000 -1.0000 -1.0000 -1.0000 0.8026 1.4968 1.8685 6.0547 11.2524 0.7022 0.1939 0.6236
Cyclist 0.0000 0 0.0000 -1.0000 -1.0000 -1.0000 -1.0000 0.7198 1.5902 1.6757 26.2529 -2.8845 1.2552 3.1262 0.3164
Pedestrian 0.0000 0 0.0000 -1.0000 -1.0000 -1.0000 -1.0000 0.7275 1.6272 0.7423 26.1998 -2.8880 1.2677 3.1298 0.3124
