Car 0.0000 0 0.0000 -1.0000 -1.0000 -1.0000 -1.0000 1.9218 1.5074 4.3803 13.7410 2.6753 0.7564 -3.0802 0.7331
Car 0.0000 0 0.0000 -1.0000 -1.0000 -1.0000 -1.0000 2.0558 1.8832 4.7107 -10.4339 0.0635 0.8930 -0.0196 0.6577
Car 0.0000 0 0.0000 -1.0000 -1.0000 -1.0000 -1.0000 1.9261 1.5140 4.5507 32.9978 -1.2164 0.9309 0.2009 0.6388
Car 0.0000 0 0.0000 -1.0000 -1.0000 -1.0000 -1.0000 1.8639 1.4847 4.4147 -30.0718 3.2013 0.5220 -0.0090 0.6176
Car 0.0000 0 0.0000 -1.0000 -1.0000 -1.0000 -1.0000 1.9257 1.5202 4.5673 31.2156 4.1133 0.7295 0.1560 0.5587
Car 0.0000 0 0.0000 -1.0000 -1.0000 -1.0000 -1.0000 1.9461 1.8074 4.6751 6.4232 -8.5251 1.1715 1.7548 0.4587
Car 0.0000 0 0.0000 -1.0000 -1.0000 -1.0000 -1.0000 1.8517 1.4966 4.3478 12.0054 10.4110 0.5132 -1.1555 0.4465
Car 0.0000 0 0.0000 -1.0000 -1.0000 -1.0000 -1.0000 1.9920 1.7046 4.6520 7.8753 0.2798 0.8903 -0.0483 0.3893
Car 0.0000 0 0.0000 -1.0000 -1.0000 -1.0000 -1.0000 1.8482 1.6109 4.4613 41.2948 4.2621 0.7652 0.1507 0.3617
Car 0.0000 0 0.0000 -1.0000 -1.0000 -1.0000 -1.0000 2.0006 2.0912 4.7166 21.6889 14.6837 0.7881 -2.6442 0.3547
Truck 0.0000 0 0.0000 -1.0000 -1.0000 -1.0000 -1.0000 2.7774 2.9351 8.2962 -46.1928 3.2824 1.3520 -3.1231 0.4957
Truck 0.0000 0 0.0000 -1.0000 -1.0000 -1.0000 -1.0000 2.8659 2.7909 9.7593 -65.7415 0.3035 1.4767 -3.1200 0.3058
Tricar 0.0000 0 0.0000 -1.0000 -1.0000 -1.0000 -1.0000 1.2250 1.7586 2.9238 17.1449 8.4679 0.7095 -2.5174 0.6074
Tricar 0.0000 0 0.0000 -1.0000 -1.0000 -1.0000 -1.0000 1.3499 1.7549 2.8296 46.4821 -3.1751 1.1496 -2.8886 0.4354
Tricar 0.0000 0 0.0000 -1.0000 -1.0000 -1.0000 -1.0000 1.3062 1.8179 2.7118 22.4706 6.8006 0.8435 0.2998 0.4166
Tricar 0.0000 0 0.0000 -1.0000 -1.0000 -1.0000 -1.0000 1.2561 1.5753 2.7465 -39.7678 -2.1976 0.6816 -0.0166 0.3520
Cyclist 0.0000 0 0.0000 -1.0000 -1.0000 -1.0000 -1.0000 0.7580 1.5103 1.7766 -35.7366 5.5325 0.4957 -0.0277 0.5415
Cyclist 0.0000 0 0.0000 -1.0000 -1.0000 -1.0000 -1.0000 0.7890 1.5129 1.7673 -13.7448 4.6362 0.5648 3.0892 0.5337
Cyclist 0.0000 0 0.0000 -1.0000 -1.0000 -1.0000 -1.0000 0.7294 1.4263 1.7158 -13.2445 6.0219 0.5390 -0.0451 0.3757
Cyclist 0.0000 0 0.0000 -1.0000 -1.0000 -1.0000 -1.0000 0.7852 1.5836 1.7463 25.3613 15.6679 0.4738 0.3017 0.3148
Cyclist 0.0000 0 0.0000 -1.0000 -1.0000 -1.0000 -1.0000 0.8064 1.6480 1.7698 35.2603 14.2847 0.5081 -2.7937 0.3003
Pedestrian 0.0000 0 0.0000 -1.0000 -1.0000 -1.0000 -1.0000 0.6929 1.6930 0.6601 28.0552 -6.7704 1.1970 0.2690 0.6449
Pedestrian 0.0000 0 0.0000 -1.0000 -1.0000 -1.0000 -1.0000 0.7068 1.6569 0.6726 9.9034 4.1686 0.7828 -2.9676 0.4870
Pedestrian 0.0000 0 0.0000 -1.0000 -1.0000 -1.0000 -1.0000 0.6792 1.6206 0.6039 29.8797 16.0620 0.4620 -2.8317 0.4752
Pedestrian 0.0000 0 0.0000 -1.0000 -1.0000 -1.0000 -1.0000 0.6817 1.6696 0.5991 41.3151 10.4010 0.6494 -2.9473 0.4491
Pedestrian 0.0000 0 0.0000 -1.0000 -1.0000 -1.0000 -1.0000 0.7144 1.6645 0.6815 40.8286 -4.8593 1.1931 0.3213 0.3844
Pedestrian 0.0000 0 0.0000 -1.0000 -1.0000 -1.0000 -1.0000 0.7294 1.6981 0.6784 35.3053 14.2816 0.5079 -2.7912 0.3461
Pedestrian 0.0000 0 0.0000 -1.0000 -1.0000 -1.0000 -1.0000 0.6884 1.6686 0.6259 10.0588 8.4301 0.6420 2.1136 0.3193
Pedestrian 0.0000 0 0.0000 -1.0000 -1.0000 -1.0000 -1.0000 0.7393 1.7207 0.7533 30.3395 -12.2399 1.3797 0.8020 0.3021
Pedestrian 0.0000 0 0.0000 -1.0000 -1.0000 -1.0000 -1.0000 0.6932 1.6715 0.6186 42.3448 10.2483 0.6332 -2.9906 0.3013
