Car 0.0000 0 0.0000 -1.0000 -1.0000 -1.0000 -1.0000 2.0645 1.9005 4.7348 -12.8392 -0.2142 0.9713 3.1163 0.5709
Car 0.0000 0 0.0000 -1.0000 -1.0000 -1.0000 -1.0000 1.9672 1.6753 4.6413 39.2032 -5.2203 1.2285 0.0668 0.4227
Car 0.0000 0 0.0000 -1.0000 -1.0000 -1.0000 -1.0000 1.9396 1.5876 4.5278 -50.0761 3.8514 0.6779 0.0103 0.3258
Tricar 0.0000 0 0.0000 -1.0000 -1.0000 -1.0000 -1.0000 1.2676 1.8250 2.7045 29.8183 11.2424 0.8900 -0.0587 0.4304
Tricar 0.0000 0 0.0000 -1.0000 -1.0000 -1.0000 -1.0000 1.3527 1.6808 2.8934 -33.4179 -2.3782 0.8849 -3.1375 0.3108
Cyclist 0.0000 0 0.0000 -1.0000 -1.0000 -1.0000 -1.0000 0.8033 1.6038 1.7540 3.6496 -2.4134 0.8993 -3.0733 0.5165
Cyclist 0.0000 0 0.0000 -1.0000 -1.0000 -1.0000 -1.0000 0.7977 1.5919 1.7595 -6.8567 -2.6265 0.8144 3.1156 0.5131
Cyclist 0.0000 0 0.0000 -1.0000 -1.0000 -1.0000 -1.0000 0.7476 1.5204 1.7072 -3.9845 13.0101 0.4950 3.1238 0.4543
Cyclist 0.0000 0 0.0000 -1.0000 -1.0000 -1.0000 -1.0000 0.7721 1.4797 1.7957 -14.5357 13.1440 0.5020 3.0700 0.4497
Cyclist 0.0000 0 0.0000 -1.0000 -1.0000 -1.0000 -1.0000 0.7751 1.5284 1.7279 7.4451 -2.6793 0.8308 0.0571 0.4352
Cyclist 0.0000 0 0.0000 -1.0000 -1.0000 -1.0000 -1.0000 0.7921 1.5426 1.8028 -50.0610 7.1392 0.6021 -0.0551 0.4266
Cyclist 0.0000 0 0.0000 -1.0000 -1.0000 -1.0000 -1.0000 0.7259 1.4348 1.7881 -9.2578 15.4574 0.4955 1.6344 0.3657
Cyclist 0.0000 0 0.0000 -1.0000 -1.0000 -1.0000 -1.0000 0.7201 1.2809 1.7894 14.0519 14.9605 0.5449 1.5748 0.3528
Cyclist 0.0000 0 0.0000 -1.0000 -1.0000 -1.0000 -1.0000 0.7338 1.4945 1.7116 -1.5613 13.1263 0.4980 0.0974 0.3516
Cyclist 0.0000 0 0.0000 -1.0000 -1.0000 -1.0000 -1.0000 0.6830 1.1715 1.6862 -12.8551 15.7402 0.3786 -1.5929 0.3248
Cyclist 0.0000 0 0.0000 -1.0000 -1.0000 -1.0000 -1.0000 0.7728 1.5892 1.7147 56.0254 -8.8236 1.2159 3.0838 0.3038
Pedestrian 0.0000 0 0.0000 -1.0000 -1.0000 -1.0000 -1.0000 0.6738 1.6410 0.6110 -1.1200 9.0261 0.7233 0.0757 0.6066
Pedestrian 0.0000 0 0.0000 -1.0000 -1.0000 -1.0000 -1.0000 0.6641 1.6550 0.5796 37.5078 12.1568 0.8155 0.0261 0.5718
Pedestrian 0.0000 0 0.0000 -1.0000 -1.0000 -1.0000 -1.0000 0.6976 1.6904 0.6211 20.0562 -2.4785 1.0312 -0.1069 0.4331
Pedestrian 0.0000 0 0.0000 -1.0000 -1.0000 -1.0000 -1.0000 0.6858 1.6448 0.6274 17.5845 -3.1431 1.0101 3.0960 0.3762
Pedestrian 0.0000 0 0.0000 -1.0000 -1.0000 -1.0000 -1.0000 0.6632 1.6101 0.5620 20.1489 16.4638 0.7302 -2.2705 0.3676
Pedestrian 0.0000 0 0.0000 -1.0000 -1.0000 -1.0000 -1.0000 0.6964 1.6515 0.6258 -19.5575 17.6607 0.6735 2.7643 0.3644
Pedestrian 0.0000 0 0.0000 -1.0000 -1.0000 -1.0000 -1.0000 0.6844 1.6258 0.5949 -14.3107 18.2582 0.6863 0.4379 0.3590
Pedestrian 0.0000 0 0.0000 -1.0000 -1.0000 -1.0000 -1.0000 0.6585 1.6171 0.5560 20.1070 18.1564 0.7372 0.0766 0.3478
Pedestrian 0.0000 0 0.0000 -1.0000 -1.0000 -1.0000 -1.0000 0.6767 1.6292 0.5855 43.1887 16.5271 0.8225 0.0008 0.3358
Pedestrian 0.0000 0 0.0000 -1.0000 -1.0000 -1.0000 -1.0000 0.7034 1.7284 0.6457 17.5364 9.0052 0.8671 -1.8794 0.3239
