Car 0.0000 0 0.0000 -1.0000 -1.0000 -1.0000 -1.0000 2.0036 1.5961 4.5423 6.2397 3.1803 0.8595 0.0032 0.8305
Car 0.0000 0 0.0000 -1.0000 -1.0000 -1.0000 -1.0000 1.9795 1.5654 4.5083 -29.1975 7.9430 1.0700 -2.9128 0.7894
Car 0.0000 0 0.0000 -1.0000 -1.0000 -1.0000 -1.0000 1.9682 1.5084 4.5114 -28.1194 -3.4952 1.0917 -2.7974 0.7599
Car 0.0000 0 0.0000 -1.0000 -1.0000 -1.0000 -1.0000 1.8759 1.3953 4.4759 -22.1669 8.6976 0.8016 -2.9403 0.7529
Car 0.0000 0 0.0000 -1.0000 -1.0000 -1.0000 -1.0000 1.9643 1.5243 4.5517 -1.4966 21.6805 0.4153 -2.9495 0.7227
Car 0.0000 0 0.0000 -1.0000 -1.0000 -1.0000 -1.0000 1.9469 1.7001 4.4625 -14.7572 8.9870 0.8811 -2.9655 0.7166
Car 0.0000 0 0.0000 -1.0000 -1.0000 -1.0000 -1.0000 1.9744 1.6389 4.5811 -37.5572 13.9971 1.0946 -2.9130 0.6839
Car 0.0000 0 0.0000 -1.0000 -1.0000 -1.0000 -1.0000 1.9596 1.4569 4.5747 -5.1817 3.5678 0.7228 0.0610 0.6710
Car 0.0000 0 0.0000 -1.0000 -1.0000 -1.0000 -1.0000 2.0010 1.5009 4.5704 -11.6742 1.4328 0.7970 0.2693 0.6533
Car 0.0000 0 0.0000 -1.0000 -1.0000 -1.0000 -1.0000 1.9565 1.6941 4.5713 -20.2193 -23.7617 1.1304 -1.4854 0.6487
Car 0.0000 0 0.0000 -1.0000 -1.0000 -1.0000 -1.0000 1.9472 1.5026 4.4761 -20.4365 1.0993 0.9267 -2.7823 0.6446
Car 0.0000 0 0.0000 -1.0000 -1.0000 -1.0000 -1.0000 1.9159 1.4394 4.4355 -18.5245 -5.3368 0.8269 0.5750 0.6443
Car 0.0000 0 0.0000 -1.0000 -1.0000 -1.0000 -1.0000 1.9064 1.7398 4.5031 6.3152 -1.0111 0.9245 0.0817 0.6404
Car 0.0000 0 0.0000 -1.0000 -1.0000 -1.0000 -1.0000 2.1253 1.9724 5.0192 -32.9789 -2.2374 1.5068 0.2049 0.6379
Car 0.0000 0 0.0000 -1.0000 -1.0000 -1.0000 -1.0000 1.8997 1.4260 4.4945 -7.2727 -4.4558 0.7302 0.3059 0.6373
Car 0.0000 0 0.0000 -1.0000 -1.0000 -1.0000 -1.0000 1.9122 1.4607 4.4658 -35.8293 8.1404 1.1676 -2.8006 0.6114
Car 0.0000 0 0.0000 -1.0000 -1.0000 -1.0000 -1.0000 1.9298 1.6595 4.5666 -0.8730 9.2763 0.8175 0.0602 0.5883
Car 0.0000 0 0.0000 -1.0000 -1.0000 -1.0000 -1.0000 1.9519 1.5524 4.6648 -29.0994 -33.7463 1.5789 1.6545 0.5862
Car 0.0000 0 0.0000 -1.0000 -1.0000 -1.0000 -1.0000 1.9641 1.5228 4.5727 13.0969 9.8681 0.8329 3.1396 0.5780
Car 0.0000 0 0.0000 -1.0000 -1.0000 -1.0000 -1.0000 1.9001 1.5407 4.4795 28.0457 -1.1761 0.9152 3.1084 0.5401
Car 0.0000 0 0.0000 -1.0000 -1.0000 -1.0000 -1.0000 2.0270 1.6333 4.6478 19.2416 -0.2850 0.9656 3.0878 0.5219
Car 0.0000 0 0.0000 -1.0000 -1.0000 -1.0000 -1.0000 2.0079 1.4523 4.5666 -23.1975 -10.8042 0.9839 -2.4410 0.5198
Car 0.0000 0 0.0000 -1.0000 -1.0000 -1.0000 -1.0000 2.0010 1.7263 4.6928 5.4229 9.7721 0.8699 0.0498 0.5166
Car 0.0000 0 0.0000 -1.0000 -1.0000 -1.0000 -1.0000 1.9337 1.4697 4.5712 -19.1487 -14.3207 0.9699 1.2720 0.5096
Car 0.0000 0 0.0000 -1.0000 -1.0000 -1.0000 -1.0000 1.9202 1.5148 4.5484 34.7039 9.1604 0.7570 3.1046 0.5061
Car 0.0000 0 0.0000 -1.0000 -1.0000 -1.0000 -1.0000 1.9276 1.4742 4.6036 -28.5232 -19.6270 1.2624 1.5358 0.4999
Car 0.0000 0 0.0000 -1.0000 -1.0000 -1.0000 -1.0000 1.9241 1.7097 4.4576 -27.6523 12.5628 0.9900 -2.9033 0.4740
Car 0.0000 0 0.0000 -1.0000 -1.0000 -1.0000 -1.0000 1.9164 1.4968 4.5666 4.5253 12.2988 0.6912 0.0394 0.4636
Car 0.0000 0 0.0000 -1.0000 -1.0000 -1.0000 -1.0000 1.9608 1.4994 4.5823 -14.8320 11.8586 0.7651 -3.0693 0.4557
Car 0.0000 0 0.0000 -1.0000 -1.0000 -1.0000 -1.0000 1.9169 1.5759 4.6098 -32.8472 -35.0304 1.7073 1.5222 0.4521
Car 0.0000 0 0.0000 -1.0000 -1.0000 -1.0000 -1.0000 1.9258 1.5061 4.6064 -20.1135 -32.2116 1.0058 -1.4825 0.4005
Car 0.0000 0 0.0000 -1.0000 -1.0000 -1.0000 -1.0000 2.0014 1.8362 4.8818 -69.3805 23.7908 1.8827 1.3057 0.3994
Car 0.0000 0 0.0000 -1.0000 -1.0000 -1.0000 -1.0000 1.9097 1.4230 4.5392 -22.1041 10.7616 0.8327 -2.9717 0.3914
Car 0.0000 0 0.0000 -1.0000 -1.0000 -1.0000 -1.0000 1.9255 1.5157 4.5982 -22.3377 -33.0077 1.1701 1.6383 0.3760
Car 0.0000 0 0.0000 -1.0000 -1.0000 -1.0000 -1.0000 1.8676 1.7235 4.4066 -9.4954 -28.3473 0.9381 1.5294 0.3643
Car 0.0000 0 0.0000 -1.0000 -1.0000 -1.0000 -1.0000 1.9317 1.6995 4.6422 -44.0511 26.3528 1.3768 1.8233 0.3566
Car 0.0000 0 0.0000 -1.0000 -1.0000 -1.0000 -1.0000 2.0778 1.8746 4.7483 -11.3778 -1.8382 0.9579 0.3340 0.3542
Car 0.0000 0 0.0000 -1.0000 -1.0000 -1.0000 -1.0000 1.9361 1.5513 4.6063 41.2416 9.1175 0.7024 0.0604 0.3453
Car 0.0000 0 0.0000 -1.0000 -1.0000 -1.0000 -1.0000 1.9163 1.7209 4.6620 -44.4107 -35.6134 1.8895 1.5321 0.3373
Car 0.0000 0 0.0000 -1.0000 -1.0000 -1.0000 -1.0000 1.9503 1.5168 4.5433 -7.9469 9.4164 0.6996 0.0528 0.3343
Car 0.0000 0 0.0000 -1.0000 -1.0000 -1.0000 -1.0000 1.9277 1.6726 4.7043 -69.8115 11.6004 1.8704 0.9507 0.3271
Car 0.0000 0 0.0000 -1.0000 -1.0000 -1.0000 -1.0000 1.8967 1.5397 4.5375 -45.2487 11.1572 1.3972 -2.7658 0.3270
Car 0.0000 0 0.0000 -1.0000 -1.0000 -1.0000 -1.0000 1.8607 1.5508 4.3666 -27.6730 41.6732 0.4914 -0.4135 0.3242
Truck 0.0000 0 0.0000 -1.0000 -1.0000 -1.0000 -1.0000 3.0383 3.8430 16.0663 30.3557 16.3788 2.0453 3.0870 0.6211
Truck 0.0000 0 0.0000 -1.0000 -1.0000 -1.0000 -1.0000 1.9425 1.9847 4.9174 22.6173 2.7455 1.1775 3.0919 0.4846
Truck 0.0000 0 0.0000 -1.0000 -1.0000 -1.0000 -1.0000 2.2980 2.2508 5.9591 34.0893 1.8653 1.4106 3.0851 0.4378
Truck 0.0000 0 0.0000 -1.0000 -1.0000 -1.0000 -1.0000 2.5766 2.9146 6.4134 -55.9447 0.6828 2.3032 0.5010 0.4113
Truck 0.0000 0 0.0000 -1.0000 -1.0000 -1.0000 -1.0000 2.4440 2.4766 6.4296 -29.5242 -26.1439 1.9900 1.6866 0.3702
Truck 0.0000 0 0.0000 -1.0000 -1.0000 -1.0000 -1.0000 2.7377 3.1647 8.5056 -44.6218 -26.3252 2.7040 1.6817 0.3180
Tricar 0.0000 0 0.0000 -1.0000 -1.0000 -1.0000 -1.0000 1.4052 1.7026 3.1947 11.3633 24.8140 0.6697 0.0029 0.3158
Cyclist 0.0000 0 0.0000 -1.0000 -1.0000 -1.0000 -1.0000 0.7581 1.4784 1.7476 -3.5019 -8.6971 0.6930 0.3063 0.6770
Cyclist 0.0000 0 0.0000 -1.0000 -1.0000 -1.0000 -1.0000 0.7897 1.5491 1.7748 6.3994 -5.9893 0.8362 -0.1569 0.6675
Cyclist 0.0000 0 0.0000 -1.0000 -1.0000 -1.0000 -1.0000 0.7753 1.5520 1.7344 3.3685 -5.3550 0.7786 3.0749 0.5851
Cyclist 0.0000 0 0.0000 -1.0000 -1.0000 -1.0000 -1.0000 0.7852 1.5707 1.7555 -10.8561 -9.1787 0.7693 -2.6732 0.4703
Cyclist 0.0000 0 0.0000 -1.0000 -1.0000 -1.0000 -1.0000 0.7799 1.5622 1.7785 -12.3256 40.6464 -0.0683 -1.9869 0.3722
Cyclist 0.0000 0 0.0000 -1.0000 -1.0000 -1.0000 -1.0000 0.8609 1.5766 1.9273 -21.8318 28.7212 0.4760 -2.3878 0.3429
Cyclist 0.0000 0 0.0000 -1.0000 -1.0000 -1.0000 -1.0000 0.7940 1.4126 1.8133 -4.3897 -11.4878 0.7219 -2.6935 0.3240
Pedestrian 0.0000 0 0.0000 -1.0000 -1.0000 -1.0000 -1.0000 0.7060 1.6561 0.6434 -12.2083 -11.6546 0.7845 0.6023 0.3793
Pedestrian 0.0000 0 0.0000 -1.0000 -1.0000 -1.0000 -1.0000 0.6728 1.6327 0.6032 -15.6569 -16.2430 0.9205 1.3196 0.3660
