Car 0.0000 0 0.0000 -1.0000 -1.0000 -1.0000 -1.0000 1.9969 1.4368 4.5499 -23.6731 3.2610 0.7030 3.1298 0.8282
Car 0.0000 0 0.0000 -1.0000 -1.0000 -1.0000 -1.0000 1.9959 1.4717 4.5470 21.4653 1.1250 0.8709 0.0166 0.7946
Car 0.0000 0 0.0000 -1.0000 -1.0000 -1.0000 -1.0000 2.0396 1.8220 4.6921 28.9727 3.5923 1.1268 0.0335 0.6693
Car 0.0000 0 0.0000 -1.0000 -1.0000 -1.0000 -1.0000 2.0326 1.5739 4.6146 15.3993 3.5953 0.8845 -0.0207 0.6254
Car 0.0000 0 0.0000 -1.0000 -1.0000 -1.0000 -1.0000 1.9193 1.5282 4.5703 6.4155 -10.9500 0.7161 -1.5846 0.5439
Car 0.0000 0 0.0000 -1.0000 -1.0000 -1.0000 -1.0000 1.9123 1.4584 4.5291 -29.3260 -23.6088 -0.0991 -1.8073 0.5424
Car 0.0000 0 0.0000 -1.0000 -1.0000 -1.0000 -1.0000 1.9417 1.6698 4.5495 -3.5862 -11.2097 0.7302 -1.5378 0.4828
Car 0.0000 0 0.0000 -1.0000 -1.0000 -1.0000 -1.0000 1.8998 1.6032 4.5427 -49.0435 -13.0522 0.8626 1.6116 0.4359
Car 0.0000 0 0.0000 -1.0000 -1.0000 -1.0000 -1.0000 1.9631 1.8640 4.6714 7.0827 22.1429 0.5456 1.6451 0.4213
Car 0.0000 0 0.0000 -1.0000 -1.0000 -1.0000 -1.0000 1.8867 1.5059 4.5586 12.7219 -10.9277 0.6356 1.5616 0.4159
Car 0.0000 0 0.0000 -1.0000 -1.0000 -1.0000 -1.0000 2.0440 1.6216 4.8193 -72.6625 14.3097 0.5172 -0.1476 0.3998
Car 0.0000 0 0.0000 -1.0000 -1.0000 -1.0000 -1.0000 1.9051 1.6197 4.6094 8.6766 -11.2345 0.7442 1.5920 0.3980
Car 0.0000 0 0.0000 -1.0000 -1.0000 -1.0000 -1.0000 1.9070 1.4639 4.5587 -21.2546 21.8773 0.2184 -1.6755 0.3904
Car 0.0000 0 0.0000 -1.0000 -1.0000 -1.0000 -1.0000 1.9502 1.5976 4.5863 52.9928 3.4576 1.0085 3.1397 0.3820
Car 0.0000 0 0.0000 -1.0000 -1.0000 -1.0000 -1.0000 1.8691 1.5789 4.5196 14.7596 -11.0431 0.6768 1.5581 0.3691
Car 0.0000 0 0.0000 -1.0000 -1.0000 -1.0000 -1.0000 1.8996 1.5753 4.5603 -54.7455 -1.4345 0.8697 -0.0908 0.3663
Car 0.0000 0 0.0000 -1.0000 -1.0000 -1.0000 -1.0000 1.8948 1.4726 4.5504 29.6375 -3.2603 0.8670 0.0403 0.3530
Truck 0.0000 0 0.0000 -1.0000 -1.0000 -1.0000 -1.0000 2.9398 3.3062 11.6526 -39.5496 11.0047 1.5133 3.0709 0.7095
Truck 0.0000 0 0.0000 -1.0000 -1.0000 -1.0000 -1.0000 2.2442 2.1727 5.7848 -71.4180 6.9332 1.0226 2.9836 0.4093
Tricar 0.0000 0 0.0000 -1.0000 -1.0000 -1.0000 -1.0000 1.5261 1.9774 4.0485 9.1482 13.3433 0.9821 3.0099 0.5068
Cyclist 0.0000 0 0.0000 -1.0000 -1.0000 -1.0000 -1.0000 0.7108 1.5378 1.6712 8.2347 -6.0460 0.7933 3.1138 0.5318
Cyclist 0.0000 0 0.0000 -1.0000 -1.0000 -1.0000 -1.0000 0.7341 1.5847 1.6799 -33.3105 16.3488 0.4967 0.0203 0.3552
Cyclist 0.0000 0 0.0000 -1.0000 -1.0000 -1.0000 -1.0000 0.6976 1.4285 1.6904 -19.2717 11.7167 0.5449 -0.0072 0.3218
