Car 0.0000 0 0.0000 -1.0000 -1.0000 -1.0000 -1.0000 2.0058 1.4456 4.5562 10.8525 1.0131 0.8633 -0.0184 0.8094
Car 0.0000 0 0.0000 -1.0000 -1.0000 -1.0000 -1.0000 1.9575 1.4479 4.5117 -31.9520 13.8859 0.3426 -3.0976 0.7603
Car 0.0000 0 0.0000 -1.0000 -1.0000 -1.0000 -1.0000 2.0600 1.8568 4.7759 16.1174 -9.8387 1.1508 -0.0369 0.6730
Car 0.0000 0 0.0000 -1.0000 -1.0000 -1.0000 -1.0000 1.9718 1.6757 4.4737 39.6871 -0.7633 1.2211 0.0089 0.6668
Car 0.0000 0 0.0000 -1.0000 -1.0000 -1.0000 -1.0000 1.9900 1.4734 4.5062 -37.8197 -3.0257 0.7710 -3.1011 0.6550
Car 0.0000 0 0.0000 -1.0000 -1.0000 -1.0000 -1.0000 1.8900 1.4574 4.5638 -49.4078 16.8305 0.3245 0.0436 0.5784
Car 0.0000 0 0.0000 -1.0000 -1.0000 -1.0000 -1.0000 2.0744 1.4668 4.6821 -26.7682 0.4638 0.7206 -3.1331 0.5260
Car 0.0000 0 0.0000 -1.0000 -1.0000 -1.0000 -1.0000 1.9691 1.4826 4.5745 -40.3462 6.6281 0.6599 -2.4981 0.5066
Car 0.0000 0 0.0000 -1.0000 -1.0000 -1.0000 -1.0000 2.0251 1.6002 4.6061 30.7366 -2.0804 1.0810 0.0215 0.5057
Car 0.0000 0 0.0000 -1.0000 -1.0000 -1.0000 -1.0000 1.9469 1.5496 4.5092 -42.5455 2.0093 0.7420 -3.0156 0.4645
Car 0.0000 0 0.0000 -1.0000 -1.0000 -1.0000 -1.0000 1.8728 1.6922 4.4999 56.5165 0.3794 1.2391 3.1016 0.3874
Car 0.0000 0 0.0000 -1.0000 -1.0000 -1.0000 -1.0000 1.8050 1.6181 4.3727 -48.6768 10.1306 0.6231 -3.0125 0.3735
Tricar 0.0000 0 0.0000 -1.0000 -1.0000 -1.0000 -1.0000 1.2032 1.6419 2.6409 -20.2743 26.5669 -0.0249 -0.0403 0.3551
Cyclist 0.0000 0 0.0000 -1.0000 -1.0000 -1.0000 -1.0000 0.7608 1.5297 1.7331 -13.5650 -8.6359 0.7517 -0.0270 0.6610
Cyclist 0.0000 0 0.0000 -1.0000 -1.0000 -1.0000 -1.0000 0.8246 1.6498 1.7453 34.6426 -13.0580 1.3047 3.0357 0.3924
